1484565169.438267000 0 0
1484565169.451908000 0 0
1484565169.526403000 0 0
1484565169.535095000 0 0
1484565169.575048000 0 0
1484565169.605066000 0 0
1484565169.599185000 0 0
1484565169.597381000 0 0
1484565169.739100000 0 0
1484565169.746096000 0 0
1484565169.746951000 0 0
1484565169.755084000 0 0
1484565169.846089000 0 0
1484565169.841153000 0 0
1484565169.856191000 0 0
1484565169.851184000 0 0
1484565170.425902000 0 0
1484565170.418253000 0 0
1484565172.429230000 0 0
1484565172.435462000 0 0
1484565177.567540000 0 0
1484565177.576141000 0 0
1484565177.585984000 0 0
1484565177.596054000 0 0
1484565178.258226000 144 0
1484565178.267969000 297 0
1484565178.277217000 478 0
1484565178.568888000 134 0
1484565169.758639000 398 0
1484565169.585548000 282 0
1484565180.666932000 0 0
1484565219.383640000 0 0
1484565169.660067000 0 0
1484565177.496154000 0 0
1484565437.033477000 0 0
1484565437.041644000 0 0
1484565437.049448000 0 0
1484565437.059408000 0 0
1484565437.068421000 0 0
1484565219.997674000 0 0
1484565439.339417000 0 0
1484565169.448121000 0 0
1484565453.609310000 0 0
1484565453.620398000 0 0
1484565453.629273000 0 0
1484565453.637301000 0 0
1484565453.616962000 0 0
1484565453.586623000 0 0
1484565453.588231000 0 0
1484565453.622776000 144 0
1484565453.631108000 297 0
1484565453.639499000 478 0
1484565453.645629000 358 0
1484565453.651365000 237 0
1484565453.660008000 197 0
1484565453.669201000 225 0
1484565453.675694000 164 0
1484565453.681556000 219 0
1484565453.689852000 254 0
1484565453.698720000 226 0
1484565453.704339000 302 0
1484565453.711839000 134 0
1484565453.720920000 134 0
1484565453.730021000 134 0
1484565453.739379000 144 0
1484565453.745980000 134 0
1484565453.751848000 134 0
1484565453.760914000 134 0
1484565453.769839000 119 0
1484565453.779110000 188 0
1484565453.785304000 330 0
1484565453.791874000 215 0
1484565453.800406000 346 0
1484565453.809222000 333 0
1484565453.815718000 144 0
1484565453.821800000 208 0
1484565453.830176000 251 0
1484565453.839536000 164 0
1484565488.628024000 0 0
1484565488.635839000 0 0
1484565488.645626000 0 0
1484565488.655638000 0 0
1484565488.665657000 0 0
1484565488.442050000 0 0
1484565491.849992000 0 0
1484565169.661975000 0 0
1484565169.440137000 0 0
1484565516.711679000 0 0
1484565516.721689000 0 0
1484565516.730684000 0 0
1484565516.738774000 0 0
1484565516.717966000 0 0
1484565516.689750000 0 0
1484565516.691641000 0 0
1484565520.728739000 0 0
1484565528.310578000 0 0
1484565528.318825000 0 0
1484565528.326636000 0 0
1484565528.335596000 0 0
1484565528.344345000 0 0
1484565516.721912000 144 0
1484565516.731792000 297 0
1484565516.740180000 478 0
1484565516.748118000 358 0
1484565516.752002000 237 0
1484565516.757904000 197 0
1484565516.762042000 225 0
1484565516.767880000 164 0
1484565516.771993000 219 0
1484565516.777867000 254 0
1484565516.781837000 226 0
1484565516.787865000 302 0
1484565516.794910000 134 0
1484565516.798842000 134 0
1484565516.804888000 134 0
1484565516.809027000 144 0
1484565516.815070000 134 0
1484565516.821868000 134 0
1484565516.830727000 134 0
1484565516.837030000 119 0
1484565516.840992000 188 0
1484565516.849711000 330 0
1484565516.857035000 215 0
1484565516.865048000 346 0
1484565516.873700000 333 0
1484565516.879083000 144 0
1484565516.887737000 208 0
1484565516.894983000 251 0
1484565516.901008000 164 0
1484565169.479145000 0 0
1484565519.416633000 0 0
1484565645.684440000 0 0
1484565645.691213000 0 0
1484565645.695364000 0 0
1484565645.704355000 0 0
1484565645.713354000 0 0
1484565521.677620000 0 0
1484565648.287456000 0 0
1484565169.442156000 0 0
1484565652.730669000 0 0
1484565652.732256000 0 0
1484565652.753551000 144 0
1484565652.757542000 297 0
1484565652.763553000 478 0
1484565652.767517000 358 0
1484565652.773518000 237 0
1484565652.777507000 197 0
1484565652.783521000 225 0
1484565652.789651000 164 0
1484565652.793535000 219 0
1484565652.797530000 254 0
1484565652.802526000 226 0
1484565652.806526000 302 0
1484565652.812536000 134 0
1484565652.816528000 134 0
1484565652.822498000 134 0
1484565652.826498000 144 0
1484565652.832507000 134 0
1484565652.836505000 134 0
1484565652.842538000 134 0
1484565652.846643000 119 0
1484565652.853542000 188 0
1484565652.860894000 330 0
1484565652.865522000 215 0
1484565652.874679000 346 0
1484565652.882576000 333 0
1484565652.886524000 144 0
1484565652.892536000 208 0
1484565652.899903000 251 0
1484565652.903501000 164 0
1484566691.563456000 0 0
1484566691.571621000 0 0
1484566691.579927000 0 0
1484566691.585411000 0 0
1484566691.595322000 0 0
1484565169.477028000 0 0
1484566691.353469000 0 0
1484566827.128203000 0 0
1484566827.132242000 0 0
1484566827.139059000 0 0
1484566827.148090000 0 0
1484566827.157501000 0 0
1484566695.616320000 0 0
1484566835.049994000 0 0
1484566866.877756000 0 0
1484566866.885022000 0 0
1484566866.889713000 0 0
1484566866.897763000 0 0
1484566866.915755000 0 0
1484566822.036026000 0 0
1484566866.909805000 134 0
1484567126.347105000 0 0
1484567126.352489000 0 0
1484567126.359268000 0 0
1484567126.368186000 0 0
1484567126.377113000 0 0
1484566839.238890000 0 0
1484567143.329193000 0 0
1484567143.337156000 0 0
1484567143.346757000 0 0
1484567143.356860000 0 0
1484567143.366734000 0 0
1484567129.279142000 0 0
1484565169.446027000 0 0
1484567266.984039000 0 0
1484567267.059870000 0 0
1484567267.068864000 0 0
1484567267.077869000 0 0
1484567267.064031000 0 0
1484567266.989190000 0 0
1484567266.962962000 0 0
1484567266.958847000 0 0
1484567286.976875000 0 0
1484567287.055073000 0 0
1484567287.063785000 0 0
1484567287.078765000 0 0
1484567287.112586000 0 0
1484567266.997764000 144 0
1484567267.009728000 297 0
1484567267.018353000 478 0
1484567267.026229000 358 0
1484567267.029198000 237 0
1484567267.037703000 197 0
1484567267.046696000 225 0
1484567267.055658000 164 0
1484567267.068439000 219 0
1484567267.076721000 254 0
1484567267.085943000 226 0
1484567267.092175000 302 0
1484567267.102659000 134 0
1484567267.110298000 134 0
1484567267.118885000 134 0
1484567267.128125000 144 0
1484567267.136809000 134 0
1484567267.145905000 134 0
1484567267.153143000 134 0
1484567267.159657000 119 0
1484567267.168952000 188 0
1484567267.175101000 330 0
1484567267.181796000 215 0
1484567267.186053000 346 0
1484567267.192944000 333 0
1484567267.199651000 144 0
1484567267.209496000 208 0
1484567267.218919000 251 0
1484567267.225083000 164 0
1484567299.207724000 0 0
1484567299.846738000 0 0
1484567299.855685000 0 0
1484567299.872697000 0 0
1484567299.888678000 0 0
1484567299.912111000 0 0
1484567299.925616000 0 0
1484567299.933797000 0 0
1484567299.943648000 0 0
1484567299.948576000 0 0
1484567299.963648000 0 0
1484567300.062642000 0 0
1484567300.094807000 0 0
1484567300.304094000 0 0
1484567300.405757000 0 0
1484567300.413730000 0 0
1484567300.418649000 0 0
1484567300.426698000 0 0
1484567300.433582000 0 0
1484567300.476493000 0 0
1484567300.538548000 0 0
1484567300.548587000 0 0
1484567300.601954000 0 0
1484567300.695558000 0 0
1484567300.716650000 0 0
1484567300.737585000 0 0
1484567300.862640000 0 0
1484567300.897928000 0 0
1484567300.904920000 0 18830
1484567301.974811000 0 0
1484567301.982064000 0 0
1484567300.868085000 18830 0
1484567300.882377000 0 0
1484567301.988885000 0 0
1484567302.176742000 0 0
1484567302.232227000 0 0
1484567302.422180000 0 0
1484567302.444787000 0 0
1484567302.507825000 0 0
1484567302.632159000 0 0
1484567302.807705000 0 0
1484567302.814770000 0 0
1484567303.252174000 0 0
1484567303.265727000 0 0
1484567303.274722000 0 0
1484567303.292127000 0 0
1484567303.272185000 0 0
1484567303.302124000 0 0
1484567303.313856000 0 0
1484567303.318783000 0 0
1484567303.326733000 0 0
1484567303.309070000 0 0
1484567303.335793000 0 0
1484567303.343689000 0 0
1484567303.352186000 0 0
1484567303.358848000 0 0
1484567303.902176000 0 0
1484567304.284738000 0 0
1484567304.354647000 0 0
1484567304.372172000 0 0
1484567304.431593000 196608 0
1484567304.513645000 0 0
1484567305.072892000 0 0
1484567305.084772000 0 0
1484567305.254178000 0 0
1484567305.263885000 0 2
1484567305.277673000 0 0
1484567305.285645000 0 0
1484567304.384601000 2 0
1484567305.232288000 0 0
1484567305.292179000 0 0
1484567305.307334000 0 53
1484567302.174577000 204 0
1484567305.322209000 0 0
1484567306.238771000 0 0
1484567306.256677000 0 0
1484567313.803726000 0 0
1484567313.807657000 0 0
1484567300.702742000 0 0
1484567313.047837000 0 529640
1484567321.294728000 0 0
1484567296.850884000 13767 0
1484567287.091050000 564 0
1484567299.882298000 10 0
1484567299.900557000 10 0
1484567299.921415000 122 0
1484567299.988414000 208 0
1484567300.107500000 24530 0
1484567300.317636000 16384 0
1484567300.375306000 319 0
1484567300.573658000 497 0
1484567300.706971000 5674 0
1484567300.724982000 8416 0
1484567300.745955000 208787 0
1484567302.186120000 32768 0
1484567302.431037000 29893 0
1484567302.451663000 8 0
1484567302.518163000 504 0
1484567302.569248000 7646 0
1484567302.639962000 2803 0
1484567303.260253000 686 0
1484567303.421352000 10 0
1484567303.910752000 1414 0
1484567304.297725000 27 0
1484567305.342634000 4971 0
1484567302.659209000 29 0
1484567305.371316000 9833 0
1484567305.384646000 562 0
1484567333.254350000 0 2803
1484567333.273665000 0 0
1484567313.086281000 14798 0
1484567357.620469000 0 0
1484567357.645279000 0 0
1484567357.710389000 0 0
1484567357.720485000 0 0
1484567357.747841000 0 2749
1484567357.735723000 2749 0
1484567357.761424000 0 0
1484567360.654123000 0 0
1484567360.698655000 0 137
1484567360.714743000 0 0
1484567360.663959000 137 0
1484567360.712358000 0 0
1484567360.735182000 0 0
1484567360.750463000 0 0
1484567360.770751000 0 0
1484567360.780923000 0 7279
1484567360.799943000 0 0
1484567360.796321000 0 0
1484567360.817353000 0 0
1484567360.830432000 0 0
1484567360.841213000 0 0
1484567360.853161000 0 0
1484567386.672968000 0 0
1484567386.684733000 0 0
1484567386.702895000 0 0
1484567386.723875000 0 0
1484567386.764864000 0 0
1484567386.772780000 0 0
1484567386.780829000 0 0
1484567386.789546000 0 0
1484567386.819774000 0 0
1484567386.825801000 0 0
1484567386.859415000 0 0
1484567386.870581000 0 0
1484567386.879429000 0 0
1484567386.919353000 0 0
1484567386.925111000 0 0
1484567360.888424000 51 0
1484567388.536567000 0 19434
1484567388.554469000 0 0
1484567386.567731000 18867 0
1484567388.553046000 0 0
1484567405.888967000 0 0
1484567405.932607000 0 0
1484567407.281312000 0 19985
1484567407.302293000 0 0
1484567407.300939000 0 0
1484567407.678860000 0 0
1484567407.692805000 0 0
1484567386.716785000 570 0
1484567386.742377000 504 0
1484567386.798800000 504 0
1484567386.833940000 282 0
1484567386.893207000 398 0
1484567414.524650000 0 0
1484567602.370010000 0 0
1484567603.970598000 0 1638
1484567603.996425000 0 0
1484567603.993352000 0 0
1484567606.270464000 0 319
1484567602.381732000 14798 0
1484567660.894238000 0 7282
1484567660.914888000 0 0
1484567660.911869000 0 0
1484567773.013264000 0 0
1484567773.168255000 0 0
1484567773.763538000 0 0
1484567773.774227000 0 0
1484567773.794334000 0 0
1484567776.700675000 0 0
1484567776.709048000 0 0
1484567776.719067000 0 0
1484567776.729084000 0 0
1484567773.808182000 398 0
1484567773.814401000 282 0
1484567803.267291000 0 0
1484567803.272180000 0 0
1484567803.279819000 0 0
1484567803.288809000 0 0
1484567803.297304000 0 0
1484567773.229115000 0 0
1484567777.797935000 0 0
1484567886.815210000 0 0
1484567776.569010000 0 0
1484567902.440132000 0 0
1484567903.997745000 0 1637
1484567904.017580000 0 0
1484567904.016199000 0 0
1484567902.450908000 14798 0
1484567960.940452000 0 7283
1484567960.959038000 0 0
1484567960.956652000 0 0
1484567967.472352000 0 0
1484567967.478513000 0 0
1484567967.486179000 0 0
1484567967.495294000 0 0
1484567967.505277000 0 0
1484568093.819124000 0 0
1484568093.824220000 0 0
1484568093.830975000 0 0
1484568093.840988000 0 0
1484568093.860102000 0 0
1484568093.853107000 134 0
1484568184.050357000 0 0
1484568184.059695000 0 0
1484568184.067671000 0 0
1484568184.076184000 0 0
1484568184.087374000 0 0
1484567887.158477000 0 0
1484568202.506417000 0 0
1484568202.518465000 14798 0
1484568188.245733000 0 0
1484567773.162130000 0 0
1484568230.936896000 0 0
1484568230.947908000 0 0
1484568230.957870000 0 0
1484568231.006857000 0 0
1484568230.945062000 0 0
1484568230.919839000 0 0
1484568230.917838000 0 0
1484568253.244701000 0 0
1484568253.314006000 0 0
1484568253.507727000 0 0
1484568253.517481000 0 0
1484568253.535554000 0 0
1484568253.609681000 0 0
1484568253.616915000 0 0
1484568257.104404000 0 0
1484568257.110591000 0 0
1484568257.120496000 0 0
1484568257.129529000 0 0
1484568230.951033000 144 0
1484568230.960872000 297 0
1484568230.973614000 478 0
1484568230.984753000 358 0
1484568230.995934000 237 0
1484568231.009798000 197 0
1484568231.023799000 225 0
1484568231.038060000 164 0
1484568231.051194000 219 0
1484568231.070086000 254 0
1484568231.085915000 226 0
1484568231.098329000 302 0
1484568231.108770000 134 0
1484568231.115992000 134 0
1484568231.123295000 134 0
1484568231.131001000 144 0
1484568231.140691000 134 0
1484568231.150553000 134 0
1484568231.160499000 134 0
1484568230.967033000 119 0
1484568230.977951000 188 0
1484568230.988949000 330 0
1484568230.999926000 215 0
1484568231.017044000 346 0
1484568231.030771000 333 0
1484568231.044773000 144 0
1484568231.060922000 208 0
1484568231.080082000 251 0
1484568231.090034000 164 0
1484568261.004526000 0 7283
1484568261.020204000 0 0
1484568261.018009000 0 0
1484568256.953954000 0 0
1484568258.228562000 0 0
1484568253.365521000 0 0
1484568253.307547000 0 0
1484568262.147627000 0 0
1484568262.149566000 0 0
1484568253.550920000 398 0
1484568253.561834000 282 0
1484568262.169701000 144 0
1484568262.176789000 297 0
1484568262.180833000 478 0
1484568262.186798000 358 0
1484568262.190678000 237 0
1484568262.196681000 197 0
1484568262.200663000 225 0
1484568262.206593000 164 0
1484568262.210671000 219 0
1484568262.216645000 254 0
1484568262.220815000 226 0
1484568262.226634000 302 0
1484568262.233794000 134 0
1484568262.238660000 134 0
1484568262.244663000 134 0
1484568262.248615000 144 0
1484568262.254698000 134 0
1484568262.261455000 134 0
1484568262.266649000 134 0
1484568262.270621000 119 0
1484568262.276601000 188 0
1484568262.280734000 330 0
1484568262.286629000 215 0
1484568262.290629000 346 0
1484568262.296659000 333 0
1484568262.300732000 144 0
1484568262.306637000 208 0
1484568262.310639000 251 0
1484568262.316785000 164 0
1484568324.664180000 0 0
1484568324.734034000 0 0
1484568324.743045000 0 0
1484568324.757101000 0 0
1484568324.768097000 0 0
1484568324.726176000 282 0
1484568324.764162000 10 0
1484568324.777581000 10 0
1484568368.641691000 0 0
1484568368.683614000 0 0
1484568368.690714000 0 0
1484568369.340865000 0 0
1484568369.345475000 0 0
1484568370.031437000 0 20464
1484568370.047167000 0 0
1484568370.045811000 0 0
1484568394.116514000 0 0
1484568451.408229000 0 0
1484568451.458325000 0 0
1484568451.464716000 0 0
1484568451.771971000 0 0
1484568451.778860000 0 0
1484568452.788937000 0 20945
1484568452.811390000 0 0
1484568452.810140000 0 0
1484568502.596875000 0 0
1484568504.088083000 0 1733
1484568504.111921000 0 0
1484568504.109662000 0 0
1484568523.716808000 0 70160
1484568523.767344000 0 0
1484568502.605491000 14798 0
1484568533.847129000 0 0
1484568533.897085000 0 0
1484568533.905745000 0 0
1484568535.199203000 0 21493
1484568535.218610000 0 0
1484568535.217411000 0 0
1484568539.675803000 0 0
1484568539.681861000 0 0
1484567405.941506000 0 0
1484568542.957965000 0 0
1484568561.035798000 0 7286
1484568561.054617000 0 0
1484568561.050004000 0 0
1484568524.091307000 0 1086952
1484568563.907959000 0 0
1484568611.899547000 0 0
1484568611.924387000 0 0
1484568611.931169000 0 686
1484568611.947249000 0 0
1484568611.958339000 0 0
1484568611.967407000 0 0
1484568611.906611000 0 0
1484568611.973968000 0 0
1484568612.079102000 0 481
1484568612.109889000 0 0
1484568601.806512000 0 988600
1484568612.306496000 0 0
1484568612.364879000 0 85
1484568612.377488000 0 0
1484568612.434175000 0 109
1484568612.440430000 0 0
1484567304.499313000 0 4096
1484568612.445553000 0 0
1484568612.454419000 0 0
1484568612.454475000 0 0
1484568612.464264000 0 0
1484567304.492583000 0 0
1484568612.474457000 0 0
1484568612.476681000 0 0
1484568612.487849000 0 10
1484568612.507275000 0 0
1484568612.516297000 0 0
1484568612.459879000 0 0
1484568612.523649000 0 0
1484567303.281652000 10590 60549
1484567303.920577000 1738791 40406
1484567304.784637000 1206171 16659
1484568612.555812000 0 10619
1484568612.629974000 0 319
1484568612.637831000 0 144
1484568612.653850000 0 0
1484568612.660360000 0 0
1484567306.288340000 0 4096
1484568612.671347000 0 175
1484568612.674487000 0 0
1484568612.685351000 0 0
1484567306.282952000 0 0
1484568612.685613000 0 0
1484568612.700550000 0 0
1484568612.708054000 0 204
1484568612.723679000 0 0
1484568612.746287000 0 0
1484567306.277402000 0 4096
1484568612.756597000 0 0
1484568612.765386000 0 0
1484567306.268169000 0 0
1484568612.775602000 0 0
1484568612.785392000 0 0
1484568612.810877000 0 0
1484568612.819889000 0 24669
1484568612.859326000 0 0
1484568612.867410000 0 0
1484568612.793661000 0 0
1484568612.875495000 0 0
1484568612.927736000 0 0
1484567305.091820000 67215 4055
1484567306.314679000 0 0
1484567306.298928000 0 0
1484567299.938934000 0 0
1484567302.240515000 2686976 2654208
1484567302.824883000 163840 0
1484567304.468974000 98304 0
1484567300.607137000 65536 0
1484567300.337178000 53248 4096
1484567300.355350000 16384 4096
1484567306.266051000 98304 0
1484567306.247283000 98304 0
1484568394.127783000 98304 0
1484567305.080374000 1402 0
1484568614.645137000 15211 0
1484568659.864892000 0 0
1484568659.887046000 0 0
1484568659.956179000 0 0
1484568659.965857000 0 0
1484568659.982093000 0 0
1484568659.996846000 0 0
1484568660.017943000 0 0
1484568660.102163000 0 0
1484568660.096043000 0 0
1484568660.278881000 0 0
1484568660.285868000 0 0
1484568660.395995000 0 0
1484568660.404847000 0 0
1484568660.412144000 0 0
1484568660.416922000 0 0
1484568660.532074000 0 0
1484568660.573041000 0 162
1484568660.808450000 0 0
1484568660.926824000 0 0
1484568660.932950000 0 0
1484568660.937869000 0 0
1484568660.952811000 0 0
1484568660.957888000 0 0
1484568659.989057000 282 0
1484568660.964864000 0 0
1484568660.978852000 0 0
1484568661.065780000 0 0
1484568661.062251000 0 0
1484568661.082238000 0 0
1484568661.174847000 0 0
1484568661.167037000 0 0
1484568661.592021000 0 0
1484568661.587855000 0 0
1484568663.247885000 0 0
1484568663.245896000 0 0
1484568663.707604000 0 0
1484568663.714672000 0 0
1484568663.721808000 0 0
1484568663.727584000 0 0
1484568663.728781000 0 0
1484568663.734671000 0 0
1484568663.736644000 0 0
1484568663.737947000 0 0
1484568663.738727000 0 0
1484568663.742702000 0 0
1484568663.746944000 0 0
1484568663.747719000 0 0
1484568663.761795000 0 0
1484568663.776605000 0 0
1484568663.782726000 0 0
1484568663.786640000 0 0
1484568663.795774000 0 0
1484568663.856812000 0 0
1484568663.853069000 0 0
1484568663.866824000 0 0
1484568663.963934000 0 0
1484568663.956083000 0 0
1484568660.065819000 0 0
1484568665.613760000 0 0
1484568665.611882000 0 0
1484568660.456872000 4120 0
1484568660.463988000 2048 0
1484568660.466076000 3584 0
1484568660.475089000 36352 0
1484568746.314821000 0 0
1484568800.776782000 0 0
1484568800.782674000 0 0
1484568800.993597000 0 0
1484568801.001504000 0 0
1484568801.016812000 0 0
1484568800.876548000 0 0
1484568800.773323000 0 0
1484568810.824378000 0 0
1484568810.831257000 0 0
1484568810.838236000 0 0
1484568810.773515000 0 0
1484568810.827506000 0 0
1484568810.756288000 0 0
1484568810.760329000 0 0
1484568812.962388000 0 0
1484568813.172486000 0 0
1484568813.180403000 0 0
1484568813.194354000 0 0
1484568810.782151000 144 0
1484568810.789495000 297 0
1484568810.793618000 478 0
1484568810.798495000 358 0
1484568810.804871000 237 0
1484568810.809517000 197 0
1484568810.816543000 225 0
1484568810.820511000 164 0
1484568810.832362000 219 0
1484568810.837460000 254 0
1484568810.841441000 226 0
1484568810.846841000 302 0
1484568810.855242000 134 0
1484568810.866829000 134 0
1484568810.873115000 134 0
1484568810.878455000 144 0
1484568810.885370000 134 0
1484568810.889491000 134 0
1484568810.896240000 134 0
1484568810.903240000 119 0
1484568810.908578000 188 0
1484568810.912412000 330 0
1484568810.917447000 215 0
1484568810.921575000 346 0
1484568810.927033000 333 0
1484568810.931421000 144 0
1484568810.939048000 208 0
1484568810.946327000 251 0
1484568810.950572000 164 0
1484568801.030709000 398 0
1484568801.037152000 282 0
1484568878.415797000 0 0
1484568878.425155000 0 0
1484568878.434688000 0 0
1484568878.440749000 0 0
1484568878.457669000 0 0
1484568878.450869000 134 0
1484568813.059297000 0 0
1484568816.853282000 0 0
1484569139.639339000 0 0
1484569139.644432000 0 0
1484569139.651201000 0 0
1484569139.660202000 0 0
1484569139.689324000 0 0
1484570113.594212000 0 0
1484570113.989372000 0 0
1484570113.996083000 0 0
1484570114.012066000 0 0
1484570115.149297000 0 0
1484570115.222139000 0 0
1484570115.230111000 0 0
1484570115.243131000 0 0
1484570115.255111000 0 0
1484570115.279270000 0 0
1484570115.295182000 0 0
1484570115.303219000 0 0
1484570115.316101000 0 0
1484570115.324034000 0 0
1484570115.342072000 0 0
1484570115.449064000 0 0
1484570115.479311000 0 0
1484570115.513235000 0 0
1484570115.569204000 0 0
1484570115.573197000 0 0
1484570115.579169000 0 0
1484570115.583061000 0 0
1484570115.589100000 0 0
1484570115.616025000 0 0
1484570115.700196000 0 0
1484570115.711143000 0 0
1484570115.760170000 0 0
1484570116.002261000 0 0
1484570116.024267000 0 0
1484570116.064766000 0 0
1484570116.196230000 0 0
1484570116.231774000 0 0
1484570116.239669000 0 18830
1484570117.302115000 0 0
1484570117.310129000 0 0
1484570116.204509000 18830 0
1484570116.216489000 0 0
1484570117.316363000 0 0
1484570117.446131000 0 0
1484570117.500157000 0 0
1484570117.699200000 0 0
1484570117.716099000 0 0
1484570117.781152000 0 0
1484570117.901129000 0 0
1484570118.089097000 0 0
1484570118.093105000 0 0
1484570118.513173000 0 0
1484570118.526029000 0 0
1484570118.534133000 0 0
1484570118.559241000 0 0
1484570118.532157000 0 0
1484570118.566129000 0 0
1484570118.579264000 0 0
1484570118.584295000 0 0
1484570118.593281000 0 0
1484570118.574165000 0 0
1484570118.602141000 0 0
1484570118.609134000 0 0
1484570118.614207000 0 0
1484570118.621327000 0 0
1484570119.110473000 0 0
1484570119.864023000 0 0
1484570119.909969000 0 0
1484570119.922987000 0 0
1484570119.956117000 196608 0
1484570120.035915000 0 0
1484570120.140977000 0 0
1484570120.152933000 0 0
1484570120.481566000 0 0
1484570120.489535000 0 2
1484570120.502096000 0 0
1484570120.509328000 0 0
1484570119.930044000 2 0
1484570120.510908000 0 53
1484570120.461235000 0 0
1484570120.513293000 0 0
1484570117.444719000 204 0
1484570120.534946000 0 0
1484570120.689053000 0 0
1484570120.699103000 0 0
1484570116.009471000 0 0
1484570131.185315000 0 0
1484570131.194295000 0 0
1484570129.135481000 0 267384
1484570142.152201000 0 0
1484570114.026050000 282 0
1484570115.251513000 10 0
1484570115.264291000 10 0
1484570115.288979000 122 0
1484570115.364895000 208 0
1484570115.488881000 24669 0
1484570115.522376000 16384 0
1484570115.561750000 319 0
1484570115.732235000 497 0
1484570116.014679000 5674 0
1484570116.034244000 8416 0
1484570116.075717000 208787 0
1484570117.454438000 32768 0
1484570117.703160000 29893 0
1484570117.724226000 8 0
1484570117.785167000 504 0
1484570117.836312000 7646 0
1484570117.907979000 2803 0
1484570118.521448000 686 0
1484570118.667866000 10 0
1484570119.147175000 481 0
1484570119.872577000 27 0
1484570127.971709000 1209916 1655
1484570120.558355000 4971 0
1484570117.927742000 29 0
1484570120.588103000 9833 0
1484570120.616267000 562 0
1484570148.522738000 0 2803
1484570148.540037000 0 0
1484570172.777704000 0 0
1484570172.800903000 0 0
1484570172.830663000 0 0
1484570172.847674000 0 0
1484570172.910602000 0 2749
1484570172.882385000 2749 0
1484570172.927930000 0 0
1484570175.960528000 0 0
1484570176.018888000 0 137
1484570176.032232000 0 0
1484570175.972788000 137 0
1484570176.030042000 0 0
1484570176.058677000 0 0
1484570176.079749000 0 0
1484570176.108820000 0 0
1484570176.118166000 0 7272
1484570176.138220000 0 0
1484570176.133963000 0 0
1484570176.160663000 0 0
1484570176.171752000 0 0
1484570176.183690000 0 0
1484570176.197673000 0 0
1484570176.229963000 51 0
1484568823.003222000 0 0
1484568813.027001000 0 0
1484570243.246834000 0 0
1484570243.255374000 0 0
1484570243.260819000 0 0
1484570243.269007000 0 0
1484570243.251182000 0 0
1484570243.221779000 0 0
1484570243.225825000 0 0
1484570243.255565000 144 0
1484570243.263101000 297 0
1484570243.270171000 478 0
1484570243.279067000 358 0
1484570243.287910000 237 0
1484570243.294724000 197 0
1484570243.300667000 225 0
1484570243.309238000 164 0
1484570243.317750000 219 0
1484570243.324161000 254 0
1484570243.330123000 226 0
1484570243.338246000 302 0
1484570243.344690000 134 0
1484570243.350695000 134 0
1484570243.359638000 134 0
1484570243.368988000 144 0
1484570243.378440000 134 0
1484570243.388121000 134 0
1484570243.394704000 134 0
1484570243.400738000 119 0
1484570243.407002000 188 0
1484570243.413195000 330 0
1484570243.420565000 215 0
1484570243.427215000 346 0
1484570243.433918000 333 0
1484570243.440687000 144 0
1484570243.449605000 208 0
1484570243.459603000 251 0
1484570243.469159000 164 0
1484570417.663410000 0 0
1484570419.338521000 0 592
1484570419.361935000 0 0
1484570419.357510000 0 0
1484570420.716930000 0 319
1484570417.674913000 14798 0
1484570476.233710000 0 7276
1484570476.252409000 0 0
1484570476.250113000 0 0
1484570613.404734000 0 0
1484570628.065284000 0 0
1484570624.781168000 0 956368
1484570632.304330000 0 0
1484570628.076152000 1209975 5123
1484570640.782493000 0 266816
1484570641.047415000 0 0
1484570639.428496000 1210911 4226
1484570717.741717000 0 0
1484570719.378562000 0 703
1484570719.397104000 0 0
1484570719.395677000 0 0
1484570717.749970000 14798 0
1484570776.380661000 0 7277
1484570776.403611000 0 0
1484570776.400467000 0 0
1484570905.218741000 0 0
1484570905.239727000 0 0
1484570905.441918000 0 0
1484570905.457075000 0 0
1484570905.480795000 0 0
1484570905.547807000 0 0
1484570905.557796000 0 0
1484570907.643041000 0 0
1484570907.649661000 0 0
1484570907.658688000 0 0
1484570907.666608000 0 0
1484570908.955841000 0 0
1484570909.969587000 0 0
1484570905.493716000 398 0
1484570905.504553000 282 0
1484570933.056222000 0 2800
1484570933.078099000 0 0
1484570933.075798000 0 0
1484570905.286630000 0 0
1484570919.938878000 0 0
1484570907.561736000 0 0
1484570984.027858000 0 0
1484571017.809837000 0 0
1484571029.938490000 0 0
1484571029.947666000 0 0
1484571029.954392000 0 0
1484571029.963385000 0 0
1484571029.973378000 0 0
1484571010.405584000 0 0
1484571038.296400000 0 0
1484571017.820121000 14798 0
1484571041.027290000 0 0
1484571054.502644000 0 0
1484571071.806207000 0 0
1484571076.317013000 0 7277
1484571076.334747000 0 0
1484571076.333507000 0 0
1484571072.356163000 0 0
1484571138.251484000 0 0
1484571139.911328000 0 0
1484571191.863970000 0 0
1484571191.879302000 0 0
1484571191.898863000 0 0
1484571191.917450000 0 0
1484571191.961859000 0 0
1484571187.622982000 0 0
1484571191.889859000 358 0
1484571191.907673000 254 0
1484571317.870058000 0 0
1484571317.878735000 14798 0
1484571376.347962000 0 7280
1484571376.364928000 0 0
1484571376.363520000 0 0
1484571200.091817000 0 0
1484570905.236034000 0 0
1484571486.472145000 0 0
1484571486.482182000 0 0
1484571486.491189000 0 0
1484571486.501662000 0 0
1484571486.479124000 0 0
1484571486.485789000 144 0
1484571486.494466000 297 0
1484571486.503524000 478 0
1484571486.513183000 208 0
1484571486.522912000 358 0
1484571486.533494000 251 0
1484571486.542348000 237 0
1484571486.550973000 164 0
1484571486.558233000 197 0
1484571486.564915000 225 0
1484571486.574363000 164 0
1484571486.582465000 219 0
1484571486.589065000 254 0
1484571486.593337000 226 0
1484571486.602367000 302 0
1484571486.611574000 134 0
1484571486.618238000 134 0
1484571486.623972000 134 0
1484571486.633003000 144 0
1484571486.640402000 134 0
1484571486.647660000 134 0
1484571486.654803000 134 0
1484571486.665580000 119 0
1484571486.675074000 188 0
1484571486.683471000 330 0
1484571486.690329000 215 0
1484571486.694307000 346 0
1484571486.703058000 333 0
1484571486.714249000 144 0
1484571486.721716000 208 0
1484571486.725347000 251 0
1484571486.731313000 164 0
1484571486.451213000 0 0
1484571486.453162000 0 0
1484571487.695321000 0 0
1484571488.162506000 0 0
1484571488.171365000 0 0
1484571488.189029000 0 0
1484571488.205646000 398 0
1484571488.222362000 282 0
1484571493.122418000 134 0
1484571487.978780000 0 0
1484571492.951253000 0 0
1484571617.925400000 0 0
1484571617.934425000 14798 0
1484571676.390782000 0 7280
1484571676.408136000 0 0
1484571676.406799000 0 0
1484571814.630079000 0 2803
1484571814.648913000 0 0
1484571814.644589000 0 0
1484571836.889018000 0 0
1484571836.912441000 0 0
1484571836.919832000 0 686
1484571836.934888000 0 0
1484571836.947578000 0 0
1484571836.954973000 0 0
1484571836.894574000 0 0
1484571836.964226000 0 0
1484571837.061679000 0 925
1484571837.078342000 0 0
1484571837.125575000 0 85
1484571837.132381000 0 0
1484570120.022518000 0 4096
1484571837.140078000 0 0
1484571837.139829000 0 0
1484571837.147837000 0 0
1484571837.158965000 0 0
1484570120.015222000 0 0
1484571837.165020000 0 0
1484571837.169133000 0 0
1484571837.172412000 0 10
1484571837.190998000 0 0
1484571837.198153000 0 0
1484571837.149171000 0 0
1484571837.205275000 0 0
1484570118.543605000 10619 44843
1484570119.485558000 1752013 16624
1484571837.241860000 0 10604
1484571837.292852000 0 319
1484571837.303020000 0 109
1484571837.321246000 0 0
1484571837.332193000 0 0
1484570120.732770000 0 4096
1484571837.349455000 0 0
1484571837.347181000 0 144
1484571837.364968000 0 0
1484570120.725892000 0 0
1484571837.371017000 0 0
1484571837.389185000 0 0
1484571837.396334000 0 175
1484571837.412800000 0 0
1484571837.438753000 0 204
1484571837.451210000 0 0
1484571837.474035000 0 0
1484570120.723434000 0 4096
1484571837.489183000 0 0
1484571837.498219000 0 0
1484570120.715199000 0 0
1484571837.510162000 0 0
1484571837.520023000 0 0
1484571837.553454000 0 0
1484571837.561538000 0 24807
1484571837.605026000 0 0
1484571837.615058000 0 0
1484571837.529905000 0 0
1484571837.623260000 0 0
1484571837.663251000 0 0
1484570120.159066000 67630 2228
1484571495.342122000 0 0
1484571487.754218000 0 0
1484571843.287998000 0 0
1484571843.351806000 0 0
1484571843.361868000 0 0
1484571843.369804000 0 0
1484571843.354950000 0 0
1484571843.293249000 0 0
1484571843.268787000 0 0
1484571843.267402000 0 0
1484570120.762494000 0 0
1484570120.742307000 0 0
1484570115.312362000 0 0
1484570117.507611000 2031616 1474560
1484570118.102208000 163840 0
1484570119.993190000 98304 0
1484570115.766993000 65536 0
1484570115.536662000 53248 4096
1484570115.550060000 16384 4096
1484570120.706118000 98304 0
1484570120.696381000 98304 0
1484570613.417590000 98304 0
1484570120.146309000 1402 0
1484571843.298208000 144 0
1484571843.304193000 297 0
1484571843.311417000 478 0
1484571843.318088000 358 0
1484571843.323749000 237 0
1484571843.331994000 197 0
1484571843.341286000 225 0
1484571843.347565000 164 0
1484571843.360039000 219 0
1484571843.365104000 254 0
1484571843.372075000 226 0
1484571843.378020000 302 0
1484571843.388073000 134 0
1484571843.391994000 134 0
1484571843.400987000 134 0
1484571843.404989000 144 0
1484571843.410028000 134 0
1484571843.413989000 134 0
1484571843.420025000 134 0
1484571843.427052000 119 0
1484571843.431021000 188 0
1484571843.434983000 330 0
1484571843.443721000 215 0
1484571843.449005000 346 0
1484571843.453080000 333 0
1484571843.459139000 144 0
1484571843.463109000 208 0
1484571843.471773000 251 0
1484571843.478005000 164 0
1484571892.489382000 0 0
1484571892.572471000 0 0
1484571892.582292000 0 0
1484571892.599650000 0 0
1484571892.627016000 0 0
1484571892.613378000 282 0
1484571901.290387000 10240 0
1484571901.325115000 16415 0
1484571904.369604000 7680 0
1484571907.912614000 7680 0
1484571911.324984000 8192 0
1484571903.195460000 11264 0
1484571912.381145000 6656 0
1484571922.491090000 12032 0
1484571905.621675000 31956 0
1484572568.661858000 0 0
1484572568.709968000 0 0
1484572568.736155000 0 0
1484572568.760954000 0 0
1484572568.779951000 0 0
1484572568.791457000 0 0
1484572568.816657000 0 0
1484572568.824719000 0 0
1484572568.841358000 0 0
1484572568.869999000 0 0
1484572568.900201000 0 0
1484572568.913406000 0 0
1484572568.925032000 0 0
1484572568.934093000 0 0
1484572568.950390000 0 0
1484572568.961399000 0 0
1484572572.014158000 0 0
1484572572.131021000 0 0
1484572572.139026000 0 0
1484572572.152089000 0 0
1484572572.164151000 0 0
1484572572.181085000 0 0
1484572572.196945000 0 0
1484572572.204240000 0 0
1484572572.216977000 0 0
1484572572.223049000 0 0
1484572572.240612000 0 0
1484572572.360128000 0 0
1484572572.390359000 0 0
1484572572.430391000 0 0
1484572572.550329000 0 0
1484572572.557313000 0 0
1484572572.563235000 0 0
1484572572.571184000 0 0
1484572572.578080000 0 0
1484572572.627148000 0 0
1484572572.710105000 0 0
1484572572.721087000 0 0
1484572572.773140000 0 0
1484572572.868353000 0 0
1484572572.890358000 0 0
1484572572.932305000 0 0
1484572573.062327000 0 0
1484572573.099114000 0 0
1484572573.104753000 0 18830
1484572574.189179000 0 0
1484572574.196911000 0 0
1484572573.070610000 18830 0
1484572573.084355000 0 0
1484572574.207423000 0 0
1484572574.352257000 0 0
1484572574.407122000 0 0
1484572574.577380000 0 0
1484572574.599366000 0 0
1484572574.652340000 0 0
1484572574.771317000 0 0
1484572574.948169000 0 0
1484572574.953332000 0 0
1484572575.387143000 0 0
1484572575.401052000 0 0
1484572575.410088000 0 0
1484572575.430091000 0 0
1484572575.408085000 0 0
1484572575.438031000 0 0
1484572575.447067000 0 0
1484572575.453100000 0 0
1484572575.461082000 0 0
1484572575.442118000 0 0
1484572575.473150000 0 0
1484572575.483264000 0 0
1484572575.497138000 0 0
1484572575.503441000 0 0
1484572576.038307000 0 0
1484572569.005864000 20684 0
1484572572.125977000 282 0
1484572572.160504000 10 0
1484572572.172718000 10 0
1484572572.190243000 122 0
1484572572.265909000 208 0
1484572572.402020000 24807 0
1484572572.440481000 16384 0
1484572572.519601000 319 0
1484572572.743995000 497 0
1484572572.880677000 5674 0
1484572572.900850000 8416 0
1484572572.941777000 208787 0
1484572574.350897000 204 0
1484572574.362226000 32768 0
1484572574.585416000 29893 0
1484572574.605818000 8 0
1484572574.662308000 504 0
1484572574.711609000 7646 0
1484572574.781297000 2803 0
1484572574.800542000 29 0
1484572575.394449000 686 0
1484572575.569632000 10 0
1484572576.049864000 925 0
1484572576.629348000 0 0
1484572576.699259000 0 0
1484572576.717051000 0 0
1484572576.761726000 196608 0
1484572576.846840000 0 0
1484572576.957117000 0 0
1484572576.970194000 0 0
1484572577.150536000 0 0
1484572577.158549000 0 2
1484572577.177080000 0 0
1484572577.182117000 0 0
1484572576.729669000 2 0
1484572577.188604000 0 53
1484572577.127483000 0 0
1484572577.189448000 0 0
1484572577.208260000 0 0
1484572577.673285000 0 0
1484572577.697046000 0 0
1484572582.348491000 0 0
1484572582.353281000 0 0
1484572572.873554000 0 0
1484572588.928036000 0 0
1484572589.002970000 0 0
1484572589.553051000 0 0
1484572589.562833000 0 0
1484572589.580099000 0 0
1484572591.630180000 0 0
1484572591.637785000 0 0
1484572591.647794000 0 0
1484572591.657827000 0 0
1484572592.886546000 0 0
1484572594.166438000 0 0
1484572602.489747000 0 0
1484572602.497634000 0 0
1484572602.506141000 0 0
1484572602.516060000 0 0
1484572576.640137000 27 0
1484572577.226547000 4971 0
1484572602.538761000 0 0
1484572577.237064000 29 0
1484572577.279586000 9833 0
1484572577.300488000 562 0
1484572605.397349000 0 2803
1484572605.411039000 0 0
1484572589.592936000 398 0
1484572589.603057000 282 0
1484572584.850174000 1212515 0
1484572602.529560000 134 0
1484572585.408288000 0 70680
1484572627.938850000 0 0
1484572629.791617000 0 0
1484572629.817808000 0 0
1484572629.842250000 0 0
1484572629.855699000 0 0
1484572629.887235000 0 2749
1484572629.872527000 2749 0
1484572629.901778000 0 0
1484572632.835238000 0 0
1484572632.872989000 0 137
1484572632.889172000 0 0
1484572632.844042000 137 0
1484572632.886791000 0 0
1484572632.919706000 0 0
1484572632.936820000 0 0
1484572632.972133000 0 0
1484572632.986140000 0 7273
1484572633.008176000 0 0
1484572633.005685000 0 0
1484572633.025456000 0 0
1484572633.035434000 0 0
1484572633.049620000 0 0
1484572633.065559000 0 0
1484572589.076835000 0 0
1484572633.094983000 51 0
1484572599.496285000 0 0
1484572591.521833000 0 0
1484572874.548383000 0 0
1484572876.104209000 0 925
1484572876.130916000 0 0
1484572876.128376000 0 0
1484572877.434105000 0 319
1484572874.558537000 14798 0
1484572933.097246000 0 7276
1484572933.119388000 0 0
1484572933.116891000 0 0
1484572981.405100000 0 0
1484572981.410707000 0 0
1484572981.419282000 0 0
1484572981.428201000 0 0
1484572981.437269000 0 0
1484572662.607204000 0 0
1484572983.437090000 0 0
1484572588.997873000 0 0
1484573031.325751000 0 0
1484573031.336701000 0 0
1484573031.345735000 0 0
1484573031.354745000 0 0
1484573031.333611000 0 0
1484573031.305683000 0 0
1484573031.303414000 0 0
1484573039.083501000 0 0
1484573039.149901000 0 0
1484573039.158644000 0 0
1484573039.176791000 0 0
1484573039.189616000 0 0
1484573039.203312000 0 0
1484573039.215758000 0 0
1484573039.209930000 0 0
1484573039.235917000 0 0
1484573039.225921000 0 0
1484573039.253408000 0 0
1484573039.257795000 0 0
1484573039.284733000 0 0
1484573039.273299000 0 0
1484573039.345696000 0 0
1484573039.353418000 0 0
1484573039.467892000 0 0
1484573039.476727000 0 0
1484573039.483672000 0 0
1484573039.487607000 0 0
1484573039.593260000 0 0
1484573039.630562000 0 162
1484573040.200290000 0 0
1484573040.417558000 0 0
1484573040.423667000 0 0
1484573040.427654000 0 0
1484573040.443276000 0 0
1484573040.447761000 0 0
1484573031.340012000 144 0
1484573031.350802000 297 0
1484573040.454765000 0 0
1484573031.360562000 478 0
1484573040.463305000 0 0
1484573031.369647000 358 0
1484573031.379182000 237 0
1484573031.389161000 197 0
1484573031.397748000 225 0
1484573031.407598000 164 0
1484573031.417215000 219 0
1484573031.426466000 254 0
1484573031.436309000 226 0
1484573031.446161000 302 0
1484573031.453596000 134 0
1484573031.462465000 134 0
1484573031.472769000 134 0
1484573031.481232000 144 0
1484573031.491472000 134 0
1484573031.500084000 134 0
1484573031.511558000 134 0
1484573031.521294000 119 0
1484573031.530989000 188 0
1484573031.539272000 330 0
1484573031.549798000 215 0
1484573031.562144000 346 0
1484573031.571401000 333 0
1484573031.580796000 144 0
1484573031.590947000 208 0
1484573031.602188000 251 0
1484573031.611715000 164 0
1484573039.186105000 282 0
1484573040.656071000 0 0
1484573040.653975000 0 0
1484573040.686579000 0 0
1484573040.679067000 0 0
1484573040.704731000 0 0
1484573040.797831000 0 0
1484573040.789894000 0 0
1484573042.657937000 0 0
1484573042.655637000 0 0
1484573039.536088000 4120 0
1484573039.539736000 2048 0
1484573039.556153000 26624 0
1484573103.841568000 0 0
1484573039.129687000 0 0
1484573174.611690000 0 0
1484573174.624342000 14798 0
1484573233.148886000 0 7277
1484573233.170550000 0 0
1484573233.167880000 0 0
1484573474.673874000 0 0
1484573474.685790000 14798 0
1484573533.189932000 0 7277
1484573533.211738000 0 0
1484573533.210534000 0 0
1484573642.375819000 0 0
1484573642.380965000 0 0
1484573642.435802000 0 0
1484573642.442138000 0 0
1484573642.442013000 0 0
1484573642.457973000 0 0
1484573642.458029000 0 0
1484573642.467053000 0 0
1484573642.476006000 0 0
1484573642.477951000 0 0
1484573642.512077000 0 0
1484573642.519564000 0 0
1484573642.526974000 0 0
1484573642.535552000 0 0
1484573642.470469000 282 0
1484573642.557075000 0 0
1484573642.568118000 0 0
1484573642.568167000 0 0
1484573642.551162000 0 0
1484573642.662122000 0 0
1484573642.669083000 0 0
1484573642.655858000 0 0
1484573642.760026000 0 0
1484573642.749096000 0 0
1484573642.776070000 0 0
1484573642.788439000 0 0
1484573642.795536000 0 0
1484573642.799022000 0 0
1484573642.805595000 0 0
1484573642.817169000 0 0
1484573642.949132000 0 0
1484573642.957188000 0 0
1484573642.965784000 0 0
1484573642.981241000 0 0
1484573642.975841000 0 0
1484573774.748051000 0 0
1484573774.760492000 14798 0
1484573833.236204000 0 7280
1484573833.254990000 0 0
1484573833.252749000 0 0
1484573883.443851000 0 0
1484573883.483053000 0 0
1484573883.489735000 0 0
1484573883.503828000 0 0
1484573883.521710000 0 0
1484573884.642799000 0 0
1484573884.649911000 0 0
1484573884.662711000 0 0
1484573884.669814000 0 0
1484573886.872762000 0 0
1484573886.878821000 0 0
1484573887.058385000 0 0
1484573887.064031000 0 0
1484573887.269895000 0 0
1484573887.273834000 0 0
1484573887.280833000 0 0
1484573887.369675000 0 0
1484573887.368447000 0 0
1484573887.382617000 0 0
1484573887.388712000 0 0
1484573887.389656000 0 0
1484573887.398749000 0 0
1484573887.403772000 0 0
1484573887.410723000 0 0
1484573887.442668000 0 0
1484573887.449617000 0 0
1484573887.453815000 0 0
1484573887.460749000 0 0
1484573892.424695000 0 0
1484573894.393964000 0 0
1484573908.086678000 0 0
1484573908.185309000 0 0
1484573908.210341000 0 0
1484573908.246374000 0 0
1484573908.279488000 0 0
1484573884.677163000 570 0
1484573883.515564000 282 0
1484573887.323353000 357 0
1484573887.349561000 213 0
1484573887.395449000 398 0
1484573887.423320000 504 0
1484573887.467965000 504 0
1484573910.602579000 0 0
1484573887.363813000 0 0
1484573914.027753000 0 0
1484573914.037723000 0 0
1484573914.044614000 0 0
1484573914.053457000 0 0
1484573914.062513000 0 0
1484573914.071364000 0 0
1484573914.081715000 0 0
1484573914.097744000 0 0
1484573914.113479000 0 0
1484573914.122452000 0 0
1484573914.130437000 0 0
1484573914.137529000 0 0
1484573914.337729000 0 0
1484573897.893697000 0 0
1484573914.341442000 0 0
1484573103.848029000 0 0
1484573914.517563000 0 0
1484573914.533398000 0 0
1484573914.521777000 0 0
1484573914.544382000 0 0
1484573914.777656000 0 0
1484573914.783583000 0 0
1484573914.744919000 0 0
1484573914.758457000 0 27136
1484573914.833532000 0 0
1484573914.871779000 0 0
1484573914.801911000 0 0
1484573914.880695000 0 0
1484573914.811695000 0 0
1484573914.988054000 0 0
1484573914.983527000 0 162
1484573914.992490000 0 0
1484573915.007687000 0 0
1484573915.013523000 0 0
1484573915.032386000 0 0
1484573915.038463000 0 0
1484573915.042565000 0 0
1484573915.052557000 0 0
1484573915.064544000 0 0
1484573915.060672000 0 0
1484573915.077610000 0 0
1484573915.089911000 0 0
1484573915.099540000 0 0
1484573915.087855000 0 0
1484573915.102475000 0 0
1484573915.087645000 0 0
1484573915.108440000 0 0
1484573915.112468000 0 0
1484573915.173497000 0 0
1484573915.169638000 0 0
1484573915.184537000 0 0
1484573915.203522000 0 0
1484573915.209413000 0 0
1484573915.213401000 0 0
1484573915.200679000 4096 0
1484573915.254018000 486 0
1484573915.263761000 489 0
1484573915.272475000 1909 0
1484573915.282551000 1124 0
1484573915.292882000 494 0
1484573915.312552000 0 0
1484573915.239509000 0 0
1484573915.304515000 0 0
1484573915.310840000 497 0
1484573917.102467000 0 0
1484573917.100544000 0 0
1484573915.332611000 213 0
1484573915.374234000 10752 0
1484573915.413666000 357 0
1484573915.443230000 16384 0
1484573915.469214000 17408 0
1484573915.504270000 16896 0
1484573915.532339000 10752 0
1484573915.552873000 16384 0
1484573915.600359000 19456 0
1484573915.621924000 15872 0
1484573915.654677000 11776 0
1484573915.324984000 4096 0
1484573917.240481000 0 0
1484573917.245483000 486 0
1484573917.250840000 489 0
1484573917.257851000 1909 0
1484573917.262624000 1124 0
1484573917.269598000 494 0
1484573917.274858000 497 0
1484573919.109598000 0 0
1484573919.111581000 0 0
1484573925.067511000 0 0
1484573914.896016000 45104 0
1484573914.904509000 2048 0
1484573915.716991000 45056 0
1484573917.364078000 10752 0
1484573917.391660000 16384 0
1484573917.407881000 17408 0
1484573917.423631000 16896 0
1484573917.438640000 10752 0
1484573917.451657000 16384 0
1484573917.478635000 19456 0
1484573917.493648000 15872 0
1484573917.512735000 11776 0
1484573917.321940000 4096 0
1484573948.893025000 0 0
1484573948.857888000 0 1153056
1484573958.179372000 0 0
1484573948.902853000 1212515 2937
1484573960.179272000 0 0
1484573960.202671000 0 0
1484573960.210587000 0 686
1484573960.223041000 0 0
1484573960.231112000 0 0
1484573960.238070000 0 0
1484573960.186692000 0 0
1484573960.246538000 0 0
1484573960.363187000 0 1036
1484573960.379335000 0 0
1484573960.430771000 0 85
1484573960.438089000 0 0
1484572576.830999000 0 4096
1484573960.446326000 0 0
1484573960.443380000 0 0
1484573960.449334000 0 0
1484573960.457184000 0 0
1484572576.821654000 0 0
1484573960.467719000 0 0
1484573960.467307000 0 0
1484573960.473747000 0 10
1484573960.733193000 0 0
1484573960.743109000 0 0
1484573960.451402000 0 0
1484573960.752389000 0 0
1484572575.419384000 10604 31444
1484572576.063735000 1757968 16597
1484573960.783630000 0 10619
1484573960.839988000 0 319
1484573960.853722000 0 109
1484573960.867332000 0 0
1484573960.876265000 0 0
1484572577.737614000 0 4096
1484573960.888273000 0 0
1484573960.886790000 0 144
1484573960.898102000 0 0
1484572577.730409000 0 0
1484573960.898323000 0 0
1484573960.913256000 0 0
1484573960.916763000 0 175
1484573960.928305000 0 0
1484573960.948601000 0 204
1484573960.963315000 0 0
1484573960.990242000 0 0
1484572577.713117000 0 4096
1484573961.006750000 0 0
1484573961.018098000 0 0
1484572577.708092000 0 0
1484573961.029289000 0 0
1484573961.040130000 0 0
1484573961.072714000 0 0
1484573961.081590000 0 24946
1484573961.126238000 0 0
1484573961.136234000 0 0
1484573961.050423000 0 0
1484573961.142440000 0 0
1484573961.196520000 0 0
1484572576.980100000 67764 2377
1484572577.769166000 0 0
1484573972.833011000 0 0
1484573972.839861000 0 0
1484573972.877980000 0 0
1484573972.881982000 0 0
1484573972.891152000 0 0
1484573972.895971000 0 0
1484573972.898154000 0 0
1484573972.901998000 0 0
1484573972.909971000 0 0
1484573972.902103000 0 0
1484573972.915748000 0 0
1484573972.918653000 0 0
1484573972.923297000 0 0
1484573972.927691000 0 0
1484573972.920915000 0 0
1484573972.938171000 0 0
1484573972.939840000 0 0
1484573972.972855000 0 0
1484573972.978921000 0 0
1484573972.985967000 0 0
1484573972.995807000 0 0
1484572572.782760000 65536 0
1484572572.453412000 53248 4096
1484572572.502854000 16384 4096
1484573973.011843000 0 0
1484572577.709633000 98304 0
1484572577.684896000 98304 0
1484573973.019996000 0 0
1484573925.076415000 98304 0
1484573973.028290000 0 0
1484572576.965249000 1402 0
1484573973.038929000 0 0
1484573972.932085000 282 0
1484573973.057993000 0 0
1484573973.051489000 0 0
1484573973.066100000 0 0
1484573973.158472000 0 0
1484573973.150072000 0 0
1484573914.351340000 0 0
1484573973.927927000 0 0
1484573973.925891000 0 0
1484573975.938070000 0 0
1484573975.935772000 0 0
1484573976.217055000 0 0
1484573976.301913000 0 0
1484573976.310965000 0 0
1484573976.326996000 0 0
1484573976.337031000 0 0
1484573976.351022000 0 0
1484573976.368857000 0 0
1484573976.375844000 0 0
1484572572.213516000 0 0
1484573976.390999000 0 0
1484573976.398878000 0 0
1484573976.411904000 0 0
1484572577.731773000 0 0
1484573976.547041000 0 0
1484573976.589048000 0 0
1484573976.646368000 0 0
1484573976.720229000 0 0
1484573976.727214000 0 0
1484573976.732158000 0 0
1484573976.740238000 0 0
1484573976.747033000 0 0
1484573976.779115000 0 0
1484573976.850089000 0 0
1484573976.862001000 0 0
1484573976.915923000 0 0
1484573977.007043000 0 0
1484573977.031946000 0 0
1484573977.075778000 0 0
1484573977.202141000 0 0
1484573977.241593000 0 0
1484573977.250558000 0 18830
1484573978.441938000 0 0
1484573978.451892000 0 0
1484573977.211655000 18830 0
1484573977.228250000 0 0
1484573978.462161000 0 0
1484573978.630213000 0 0
1484573978.685923000 0 0
1484573978.898145000 0 0
1484573978.919060000 0 0
1484573979.028501000 0 0
1484573979.145905000 0 0
1484573979.318235000 0 0
1484573979.326071000 0 0
1484573979.752374000 0 0
1484573979.770032000 0 0
1484573979.779075000 0 0
1484573979.798090000 0 0
1484573979.777302000 0 0
1484573979.809006000 0 0
1484573979.821187000 0 0
1484573979.830037000 0 0
1484573979.818290000 0 0
1484573979.848054000 0 0
1484573979.855700000 0 0
1484573979.866055000 0 0
1484573979.871114000 0 0
1484573980.355910000 0 0
1484573980.781943000 0 0
1484573980.836849000 0 0
1484573980.851926000 0 0
1484572576.800288000 98304 0
1484573980.907030000 196608 0
1484573980.995561000 0 0
1484573981.091054000 0 0
1484573981.102066000 0 0
1484573981.238423000 0 0
1484573981.246179000 0 2
1484573981.257937000 0 0
1484573981.265714000 0 0
1484573980.863531000 2 0
1484573981.212129000 0 0
1484573981.270185000 0 0
1484573981.287586000 0 53
1484573978.628649000 204 0
1484573981.518291000 0 0
1484573981.625898000 0 0
1484573981.661917000 0 0
1484573986.177261000 0 0
1484573986.180985000 0 0
1484573914.909603000 2048 0
1484573039.544869000 6144 0
1484573977.016015000 0 0
1484573989.069038000 0 0
1484573976.297072000 282 0
1484573976.331170000 10 0
1484573976.341102000 10 0
1484573976.361617000 122 0
1484573976.432624000 208 0
1484573976.601507000 24946 0
1484573976.653530000 16384 0
1484573976.686045000 319 0
1484573976.889176000 497 0
1484573977.021466000 5674 0
1484573977.043815000 8416 0
1484573977.083697000 208787 0
1484573978.640080000 32768 0
1484573978.905998000 29893 0
1484573978.929706000 8 0
1484573979.035871000 504 0
1484573979.085976000 7646 0
1484573979.153671000 2803 0
1484573979.762860000 686 0
1484573979.938829000 10 0
1484573980.362083000 1036 0
1484573980.793432000 27 0
1484573981.550711000 4971 0
1484573979.171262000 29 0
1484573981.615047000 9833 0
1484573981.629891000 562 0
1484574009.759131000 0 2803
1484574009.776989000 0 0
1484573989.271191000 1213914 0
1484574033.920592000 0 0
1484574033.946122000 0 0
1484574033.974176000 0 0
1484574033.995831000 0 0
1484574034.054950000 0 2749
1484574034.036740000 2749 0
1484574034.067813000 0 0
1484574036.970285000 0 0
1484574037.010647000 0 137
1484574037.029028000 0 0
1484574036.982728000 137 0
1484574037.025923000 0 0
1484574037.050438000 0 0
1484574037.064117000 0 0
1484574037.090551000 0 0
1484574037.098933000 0 7273
1484574037.117020000 0 0
1484574037.115588000 0 0
1484574037.134125000 0 0
1484574037.144498000 0 0
1484574037.159583000 0 0
1484574037.169446000 0 0
1484574037.201544000 51 0
1484573989.926503000 0 70680
1484574067.335211000 0 0
1484574067.343691000 0 0
1484574152.613338000 0 0
1484574152.617320000 0 0
1484574152.633141000 0 0
1484574152.642201000 0 0
1484574153.040763000 0 0
1484574153.047312000 0 0
1484574153.056377000 0 0
1484574153.110691000 0 0
1484574153.120627000 0 0
1484574153.126390000 0 0
1484574153.134443000 0 0
1484574153.170564000 0 0
1484574153.177208000 0 0
1484574153.185281000 0 0
1484574153.194347000 0 0
1484574153.220619000 0 0
1484574153.227244000 0 0
1484574153.256371000 0 0
1484574153.263247000 0 0
1484574153.270709000 0 0
1484574153.064572000 570 0
1484574153.147693000 504 0
1484574153.202455000 504 0
1484574153.235440000 282 0
1484574153.276428000 398 0
1484574278.840358000 0 0
1484574280.414023000 0 1162
1484574280.432778000 0 0
1484574280.430381000 0 0
1484574281.649374000 0 319
1484574283.049058000 0 0
1484574283.060949000 0 0
1484574283.076696000 0 0
1484574283.180005000 0 0
1484574283.196961000 0 0
1484574283.209011000 0 0
1484574283.213004000 0 0
1484574283.237018000 0 0
1484574283.289500000 0 0
1484574283.293568000 0 0
1484574283.299063000 0 0
1484574283.303014000 0 0
1484574283.322959000 0 0
1484574278.852600000 14798 0
1484574283.086844000 282 0
1484574283.212172000 213 0
1484574283.220438000 398 0
1484574283.221132000 357 0
1484574284.786208000 4096 0
1484574285.926811000 0 0
1484574285.932140000 0 0
1484574285.941123000 0 0
1484574285.949062000 0 0
1484574285.980037000 0 0
1484574286.160142000 0 0
1484574286.166673000 0 0
1484574286.172011000 0 0
1484574286.181036000 0 0
1484574286.189033000 0 0
1484574286.341981000 0 0
1484574286.348985000 0 0
1484574286.359965000 0 0
1484574286.377975000 0 0
1484574286.371181000 0 0
1484574291.086576000 0 0
1484574291.823037000 0 0
1484574284.922158000 10752 0
1484574286.220041000 0 0
1484574284.849513000 19456 0
1484574284.870156000 18432 0
1484574284.889522000 15872 0
1484574284.908181000 11776 0
1484574284.832981000 4096 0
1484574286.353223000 282 0
1484574313.076291000 0 0
1484574313.109273000 0 0
1484574313.118262000 0 686
1484574313.132737000 0 0
1484574313.145950000 0 0
1484574313.152749000 0 0
1484574313.086703000 0 0
1484574313.161030000 0 0
1484574313.273555000 0 1147
1484574313.296318000 0 0
1484574291.399621000 0 1321080
1484574313.686163000 0 0
1484574313.750167000 0 85
1484574313.762213000 0 0
1484574313.816989000 0 0
1484574313.812524000 0 109
1484573980.979738000 0 4096
1484574313.826158000 0 0
1484574313.829112000 0 0
1484574313.827175000 0 0
1484574313.837785000 0 0
1484573980.969511000 0 0
1484574313.847047000 0 0
1484574313.852711000 0 0
1484574313.862319000 0 10
1484574313.886026000 0 0
1484574313.895930000 0 0
1484574313.833422000 0 0
1484574313.901992000 0 0
1484573979.787337000 10619 24603
1484573980.370164000 1762653 20486
1484574313.933880000 0 10619
1484574314.042914000 0 319
1484574314.049750000 0 144
1484574314.066324000 0 0
1484574314.086056000 0 0
1484573981.700592000 0 4096
1484574314.086649000 0 175
1484574314.098033000 0 0
1484574314.106831000 0 0
1484574314.099239000 0 0
1484573981.696339000 0 0
1484574314.117025000 0 0
1484574314.116491000 0 204
1484574314.130033000 0 0
1484574314.147818000 0 0
1484573981.660189000 0 4096
1484574314.160005000 0 0
1484574314.169792000 0 0
1484573981.651528000 0 0
1484574314.180951000 0 0
1484574314.190779000 0 0
1484574314.221258000 0 0
1484574314.227260000 0 25083
1484574314.265938000 0 0
1484574314.271884000 0 0
1484574314.199000000 0 0
1484574314.280291000 0 0
1484574314.323080000 0 0
1484573981.109456000 67913 2776
1484574291.833189000 1213914 2792
1484574286.306722000 20480 0
1484574320.219791000 0 0
1484574320.269736000 0 0
1484574320.431850000 0 0
1484574320.440829000 0 0
1484574320.459898000 0 0
1484574322.666077000 0 0
1484574322.671754000 0 0
1484574322.680660000 0 0
1484574322.688613000 0 0
1484573981.731161000 0 0
1484573981.672282000 0 0
1484573976.387455000 0 0
1484574324.405512000 0 0
1484574335.648512000 0 0
1484574335.655399000 0 0
1484574335.675133000 0 0
1484574335.695205000 0 0
1484574335.705127000 0 0
1484572574.416301000 5210112 2621440
1484572574.963850000 327680 0
1484573980.946033000 98304 0
1484573976.921286000 65536 0
1484573976.666151000 53248 4096
1484573976.676152000 16384 4096
1484573981.669436000 98304 0
1484573981.631203000 98304 0
1484573989.076364000 98304 0
1484573981.098321000 1402 0
1484574314.647115000 10240 0
1484574320.469966000 398 0
1484574320.476888000 282 0
1484574325.305561000 0 0
1484574335.667867000 358 0
1484574335.687457000 254 0
1484574320.312632000 0 0
1484574408.299912000 0 0
1484574408.315037000 0 0
1484574408.319756000 0 0
1484574408.328889000 0 0
1484574408.349799000 0 0
1484574322.517798000 0 0
1484574350.252016000 0 0
1484574320.265537000 0 0
1484574424.175705000 0 0
1484574424.254773000 0 0
1484574424.293723000 0 0
1484574424.293863000 0 0
1484574424.402599000 0 0
1484574424.183925000 0 0
1484574424.154706000 0 0
1484574424.152573000 0 0
1484574426.844838000 0 0
1484574427.066906000 0 0
1484574427.076701000 0 0
1484574427.094876000 0 0
1484574429.102462000 0 0
1484574426.917707000 0 0
1484574431.385620000 0 0
1484574426.886776000 0 0
1484574449.385618000 0 0
1484574449.416433000 0 0
1484574449.416571000 0 0
1484574449.435007000 0 0
1484574449.468569000 0 0
1484574449.392014000 0 0
1484574449.468443000 0 0
1484574449.364442000 0 0
1484574449.366443000 0 0
1484574425.134956000 7680 0
1484574427.104005000 398 0
1484574427.112909000 282 0
1484574424.186923000 288 0
1484574424.198291000 594 0
1484574424.208875000 956 0
1484574424.215904000 716 0
1484574424.224706000 474 0
1484574424.231882000 394 0
1484574424.238492000 450 0
1484574424.247946000 328 0
1484574424.264538000 438 0
1484574424.268867000 508 0
1484574424.277904000 452 0
1484574424.284941000 604 0
1484574424.300530000 268 0
1484574408.346055000 402 0
1484574424.310192000 268 0
1484574424.318228000 288 0
1484574424.330431000 268 0
1484574424.342227000 268 0
1484574424.351387000 268 0
1484574424.365122000 238 0
1484574424.372798000 376 0
1484574424.384431000 660 0
1484574424.394985000 430 0
1484574424.410672000 692 0
1484574424.425294000 666 0
1484574424.438400000 288 0
1484574424.451377000 416 0
1484574424.461361000 502 0
1484574424.471123000 328 0
1484574736.626864000 0 0
1484574736.703578000 0 0
1484574736.709859000 0 0
1484574736.725877000 0 0
1484574736.738032000 0 0
1484574736.763714000 0 0
1484574736.775803000 0 0
1484574736.783688000 0 0
1484574736.796982000 0 0
1484574736.803614000 0 0
1484574736.823716000 0 0
1484574736.933574000 0 0
1484574736.964130000 0 0
1484574736.999134000 0 0
1484574737.085433000 0 0
1484574737.093782000 0 0
1484574737.098889000 0 0
1484574737.106855000 0 0
1484574737.113535000 0 0
1484574737.169943000 0 0
1484574737.243913000 0 0
1484574737.256920000 0 0
1484574737.313543000 0 0
1484574737.408046000 0 0
1484574737.430024000 0 0
1484574737.457903000 0 0
1484574737.597074000 0 0
1484574737.635516000 0 0
1484574737.645418000 0 18830
1484574738.724880000 0 0
1484574738.733584000 0 0
1484574737.605773000 18830 0
1484574737.619160000 0 0
1484574738.740130000 0 0
1484574738.873644000 0 0
1484574738.943636000 0 0
1484574739.133761000 0 0
1484574739.154849000 0 0
1484574739.236042000 0 0
1484574739.353666000 0 0
1484574739.536961000 0 0
1484574739.543640000 0 0
1484574739.965943000 0 0
1484574739.977901000 0 0
1484574739.986889000 0 0
1484574740.093677000 0 0
1484574739.985147000 0 0
1484574740.103376000 0 0
1484574740.117009000 0 0
1484574740.125971000 0 0
1484574740.133590000 0 0
1484574740.113661000 0 0
1484574740.146962000 0 0
1484574740.156134000 0 0
1484574740.163867000 0 0
1484574740.168930000 0 0
1484574740.633795000 0 0
1484574741.033463000 0 0
1484574741.069786000 0 0
1484574741.085844000 0 0
1484574741.119079000 196608 0
1484574741.203382000 0 0
1484574741.397376000 0 0
1484574741.405317000 0 2
1484574741.423586000 0 0
1484574741.429898000 0 0
1484574741.095520000 2 0
1484574741.373774000 0 0
1484574741.436277000 0 0
1484574741.454489000 0 53
1484574738.871085000 204 0
1484574741.465187000 0 0
1484574741.550040000 0 0
1484574741.556102000 0 0
1484574741.683597000 0 0
1484574741.687768000 0 0
1484574741.703366000 0 0
1484574749.923370000 0 0
1484574749.927776000 0 0
1484574750.485806000 0 0
1484574750.496704000 0 0
1484574750.533139000 0 0
1484574737.415222000 0 0
1484574736.733748000 10 0
1484574736.747133000 10 0
1484574736.769011000 122 0
1484574736.849816000 208 0
1484574736.974341000 25083 0
1484574737.009707000 16384 0
1484574737.051979000 319 0
1484574737.286188000 497 0
1484574737.420358000 5674 0
1484574737.440864000 8416 0
1484574737.467504000 208787 0
1484574738.880399000 32768 0
1484574739.139183000 29893 0
1484574739.160951000 8 0
1484574739.242764000 504 0
1484574739.289997000 7646 0
1484574739.362016000 2803 0
1484574739.972273000 686 0
1484574740.230650000 10 0
1484574765.622411000 21493 0
1484574765.822791000 0 0
1484574765.832685000 0 0
1484574765.848623000 0 0
1484574765.865551000 0 0
1484574765.899477000 0 0
1484574765.907379000 0 0
1484574765.916480000 0 0
1484574765.924594000 0 0
1484574765.955413000 0 0
1484574765.962713000 0 0
1484574765.982585000 0 0
1484574765.988549000 0 0
1484574765.995670000 0 0
1484574766.026565000 0 0
1484574766.034668000 0 0
1484574766.472635000 0 0
1484574766.477661000 0 0
1484574766.977436000 0 0
1484574766.983490000 0 0
1484574766.987438000 0 0
1484574766.998363000 0 0
1484574767.004426000 0 0
1484574767.008434000 0 0
1484574767.022483000 0 0
1484574767.027446000 0 0
1484574767.039409000 0 0
1484574767.045486000 0 0
1484574767.733730000 0 22165
1484574767.752980000 0 0
1484574740.641315000 1147 0
1484574741.042963000 27 0
1484574741.486487000 4971 0
1484574739.381900000 29 0
1484574741.519229000 9833 0
1484574741.687095000 562 0
1484574769.983238000 0 2803
1484574769.997778000 0 0
1484574750.603944000 0 300736
1484574778.815657000 0 0
1484574789.006228000 0 0
1484574789.012246000 0 0
1484574789.026367000 0 0
1484574789.198385000 0 0
1484574736.696035000 564 0
1484574765.858631000 570 0
1484574765.880047000 504 0
1484574765.935141000 504 0
1484574766.002931000 398 0
1484574794.318527000 0 0
1484574794.346409000 0 0
1484574794.375384000 0 0
1484574794.388926000 0 0
1484574794.434249000 0 2749
1484574794.414379000 2749 0
1484574794.452351000 0 0
1484574797.371603000 0 0
1484574797.432998000 0 137
1484574797.446896000 0 0
1484574797.384076000 137 0
1484574797.444517000 0 0
1484574797.468425000 0 0
1484574797.481862000 0 0
1484574797.501698000 0 0
1484574797.507849000 0 7272
1484574797.524888000 0 0
1484574797.523505000 0 0
1484574797.538300000 0 0
1484574797.547320000 0 0
1484574797.556320000 0 0
1484574797.566302000 0 0
1484574797.588571000 51 0
1484574858.656513000 0 726360
1484574868.561849000 0 0
1484574877.049483000 0 0
1484574877.072131000 0 0
1484574877.081285000 0 686
1484574877.095454000 0 0
1484574877.104642000 0 0
1484574877.112566000 0 0
1484574877.053862000 0 0
1484574877.121914000 0 0
1484574877.226126000 0 1263
1484574877.240737000 0 0
1484574877.295171000 0 85
1484574877.301628000 0 0
1484574741.187452000 0 4096
1484574877.309342000 0 0
1484574877.312717000 0 0
1484574877.310771000 0 0
1484574877.322497000 0 0
1484574741.177364000 0 0
1484574877.335446000 0 0
1484574877.334735000 0 0
1484574877.343903000 0 10
1484574877.359311000 0 0
1484574877.369315000 0 0
1484574877.319744000 0 0
1484574877.379564000 0 0
1484574739.993696000 10619 22293
1484574740.650246000 1768287 13447
1484574877.412939000 0 10604
1484574877.480118000 0 319
1484574877.494989000 0 109
1484574877.510781000 0 0
1484574877.520603000 0 0
1484574741.595717000 0 4096
1484574877.530684000 0 0
1484574877.530120000 0 144
1484574877.540517000 0 0
1484574741.587659000 0 0
1484574877.542729000 0 0
1484574877.550715000 0 0
1484574877.561304000 0 175
1484574877.575703000 0 0
1484574877.599916000 0 204
1484574877.611814000 0 0
1484574877.632644000 0 0
1484574741.584234000 0 4096
1484574877.644698000 0 0
1484574877.655630000 0 0
1484574741.576389000 0 0
1484574877.670684000 0 0
1484574877.681607000 0 0
1484574877.714929000 0 0
1484574877.724002000 0 25220
1484574877.771595000 0 0
1484574877.779365000 0 0
1484574877.689683000 0 0
1484574877.785769000 0 0
1484574877.850967000 0 0
1484574750.503402000 68312 2922
1484574749.427581000 1215208 25884
1484574878.589446000 0 0
1484574878.645516000 0 0
1484574878.884814000 0 0
1484574878.895474000 0 0
1484574878.914569000 0 0
1484574881.071757000 0 0
1484574881.079256000 0 0
1484574881.089203000 0 0
1484574881.099130000 0 0
1484574741.619332000 0 0
1484574741.605441000 0 0
1484574736.789456000 0 0
1484574738.951775000 1900544 1015808
1484574739.550256000 163840 0
1484574741.157145000 98304 0
1484574737.320834000 65536 0
1484574737.025911000 53248 4096
1484574737.036348000 16384 4096
1484574741.566157000 98304 0
1484574741.556295000 98304 0
1484574789.208465000 98304 0
1484574750.489983000 1402 0
1484574878.931929000 398 0
1484574878.941979000 282 0
1484574878.700451000 0 0
1484574880.959367000 0 0
1484574882.461499000 0 0
1484574979.618432000 0 0
1484575123.592182000 0 0
1484575123.596618000 0 0
1484575123.605150000 0 0
1484575123.613040000 0 0
1484575123.619042000 0 0
1484575105.557515000 0 0
1484575128.668072000 0 0
1484574878.641375000 0 0
1484575149.545463000 0 0
1484575149.554907000 0 0
1484575149.563898000 0 0
1484575149.571948000 0 0
1484575149.552033000 0 0
1484575149.523877000 0 0
1484575149.525851000 0 0
1484575149.557575000 144 0
1484575149.564237000 297 0
1484575149.568149000 478 0
1484575149.574111000 358 0
1484575149.584014000 237 0
1484575149.594011000 197 0
1484575149.606312000 225 0
1484575149.621451000 164 0
1484575149.635793000 219 0
1484575149.644884000 254 0
1484575149.651432000 226 0
1484575149.657774000 302 0
1484575149.666336000 134 0
1484575149.674598000 134 0
1484575149.683745000 134 0
1484575149.690287000 144 0
1484575149.696271000 134 0
1484575149.704425000 134 0
1484575149.713823000 134 0
1484575149.720299000 119 0
1484575149.724021000 188 0
1484575149.729961000 330 0
1484575149.734027000 215 0
1484575149.738012000 346 0
1484575149.580651000 333 0
1484575149.588012000 144 0
1484575149.600451000 208 0
1484575149.614412000 251 0
1484575149.627811000 164 0
1484575198.693371000 6656 0
1484575200.735875000 15211 0
1484575204.059849000 14956 0
1484575239.761133000 0 0
1484575239.848706000 0 0
1484575239.855199000 0 0
1484575239.870146000 0 0
1484575239.883216000 0 0
1484575239.904140000 0 0
1484575239.923129000 0 0
1484575239.932285000 0 0
1484575239.948768000 0 0
1484575239.955009000 0 0
1484575239.974024000 0 0
1484575240.071977000 0 0
1484575240.103093000 0 0
1484575240.139203000 0 0
1484575240.211066000 0 0
1484575240.215196000 0 0
1484575240.221197000 0 0
1484575240.225151000 0 0
1484575240.232103000 0 0
1484575240.283059000 0 0
1484575240.380097000 0 0
1484575240.392119000 0 0
1484575240.444131000 0 0
1484575240.568689000 0 0
1484575240.585080000 0 0
1484575240.620112000 0 0
1484575240.758840000 0 0
1484575240.791794000 0 0
1484575240.799573000 0 18830
1484575241.869260000 0 0
1484575241.879236000 0 0
1484575240.765239000 18830 0
1484575240.778936000 0 0
1484575241.888858000 0 0
1484575242.018685000 0 0
1484575242.071321000 0 0
1484575242.568904000 0 0
1484575242.590180000 0 0
1484575242.648792000 0 0
1484575242.769230000 0 0
1484575242.951121000 0 0
1484575242.955129000 0 0
1484575243.385224000 0 0
1484575243.401053000 0 0
1484575243.410113000 0 0
1484575243.428766000 0 0
1484575243.405205000 0 0
1484575243.438612000 0 0
1484575243.452157000 0 0
1484575243.458868000 0 0
1484575243.468640000 0 0
1484575243.448975000 0 0
1484575243.482130000 0 0
1484575243.490164000 0 0
1484575243.498846000 0 0
1484575243.505115000 0 0
1484575244.018737000 0 0
1484575244.420138000 0 0
1484575244.465168000 0 0
1484575244.482195000 0 0
1484575244.520199000 196608 0
1484575244.598525000 0 0
1484575244.962292000 0 0
1484575244.975178000 0 0
1484575245.101702000 0 0
1484575245.110622000 0 2
1484575245.118715000 0 0
1484575245.125067000 0 0
1484575245.128603000 0 0
1484575245.132177000 0 0
1484575244.490825000 2 0
1484575245.080354000 0 0
1484575245.140362000 0 0
1484575245.305837000 0 53
1484575242.017060000 204 0
1484575245.319490000 0 0
1484575250.603282000 0 0
1484575250.610266000 0 0
1484575240.573356000 0 0
1484575254.828476000 0 0
1484575254.849441000 0 0
1484575254.855599000 0 686
1484575254.868900000 0 0
1484575254.878392000 0 0
1484575254.883986000 0 0
1484575243.394292000 686 0
1484575254.833227000 0 0
1484575254.893202000 0 0
1484575254.984703000 0 1263
1484575244.025151000 1263 0
1484575253.029231000 0 70680
1484575255.000255000 0 0
1484575255.019196000 0 0
1484575255.040062000 0 85
1484575255.052410000 0 0
1484575255.111536000 0 109
1484575255.114935000 0 0
1484575244.585798000 0 4096
1484575255.121931000 0 0
1484575255.129156000 0 0
1484575255.125418000 0 0
1484575255.138220000 0 0
1484575244.579267000 0 0
1484575255.145470000 0 0
1484575255.149138000 0 0
1484575255.152743000 0 10
1484575255.169158000 0 0
1484575255.174885000 0 0
1484575243.560721000 10 0
1484575255.128373000 0 0
1484575255.182177000 0 0
1484575243.414294000 10604 4980
1484575244.034444000 1769770 1033
1484575255.210461000 0 10604
1484575240.185076000 319 0
1484575255.268893000 0 319
1484575255.269642000 0 144
1484575255.281184000 0 0
1484575255.299964000 0 0
1484575255.299278000 0 175
1484575245.172639000 0 4096
1484575255.310305000 0 0
1484575255.319219000 0 0
1484575255.310146000 0 0
1484575245.164871000 0 0
1484575255.329148000 0 0
1484575255.328850000 0 2803
1484575242.775637000 2803 0
1484575255.341159000 0 0
1484575255.365418000 0 204
1484575255.380313000 0 0
1484575255.404052000 0 0
1484575245.160642000 0 4096
1484575255.420273000 0 0
1484575255.430071000 0 0
1484575245.153701000 0 0
1484575255.440301000 0 0
1484575255.450977000 0 0
1484575255.481382000 0 0
1484575255.490377000 0 25355
1484575255.534929000 0 0
1484575255.545108000 0 0
1484575240.113143000 25220 0
1484575255.458299000 0 0
1484575255.553564000 0 0
1484575255.598888000 0 0
1484575255.630192000 0 0
1484575255.648429000 0 0
1484575255.660198000 0 0
1484575255.672207000 0 0
1484575255.688443000 0 0
1484575255.698449000 0 0
1484575255.708383000 0 0
1484575255.788807000 0 137
1484575255.802611000 0 0
1484575255.767001000 137 0
1484575255.800335000 0 0
1484575255.854689000 0 7324
1484575255.872597000 0 0
1484575255.870371000 0 0
1484575255.900313000 0 0
1484575256.272163000 0 0
1484575256.339893000 0 0
1484575256.524986000 0 0
1484575256.531882000 0 0
1484575256.548438000 0 0
1484575258.342190000 0 0
1484575258.349837000 0 0
1484575258.359779000 0 0
1484575258.369840000 0 0
1484575239.875956000 10 0
1484575239.891903000 10 0
1484575239.915632000 122 0
1484575240.000921000 208 0
1484575240.144257000 16384 0
1484575240.415632000 497 0
1484575240.578100000 5674 0
1484575240.594420000 8416 0
1484575240.630723000 208787 0
1484575242.026289000 32768 0
1484575242.574278000 29893 0
1484575242.594189000 8 0
1484575242.654232000 504 0
1484575242.705049000 7646 0
1484575244.428062000 27 0
1484575245.135656000 98304 0
1484575245.200938000 0 0
1484575245.125545000 98304 0
1484575245.182518000 0 0
1484575239.941680000 0 0
1484575245.338004000 4971 0
1484575242.795992000 29 0
1484575245.384372000 9833 0
1484575245.400680000 562 0
1484575242.081031000 720896 65536
1484575242.961397000 163840 0
1484575244.558932000 98304 0
1484575244.656830000 1223140 0
1484575240.453166000 65536 0
1484575240.159073000 53248 4096
1484575240.170991000 8192 4096
1484575255.743241000 51 0
1484575244.981337000 68458 0
1484575244.971088000 1402 0
1484575256.560787000 398 0
1484575239.841330000 564 0
1484575328.108188000 0 0
1484575328.116141000 0 0
1484575328.121295000 0 0
1484575328.131155000 0 0
1484575328.142199000 0 0
1484575256.391979000 0 0
1484575262.177942000 0 0
1484575258.018034000 0 0
1484575256.333927000 0 0
1484575399.167495000 0 0
1484575399.177437000 0 0
1484575399.186425000 0 0
1484575399.210406000 0 0
1484575399.174671000 0 0
1484575399.148387000 0 0
1484575399.146410000 0 0
1484575406.873053000 0 0
1484575406.942930000 0 0
1484575406.948491000 0 0
1484575406.960534000 0 0
1484575406.972979000 0 0
1484575406.988549000 0 0
1484575407.000448000 0 0
1484575407.007606000 0 0
1484575407.017497000 0 0
1484575407.024443000 0 0
1484575407.040442000 0 0
1484575407.146476000 0 0
1484575407.178539000 0 0
1484575407.213200000 0 0
1484575407.360494000 0 0
1484575407.366460000 0 0
1484575407.370451000 0 0
1484575407.375617000 0 0
1484575407.379387000 0 0
1484575407.432969000 0 0
1484575407.506519000 0 0
1484575407.517110000 0 0
1484575407.568787000 0 0
1484575407.664664000 0 0
1484575407.685489000 0 0
1484575407.713060000 0 0
1484575407.843685000 0 0
1484575407.875012000 0 0
1484575407.881003000 0 18830
1484575408.833646000 0 0
1484575408.840541000 0 0
1484575407.849309000 18830 0
1484575407.863332000 0 0
1484575408.847747000 0 0
1484575408.973016000 0 0
1484575409.016806000 0 0
1484575409.393018000 0 0
1484575409.413021000 0 0
1484575409.488770000 0 0
1484575409.613377000 0 0
1484575409.802798000 0 0
1484575409.806659000 0 0
1484575410.224711000 0 0
1484575410.237459000 0 0
1484575410.245501000 0 0
1484575410.258649000 0 0
1484575410.242952000 0 0
1484575410.265449000 0 0
1484575410.273287000 0 0
1484575410.277510000 0 0
1484575410.282592000 0 0
1484575410.269620000 0 0
1484575410.289523000 0 0
1484575410.295428000 0 0
1484575410.302579000 0 0
1484575410.307550000 0 0
1484575410.748691000 0 0
1484575411.115610000 0 0
1484575411.174405000 0 0
1484575411.186664000 0 0
1484575411.226115000 196608 0
1484575411.297454000 0 0
1484575411.720939000 0 0
1484575411.727023000 0 2
1484575411.742710000 0 0
1484575411.747653000 0 0
1484575411.194654000 2 0
1484575411.700831000 0 0
1484575411.753259000 0 0
1484575411.768134000 0 53
1484575408.969873000 204 0
1484575411.779712000 0 0
1484575411.866725000 0 0
1484575411.884616000 0 0
1484575407.670774000 0 0
1484575399.177755000 144 0
1484575399.184209000 297 0
1484575399.188756000 478 0
1484575399.201342000 358 0
1484575399.212349000 237 0
1484575399.228665000 197 0
1484575399.240771000 225 0
1484575399.257557000 164 0
1484575399.270792000 219 0
1484575399.288952000 254 0
1484575399.304066000 226 0
1484575399.311767000 302 0
1484575399.323154000 134 0
1484575399.328656000 134 0
1484575399.338814000 134 0
1484575399.348799000 144 0
1484575399.358518000 134 0
1484575399.367639000 134 0
1484575399.376173000 134 0
1484575399.382675000 119 0
1484575399.386632000 188 0
1484575399.195614000 330 0
1484575399.206626000 215 0
1484575399.218796000 346 0
1484575399.234763000 333 0
1484575399.249248000 144 0
1484575399.264148000 208 0
1484575399.281370000 251 0
1484575399.296657000 164 0
1484575403.409644000 10240 0
1484575406.936687000 282 0
1484575406.967347000 10 0
1484575406.976577000 10 0
1484575406.995597000 122 0
1484575407.060575000 208 0
1484575407.187566000 25355 0
1484575407.219595000 16384 0
1484575407.334654000 319 0
1484575407.540982000 497 0
1484575407.677430000 5674 0
1484575407.693149000 8416 0
1484575407.720365000 208787 0
1484575408.976949000 32768 0
1484575409.398539000 29893 0
1484575409.419315000 8 0
1484575409.497597000 504 0
1484575409.545908000 7646 0
1484575409.620849000 2803 0
1484575410.230973000 686 0
1484575410.370484000 10 0
1484575410.755629000 1263 0
1484575411.124861000 27 0
1484575411.799508000 4971 0
1484575409.638469000 29 0
1484575411.824709000 9833 0
1484575411.848588000 562 0
1484575440.232904000 0 2803
1484575440.247643000 0 0
1484575464.573142000 0 0
1484575464.592209000 0 0
1484575464.618026000 0 0
1484575464.629052000 0 0
1484575464.672018000 0 2749
1484575464.653453000 2749 0
1484575464.684395000 0 0
1484575467.621215000 0 0
1484575467.663625000 0 137
1484575467.675584000 0 0
1484575467.637502000 137 0
1484575467.673319000 0 0
1484575467.691417000 0 0
1484575467.701271000 0 0
1484575467.716971000 0 0
1484575467.725474000 0 7272
1484575467.738572000 0 0
1484575467.737139000 0 0
1484575467.753033000 0 0
1484575467.761040000 0 0
1484575467.771219000 0 0
1484575467.780888000 0 0
1484575467.807089000 51 0
1484575595.642046000 0 0
1484575595.651036000 0 0
1484575595.828218000 0 0
1484575595.878277000 0 0
1484575595.884748000 0 0
1484575597.438380000 0 0
1484575597.460171000 0 0
1484575597.465146000 0 686
1484575597.479633000 0 0
1484575597.484680000 0 0
1484575597.494665000 0 0
1484575597.443961000 0 0
1484575597.503978000 0 0
1484575597.608894000 0 1263
1484575597.623125000 0 0
1484575597.658863000 0 85
1484575597.661747000 0 0
1484575411.286135000 0 4096
1484575597.669844000 0 0
1484575597.672873000 0 0
1484575597.669017000 0 0
1484575597.681714000 0 0
1484575411.277989000 0 0
1484575597.693114000 0 0
1484575597.692948000 0 0
1484575597.699423000 0 10
1484575597.712663000 0 0
1484575597.719703000 0 0
1484575597.679115000 0 0
1484575597.724913000 0 0
1484575410.249762000 10604 5187
1484575410.763196000 1770145 3806
1484575597.754225000 0 10604
1484575597.813496000 0 319
1484575597.820497000 0 109
1484575597.833089000 0 0
1484575597.843770000 0 0
1484575411.913816000 0 4096
1484575597.848833000 0 144
1484575597.858567000 0 0
1484575597.859944000 0 0
1484575597.869816000 0 0
1484575411.907454000 0 0
1484575597.879905000 0 0
1484575597.878777000 0 175
1484575597.891065000 0 0
1484575597.910379000 0 204
1484575597.923930000 0 0
1484575597.951916000 0 0
1484575411.894366000 0 4096
1484575597.968598000 0 0
1484575597.979908000 0 0
1484575411.888247000 0 0
1484575597.994132000 0 0
1484575598.003898000 0 0
1484575598.032387000 0 0
1484575598.041324000 0 25491
1484575598.084693000 0 0
1484575598.098308000 0 0
1484575598.014094000 0 0
1484575598.104930000 0 0
1484575598.168510000 0 0
1484575598.778170000 0 0
1484575598.821617000 0 0
1484575599.011794000 0 0
1484575599.020923000 0 0
1484575599.038526000 0 0
1484575599.109053000 0 0
1484575599.120653000 0 0
1484575600.912147000 0 0
1484575600.921565000 0 0
1484575600.930677000 0 0
1484575600.948020000 0 0
1484575411.936506000 0 0
1484575411.908666000 0 0
1484575407.013527000 0 0
1484575409.023001000 720896 0
1484575409.812995000 163840 0
1484575411.258778000 98304 0
1484575411.364981000 1223140 0
1484575407.576954000 65536 0
1484575407.232517000 53248 4096
1484575407.323731000 8192 4096
1484575411.891764000 98304 0
1484575411.870944000 98304 0
1484575595.892579000 68458 0
1484575595.834622000 1402 0
1484575599.057258000 398 0
1484575599.071375000 282 0
1484575600.941780000 134 0
1484575598.867936000 0 0
1484575600.758033000 0 0
1484575604.617883000 0 0
1484575598.817988000 0 0
1484575692.837699000 0 0
1484575692.847622000 0 0
1484575692.855702000 0 0
1484575692.961637000 0 0
1484575692.841860000 0 0
1484575692.815192000 0 0
1484575692.816636000 0 0
1484575692.847900000 144 0
1484575692.855481000 297 0
1484575692.867863000 478 0
1484575692.878864000 358 0
1484575692.896869000 237 0
1484575692.915440000 197 0
1484575692.931824000 225 0
1484575692.947887000 164 0
1484575692.962022000 219 0
1484575692.977895000 254 0
1484575692.995466000 226 0
1484575693.009880000 302 0
1484575693.027408000 134 0
1484575693.045448000 134 0
1484575693.059994000 134 0
1484575693.066932000 144 0
1484575692.860876000 134 0
1484575692.871885000 134 0
1484575692.887659000 134 0
1484575692.907544000 119 0
1484575692.921875000 188 0
1484575692.940029000 330 0
1484575692.955459000 215 0
1484575692.970866000 346 0
1484575692.987587000 333 0
1484575693.001895000 144 0
1484575693.017947000 208 0
1484575693.037402000 251 0
1484575693.051841000 164 0
1484575725.297626000 0 0
1484575730.208629000 0 0
1484575739.524112000 0 0
1484575740.664314000 0 0
1484575723.071235000 11529 0
1484575732.304487000 15211 0
1484575729.058854000 11264 0
1484575741.819570000 6656 0
1484575743.161194000 15154 0
1484575744.490085000 11989 0
1484575735.986513000 24064 0
1484565172.454928000 0 0
1484575766.297065000 8192 0
