1484554873.091289000 0 0
1484554873.103158000 0 0
1484554873.114687000 0 0
1484554873.126201000 0 0
1484554873.137679000 0 0
1484554874.273477000 446 0
1484554877.094893000 0 0
1484554877.099488000 0 0
1484554877.110927000 0 0
1484554878.324730000 0 0
1484554878.327768000 0 0
1484554878.354680000 0 0
1484554878.388385000 0 0
1484554878.390995000 0 0
1484554878.458311000 0 0
1484554878.461165000 0 0
1484554878.464280000 0 0
1484554878.467596000 0 0
1484554878.363922000 0 0
1484554875.001828000 111 0
1484554878.381027000 464 0
1484554878.392378000 1397 0
1484554878.402322000 558 0
1484554878.409716000 1805 0
1484554878.524858000 504 0
1484554877.020833000 446 0
1484554889.980899000 0 0
1484554893.843379000 0 0
1484554893.847380000 0 0
1484554893.854044000 0 0
1484554893.860293000 0 0
1484554893.874015000 0 0
1484554893.883905000 0 0
1484554893.886525000 0 0
1484554893.892594000 0 0
1484554893.895182000 0 0
1484554893.900549000 0 0
1484554893.990710000 0 0
1484554894.032450000 0 0
1484554894.108586000 0 0
1484554894.160212000 0 0
1484554894.272071000 0 0
1484554894.275435000 0 0
1484554894.278676000 0 0
1484554894.282115000 0 0
1484554894.284802000 0 0
1484554894.313924000 0 0
1484554894.340462000 0 0
1484554894.344843000 0 0
1484554894.589674000 0 0
1484554894.595682000 0 0
1484554894.821891000 0 0
1484554894.944062000 0 0
1484554894.979587000 0 0
1484554895.075344000 0 0
1484554895.206057000 0 0
1484554895.251428000 0 0
1484554895.257306000 0 18830
1484554895.526217000 0 0
1484554895.533529000 0 0
1484554895.233627000 18830 0
1484554895.240836000 0 0
1484554895.539205000 0 0
1484554895.804150000 0 0
1484554896.054683000 0 0
1484554896.218810000 0 0
1484554896.262313000 0 0
1484554896.358651000 0 0
1484554896.562652000 0 0
1484554896.808456000 0 0
1484554896.811023000 0 0
1484554897.333254000 0 0
1484554897.341303000 0 0
1484554897.345550000 0 0
1484554897.529846000 0 0
1484554897.344205000 0 0
1484554897.536874000 0 0
1484554897.545822000 0 0
1484554897.550924000 0 0
1484554897.555852000 0 0
1484554897.560158000 0 0
1484554897.564016000 0 0
1484554897.543128000 0 0
1484554897.569566000 0 0
1484554897.668823000 0 0
1484554897.691345000 0 0
1484554897.694572000 0 0
1484554897.698358000 0 0
1484554898.421633000 0 53
1484554895.801709000 204 0
1484554898.430508000 0 0
1484554902.364174000 0 0
1484554902.457052000 0 0
1484554902.846954000 0 0
1484554902.860204000 0 0
1484554902.927238000 7168 0
1484554902.953484000 0 0
1484554903.035220000 0 0
1484554903.059573000 0 0
1484554903.307691000 0 0
1484554903.311363000 0 2
1484554903.319716000 0 0
1484554903.322916000 0 0
1484554902.870043000 2 0
1484554903.298541000 0 0
1484554903.325750000 0 0
1484554904.179641000 0 0
1484554904.223719000 0 0
1484554894.947713000 0 0
1484554910.877043000 0 0
1484554893.858590000 10 0
1484554893.870517000 10 0
1484554893.882204000 111 0
1484554893.920702000 208 0
1484554894.100954000 33605 0
1484554894.134979000 4431 0
1484554894.176396000 16384 0
1484554894.247311000 319 0
1484554894.628402000 497 0
1484554894.972832000 12508 0
1484554894.996797000 8312 0
1484554895.099572000 208620 0
1484554895.916499000 32768 0
1484554896.248645000 91845 0
1484554896.276817000 8 0
1484554896.365518000 504 0
1484554896.419186000 7636 0
1484554896.585937000 4941 0
1484554897.338260000 576 0
1484554897.666247000 232 0
1484554898.445523000 9168 0
1484554896.625272000 25 0
1484554898.480529000 9833 0
1484554893.840405000 446 0
1484554927.331218000 0 4941
1484554927.340600000 0 0
1484554902.371676000 359 0
1484554902.464912000 397 0
1484554903.496793000 55 0
1484554951.818743000 0 0
1484554951.825742000 0 0
1484554951.833620000 0 0
1484554951.838668000 0 0
1484554951.858178000 0 66
1484554951.851214000 66 0
1484554951.865646000 0 0
1484554954.467571000 0 0
1484554954.872277000 0 0
1484554954.901451000 0 137
1484554954.913044000 0 0
1484554954.886053000 137 0
1484554954.911921000 0 0
1484554954.931658000 0 0
1484554954.950432000 0 7345
1484554954.962382000 0 0
1484554954.961431000 0 0
1484554954.512665000 0 0
1484554954.978520000 51 0
1484555034.959249000 0 0
1484555034.964342000 0 0
1484555034.975312000 0 0
1484555034.985547000 0 0
1484555034.996679000 0 0
1484555035.785872000 0 0
1484555036.213306000 0 0
1484555036.297933000 0 0
1484555037.384254000 0 0
1484555037.387218000 0 0
1484555037.394416000 0 0
1484555037.397367000 0 0
1484555037.401512000 0 0
1484555037.404487000 0 0
1484555037.407363000 0 0
1484555037.469417000 0 0
1484555038.293228000 0 0
1484555038.296352000 0 0
1484555016.850549000 1397 0
1484555034.771848000 0 0
1484555034.834316000 0 0
1484555046.227284000 0 0
1484555046.232340000 0 0
1484555046.258130000 0 0
1484555034.759389000 1397 0
1484555036.288906000 398 0
1484555034.981482000 446 0
1484555036.317349000 80 0
1484555037.432722000 236 0
1484555037.638496000 100 0
1484555037.654743000 202 0
1484555037.759969000 321 0
1484555037.834546000 117 0
1484555037.804910000 490 0
1484555127.257653000 0 0
1484555127.261870000 0 0
1484555127.273057000 0 0
1484555127.276171000 0 0
1484555127.280303000 0 0
1484555127.283570000 0 0
1484555127.287427000 0 0
1484555127.291075000 0 0
1484555127.294881000 0 0
1484555127.300279000 0 0
1484555128.281675000 0 0
1484555128.644093000 0 0
1484555135.771062000 0 7636
1484555135.780232000 0 0
1484555135.779370000 0 0
1484555127.266241000 80 0
1484555130.167276000 446 0
1484555196.210084000 0 0
1484555196.241176000 0 0
1484555196.259718000 13555 1367
1484555196.280537000 0 0
1484555196.304449000 438885 721
1484555196.543322000 0 0
1484555196.560763000 177318 1292
1484555196.612131000 0 0
1484555202.408691000 0 359
1484555202.425155000 0 0
1484555202.422858000 0 0
1484555204.210970000 0 319
1484555196.232107000 5197 0
1484555196.624015000 3248 0
1484555255.041859000 0 7349
1484555255.055503000 0 0
1484555255.053411000 0 0
1484555257.678408000 0 208787
1484555257.707336000 0 0
1484555257.706518000 0 0
1484554897.687446000 1930 3990
1484555496.664810000 0 0
1484555496.684210000 0 0
1484555496.674202000 5197 0
1484555496.691683000 3248 0
1484555555.106653000 0 8475
1484555555.120213000 0 0
1484555555.118113000 0 0
1484555571.329186000 0 0
1484555571.524571000 0 0
1484555571.546691000 0 0
1484555571.551945000 0 33544
1484555571.592294000 0 0
1484555571.598295000 0 0
1484555571.605394000 0 0
1484555571.531287000 0 0
1484555571.610903000 0 0
1484555571.943047000 0 0
1484555571.954346000 0 0
1484555738.343627000 446 0
1484555796.737681000 0 0
1484555796.753404000 0 0
1484555818.294269000 0 0
1484555818.296855000 0 0
1484555818.302270000 0 0
1484555818.312315000 0 0
1484555818.315319000 0 0
1484555818.322621000 0 0
1484555818.326345000 0 0
1484555818.330337000 0 0
1484555818.335247000 0 0
1484555818.339144000 0 0
1484555818.345336000 0 0
1484555818.355460000 0 0
1484555818.400352000 0 0
1484555818.403942000 0 0
1484555818.413272000 0 0
1484555818.412608000 0 0
1484555818.415672000 0 0
1484555818.419520000 0 0
1484555819.846136000 0 0
1484555819.833985000 0 0
1484555796.745367000 5197 0
1484555796.760620000 3248 0
1484555818.309309000 80 0
1484555818.420578000 446 0
1484555818.425392000 398 0
1484555855.159075000 0 8772
1484555855.170844000 0 0
1484555855.169264000 0 0
1484555851.749416000 446 0
1484556096.808988000 0 0
1484556096.822459000 0 0
1484556096.815899000 5197 0
1484556096.828244000 3248 0
1484556155.208102000 0 8775
1484556155.223647000 0 0
1484556155.221346000 0 0
1484556396.871827000 0 0
1484556396.889393000 0 0
1484556396.880324000 5197 0
1484556396.894936000 3248 0
1484556697.278838000 0 0
1484556697.288671000 0 0
1484556697.283884000 5197 0
1484556697.294300000 3248 0
1484556901.962501000 0 8775
1484556901.975586000 0 0
1484556901.973930000 0 0
1484556997.331118000 0 0
1484556997.348037000 0 0
1484556997.338862000 5197 0
1484556997.355720000 3248 0
1484557202.006427000 0 8775
1484557202.019020000 0 0
1484557202.017396000 0 0
1484557297.387281000 0 0
1484557297.404604000 0 0
1484557297.395579000 5197 0
1484557297.411504000 3248 0
1484557390.108038000 0 0
1484557390.172365000 0 0
1484557390.178477000 0 0
1484557390.189953000 0 0
1484557397.354759000 0 0
1484557397.364209000 0 0
1484557397.423922000 0 45463
1484557398.076581000 0 0
1484557398.079149000 0 0
1484557398.200983000 0 0
1484557398.204035000 0 0
1484557398.206991000 0 0
1484557398.210152000 0 0
1484557398.214406000 0 0
1484557398.290589000 0 162
1484557398.375450000 0 0
1484557398.437455000 0 0
1484557398.440290000 0 0
1484557398.443549000 0 0
1484557398.446323000 0 0
1484557398.459217000 0 0
1484557398.461681000 0 0
1484557398.464289000 0 0
1484557398.467511000 0 0
1484557398.086029000 446 0
1484557398.474932000 0 0
1484557390.199144000 558 0
1484557398.477896000 0 0
1484557398.495327000 0 0
1484557398.502777000 0 0
1484557398.500482000 0 0
1484557398.514736000 0 0
1484557398.512825000 0 0
1484557398.530571000 0 0
1484557398.527573000 0 0
1484557398.546681000 0 0
1484557398.543896000 0 0
1484557398.583706000 0 0
1484557398.579299000 0 0
1484557398.594573000 0 0
1484557398.597172000 0 0
1484557398.601183000 0 0
1484557398.683840000 0 0
1484557398.681012000 0 0
1484557397.898325000 0 0
1484557398.258123000 4120 0
1484557398.270081000 45463 0
1484557440.526188000 0 0
1484557440.530525000 0 0
1484557440.567959000 0 0
1484557440.572099000 0 0
1484557440.573151000 0 0
1484557440.571750000 0 0
1484557440.579094000 0 0
1484557440.580856000 0 0
1484557440.583662000 0 0
1484557440.581946000 0 0
1484557440.587799000 0 0
1484557440.588123000 0 0
1484557440.695656000 0 0
1484557440.697421000 0 0
1484557440.702034000 0 0
1484557440.693815000 0 0
1484557440.700932000 0 0
1484557440.714204000 0 0
1484557440.716657000 0 0
1484557440.719176000 0 0
1484557440.721673000 0 0
1484557440.727850000 0 0
1484557440.740751000 0 0
1484557440.743485000 0 0
1484557440.746264000 0 0
1484557440.748787000 0 0
1484557440.756067000 0 0
1484557440.794549000 0 0
1484557440.792510000 0 0
1484557405.927392000 0 0
1484557398.260624000 0 0
1484557502.055404000 0 8775
1484557502.067700000 0 0
1484557502.066051000 0 0
1484557597.447989000 0 0
1484557597.463738000 0 0
1484557597.454848000 5197 0
1484557597.470989000 3248 0
1484557897.508942000 0 0
1484557897.525911000 0 0
1484557908.226703000 0 8775
1484557908.240668000 0 0
1484557908.238837000 0 0
1484557897.516794000 5197 0
1484557897.534204000 3248 0
1484558197.589453000 0 0
1484558197.750616000 0 0
1484558208.354520000 0 8775
1484558208.395903000 0 0
1484558208.393582000 0 0
1484558197.739377000 5197 0
1484558197.857714000 3248 0
1484558498.248104000 0 0
1484558498.258175000 0 0
1484558508.307457000 0 8775
1484558508.316575000 0 0
1484558508.315736000 0 0
1484558498.253729000 5197 0
1484558498.263489000 3248 0
1484558743.269293000 446 0
1484558798.303255000 0 0
1484558798.316395000 0 0
1484558807.228412000 0 0
1484558807.283221000 0 0
1484558807.286273000 0 0
1484558807.294672000 0 0
1484558808.361889000 0 8775
1484558808.374528000 0 0
1484558808.372817000 0 0
1484558798.309788000 5197 0
1484558798.323189000 3248 0
1484558807.298735000 446 0
1484558889.361009000 0 0
1484558961.624033000 0 0
1484558961.631885000 177420 4313
1484559098.364315000 0 0
1484559098.381735000 0 0
1484559108.414096000 0 8775
1484559108.427662000 0 0
1484559108.426048000 0 0
1484559098.372256000 5197 0
1484559098.389630000 3248 0
1484559253.780482000 0 0
1484559253.788073000 13655 2878
1484559398.423349000 0 0
1484559398.441322000 0 0
1484559408.472767000 0 8775
1484559408.485924000 0 0
1484559408.484299000 0 0
1484559398.431969000 5197 0
1484559398.449182000 3248 0
1484559549.075211000 0 0
1484559549.124062000 0 0
1484559549.129798000 0 0
1484559549.140977000 0 0
1484559549.150910000 558 0
1484558971.508516000 178753 6859
1484559698.485970000 0 0
1484559698.503556000 0 0
1484559708.525438000 0 8775
1484559708.538756000 0 0
1484559708.536957000 0 0
1484559698.494438000 5197 0
1484559698.511633000 3248 0
1484559998.546229000 0 0
1484559998.563084000 0 0
1484559998.554110000 5197 0
1484559998.570573000 3248 0
1484560166.109135000 0 8775
1484560166.121865000 0 0
1484560166.120237000 0 0
1484560192.522553000 0 0
1484560192.527031000 0 0
1484560192.533923000 0 0
1484560192.557382000 0 0
1484560192.561334000 0 0
1484560192.568114000 0 0
1484560192.573341000 0 0
1484560192.578678000 0 0
1484560192.584362000 0 0
1484560192.589984000 0 0
1484560192.602061000 0 0
1484560192.619430000 0 0
1484560192.675872000 0 0
1484560192.679677000 0 0
1484560192.689925000 0 0
1484560192.689807000 0 0
1484560192.693417000 0 0
1484560192.697737000 0 0
1484560211.385329000 0 0
1484560211.389645000 0 0
1484560211.401284000 0 0
1484560211.404326000 0 0
1484560211.410633000 0 0
1484560212.181413000 0 0
1484560212.169089000 0 0
1484560192.543126000 80 0
1484560192.698993000 446 0
1484560192.705648000 398 0
1484560298.677615000 0 0
1484560298.693918000 0 0
1484560298.685512000 5197 0
1484560298.701939000 3248 0
1484560466.154763000 0 8775
1484560466.167814000 0 0
1484560466.165906000 0 0
1484560598.736009000 0 0
1484560598.754016000 0 0
1484560598.745301000 5197 0
1484560598.761768000 3248 0
1484560766.200336000 0 8775
1484560766.215262000 0 0
1484560766.212998000 0 0
1484560898.805116000 0 0
1484560898.822465000 0 0
1484560898.813207000 5197 0
1484560898.830577000 3248 0
1484561198.872361000 0 0
1484561198.889972000 0 0
1484561198.880551000 5197 0
1484561198.897779000 3248 0
1484561300.063688000 0 8776
1484561300.078546000 0 0
1484561300.076238000 0 0
1484561498.931512000 0 0
1484561498.948497000 0 0
1484561498.939166000 5197 0
1484561498.956746000 3248 0
1484561539.434205000 0 0
1484561539.462544000 0 0
1484561539.465882000 0 0
1484561539.474288000 0 0
1484561540.820652000 0 0
1484561541.641023000 0 5430
1484561541.652168000 0 0
1484561541.659490000 0 0
1484561541.662530000 0 0
1484561541.663194000 5430 0
1484561541.664973000 0 0
1484561541.672305000 5430 0
1484561540.830712000 202 0
1484561541.638562000 0 0
1484561541.655487000 404 0
1484561541.699023000 0 5430
1484561541.695205000 0 202
1484561541.717453000 0 0
1484561541.673247000 0 0
1484561541.739108000 0 0
1484561543.722780000 0 0
1484561543.726951000 0 0
1484561543.734724000 0 0
1484561544.668564000 0 0
1484561544.689138000 0 0
1484561544.693762000 0 0
1484561544.711860000 0 0
1484561546.677474000 0 0
1484561546.684955000 0 0
1484561546.687859000 0 0
1484561546.693505000 0 0
1484555043.097025000 0 0
1484561541.712228000 0 0
1484561541.715455000 202 0
1484561539.480983000 446 0
1484561541.671619000 80 0
1484561541.687983000 100 0
1484561541.723204000 117 0
1484561541.727665000 321 0
1484561541.731946000 236 0
1484561541.735917000 245 0
1484561547.709740000 0 0
1484561724.287124000 0 8776
1484561724.299653000 0 0
1484561724.298020000 0 0
1484561799.001040000 0 0
1484561799.017495000 0 0
1484561799.008552000 5197 0
1484561799.025156000 3248 0
1484561955.452285000 0 0
1484561955.457558000 0 0
1484562099.125850000 0 0
1484562099.142726000 0 0
1484562099.133773000 5197 0
1484562099.150593000 3248 0
1484562399.196965000 0 0
1484562399.213420000 0 0
1484562399.204294000 5197 0
1484562399.220944000 3248 0
1484562699.253276000 0 0
1484562699.263451000 0 0
1484562699.259304000 5197 0
1484562699.266621000 3248 0
1484562999.296578000 0 0
1484562999.313244000 0 0
1484562999.304210000 5197 0
1484562999.321143000 3248 0
1484563299.353346000 0 0
1484563299.370111000 0 0
1484563299.361418000 5197 0
1484563299.375358000 3248 0
1484563599.415148000 0 0
1484563599.433443000 0 0
1484563599.423521000 5197 0
1484563599.441984000 3248 0
1484563899.858363000 0 0
1484563899.875777000 0 0
1484563899.866388000 5197 0
1484563899.884409000 3248 0
1484564029.665892000 0 8776
1484564029.678386000 0 0
1484564029.677098000 0 0
1484564199.922459000 0 0
1484564199.939511000 0 0
1484564199.930489000 5197 0
1484564199.945103000 3248 0
1484564201.281714000 0 0
1484564201.333508000 0 0
1484564201.339240000 0 0
1484564201.350430000 0 0
1484564201.359760000 558 0
1484564329.708340000 0 8776
1484564329.720440000 0 0
1484564329.719394000 0 0
1484564499.985639000 0 0
1484564500.004432000 0 0
1484564499.993088000 5197 0
1484564500.011743000 3248 0
1484564592.831310000 446 0
1484564620.252844000 0 0
1484564620.321545000 0 0
1484564620.325293000 0 0
1484564620.334860000 0 0
1484564623.457573000 0 0
1484564624.167489000 0 0
1484564629.766941000 0 8776
1484564629.778453000 0 0
1484564629.777384000 0 0
1484564637.383104000 0 0
1484564620.339674000 446 0
1484564623.468995000 202 0
1484564674.779307000 0 0
1484564674.784778000 0 0
1484564683.991872000 0 0
1484564694.907901000 0 0
1484564694.912606000 0 0
1484564770.085378000 0 0
1484564770.338256000 0 0
1484564793.828947000 0 0
1484564800.052572000 0 0
1484564800.070110000 0 0
1484564800.060635000 5197 0
1484564800.078486000 3248 0
1484564929.818411000 0 8779
1484564929.833224000 0 0
1484564929.830894000 0 0
1484564952.704088000 0 0
1484564952.709112000 0 0
1484564621.958589000 0 0
1484565100.119908000 0 0
1484565100.137037000 0 0
1484565100.127396000 5197 0
1484565100.144962000 3248 0
1484565230.132830000 0 8779
1484565230.155752000 0 0
1484565230.153436000 0 0
1484565400.191205000 0 0
1484565400.209000000 0 0
1484565400.199695000 5197 0
1484565400.217624000 3248 0
1484565427.201009000 446 0
1484565529.907481000 0 8779
1484565529.920344000 0 0
1484565529.918805000 0 0
1484565564.667854000 0 0
1484565681.177646000 0 0
1484565681.181996000 0 0
1484565681.186988000 0 0
1484565681.200195000 0 0
1484565681.204464000 0 0
1484565681.207350000 0 0
1484565681.211330000 0 0
1484565700.633478000 0 0
1484565700.653299000 0 0
1484565703.539090000 0 364
1484565703.553795000 0 0
1484565703.551501000 0 0
1484565700.643037000 5197 0
1484565700.663411000 3248 0
1484565829.967497000 0 8781
1484565829.985308000 0 0
1484565829.983551000 0 0
1484566000.700186000 0 0
1484566000.717801000 0 0
1484566000.708478000 5197 0
1484566000.725900000 3248 0
1484565564.676115000 438993 7849
1484566119.777568000 0 0
1484566119.823600000 0 0
1484566119.828319000 0 0
1484566119.838771000 0 0
1484566128.838229000 0 0
1484566128.843650000 0 0
1484566128.804536000 0 0
1484566129.595853000 0 0
1484566129.619885000 0 0
1484566129.632993000 0 0
1484566129.649353000 0 0
1484566130.008797000 0 8781
1484566130.021882000 0 0
1484566130.020316000 0 0
1484566130.038550000 0 0
1484566130.043764000 0 0
1484566130.049351000 0 0
1484566130.054714000 0 0
1484566130.059897000 0 0
1484566130.065054000 0 0
1484566130.069866000 0 0
1484566130.074451000 0 0
1484566130.078982000 0 0
1484566130.083199000 0 0
1484566130.087774000 0 0
1484566130.092244000 0 0
1484566130.096596000 0 0
1484566130.101025000 0 0
1484566130.105557000 0 0
1484566130.110218000 0 0
1484566130.114448000 0 0
1484566130.118952000 0 0
1484566130.177026000 0 0
1484566130.182802000 0 0
1484566130.188758000 0 0
1484566130.193989000 0 0
1484566130.199153000 0 0
1484566130.204365000 0 0
1484566130.209533000 0 0
1484566130.214940000 0 0
1484566130.220147000 0 0
1484566130.225138000 0 0
1484566130.230095000 0 0
1484566130.234903000 0 0
1484566130.239407000 0 0
1484566130.244237000 0 0
1484566130.248877000 0 0
1484566130.254067000 0 0
1484566131.558553000 0 0
1484566131.564174000 0 0
1484566131.569299000 0 0
1484566131.574628000 0 0
1484566131.579984000 0 0
1484566131.585152000 0 0
1484566131.590493000 0 0
1484566131.595737000 0 0
1484566131.601073000 0 0
1484566131.606716000 0 0
1484566131.612270000 0 0
1484566131.617308000 0 0
1484566131.622622000 0 0
1484566131.627900000 0 0
1484566131.633269000 0 0
1484566131.638622000 0 0
1484566131.643562000 0 0
1484566131.649034000 0 0
1484566131.654505000 0 0
1484566131.659850000 0 0
1484566131.665062000 0 0
1484566131.670626000 0 0
1484566131.676033000 0 0
1484566131.681330000 0 0
1484566131.686586000 0 0
1484566131.691905000 0 0
1484566131.697325000 0 0
1484566131.702839000 0 0
1484566131.708096000 0 0
1484566131.713360000 0 0
1484566131.718675000 0 0
1484566131.723939000 0 0
1484566131.729305000 0 0
1484566131.734791000 0 0
1484566131.739899000 0 0
1484566131.745119000 0 0
1484566133.202992000 0 207415
1484566134.256580000 0 0
1484566134.262318000 0 0
1484566134.273786000 0 0
1484566134.285108000 0 0
1484566134.290383000 0 0
1484566136.232782000 0 0
1484566136.230868000 0 0
1484566128.800607000 446 0
1484566141.850611000 0 0
1484566141.867375000 0 0
1484566141.871746000 0 0
1484566141.876103000 0 0
1484566141.892449000 0 0
1484566141.904528000 0 0
1484566141.901630000 0 0
1484566141.934385000 0 0
1484566141.930875000 0 0
1484566141.946443000 0 0
1484566141.942715000 0 0
1484566141.954797000 0 0
1484566141.958331000 0 0
1484566141.963589000 0 0
1484566141.963591000 0 0
1484566141.960835000 0 0
1484566141.936226000 0 0
1484566142.019369000 0 0
1484566142.006386000 0 0
1484566142.278681000 0 0
1484566142.509079000 0 0
1484566119.847987000 558 0
1484566146.537489000 0 0
1484566146.550305000 0 0
1484566146.565742000 0 0
1484566151.819800000 0 0
1484566151.899297000 0 0
1484566151.904084000 0 0
1484566151.909300000 0 0
1484566152.020278000 0 0
1484566152.024524000 0 0
1484566152.034458000 0 0
1484566152.038442000 0 0
1484566152.042460000 0 0
1484566142.357730000 207415 0
1484566152.049352000 0 0
1484566152.064643000 0 0
1484566152.080109000 0 544
1484566152.089674000 0 0
1484566152.095714000 0 0
1484566152.134920000 0 0
1484566152.129590000 0 0
1484566152.157509000 0 0
1484566152.160977000 0 0
1484566152.165559000 0 0
1484566152.169680000 0 0
1484566152.175465000 0 0
1484566152.389488000 0 0
1484566155.124418000 0 0
1484566155.122731000 0 0
1484566155.743306000 0 0
1484566155.748890000 0 0
1484566155.755595000 0 0
1484566155.760064000 0 0
1484566155.774370000 0 0
1484566155.785515000 0 0
1484566154.454488000 544 0
1484566155.793011000 0 0
1484566152.383216000 0 0
1484566155.812885000 0 0
1484566157.136950000 0 0
1484566157.135180000 0 0
1484566159.149997000 0 0
1484566159.148094000 0 0
1484566151.882023000 129 0
1484566152.387296000 544 0
1484566152.403171000 544 0
1484566152.409125000 544 0
1484566152.424046000 544 0
1484566152.429350000 544 0
1484566152.442750000 544 0
1484566152.461551000 544 0
1484566152.486953000 544 0
1484566152.492717000 544 0
1484566152.503527000 544 0
1484566152.509712000 544 0
1484566152.582552000 544 0
1484566152.596805000 544 0
1484566152.603816000 544 0
1484566152.611465000 544 0
1484566152.628383000 544 0
1484566152.644948000 544 0
1484566152.666581000 544 0
1484566152.691975000 544 0
1484566152.704263000 544 0
1484566152.719835000 544 0
1484566152.727173000 544 0
1484566152.762838000 544 0
1484566152.787984000 544 0
1484566152.795042000 544 0
1484566152.802079000 544 0
1484566152.809113000 544 0
1484566152.815570000 544 0
1484566152.822736000 544 0
1484566152.847042000 544 0
1484566152.854538000 544 0
1484566152.861633000 544 0
1484566152.868951000 544 0
1484566152.882960000 544 0
1484566152.941290000 544 0
1484566152.949460000 544 0
1484566152.970021000 544 0
1484566152.977545000 544 0
1484566152.985111000 544 0
1484566152.992597000 544 0
1484566153.000513000 544 0
1484566153.017984000 544 0
1484566153.025036000 544 0
1484566153.038983000 544 0
1484566153.060767000 544 0
1484566153.077320000 544 0
1484566153.096827000 544 0
1484566153.108867000 544 0
1484566153.133024000 544 0
1484566153.140533000 544 0
1484566153.156262000 544 0
1484566153.163451000 544 0
1484566153.170174000 544 0
1484566153.177225000 544 0
1484566153.194514000 544 0
1484566153.202145000 544 0
1484566153.210189000 544 0
1484566153.223999000 544 0
1484566153.228804000 544 0
1484566153.249576000 544 0
1484566153.267205000 544 0
1484566153.273965000 544 0
1484566153.281685000 544 0
1484566153.288523000 544 0
1484566153.295317000 544 0
1484566153.301687000 544 0
1484566153.325281000 544 0
1484566153.331068000 544 0
1484566153.347426000 544 0
1484566153.355316000 544 0
1484566153.362460000 544 0
1484566153.369325000 544 0
1484566153.384688000 544 0
1484566153.394023000 544 0
1484566153.400994000 544 0
1484566153.407897000 544 0
1484566153.414775000 544 0
1484566153.420673000 544 0
1484566153.426555000 544 0
1484566153.441935000 544 0
1484566153.449216000 544 0
1484566153.463463000 544 0
1484566153.470807000 544 0
1484566153.480255000 544 0
1484566153.487060000 544 0
1484566153.500926000 544 0
1484566153.517102000 544 0
1484566153.523754000 544 0
1484566153.542428000 544 0
1484566153.548840000 544 0
1484566153.555043000 544 0
1484566153.562106000 544 0
1484566153.574486000 544 0
1484566153.581308000 544 0
1484566153.588281000 544 0
1484566153.595889000 544 0
1484566153.602851000 544 0
1484566153.612917000 544 0
1484566153.619674000 544 0
1484566153.626645000 544 0
1484566153.637741000 544 0
1484566153.644449000 544 0
1484566153.652917000 544 0
1484566153.679213000 544 0
1484566153.686671000 544 0
1484566153.693316000 544 0
1484566153.700174000 544 0
1484566153.706600000 544 0
1484566153.712976000 544 0
1484566153.727841000 544 0
1484566153.735160000 544 0
1484566153.742788000 544 0
1484566153.751495000 544 0
1484566153.758526000 544 0
1484566153.765412000 544 0
1484566153.771919000 544 0
1484566153.789815000 544 0
1484566153.796696000 544 0
1484566153.803914000 544 0
1484566153.816403000 544 0
1484566153.836665000 544 0
1484566153.843366000 544 0
1484566153.850321000 544 0
1484566153.856549000 544 0
1484566153.873413000 544 0
1484566153.891194000 544 0
1484566153.897677000 544 0
1484566153.909979000 544 0
1484566153.916314000 544 0
1484566153.928006000 544 0
1484566153.934739000 544 0
1484566153.940300000 544 0
1484566153.963794000 544 0
1484566153.970695000 544 0
1484566153.978078000 544 0
1484566153.985074000 544 0
1484566153.996284000 544 0
1484566154.005323000 544 0
1484566154.011572000 544 0
1484566154.018685000 544 0
1484566154.025601000 544 0
1484566154.033050000 544 0
1484566154.039972000 544 0
1484566154.046591000 544 0
1484566154.062200000 544 0
1484566154.068921000 544 0
1484566154.081958000 544 0
1484566154.096024000 544 0
1484566154.102365000 544 0
1484566154.107998000 544 0
1484566154.113396000 544 0
1484566154.124171000 544 0
1484566154.129832000 544 0
1484566154.135551000 544 0
1484566154.141821000 544 0
1484566154.147989000 544 0
1484566154.154386000 544 0
1484566154.161288000 544 0
1484566154.179026000 544 0
1484566154.185737000 544 0
1484566154.191788000 544 0
1484566154.198382000 544 0
1484566154.203849000 544 0
1484566154.209724000 544 0
1484566154.216523000 544 0
1484566154.230611000 544 0
1484566154.235834000 544 0
1484566154.241650000 544 0
1484566154.260383000 544 0
1484566154.273326000 544 0
1484566154.280119000 544 0
1484566154.288668000 544 0
1484566154.295193000 544 0
1484566154.305420000 544 0
1484566154.312351000 544 0
1484566154.319489000 544 0
1484566154.326293000 544 0
1484566154.331674000 544 0
1484566154.338047000 544 0
1484566154.344150000 544 0
1484566154.350959000 544 0
1484566154.357664000 544 0
1484566154.374679000 544 0
1484566154.381230000 544 0
1484566154.387734000 544 0
1484566154.394131000 544 0
1484566154.400910000 544 0
1484566154.420686000 544 0
1484566154.427535000 544 0
1484566154.433843000 544 0
1484566154.440834000 544 0
1484566154.447823000 544 0
1484566154.461713000 544 0
1484566154.477777000 544 0
1484566154.484196000 544 0
1484566154.490903000 544 0
1484566154.515042000 544 0
1484566154.522705000 544 0
1484566154.530124000 544 0
1484566154.551338000 544 0
1484566154.558755000 544 0
1484566154.566843000 544 0
1484566154.573729000 544 0
1484566154.580159000 544 0
1484566154.588565000 544 0
1484566154.595658000 544 0
1484566154.602834000 544 0
1484566154.658350000 544 0
1484566154.665230000 544 0
1484566154.672132000 544 0
1484566154.679256000 544 0
1484566154.686994000 544 0
1484566154.693371000 544 0
1484566154.700345000 544 0
1484566154.707571000 544 0
1484566154.714063000 544 0
1484566154.721121000 544 0
1484566154.727937000 544 0
1484566154.734411000 544 0
1484566154.749844000 544 0
1484566154.756629000 544 0
1484566154.763358000 544 0
1484566154.781378000 544 0
1484566154.788778000 544 0
1484566154.796583000 544 0
1484566154.803654000 544 0
1484566154.810686000 544 0
1484566154.817870000 544 0
1484566154.826079000 544 0
1484566154.832095000 544 0
1484566154.838114000 544 0
1484566154.849724000 544 0
1484566154.856830000 544 0
1484566154.863859000 544 0
1484566154.945125000 544 0
1484566154.952277000 544 0
1484566154.968465000 544 0
1484566154.986964000 544 0
1484566154.995674000 544 0
1484566155.001813000 544 0
1484566155.017725000 544 0
1484566155.024332000 544 0
1484566155.030677000 544 0
1484566155.049138000 544 0
1484566155.063344000 544 0
1484566155.071370000 544 0
1484566155.085207000 544 0
1484566155.091154000 544 0
1484566155.104251000 544 0
1484566155.110608000 544 0
1484566155.124370000 544 0
1484566155.131999000 544 0
1484566155.137915000 544 0
1484566155.143564000 544 0
1484566155.148981000 544 0
1484566155.164448000 544 0
1484566155.179157000 544 0
1484566155.185095000 544 0
1484566155.190263000 544 0
1484566155.195239000 544 0
1484566155.210896000 544 0
1484566155.216961000 544 0
1484566155.222988000 544 0
1484566155.228491000 544 0
1484566155.234489000 544 0
1484566155.241075000 544 0
1484566155.247515000 544 0
1484566155.253951000 544 0
1484566155.260659000 544 0
1484566155.267741000 544 0
1484566155.274173000 544 0
1484566155.292994000 544 0
1484566155.300561000 544 0
1484566155.306912000 544 0
1484566155.313198000 544 0
1484566155.319743000 544 0
1484566155.592042000 544 0
1484566155.599016000 544 0
1484566155.622994000 544 0
1484566155.635513000 544 0
1484566155.649314000 544 0
1484566155.663779000 544 0
1484566155.670448000 544 0
1484566155.677256000 544 0
1484566155.694996000 544 0
1484566155.716995000 544 0
1484566155.724286000 544 0
1484566300.766573000 0 0
1484566300.783899000 0 0
1484566303.614153000 0 359
1484566303.630365000 0 0
1484566303.628037000 0 0
1484566300.774719000 5197 0
1484566300.793699000 3248 0
1484566430.070202000 0 8781
1484566430.083606000 0 0
1484566430.081824000 0 0
1484566600.830425000 0 0
1484566600.847105000 0 0
1484566600.838154000 5197 0
1484566600.855728000 3248 0
1484566730.114021000 0 8781
1484566730.127804000 0 0
1484566730.126032000 0 0
1484566819.086783000 446 0
1484566900.890722000 0 0
1484566900.908719000 0 0
1484566901.934803000 0 0
1484566901.937630000 0 0
1484566901.942496000 0 0
1484566901.954012000 0 0
1484566901.957123000 0 0
1484566901.963877000 0 0
1484566901.967188000 0 0
1484566901.971186000 0 0
1484566901.975662000 0 0
1484566901.979767000 0 0
1484566902.003825000 0 0
1484566902.013571000 0 0
1484566902.064926000 0 0
1484566902.068632000 0 0
1484566902.079666000 0 0
1484566902.079311000 0 0
1484566902.083827000 0 0
1484566902.088268000 0 0
1484566919.902916000 0 0
1484566919.907446000 0 0
1484566919.918384000 0 0
1484566919.922034000 0 0
1484566919.927502000 0 0
1484566921.245831000 0 0
1484566921.219138000 0 0
1484566900.899877000 5197 0
1484566900.913227000 3248 0
1484566901.950513000 80 0
1484566902.085795000 446 0
1484566902.095388000 398 0
1484567030.155132000 0 8781
1484567030.167138000 0 0
1484567030.165555000 0 0
1484567200.958010000 0 0
1484567200.975772000 0 0
1484567200.966738000 5197 0
1484567200.983187000 3248 0
1484567501.402928000 0 0
1484567501.420658000 0 0
1484567501.411620000 5197 0
1484567501.432544000 3248 0
1484567604.188462000 0 8781
1484567604.199823000 0 0
1484567604.198230000 0 0
1484567657.439305000 0 0
1484567657.445922000 0 0
1484567801.467955000 0 0
1484567801.484755000 0 0
1484567801.476096000 5197 0
1484567801.492836000 3248 0
1484567831.547460000 0 0
1484567831.603818000 0 0
1484567831.607011000 0 0
1484567831.616478000 0 0
1484567831.625781000 446 0
1484567866.741342000 0 0
1484567866.745593000 0 0
1484567866.750289000 0 0
1484567866.758281000 0 0
1484567866.773831000 0 0
1484567866.780483000 0 0
1484567866.855527000 0 0
1484567866.992367000 0 0
1484567866.999302000 0 0
1484567904.256018000 0 8781
1484567904.268058000 0 0
1484567904.266668000 0 0
1484567832.075780000 0 0
1484567932.994775000 0 0
1484567981.518477000 0 0
1484567981.524246000 0 0
1484567981.533389000 0 0
1484567981.550743000 0 0
1484567996.642215000 0 0
1484568001.760998000 0 766
1484568001.773326000 0 0
1484568001.790095000 766 0
1484568001.805845000 766 0
1484567982.083439000 279 0
1484567985.908398000 0 0
1484568001.757879000 0 0
1484568001.776673000 558 0
1484568001.844371000 0 766
1484568001.837200000 0 279
1484568001.859808000 0 0
1484568004.778079000 0 0
1484568004.788213000 0 0
1484568006.790217000 0 0
1484568006.797062000 0 0
1484567981.540902000 398 0
1484567981.567849000 80 0
1484567981.884220000 638 0
1484567981.913576000 84 0
1484567981.961207000 266 0
1484567982.115417000 1427 0
1484567982.140529000 316 0
1484567982.172835000 282 0
1484567982.210329000 214 0
1484567982.232414000 456 0
1484567982.358200000 160 0
1484567982.410429000 154 0
1484567982.425982000 260 0
1484567982.451291000 245 0
1484567982.462236000 227 0
1484567982.486319000 182 0
1484567982.494511000 208 0
1484567982.502561000 186 0
1484568001.863625000 0 0
1484568021.303938000 0 0
1484568037.853971000 0 0
1484568038.213493000 0 0
1484568021.307234000 279 0
1484568037.862408000 202 0
1484568101.535231000 0 0
1484568101.552639000 0 0
1484568101.543541000 5197 0
1484568101.560050000 3248 0
1484568204.297024000 0 8782
1484568204.309292000 0 0
1484568204.307896000 0 0
1484568401.599444000 0 0
1484568401.616631000 0 0
1484568401.607577000 5197 0
1484568401.621978000 3248 0
1484568504.322621000 0 8782
1484568504.334870000 0 0
1484568504.333653000 0 0
1484568501.662493000 446 0
1484568701.655141000 0 0
1484568701.672574000 0 0
1484568701.663580000 5197 0
1484568701.680257000 3248 0
1484568757.555353000 0 0
1484568757.616895000 0 0
1484568757.620609000 0 0
1484568757.630116000 0 0
1484568772.538483000 0 0
1484568772.541716000 0 0
1484568772.546882000 0 0
1484568772.558785000 0 0
1484568772.561310000 0 0
1484568772.565564000 0 0
1484568772.568218000 0 0
1484568772.571927000 0 0
1484568772.575606000 0 0
1484568772.579032000 0 0
1484568772.589734000 0 0
1484568772.681464000 0 0
1484568772.687082000 0 0
1484568772.698331000 0 0
1484568778.651855000 0 0
1484568778.660891000 0 0
1484568778.663721000 0 0
1484568778.667801000 0 0
1484568779.480792000 0 0
1484568779.469087000 0 0
1484568757.635244000 446 0
1484568772.551288000 80 0
1484568772.585724000 236 0
1484568772.708484000 398 0
1484568804.385336000 0 8782
1484568804.399874000 0 0
1484568804.398150000 0 0
1484567933.918566000 0 0
1484569001.721812000 0 0
1484569001.741146000 0 0
1484569001.731354000 5197 0
1484569001.747799000 3248 0
1484569104.432150000 0 8782
1484569104.446622000 0 0
1484569104.444699000 0 0
1484569302.156638000 0 0
1484569302.174164000 0 0
1484569302.165088000 5197 0
1484569302.179824000 3248 0
1484569404.485215000 0 8782
1484569404.500009000 0 0
1484569404.497673000 0 0
1484569602.222732000 0 0
1484569602.240134000 0 0
1484569602.231110000 5197 0
1484569602.248177000 3248 0
1484569704.535375000 0 8782
1484569704.547646000 0 0
1484569704.546029000 0 0
1484569902.290791000 0 0
1484569902.305948000 0 0
1484569893.851492000 446 0
1484569902.298018000 5197 0
1484569902.310994000 3248 0
1484570004.580122000 0 8782
1484570004.593470000 0 0
1484570004.591802000 0 0
1484570202.341813000 0 0
1484570202.359223000 0 0
1484570202.350145000 5197 0
1484570202.367424000 3248 0
1484570235.922738000 0 0
1484570235.925514000 0 0
1484570235.935357000 0 0
1484570235.944520000 446 0
1484555037.302980000 0 0
1484570282.560874000 0 0
1484570235.809713000 0 0
1484570304.638945000 0 8782
1484570304.648260000 0 0
1484570304.646512000 0 0
1484570502.413824000 0 0
1484570502.431240000 0 0
1484570502.421841000 5197 0
1484570502.439469000 3248 0
1484570604.680757000 0 8782
1484570604.692932000 0 0
1484570604.691284000 0 0
1484570802.477271000 0 0
1484570802.494547000 0 0
1484570802.485398000 5197 0
1484570802.499953000 3248 0
1484570928.745180000 0 8782
1484570928.757626000 0 0
1484570928.755976000 0 0
1484571102.917777000 0 0
1484571102.934592000 0 0
1484571112.695219000 0 0
1484571112.698539000 0 0
1484571112.703717000 0 0
1484571112.715557000 0 0
1484571112.718155000 0 0
1484571112.724377000 0 0
1484571112.728412000 0 0
1484571112.732361000 0 0
1484571112.736102000 0 0
1484571112.740581000 0 0
1484571112.747227000 0 0
1484571112.755316000 0 0
1484571112.802371000 0 0
1484571112.803607000 0 0
1484571112.807089000 0 0
1484571112.805084000 0 0
1484571112.819611000 0 0
1484571112.817928000 0 0
1484571123.894583000 0 0
1484571123.900184000 0 0
1484571123.913790000 0 0
1484571123.916860000 0 0
1484571123.922791000 0 0
1484571125.687222000 0 0
1484571125.674585000 0 0
1484571102.925585000 5197 0
1484571102.940241000 3248 0
1484571112.712229000 80 0
1484571112.826077000 446 0
1484571112.830652000 398 0
1484571119.677433000 321 0
1484571266.635968000 0 8782
1484571266.649694000 0 0
1484571266.647911000 0 0
1484571402.982833000 0 0
1484571403.000834000 0 0
1484571402.991577000 5197 0
1484571403.008614000 3248 0
1484567981.557812000 0 0
1484570285.606492000 0 0
1484571447.736574000 0 0
1484571447.743352000 0 0
1484571447.746697000 0 0
1484571447.751280000 0 0
1484571447.755903000 0 0
1484571447.760714000 0 0
1484571447.765889000 0 0
1484571447.770718000 0 0
1484571447.740344000 0 0
1484555035.782900000 0 0
1484571447.687716000 0 0
1484555037.501959000 0 0
1484571447.689822000 0 0
1484571447.746609000 266 0
1484571447.753462000 279 0
1484571447.758994000 1427 0
1484571447.765256000 208 0
1484571447.770311000 316 0
1484571447.776030000 282 0
1484571447.781019000 100 0
1484571447.785401000 202 0
1484571447.789610000 117 0
1484571447.793842000 321 0
1484571447.798452000 236 0
1484571447.803243000 245 0
1484571447.833983000 134 0
1484571447.839445000 134 0
1484571447.868897000 134 0
1484571447.874860000 144 0
1484571447.897180000 134 0
1484571447.917769000 134 0
1484571447.923155000 134 0
1484571447.927177000 214 0
1484571447.931000000 456 0
1484571447.935466000 160 0
1484571447.939723000 154 0
1484571447.943726000 260 0
1484571447.959045000 133 0
1484571447.964365000 133 0
1484571447.987218000 134 0
1484571448.005777000 133 0
1484571448.011880000 133 0
1484571448.017136000 245 0
1484571448.022973000 227 0
1484571448.028870000 307 0
1484571448.050060000 200 0
1484571448.056518000 4359 0
1484571448.065919000 2800 0
1484571448.249500000 206 0
1484571448.265506000 441 0
1484571448.284483000 254 0
1484571448.291269000 268 0
1484571448.446997000 208 0
1484571448.458128000 183 0
1484571448.472406000 233 0
1484571448.483816000 228 0
1484571448.491053000 186 0
1484571448.498740000 182 0
1484571448.522334000 300 0
1484571448.541321000 226 0
1484571448.549470000 302 0
1484571566.679577000 0 8782
1484571566.691334000 0 0
1484571566.689650000 0 0
1484571703.053900000 0 0
1484571703.071477000 0 0
1484571703.062375000 5197 0
1484571703.076765000 3248 0
1484571774.740898000 0 0
1484571774.743835000 0 0
1484571774.752461000 0 0
1484571774.763722000 0 0
1484571774.771988000 0 0
1484571774.976991000 0 0
1484571775.037175000 0 0
1484571775.050334000 0 0
1484571775.068016000 0 0
1484571775.070862000 0 0
1484571775.075666000 0 0
1484571775.078341000 0 0
1484571775.081290000 0 0
1484571775.084095000 0 0
1484571775.086751000 0 0
1484571775.094440000 0 0
1484571775.178707000 0 0
1484571775.181921000 0 0
1484571785.052118000 0 0
1484571785.059376000 0 0
1484571785.067654000 0 0
1484571774.639094000 1397 0
1484571774.651486000 0 0
1484571774.676179000 0 0
1484571775.045246000 398 0
1484571774.760370000 446 0
1484571775.056941000 80 0
1484571775.091675000 236 0
1484571775.103041000 100 0
1484571775.109337000 202 0
1484571775.114274000 321 0
1484571775.118138000 245 0
1484571775.122389000 117 0
1484571809.850475000 0 0
1484571815.224744000 0 0
1484571818.640732000 0 0
1484571831.677609000 0 0
1484571832.767731000 0 0
1484571836.337875000 0 0
1484571865.107802000 0 0
1484571865.115166000 0 0
1484571865.125283000 0 0
1484571866.727715000 0 8782
1484571866.742815000 0 0
1484571866.740441000 0 0
1484571865.130212000 446 0
1484571855.423031000 0 0
1484571775.041963000 0 0
1484572003.117129000 0 0
1484572003.127462000 0 0
1484572003.122012000 5197 0
1484572003.132612000 3248 0
1484571917.509911000 0 0
1484572071.382630000 0 0
1484572166.765241000 0 8782
1484572166.778908000 0 0
1484572166.777304000 0 0
1484572075.733563000 0 0
1484572261.360614000 0 0
1484572303.161960000 0 0
1484572303.173697000 0 0
1484572262.032036000 0 0
1484572303.168496000 5197 0
1484572303.179608000 3248 0
1484572370.776594000 0 0
1484572466.791235000 0 8782
1484572466.801392000 0 0
1484572466.799936000 0 0
1484572603.216634000 0 0
1484572603.234535000 0 0
1484572626.270028000 0 0
1484572626.273204000 0 0
1484572626.281442000 0 0
1484572603.225022000 5197 0
1484572603.241953000 3248 0
1484572629.248964000 0 0
1484572629.301132000 0 0
1484572629.305743000 0 0
1484572629.311111000 0 0
1484572629.321900000 0 0
1484572629.335149000 0 0
1484572630.476959000 0 5430
1484572630.488889000 0 0
1484572630.498770000 0 0
1484572630.502142000 0 0
1484572630.502273000 5430 0
1484572630.508126000 0 0
1484572630.514239000 5430 0
1484572629.260353000 202 0
1484572630.473917000 0 0
1484572630.493123000 404 0
1484572630.538220000 0 5430
1484572630.533107000 0 202
1484572630.557944000 0 0
1484572632.569079000 0 0
1484572632.574706000 0 0
1484572632.617225000 0 0
1484572633.486652000 0 0
1484572633.503116000 0 0
1484572633.507174000 0 0
1484572633.520415000 0 0
1484572635.483537000 0 0
1484572635.497460000 0 0
1484572635.501495000 0 0
1484572635.519516000 0 0
1484572305.579084000 0 0
1484572630.554924000 0 0
1484572632.587088000 202 0
1484572626.288008000 446 0
1484572629.318541000 398 0
1484572629.330795000 80 0
1484572632.580726000 100 0
1484572632.593858000 117 0
1484572632.599806000 321 0
1484572632.605876000 236 0
1484572632.612206000 245 0
1484572635.756236000 0 0
1484572626.161870000 0 0
1484572662.845619000 0 0
1484572766.829318000 0 8782
1484572766.843630000 0 0
1484572766.842644000 0 0
1484572903.635456000 0 0
1484572903.648419000 0 0
1484572903.641620000 5197 0
1484572903.655372000 3248 0
1484572951.762354000 0 0
1484572763.134057000 0 0
1484571774.974341000 0 0
1484573019.601281000 0 0
1484573019.636708000 0 0
1484573019.660541000 0 0
1484573019.662250000 0 0
1484573019.720230000 0 0
1484573019.724284000 0 0
1484573019.727802000 0 0
1484573019.731400000 0 0
1484573019.734823000 0 0
1484573019.604045000 0 0
1484573019.721574000 0 0
1484573019.585674000 0 0
1484571775.107763000 0 0
1484573019.586590000 0 0
1484573023.502874000 0 0
1484573023.507006000 0 0
1484573023.516578000 0 0
1484573023.526770000 0 0
1484573023.536414000 0 0
1484573023.614448000 0 0
1484573023.628083000 0 0
1484573023.637675000 0 0
1484573023.641416000 0 0
1484573023.646738000 0 0
1484573023.721773000 0 0
1484573023.724753000 0 0
1484573033.611292000 0 0
1484573033.618734000 0 0
1484573033.627202000 0 0
1484573023.391942000 1397 0
1484573023.403717000 0 0
1484573023.427066000 0 0
1484573019.609352000 266 0
1484573019.615463000 279 0
1484573019.621127000 1427 0
1484573019.625718000 208 0
1484573019.630010000 316 0
1484573019.634567000 282 0
1484573019.666408000 134 0
1484573019.671558000 134 0
1484573019.676682000 134 0
1484573019.681225000 144 0
1484573019.686435000 134 0
1484573019.691023000 134 0
1484573019.695797000 134 0
1484573019.701230000 214 0
1484573019.705653000 456 0
1484573019.710086000 160 0
1484573019.714212000 154 0
1484573019.718392000 260 0
1484573019.726242000 133 0
1484573019.731242000 133 0
1484573019.736334000 134 0
1484573019.741038000 133 0
1484573019.745626000 133 0
1484573019.750772000 245 0
1484573019.755363000 227 0
1484573019.759890000 307 0
1484573019.764073000 200 0
1484573019.768943000 4359 0
1484573019.774809000 2800 0
1484573019.779315000 206 0
1484573019.784165000 441 0
1484573019.788297000 254 0
1484573019.792643000 268 0
1484573019.796978000 208 0
1484573019.801168000 183 0
1484573019.805453000 233 0
1484573019.809200000 228 0
1484573019.813492000 186 0
1484573019.817434000 182 0
1484573019.822388000 300 0
1484573019.827175000 226 0
1484573019.831527000 302 0
1484573023.623013000 398 0
1484573023.523883000 446 0
1484573023.633342000 80 0
1484573019.652220000 236 0
1484573019.638106000 100 0
1484573019.642934000 202 0
1484573019.649838000 321 0
1484573019.645094000 117 0
1484573019.657282000 245 0
1484573066.859044000 0 8782
1484573066.870097000 0 0
1484573066.869164000 0 0
1484573083.473115000 0 0
1484573083.477596000 0 0
1484573083.540012000 0 0
1484573083.542610000 0 0
1484573083.545288000 0 0
1484573083.548332000 0 0
1484573083.550979000 0 0
1484573083.553667000 0 0
1484573083.556443000 0 0
1484573083.559772000 0 0
1484573084.488989000 0 0
1484573084.987207000 0 0
1484573083.512683000 0 0
1484573203.699887000 0 0
1484573203.717923000 0 0
1484573203.708317000 5197 0
1484573203.723480000 3248 0
1484573366.914060000 0 8782
1484573366.926733000 0 0
1484573366.925157000 0 0
1484573503.765787000 0 0
1484573503.774335000 0 0
1484573493.934324000 446 0
1484573503.769867000 5197 0
1484573503.778232000 3248 0
1484573659.473376000 0 0
1484573659.503907000 0 0
1484573659.507610000 0 0
1484573659.516781000 0 0
1484573659.543651000 0 0
1484573659.547176000 0 0
1484573659.582012000 0 0
1484573659.585015000 0 0
1484573659.589500000 0 0
1484573659.592682000 0 0
1484573659.595320000 0 0
1484573659.598062000 0 0
1484573659.601419000 0 0
1484573659.605359000 0 0
1484573659.952203000 0 0
1484573660.152459000 0 0
1484573666.968212000 0 8782
1484573666.980158000 0 0
1484573666.978361000 0 0
1484573659.524890000 446 0
1484573659.553598000 80 0
1484573659.554243000 0 0
1484573758.284599000 446 0
1484573803.816896000 0 0
1484573803.831722000 0 0
1484573803.822478000 5197 0
1484573803.839109000 3248 0
1484573899.644594000 0 0
1484573899.650693000 0 0
1484573967.017890000 0 8782
1484573967.028806000 0 0
1484573967.027369000 0 0
1484573023.598291000 0 0
1484573023.580457000 0 0
1484574067.583875000 0 0
1484574067.589720000 0 0
1484574067.592386000 0 0
1484574067.595955000 0 0
1484574067.599350000 0 0
1484574067.602762000 0 0
1484574067.605844000 0 0
1484574067.609055000 0 0
1484574067.568879000 0 0
1484574067.587266000 0 0
1484574067.569857000 0 0
1484573023.670998000 0 0
1484574076.625200000 0 0
1484574076.636876000 0 0
1484574076.642067000 0 576
1484574076.649644000 0 0
1484574076.652942000 0 0
1484574076.655695000 0 0
1484574076.629350000 0 0
1484574076.658676000 0 0
1484574076.751803000 0 85
1484574076.759768000 0 0
1484574076.792993000 0 109
1484574076.801630000 0 0
1484574076.838648000 0 144
1484574076.846485000 0 0
1484574076.853276000 0 0
1484554902.945150000 0 4096
1484574076.855665000 0 0
1484574076.861481000 0 0
1484574076.865749000 0 0
1484574076.866215000 0 0
1484554902.941313000 0 0
1484574076.871768000 0 0
1484574076.873313000 0 0
1484574076.877291000 0 0
1484574076.870243000 0 232
1484574076.896208000 0 0
1484574076.900921000 0 0
1484574076.858823000 0 0
1484574076.905334000 0 0
1484554897.517199000 19602 243488
1484554902.400299000 336776 80180
1484574076.924185000 0 19582
1484574077.628382000 0 319
1484574077.634773000 0 175
1484574077.645018000 0 0
1484574077.664348000 0 204
1484574077.675719000 0 0
1484574077.682415000 0 0
1484554904.288084000 0 32768
1484574077.692107000 0 0
1484554904.281638000 57448 98520
1484574077.702567000 0 0
1484574077.706766000 0 0
1484574077.718370000 0 0
1484554904.313726000 0 4096
1484574077.727459000 0 0
1484574077.734718000 0 0
1484554904.307714000 0 0
1484574077.744273000 0 0
1484574077.750867000 0 0
1484574077.774591000 0 0
1484574077.780607000 0 33606
1484574077.817977000 0 0
1484574077.824235000 0 0
1484574077.757815000 0 0
1484574077.829762000 0 0
1484574077.910435000 0 0
1484554903.078967000 61339 4165
1484554954.494125000 69835 4087
1484555130.408089000 0 0
1484554878.336544000 0 0
1484554904.328981000 0 0
