1484558901.653846000 0 0
1484558901.659534000 0 0
1484558901.665460000 0 0
1484558901.670817000 0 0
1484558901.675756000 0 0
1484558904.133252000 282 0
1484558905.320507000 0 0
1484558905.324441000 0 0
1484558905.333186000 0 0
1484558907.644504000 0 0
1484558907.647389000 0 0
1484558907.654735000 0 0
1484558907.657440000 0 0
1484558907.664695000 0 0
1484558907.667216000 0 0
1484558907.711708000 0 0
1484558907.764187000 0 0
1484558907.768257000 0 0
1484558907.730564000 0 0
1484558907.794604000 0 0
1484558907.796837000 0 0
1484558907.799434000 0 0
1484558907.802003000 0 0
1484558904.498060000 111 0
1484558907.678447000 402 0
1484558907.766572000 1464 0
1484558907.783757000 402 0
1484558907.813755000 504 0
1484558905.266557000 282 0
1484558907.746213000 1828 0
1484558908.226775000 0 0
1484558908.229418000 0 0
1484558908.235352000 0 0
1484558908.270006000 0 0
1484558908.272464000 0 0
1484558908.274912000 0 0
1484558908.291139000 0 0
1484558908.293927000 0 0
1484558908.296386000 0 0
1484558908.315613000 0 0
1484558908.318199000 0 0
1484558908.320887000 0 0
1484558908.424323000 0 0
1484558908.435144000 0 0
1484558908.444889000 0 0
1484558908.808676000 0 0
1484558908.814973000 0 0
1484558908.818520000 0 0
1484558908.233302000 402 0
1484558908.237960000 504 0
1484558908.079791000 282 0
1484559088.272250000 0 0
1484559088.276017000 0 0
1484559088.284125000 0 0
1484559088.293048000 0 0
1484559088.323548000 0 0
1484559089.510876000 0 0
1484559089.664948000 0 0
1484559089.668532000 0 0
1484559089.680361000 0 0
1484559089.686926000 0 0
1484559089.703363000 0 0
1484559089.717810000 0 0
1484559089.720664000 0 0
1484559089.726368000 0 0
1484559089.729106000 0 0
1484559089.735070000 0 0
1484559089.811242000 0 0
1484559089.841684000 0 0
1484559089.864539000 0 0
1484559089.898359000 0 0
1484559089.973727000 0 0
1484559089.976277000 0 0
1484559089.978909000 0 0
1484559089.981948000 0 0
1484559089.984277000 0 0
1484559090.006138000 0 0
1484559090.151453000 0 0
1484559090.157372000 0 0
1484559090.904000000 0 0
1484559090.909790000 0 0
1484559091.276615000 0 0
1484559092.984991000 0 0
1484559093.015468000 0 0
1484559093.470430000 0 0
1484559093.708605000 0 0
1484559093.744558000 0 0
1484559093.749348000 0 18830
1484559093.930890000 0 0
1484559093.933912000 0 0
1484559093.732515000 18830 0
1484559093.738715000 0 0
1484559093.936837000 0 0
1484559094.579175000 0 0
1484559094.766553000 0 0
1484559094.916958000 0 0
1484559094.966900000 0 0
1484559095.231996000 0 0
1484559096.107433000 0 0
1484559096.480145000 0 0
1484559096.483965000 0 0
1484559096.949448000 0 0
1484559096.958017000 0 0
1484559096.962643000 0 0
1484559096.990000000 0 0
1484559096.961228000 0 0
1484559096.995935000 0 0
1484559097.003568000 0 0
1484559097.008051000 0 0
1484559097.013356000 0 0
1484559097.018117000 0 0
1484559097.023416000 0 0
1484559097.000984000 0 0
1484559097.031998000 0 0
1484559097.037591000 0 0
1484559097.125167000 0 0
1484559097.144630000 0 0
1484559097.147794000 0 0
1484559097.151251000 0 0
1484559097.154756000 0 0
1484559097.157705000 0 0
1484559097.577194000 0 0
1484559097.745205000 0 0
1484559097.890726000 0 0
1484559097.907114000 0 0
1484559097.954151000 7168 0
1484559097.974512000 0 0
1484559098.289499000 0 0
1484559098.293704000 0 2
1484559098.302802000 0 0
1484559098.306105000 0 0
1484559097.914350000 2 0
1484559098.278751000 0 0
1484559098.309094000 0 0
1484559098.544811000 0 53
1484559094.583214000 204 0
1484559098.553640000 0 0
1484559099.148394000 0 0
1484559099.165207000 0 0
1484559088.012234000 1464 0
1484559088.058745000 0 0
1484559088.090240000 0 0
1484559101.299355000 0 0
1484559101.335280000 0 0
1484559101.339836000 0 0
1484559101.348987000 0 0
1484559101.374978000 0 0
1484559103.126163000 0 0
1484559103.121115000 0 0
1484559105.476156000 0 0
1484559092.991151000 0 0
1484559105.479629000 0 0
1484559106.637580000 0 0
1484559106.722341000 0 0
1484559106.726141000 0 0
1484559106.748327000 0 0
1484559089.685118000 10 0
1484559089.698615000 10 0
1484559089.715407000 122 0
1484559089.756791000 208 0
1484559089.858637000 22763 0
1484559089.875551000 4431 0
1484559089.914176000 16384 0
1484559089.973432000 319 0
1484559091.022542000 337 0
1484559093.006517000 8120 0
1484559093.118460000 8374 0
1484559093.497978000 208620 0
1484559094.591298000 3072 0
1484559094.952012000 105780 0
1484559095.069199000 8 0
1484559095.334308000 504 0
1484559095.601763000 7636 0
1484559096.124481000 6242 0
1484559096.954698000 485 0
1484559097.122561000 185 0
1484559097.582669000 459 0
1484559097.760070000 27 0
1484559098.575961000 9188 0
1484559096.155277000 25 0
1484559098.612367000 9833 0
1484559098.632530000 55 0
1484559126.954638000 0 6242
1484559126.965876000 0 0
1484559088.290755000 282 0
1484559138.575126000 0 0
1484559138.579164000 0 0
1484559138.588236000 0 0
1484559138.596315000 0 0
1484559138.625178000 0 0
1484559138.628630000 0 0
1484559138.632015000 0 0
1484559138.645065000 0 0
1484559138.648349000 0 0
1484559138.660325000 0 0
1484559138.663576000 0 0
1484559138.685899000 0 0
1484559138.689404000 0 0
1484559148.249486000 0 0
1484559148.260819000 0 0
1484559148.271722000 0 0
1484559148.278618000 0 0
1484559148.304535000 0 66
1484559148.295705000 66 0
1484559148.312687000 0 0
1484559151.408329000 0 0
1484559151.453610000 0 0
1484559151.468735000 0 0
1484559151.474006000 0 137
1484559151.482964000 0 0
1484559151.447746000 137 0
1484559151.482076000 0 0
1484559151.493067000 0 0
1484559151.509639000 0 6860
1484559151.519028000 0 0
1484559151.517957000 0 0
1484559138.520076000 282 0
1484559138.593398000 402 0
1484559138.615669000 504 0
1484559138.635844000 504 0
1484559138.666814000 402 0
1484559170.942439000 0 0
1484559170.948511000 0 0
1484559170.958721000 0 0
1484559170.967702000 0 0
1484559170.986056000 0 0
1484559170.990245000 0 0
1484559170.994772000 0 0
1484559171.011280000 0 0
1484559171.015564000 0 0
1484559171.033439000 0 0
1484559171.037349000 0 0
1484559171.057037000 0 0
1484559171.061038000 0 0
1484559173.954017000 0 0
1484559173.957155000 0 0
1484559176.430178000 0 0
1484559176.433008000 0 0
1484559176.436360000 0 0
1484559176.443731000 0 0
1484559176.446196000 0 0
1484559176.449317000 0 0
1484559176.451816000 0 0
1484559176.459874000 0 0
1484559176.462227000 0 0
1484559176.464676000 0 0
1484559176.472152000 0 0
1484559176.474558000 0 0
1484559176.484403000 0 0
1484559176.486822000 0 0
1484559176.489319000 0 0
1484559176.496156000 0 0
1484559176.498567000 0 0
1484559151.539482000 51 0
1484559171.019406000 282 0
1484559170.999295000 504 0
1484559170.964241000 402 0
1484559170.973342000 504 0
1484559171.041392000 402 0
1484559219.412583000 0 0
1484559334.306859000 0 7636
1484559334.319881000 0 0
1484559334.317947000 0 0
1484559344.686262000 0 0
1484559345.053219000 0 0
1484559345.272282000 0 0
1484559345.292886000 0 0
1484559345.633320000 0 0
1484559345.636567000 0 0
1484559345.658435000 0 0
1484559345.695703000 0 0
1484559345.699261000 0 0
1484559346.062580000 0 0
1484559346.065888000 0 0
1484559346.074137000 0 0
1484559355.272254000 0 0
1484559355.277857000 0 0
1484559355.283163000 0 0
1484559345.285504000 402 0
1484559345.287998000 282 0
1484559345.308946000 80 0
1484559345.677183000 226 0
1484559345.871389000 123 0
1484559345.908064000 176 0
1484559372.891555000 0 0
1484559372.895255000 0 0
1484559372.902894000 0 0
1484559372.905359000 0 0
1484559372.908539000 0 0
1484559382.898388000 0 0
1484559382.903118000 0 0
1484559382.907768000 0 0
1484559382.911871000 0 0
1484559394.902598000 0 0
1484559394.925815000 87403 1483
1484559394.958531000 0 0
1484559394.980580000 0 0
1484559394.998094000 325655 2173
1484559397.601005000 0 459
1484559397.614152000 0 0
1484559397.612653000 0 0
1484559399.156540000 0 319
1484559394.970158000 6942 0
1484559455.862676000 0 208787
1484559455.889850000 0 0
1484559455.889039000 0 0
1484559469.168702000 0 0
1484559469.172195000 0 0
1484559469.177618000 0 0
1484559469.180470000 0 0
1484559469.184070000 0 0
1484559469.188007000 0 0
1484559469.191103000 0 0
1484559479.173896000 0 0
1484559479.178093000 0 0
1484559479.181011000 0 0
1484559469.176948000 80 0
1484559519.273450000 0 0
1484559519.278725000 0 0
1484559519.291588000 0 0
1484559519.294170000 0 0
1484559519.298852000 0 0
1484559529.285802000 0 0
1484559529.292104000 0 0
1484559529.295392000 0 0
1484559533.625997000 0 0
1484559529.290181000 80 0
1484559559.684667000 0 0
1484559559.688312000 0 0
1484559559.715312000 0 0
1484559559.718250000 0 0
1484559559.722042000 0 0
1484559559.725433000 0 0
1484559559.728054000 0 0
1484559559.795719000 0 0
1484559559.802421000 0 0
1484559559.804982000 0 0
1484559559.808361000 0 0
1484559560.634366000 0 0
1484559560.664667000 0 0
1484559560.657388000 0 0
1484559565.644223000 0 0
1484559565.649497000 0 0
1484559565.660175000 0 0
1484559565.669734000 0 0
1484559565.674171000 0 0
1484559565.683265000 0 0
1484559565.687112000 0 0
1484559565.695155000 0 0
1484559565.698902000 0 0
1484559565.704492000 0 0
1484559565.714153000 0 0
1484559565.724463000 0 0
1484559565.736036000 0 0
1484559565.747614000 0 0
1484559565.758875000 0 0
1484559565.762482000 0 0
1484559565.765920000 0 0
1484559565.770409000 0 0
1484559565.775689000 0 0
1484559565.780506000 0 0
1484559565.785877000 0 0
1484559565.791705000 0 0
1484559565.794949000 0 0
1484559565.800035000 0 0
1484559565.804068000 0 0
1484559565.808728000 0 0
1484559569.773623000 0 0
1484559569.779520000 0 0
1484559569.786521000 0 0
1484559565.820062000 0 0
1484559600.569176000 0 0
1484559613.772224000 0 0
1484559613.823097000 0 0
1484559613.826865000 0 0
1484559613.835565000 0 0
1484559613.923055000 0 0
1484559613.926232000 0 0
1484559615.332628000 0 0
1484559615.337321000 0 0
1484559615.348875000 0 0
1484559615.351716000 0 0
1484559615.357237000 0 0
1484559625.347831000 0 0
1484559625.355732000 0 0
1484559625.363886000 0 0
1484559613.839663000 402 0
1484559592.346008000 564 0
1484559615.341447000 80 0
1484559559.687944000 0 0
1484559675.422292000 0 0
1484559676.181471000 0 0
1484559676.183213000 0 0
1484559676.187953000 0 0
1484559676.186373000 0 0
1484559676.199731000 0 0
1484559676.197840000 0 0
1484559695.484516000 0 0
1484559695.496772000 0 0
1484559676.204407000 282 0
1484559710.370466000 0 0
1484559710.374605000 0 0
1484559710.381470000 0 0
1484559710.384037000 0 0
1484559710.388429000 0 0
1484559710.392591000 0 0
1484559710.395222000 0 0
1484559720.381049000 0 0
1484559720.383813000 0 0
1484559720.388099000 0 0
1484559720.392809000 0 0
1484559695.488767000 6942 0
1484559710.378705000 80 0
1484559751.607181000 0 7989
1484559751.620710000 0 0
1484559751.618745000 0 0
1484559944.192761000 0 0
1484559944.229691000 0 0
1484559944.252460000 0 0
1484559944.258190000 0 22705
1484559944.281404000 0 0
1484559944.288616000 0 0
1484559944.294319000 0 0
1484559944.236157000 0 0
1484559944.299227000 0 0
1484559944.366075000 0 0
1484559944.391792000 0 0
1484559996.457720000 0 0
1484559996.464450000 6942 0
1484560184.176466000 0 8289
1484560184.189767000 0 0
1484560184.187834000 0 0
1484560296.492583000 0 0
1484560296.497795000 6942 0
1484560493.920656000 0 0
1484560571.188861000 0 0
1484560571.193498000 0 0
1484560571.203561000 0 0
1484560571.214978000 0 0
1484560571.232214000 0 0
1484560571.235602000 0 0
1484560571.239233000 0 0
1484560571.242813000 0 0
1484560571.259987000 0 0
1484560571.263649000 0 0
1484560571.282112000 0 0
1484560571.285652000 0 0
1484560571.289343000 0 0
1484560571.309109000 0 0
1484560571.313115000 0 0
1484560573.444721000 0 158670
1484560573.469075000 0 0
1484560571.074452000 158080 0
1484560573.467939000 0 0
1484560569.311309000 0 0
1484560571.211581000 402 0
1484560571.221719000 504 0
1484560571.248747000 504 0
1484560571.269816000 282 0
1484560571.295511000 402 0
1484560596.522462000 0 0
1484560604.917757000 0 0
1484560604.920773000 0 0
1484560604.929461000 0 0
1484560591.722361000 0 0
1484560619.999648000 0 0
1484560620.025017000 0 0
1484560620.018229000 0 0
1484560596.531072000 6942 0
1484560624.733843000 0 8290
1484560624.745556000 0 0
1484560624.744312000 0 0
1484560604.936524000 282 0
1484560637.497946000 0 0
1484560637.502542000 0 0
1484560637.509475000 0 0
1484560651.702823000 282 0
1484560896.547418000 0 0
1484560896.555282000 6942 0
1484560924.759028000 0 8290
1484560924.769485000 0 0
1484560924.768401000 0 0
1484559097.141431000 1680 3490
1484561196.575982000 0 0
1484561196.580696000 6942 0
1484561224.800562000 0 8290
1484561224.812511000 0 0
1484561224.811326000 0 0
1484561228.856155000 0 0
1484561228.870273000 0 0
1484561228.875209000 0 0
1484561242.834001000 0 0
1484560604.795693000 0 0
1484561228.864712000 1756 9914
1484561325.117714000 0 0
1484561374.815372000 0 0
1484561451.433122000 0 0
1484561451.436105000 0 0
1484561451.442166000 0 0
1484561451.451408000 0 0
1484561451.454016000 0 0
1484561451.460375000 0 0
1484561451.465330000 0 0
1484561451.468387000 0 0
1484561451.520447000 0 0
1484561451.520132000 0 0
1484561451.524757000 0 0
1484561451.523581000 0 0
1484561451.533172000 0 0
1484561451.535029000 0 0
1484561461.442477000 0 0
1484561461.448950000 0 0
1484561461.456196000 0 0
1484561451.449976000 80 0
1484561451.538097000 282 0
1484561451.542243000 402 0
1484561496.597299000 0 0
1484561496.602436000 6942 0
1484561524.838598000 0 8290
1484561524.851374000 0 0
1484561524.849669000 0 0
1484561533.439918000 0 0
1484561533.443777000 0 0
1484561533.472843000 0 0
1484561533.475472000 0 0
1484561533.479609000 0 0
1484561533.482874000 0 0
1484561533.485430000 0 0
1484561533.536237000 0 0
1484561533.541844000 0 0
1484561533.544499000 0 0
1484561533.547865000 0 0
1484561534.154425000 0 0
1484561534.177131000 0 0
1484561534.169869000 0 0
1484561536.992252000 0 0
1484561537.039731000 0 0
1484561537.078101000 0 0
1484561537.103190000 0 0
1484561537.109734000 0 0
1484561537.125498000 0 0
1484561537.129804000 0 0
1484561537.137982000 0 0
1484561537.141386000 0 0
1484561537.146921000 0 0
1484561537.156837000 0 0
1484561537.167630000 0 0
1484561537.179050000 0 0
1484561537.191598000 0 0
1484561537.203209000 0 0
1484561537.206548000 0 0
1484561537.211321000 0 0
1484561537.215887000 0 0
1484561537.221900000 0 0
1484561537.226762000 0 0
1484561537.231980000 0 0
1484561537.238597000 0 0
1484561537.241813000 0 0
1484561537.246851000 0 0
1484561537.251266000 0 0
1484561537.255854000 0 0
1484561543.531522000 0 0
1484561543.537776000 0 0
1484561543.544816000 0 0
1484561537.266489000 0 0
1484561533.447839000 80 0
1484561565.759111000 282 0
1484561545.540126000 0 0
1484561627.309416000 0 0
1484561627.314826000 0 0
1484561627.325078000 0 0
1484561627.337438000 0 0
1484561627.354216000 0 0
1484561627.357438000 0 0
1484561627.360750000 0 0
1484561627.364274000 0 0
1484561627.379565000 0 0
1484561627.382922000 0 0
1484561627.396281000 0 0
1484561627.399551000 0 0
1484561627.402957000 0 0
1484561627.417929000 0 0
1484561627.421553000 0 0
1484561628.807144000 0 159183
1484561628.830830000 0 0
1484561628.829596000 0 0
1484561627.333777000 402 0
1484561627.345014000 504 0
1484561627.370088000 504 0
1484561627.386282000 282 0
1484561627.406362000 402 0
1484561344.916123000 0 14112
1484561533.442989000 0 0
1484561654.429426000 0 0
1484561680.895080000 0 0
1484561680.917137000 0 0
1484561680.910826000 0 0
1484561684.772842000 0 0
1484561684.778314000 0 0
1484561684.788636000 0 0
1484561684.798050000 0 0
1484561684.802361000 0 0
1484561684.811992000 0 0
1484561684.815740000 0 0
1484561684.823534000 0 0
1484561684.827276000 0 0
1484561684.832633000 0 0
1484561684.842678000 0 0
1484561684.853577000 0 0
1484561684.866869000 0 0
1484561684.878254000 0 0
1484561684.889122000 0 0
1484561684.892633000 0 0
1484561684.895847000 0 0
1484561684.899959000 0 0
1484561684.905372000 0 0
1484561684.911180000 0 0
1484561684.917464000 0 0
1484561684.923244000 0 0
1484561684.927014000 0 0
1484561684.933415000 0 0
1484561684.938062000 0 0
1484561684.942762000 0 0
1484561712.539883000 282 0
1484561796.622880000 0 0
1484561796.627816000 6942 0
1484561824.856434000 0 8290
1484561824.868394000 0 0
1484561824.867173000 0 0
1484561674.264011000 0 0
1484562096.654079000 0 0
1484562096.658739000 6942 0
1484562124.894372000 0 8290
1484562124.907303000 0 0
1484562124.905335000 0 0
1484561658.709624000 0 4639
1484562396.679510000 0 0
1484562396.686836000 6942 0
1484562696.702552000 0 0
1484562696.709377000 6942 0
1484562996.735206000 0 0
1484562996.742379000 6942 0
1484563046.338298000 0 8290
1484563046.348147000 0 0
1484563046.347249000 0 0
1484563248.599623000 0 0
1484563248.606091000 0 0
1484563248.616481000 0 0
1484563248.628940000 0 0
1484563248.649002000 0 0
1484563248.652845000 0 0
1484563248.656856000 0 0
1484563248.660802000 0 0
1484563248.686107000 0 0
1484563248.689732000 0 0
1484563248.707593000 0 0
1484563248.710855000 0 0
1484563248.714072000 0 0
1484563248.728675000 0 0
1484563248.731543000 0 0
1484563251.149712000 0 0
1484563251.152218000 0 0
1484563252.071936000 0 0
1484563252.074743000 0 0
1484563252.077464000 0 0
1484563252.084731000 0 0
1484563252.087243000 0 0
1484563252.090260000 0 0
1484563252.097618000 0 0
1484563252.100144000 0 0
1484563252.107831000 0 0
1484563252.110481000 0 0
1484563252.130864000 0 0
1484563252.133275000 0 0
1484563252.135902000 0 0
1484563252.142607000 0 0
1484563252.145039000 0 0
1484563252.147397000 0 0
1484563252.153994000 0 0
1484563252.156895000 0 0
1484563252.164012000 0 0
1484563252.166599000 0 0
1484563252.173798000 0 0
1484563252.176324000 0 0
1484563248.625155000 402 0
1484563248.636690000 504 0
1484563248.666945000 504 0
1484563248.695812000 282 0
1484563248.719609000 402 0
1484563296.762160000 0 0
1484563296.766885000 6942 0
1484563346.363938000 0 8290
1484563346.374597000 0 0
1484563346.373325000 0 0
1484563596.790293000 0 0
1484563596.795482000 6942 0
1484563646.411932000 0 8290
1484563646.425895000 0 0
1484563646.424526000 0 0
1484563896.810748000 0 0
1484563896.816118000 6942 0
1484563946.438117000 0 8290
1484563946.451446000 0 0
1484563946.449502000 0 0
1484564196.830488000 0 0
1484564196.835253000 6942 0
1484564246.465163000 0 8290
1484564246.478094000 0 0
1484564246.476146000 0 0
1484564496.879933000 0 0
1484564496.885450000 6942 0
1484564546.487813000 0 8290
1484564546.501546000 0 0
1484564546.499819000 0 0
1484564604.241423000 0 0
1484564604.247359000 0 0
1484564796.901023000 0 0
1484564796.904480000 6942 0
1484564846.525811000 0 8290
1484564846.539590000 0 0
1484564846.537646000 0 0
1484565096.920138000 0 0
1484565096.925878000 6942 0
1484565146.562960000 0 8291
1484565146.575472000 0 0
1484565146.573980000 0 0
1484565396.941477000 0 0
1484565396.945464000 6942 0
1484565446.591414000 0 8291
1484565446.605577000 0 0
1484565446.603867000 0 0
1484565696.962401000 0 0
1484565696.970685000 6942 0
1484565746.623992000 0 8291
1484565746.636655000 0 0
1484565746.635175000 0 0
1484565890.816954000 0 0
1484565890.852130000 0 0
1484565890.855670000 0 0
1484565890.865297000 0 0
1484565890.874069000 282 0
1484565997.020043000 0 0
1484565997.040381000 6942 0
1484566046.654617000 0 8291
1484566046.665433000 0 0
1484566046.664178000 0 0
1484566297.092937000 0 0
1484566297.100545000 6942 0
1484566346.694758000 0 8291
1484566346.705851000 0 0
1484566346.704619000 0 0
1484566597.127708000 0 0
1484566597.136059000 6942 0
1484566646.721935000 0 8291
1484566646.734390000 0 0
1484566646.733016000 0 0
1484566897.160855000 0 0
1484566897.165570000 6942 0
1484566946.748265000 0 8291
1484566946.763808000 0 0
1484566946.762463000 0 0
1484567197.192803000 0 0
1484567197.197231000 6942 0
1484567246.775044000 0 8291
1484567246.788669000 0 0
1484567246.787392000 0 0
1484567497.211660000 0 0
1484567497.215331000 6942 0
1484567546.802355000 0 8291
1484567546.815755000 0 0
1484567546.814507000 0 0
1484567661.826212000 0 0
1484567661.831301000 0 0
1484567661.839880000 0 0
1484567661.847754000 0 0
1484567661.849053000 0 0
1484567661.850118000 0 0
1484567661.862534000 0 0
1484567661.866555000 0 0
1484567661.865601000 0 0
1484567661.869000000 0 0
1484567661.871528000 0 0
1484567661.874218000 0 0
1484567661.887348000 0 0
1484567661.890150000 0 0
1484567661.893124000 0 0
1484567661.846407000 402 0
1484567661.855729000 504 0
1484567661.856376000 282 0
1484567661.879563000 504 0
1484567661.899236000 402 0
1484567665.797254000 0 0
1484567665.800480000 0 0
1484567665.813678000 0 0
1484567665.949667000 0 0
1484567665.953951000 0 0
1484567666.437037000 0 0
1484567666.440357000 0 0
1484567666.441822000 0 0
1484567666.781130000 0 0
1484567666.801640000 0 0
1484567666.804476000 0 0
1484567667.040150000 0 0
1484567667.043045000 0 0
1484567667.055355000 0 0
1484567667.058085000 0 0
1484567667.061393000 0 0
1484567667.076890000 0 0
1484567667.080173000 0 0
1484567667.082680000 0 0
1484567667.071571000 0 0
1484567689.001837000 0 0
1484567689.009349000 0 0
1484567689.012901000 0 0
1484567689.016470000 0 0
1484567689.021757000 0 0
1484567689.028247000 0 0
1484567689.035349000 0 0
1484567689.041922000 0 0
1484567689.045156000 0 0
1484567689.048456000 0 0
1484567689.269203000 0 0
1484567666.747917000 0 0
1484567689.307948000 0 0
1484567676.851668000 0 0
1484567689.304557000 0 0
1484567689.322809000 0 0
1484567689.319551000 0 0
1484563261.082415000 0 0
1484567689.373818000 0 0
1484567689.503199000 0 0
1484567689.509869000 0 0
1484567689.507120000 0 0
1484567689.516370000 0 0
1484567689.894075000 0 0
1484567689.898805000 0 0
1484567689.872258000 0 0
1484567689.877818000 0 87040
1484567689.926935000 0 0
1484567689.944761000 0 0
1484567689.910634000 0 0
1484567689.949547000 0 0
1484567689.919277000 0 0
1484567690.008730000 0 162
1484567690.011930000 0 0
1484567690.015399000 0 0
1484567690.024662000 0 0
1484567690.029188000 0 0
1484567690.039521000 0 0
1484567690.038213000 0 0
1484567690.048048000 0 0
1484567690.050957000 0 0
1484567690.053518000 0 0
1484567690.079278000 0 0
1484567690.086957000 0 0
1484567690.089308000 0 0
1484567690.084953000 0 0
1484567690.097394000 0 0
1484567690.103983000 0 0
1484567690.102164000 0 0
1484567690.131984000 0 0
1484567690.135434000 0 0
1484567690.138399000 0 0
1484567690.140999000 0 0
1484567666.934967000 3656 0
1484567690.204007000 0 0
1484567690.202022000 0 0
1484567690.209754000 0 0
1484567690.252929000 0 0
1484567690.255844000 0 0
1484567690.263909000 0 0
1484567690.308579000 0 0
1484567690.306366000 0 0
1484567690.312208000 7422 0
1484567690.335142000 5794 0
1484567690.363091000 7055 0
1484567690.409744000 7716 0
1484567690.445139000 14637 0
1484567690.570292000 14336 0
1484567690.619813000 5632 0
1484567690.678267000 39744 0
1484567690.757911000 12728 0
1484567666.444018000 282 0
1484567667.045991000 402 0
1484567667.064423000 504 0
1484567667.086606000 504 0
1484567692.049057000 0 0
1484567692.047080000 0 0
1484567692.114024000 0 0
1484567694.061725000 0 0
1484567694.060024000 0 0
1484567692.098562000 1828 0
1484567692.123148000 7422 0
1484567692.134665000 5794 0
1484567692.143648000 7055 0
1484567692.154256000 7716 0
1484567692.161502000 14637 0
1484567692.171961000 14336 0
1484567692.179230000 5632 0
1484567692.186239000 39744 0
1484567692.197311000 12728 0
1484567690.870091000 17093 0
1484567690.907132000 10857 0
1484567690.962531000 5068 0
1484567691.017832000 40473 0
1484567691.052055000 8819 0
1484567691.091903000 8241 0
1484567691.260720000 51712 0
1484567691.372778000 31232 0
1484567691.431408000 11527 0
1484567667.064038000 1464 0
1484567694.109233000 1828 0
1484567699.115186000 0 0
1484567699.118410000 0 0
1484567699.121507000 0 0
1484567689.960376000 45104 0
1484567689.964019000 2048 0
1484567691.455543000 1464 0
1484567731.062368000 0 0
1484567731.065099000 0 0
1484567731.089649000 0 0
1484567731.093047000 0 0
1484567731.101616000 0 0
1484567731.107619000 0 0
1484567731.118641000 0 0
1484567731.121375000 0 0
1484567731.124153000 0 0
1484567731.133415000 0 0
1484567731.105189000 282 0
1484567731.210968000 0 0
1484567731.208938000 0 0
1484567731.216740000 0 0
1484567731.306670000 0 0
1484567731.304727000 0 0
1484567750.575012000 0 0
1484567750.579222000 0 0
1484567750.612717000 0 0
1484567750.617415000 0 0
1484567750.616794000 0 0
1484567750.623445000 0 0
1484567750.625993000 0 0
1484567750.628229000 0 0
1484567750.632677000 0 0
1484567750.631728000 0 0
1484567750.643011000 0 0
1484567750.645775000 0 0
1484567750.648309000 0 0
1484567750.652929000 0 0
1484567750.654029000 0 0
1484567750.659296000 0 0
1484567750.663023000 0 0
1484567750.661566000 0 0
1484567750.665559000 0 0
1484567750.669950000 0 0
1484567750.677928000 0 0
1484567750.680333000 0 0
1484567750.683035000 0 0
1484567750.685942000 0 0
1484567750.693313000 0 0
1484567750.749257000 0 0
1484567750.747517000 0 0
1484567750.755603000 0 0
1484567750.844773000 0 0
1484567750.842049000 0 0
1484567751.677390000 0 0
1484567751.676345000 0 0
1484567689.332149000 0 0
1484567689.966078000 2048 0
1484567751.699873000 1828 0
1484567797.231798000 0 0
1484567797.236471000 6942 0
1484567828.898381000 0 0
1484567829.071491000 0 0
1484567831.327851000 0 0
1484567839.757764000 0 0
1484558907.659847000 0 0
1484567839.776131000 0 0
1484567839.768719000 9216 0
1484567839.775218000 0 0
1484567839.787405000 0 0
1484567839.793156000 0 0
1484567839.796863000 0 0
1484567839.797998000 0 0
1484567846.833420000 0 8291
1484567846.845098000 0 0
1484567846.843872000 0 0
1484567831.331322000 282 0
1484567910.614665000 0 0
1484567914.217744000 87040 0
1484567927.452454000 0 0
1484567927.505229000 0 0
1484567927.511399000 0 0
1484567927.521214000 0 0
1484567927.532452000 0 0
1484567927.611118000 0 0
1484567927.615167000 0 0
1484567927.627522000 0 0
1484567927.631415000 0 0
1484567927.635095000 0 0
1484567927.639012000 0 0
1484567927.652271000 0 0
1484567927.659287000 0 544
1484567927.667569000 0 0
1484567927.673490000 0 0
1484567927.699925000 0 0
1484567927.696655000 0 0
1484567927.717862000 0 0
1484567927.720895000 0 0
1484567927.724715000 0 0
1484567927.728533000 0 0
1484567927.733822000 0 0
1484567927.746104000 0 0
1484567930.695076000 0 0
1484567930.693604000 0 0
1484567927.469662000 129 0
1484567927.529272000 282 0
1484567927.755546000 544 0
1484567927.770552000 544 0
1484567927.775796000 544 0
1484567927.783523000 544 0
1484567927.796721000 544 0
1484567927.801713000 544 0
1484567927.817885000 544 0
1484567927.828747000 544 0
1484567927.837105000 544 0
1484567927.842540000 544 0
1484567927.858548000 544 0
1484567927.865152000 544 0
1484567927.879867000 544 0
1484567927.894372000 544 0
1484567927.902787000 544 0
1484567927.913247000 544 0
1484567927.930389000 544 0
1484567927.940932000 544 0
1484567927.947076000 544 0
1484567927.953107000 544 0
1484567927.957183000 544 0
1484567927.968394000 544 0
1484567927.974365000 544 0
1484567927.990479000 544 0
1484567928.003937000 544 0
1484567928.017363000 544 0
1484567928.023377000 544 0
1484567928.033744000 544 0
1484567928.040069000 544 0
1484567928.657945000 15623 0
1484567930.749018000 1828 0
1484568043.816176000 0 0
1484568043.829562000 0 0
1484568043.838183000 0 0
1484568097.284316000 0 0
1484568097.292181000 6942 0
1484568146.843860000 0 8291
1484568146.854937000 0 0
1484568146.853922000 0 0
1484568397.307478000 0 0
1484568397.311622000 6942 0
1484568446.861171000 0 8292
1484568446.873035000 0 0
1484568446.871916000 0 0
1484568043.824177000 1597 5266
1484568697.337612000 0 0
1484568697.343199000 6942 0
1484568997.361898000 0 0
1484568997.367512000 6942 0
1484569258.924501000 0 8295
1484569258.937920000 0 0
1484569258.936519000 0 0
1484569297.382274000 0 0
1484569297.385995000 6942 0
1484569558.958766000 0 8295
1484569558.970506000 0 0
1484569558.969320000 0 0
1484569563.139984000 0 0
1484569563.177225000 0 0
1484569563.182193000 0 0
1484569563.192246000 0 0
1484569573.935548000 0 0
1484569573.938252000 0 0
1484569573.944465000 0 0
1484569573.956465000 0 0
1484569573.958926000 0 0
1484569573.963710000 0 0
1484569573.991932000 0 0
1484569573.995995000 0 0
1484569574.088688000 0 0
1484569574.092873000 0 0
1484569574.103586000 0 0
1484569583.971952000 0 0
1484569583.976172000 0 0
1484569583.982385000 0 0
1484569583.999522000 0 0
1484569563.199976000 282 0
1484569597.405224000 0 0
1484569573.951993000 80 0
1484569573.969631000 226 0
1484569574.111542000 402 0
1484569583.988523000 123 0
1484569583.994560000 176 0
1484569597.413671000 6942 0
1484569679.357717000 0 0
1484569679.361491000 0 0
1484569680.084211000 0 0
1484569680.086910000 0 0
1484569680.091275000 0 0
1484569680.094657000 0 0
1484569680.097604000 0 0
1484569680.151566000 0 0
1484569680.156622000 0 0
1484569680.159950000 0 0
1484569680.162801000 0 0
1484569681.199595000 0 0
1484569681.249487000 0 0
1484569681.241483000 0 0
1484569686.594509000 0 0
1484569686.736164000 0 0
1484569686.787386000 0 0
1484569686.811262000 0 0
1484569686.820978000 0 0
1484569686.837183000 0 0
1484569686.842398000 0 0
1484569686.851997000 0 0
1484569686.855595000 0 0
1484569686.860572000 0 0
1484569686.881374000 0 0
1484569686.892228000 0 0
1484569686.911654000 0 0
1484569686.923682000 0 0
1484569686.934845000 0 0
1484569686.938146000 0 0
1484569686.941576000 0 0
1484569686.946397000 0 0
1484569686.951580000 0 0
1484569686.956442000 0 0
1484569686.962015000 0 0
1484569686.967465000 0 0
1484569686.970698000 0 0
1484569686.976259000 0 0
1484569686.980307000 0 0
1484569686.984684000 0 0
1484569690.174259000 0 0
1484569690.178658000 0 0
1484569690.183936000 0 0
1484569690.191176000 0 0
1484569686.995052000 0 0
1484569691.628041000 0 0
1484569679.365943000 80 0
1484569709.067348000 0 0
1484569709.071964000 0 0
1484569709.083347000 0 0
1484569709.085868000 0 0
1484569709.090258000 0 0
1484569719.075015000 0 0
1484569719.079152000 0 0
1484569719.085694000 0 0
1484569719.093101000 0 0
1484569751.513541000 0 0
1484569751.517247000 0 0
1484569751.523720000 0 0
1484569751.526376000 0 0
1484569751.531624000 0 0
1484569751.535046000 0 0
1484569751.537578000 0 0
1484569751.575474000 0 0
1484569751.581630000 0 0
1484569751.584152000 0 0
1484569751.587394000 0 0
1484569752.142782000 0 0
1484569752.282467000 0 0
1484569752.260309000 0 0
1484569755.716849000 0 0
1484569755.726688000 0 0
1484569755.750003000 0 0
1484569755.768783000 0 0
1484569755.774506000 0 0
1484569755.785324000 0 0
1484569755.789134000 0 0
1484569755.796983000 0 0
1484569755.800305000 0 0
1484569755.805220000 0 0
1484569755.814204000 0 0
1484569755.823297000 0 0
1484569755.833766000 0 0
1484569755.844610000 0 0
1484569755.854519000 0 0
1484569755.857856000 0 0
1484569755.861110000 0 0
1484569755.865083000 0 0
1484569755.870154000 0 0
1484569755.875008000 0 0
1484569755.880239000 0 0
1484569755.885793000 0 0
1484569755.889089000 0 0
1484569755.894185000 0 0
1484569755.898258000 0 0
1484569755.902841000 0 0
1484569755.913275000 0 0
1484569761.580626000 0 0
1484569761.584503000 0 0
1484569761.590387000 0 0
1484569761.597234000 0 0
1484569759.061444000 0 0
1484569778.674284000 0 0
1484569778.680620000 0 0
1484569778.691530000 0 0
1484569778.694430000 0 0
1484569778.699097000 0 0
1484569751.523917000 80 0
1484569680.056183000 0 0
1484569858.981239000 0 8295
1484569858.992595000 0 0
1484569858.991279000 0 0
1484569897.462064000 0 0
1484569897.468911000 6942 0
1484570159.018636000 0 8295
1484570159.030737000 0 0
1484570159.029251000 0 0
1484570197.484420000 0 0
1484570197.490684000 6942 0
1484570459.040227000 0 8295
1484570459.053151000 0 0
1484570459.051449000 0 0
1484570497.505381000 0 0
1484570497.509949000 6942 0
1484570546.475490000 0 0
1484570546.481945000 0 0
1484570797.535881000 0 0
1484570797.557843000 6942 0
1484571059.103789000 0 8295
1484571059.117103000 0 0
1484571059.115733000 0 0
1484571097.597235000 0 0
1484571097.605109000 6942 0
1484571177.166648000 0 0
1484571177.214214000 0 0
1484571177.217031000 0 0
1484571177.225125000 0 0
1484571178.707069000 0 0
1484571178.710933000 0 0
1484571178.717093000 0 0
1484571178.727219000 0 0
1484571178.732593000 0 0
1484571178.739411000 0 0
1484571178.744814000 0 0
1484571178.747899000 0 0
1484571178.777571000 0 0
1484571178.780897000 0 0
1484571188.724959000 0 0
1484571188.731141000 0 0
1484571188.738234000 0 0
1484571177.231478000 282 0
1484571178.728827000 80 0
1484571178.787873000 402 0
1484571303.564126000 0 0
1484571303.567421000 0 0
1484571303.918875000 0 0
1484571303.920912000 0 0
1484571303.924674000 0 0
1484571303.927459000 0 0
1484571303.929519000 0 0
1484571303.979189000 0 0
1484571303.984318000 0 0
1484571303.988909000 0 0
1484571303.992789000 0 0
1484571304.842875000 0 0
1484571304.879283000 0 0
1484571304.871424000 0 0
1484571307.598139000 0 0
1484571307.610846000 0 0
1484571307.641410000 0 0
1484571307.660982000 0 0
1484571307.668196000 0 0
1484571307.683050000 0 0
1484571307.687265000 0 0
1484571307.694501000 0 0
1484571307.697880000 0 0
1484571307.702946000 0 0
1484571307.711992000 0 0
1484571307.721098000 0 0
1484571307.731860000 0 0
1484571307.742645000 0 0
1484571307.752641000 0 0
1484571307.756567000 0 0
1484571307.760290000 0 0
1484571307.764389000 0 0
1484571307.769659000 0 0
1484571307.775129000 0 0
1484571307.780480000 0 0
1484571307.786094000 0 0
1484571307.789833000 0 0
1484571307.794982000 0 0
1484571307.799365000 0 0
1484571307.803848000 0 0
1484571307.814228000 0 0
1484571312.017287000 0 0
1484571303.571078000 80 0
1484571339.592167000 0 0
1484571339.597191000 0 0
1484571339.606747000 0 0
1484571339.609264000 0 0
1484571339.612769000 0 0
1484571349.607541000 0 0
1484571349.611611000 0 0
1484571349.617487000 0 0
1484571349.625031000 0 0
1484571359.137592000 0 8295
1484571359.148337000 0 0
1484571359.147048000 0 0
1484571303.873282000 0 0
1484571397.624387000 0 0
1484571397.629201000 6942 0
1484571430.080154000 0 0
1484571430.084055000 0 0
1484571430.112384000 0 0
1484571430.115023000 0 0
1484571430.119224000 0 0
1484571430.122650000 0 0
1484571430.125377000 0 0
1484571430.182931000 0 0
1484571430.189821000 0 0
1484571430.192474000 0 0
1484571430.195520000 0 0
1484571430.090891000 80 0
1484571431.076310000 0 0
1484571431.107986000 0 0
1484571431.101386000 0 0
1484571433.768113000 0 0
1484571433.778187000 0 0
1484571433.805752000 0 0
1484571433.822562000 0 0
1484571433.828282000 0 0
1484571433.841307000 0 0
1484571433.845579000 0 0
1484571433.853122000 0 0
1484571433.856392000 0 0
1484571433.861049000 0 0
1484571433.869645000 0 0
1484571433.878723000 0 0
1484571433.889284000 0 0
1484571433.900842000 0 0
1484571433.911516000 0 0
1484571433.914937000 0 0
1484571433.918166000 0 0
1484571433.922052000 0 0
1484571433.927101000 0 0
1484571433.931887000 0 0
1484571433.937302000 0 0
1484571433.943250000 0 0
1484571433.946797000 0 0
1484571433.951855000 0 0
1484571433.955881000 0 0
1484571433.960143000 0 0
1484571433.971595000 0 0
1484571440.179405000 0 0
1484571440.183211000 0 0
1484571440.188608000 0 0
1484571440.194954000 0 0
1484571437.891708000 0 0
1484571444.133798000 0 0
1484571444.145429000 0 0
1484571444.148454000 0 0
1484571444.152681000 0 0
1484571454.126497000 0 0
1484571454.131311000 0 0
1484571454.136636000 0 0
1484571430.083393000 0 0
1484571530.059196000 0 0
1484571530.063292000 0 0
1484571530.073860000 0 0
1484571530.076405000 0 0
1484571530.081105000 0 0
1484571530.084929000 0 0
1484571530.087730000 0 0
1484571530.141677000 0 0
1484571530.149188000 0 0
1484571530.151935000 0 0
1484571530.155565000 0 0
1484571530.824533000 0 0
1484571530.871365000 0 0
1484571530.863087000 0 0
1484571533.001663000 0 0
1484571533.007992000 0 0
1484571533.021549000 0 0
1484571533.033383000 0 0
1484571533.038774000 0 0
1484571533.050967000 0 0
1484571533.055284000 0 0
1484571533.064266000 0 0
1484571533.068017000 0 0
1484571533.073516000 0 0
1484571533.085762000 0 0
1484571533.096009000 0 0
1484571533.107859000 0 0
1484571533.119805000 0 0
1484571533.130163000 0 0
1484571533.133451000 0 0
1484571533.136602000 0 0
1484571533.140548000 0 0
1484571533.145595000 0 0
1484571533.150328000 0 0
1484571533.155355000 0 0
1484571533.161185000 0 0
1484571533.164344000 0 0
1484571533.169841000 0 0
1484571533.173833000 0 0
1484571533.178282000 0 0
1484571533.188852000 0 0
1484571540.129396000 0 0
1484571540.133670000 0 0
1484571540.137528000 0 0
1484571539.273087000 0 0
1484571549.962106000 0 0
1484571549.969557000 0 0
1484571549.972147000 0 0
1484571549.975871000 0 0
1484571530.067702000 80 0
1484571559.962712000 0 0
1484571559.968951000 0 0
1484571559.976133000 0 0
1484571530.044531000 0 0
1484571620.163824000 0 0
1484571620.167728000 0 0
1484571620.196109000 0 0
1484571620.198689000 0 0
1484571620.203145000 0 0
1484571620.206408000 0 0
1484571620.209063000 0 0
1484571620.270704000 0 0
1484571620.276244000 0 0
1484571620.278722000 0 0
1484571620.281412000 0 0
1484571620.918686000 0 0
1484571620.941769000 0 0
1484571620.934382000 0 0
1484571626.872956000 0 0
1484571626.887087000 0 0
1484571626.912017000 0 0
1484571626.930790000 0 0
1484571626.937642000 0 0
1484571626.952191000 0 0
1484571626.956619000 0 0
1484571626.963735000 0 0
1484571626.967403000 0 0
1484571626.972014000 0 0
1484571626.980630000 0 0
1484571626.989957000 0 0
1484571627.000863000 0 0
1484571627.012106000 0 0
1484571627.022977000 0 0
1484571627.027019000 0 0
1484571627.030600000 0 0
1484571627.034893000 0 0
1484571627.040574000 0 0
1484571627.045420000 0 0
1484571627.050686000 0 0
1484571627.056608000 0 0
1484571627.060196000 0 0
1484571627.065466000 0 0
1484571627.069588000 0 0
1484571627.074058000 0 0
1484571630.252477000 0 0
1484571630.257226000 0 0
1484571630.261796000 0 0
1484571627.084455000 0 0
1484571631.612637000 0 0
1484571641.757756000 0 0
1484571641.764638000 0 0
1484571641.781450000 0 0
1484571641.784749000 0 0
1484571641.791447000 0 0
1484571620.171873000 80 0
1484571651.764688000 0 0
1484571651.771070000 0 0
1484571651.778702000 0 0
1484571659.161089000 0 8295
1484571659.170842000 0 0
1484571659.169798000 0 0
1484571620.168238000 0 0
1484571697.683608000 0 0
1484571697.688556000 6942 0
1484571742.821594000 0 0
1484571742.825875000 0 0
1484571742.856037000 0 0
1484571742.859294000 0 0
1484571742.864198000 0 0
1484571742.867998000 0 0
1484571742.871214000 0 0
1484571742.952794000 0 0
1484571742.958399000 0 0
1484571742.960850000 0 0
1484571742.963894000 0 0
1484571743.599820000 0 0
1484571743.625147000 0 0
1484571743.617948000 0 0
1484571745.931308000 0 0
1484571745.941510000 0 0
1484571745.962559000 0 0
1484571745.976823000 0 0
1484571745.982779000 0 0
1484571745.999030000 0 0
1484571746.004572000 0 0
1484571746.017218000 0 0
1484571746.021472000 0 0
1484571746.027493000 0 0
1484571746.038866000 0 0
1484571746.050951000 0 0
1484571746.065182000 0 0
1484571746.077705000 0 0
1484571746.089319000 0 0
1484571746.092857000 0 0
1484571746.096262000 0 0
1484571746.101164000 0 0
1484571746.108203000 0 0
1484571746.114334000 0 0
1484571746.120873000 0 0
1484571746.127743000 0 0
1484571746.132357000 0 0
1484571746.139784000 0 0
1484571746.145643000 0 0
1484571746.151528000 0 0
1484571746.165483000 0 0
1484571752.931293000 0 0
1484571752.937340000 0 0
1484571752.944265000 0 0
1484571749.962635000 0 0
1484571760.321778000 0 0
1484571760.332437000 0 0
1484571760.335204000 0 0
1484571760.339042000 0 0
1484571742.833140000 80 0
1484571770.336022000 0 0
1484571770.339261000 0 0
1484571770.343725000 0 0
1484571770.348596000 0 0
1484571742.825164000 0 0
1484571843.298718000 0 0
1484571843.302533000 0 0
1484571843.314914000 0 0
1484571843.317466000 0 0
1484571843.321788000 0 0
1484571843.337538000 0 0
1484571843.340278000 0 0
1484571843.457204000 0 0
1484571843.464432000 0 0
1484571843.467148000 0 0
1484571843.471529000 0 0
1484571844.047085000 0 0
1484571844.079115000 0 0
1484571844.071804000 0 0
1484571847.907607000 0 0
1484571847.912623000 0 0
1484571847.922630000 0 0
1484571847.931795000 0 0
1484571847.936687000 0 0
1484571847.946128000 0 0
1484571847.949966000 0 0
1484571847.957665000 0 0
1484571847.961984000 0 0
1484571847.967629000 0 0
1484571847.978055000 0 0
1484571847.988450000 0 0
1484571848.000546000 0 0
1484571848.013048000 0 0
1484571848.024321000 0 0
1484571848.028075000 0 0
1484571848.031726000 0 0
1484571848.036066000 0 0
1484571848.041542000 0 0
1484571848.046629000 0 0
1484571848.053546000 0 0
1484571848.060248000 0 0
1484571848.063913000 0 0
1484571848.070517000 0 0
1484571848.075552000 0 0
1484571848.081015000 0 0
1484571848.092618000 0 0
1484571853.457614000 0 0
1484571853.461702000 0 0
1484571853.468059000 0 0
1484571853.475135000 0 0
1484571851.605591000 0 0
1484571864.799075000 0 0
1484571864.804836000 0 0
1484571864.818731000 0 0
1484571864.821611000 0 0
1484571864.826287000 0 0
1484571843.307431000 80 0
1484571874.808490000 0 0
1484571874.814102000 0 0
1484571874.820502000 0 0
1484571843.283688000 0 0
1484571949.762041000 0 0
1484571949.764953000 0 0
1484571949.769142000 0 0
1484571950.083509000 0 0
1484571950.086482000 0 0
1484571950.091558000 0 0
1484571950.111305000 0 0
1484571950.114496000 0 0
1484571950.164842000 0 0
1484571950.168347000 0 0
1484571950.176543000 0 0
1484571950.184613000 0 0
1484571950.187899000 0 0
1484571950.215434000 0 0
1484571950.222101000 0 0
1484571950.224898000 0 0
1484571950.228886000 0 0
1484571950.850536000 0 0
1484571950.872444000 0 0
1484571952.596830000 0 0
1484571952.602322000 0 0
1484571952.611925000 0 0
1484571952.621636000 0 0
1484571952.627158000 0 0
1484571952.636848000 0 0
1484571952.640336000 0 0
1484571952.647724000 0 0
1484571952.651363000 0 0
1484571952.656660000 0 0
1484571952.666301000 0 0
1484571952.676716000 0 0
1484571952.688492000 0 0
1484571952.699553000 0 0
1484571952.709468000 0 0
1484571952.713050000 0 0
1484571952.716362000 0 0
1484571952.720936000 0 0
1484571952.726232000 0 0
1484571952.731488000 0 0
1484571952.736652000 0 0
1484571952.742039000 0 0
1484571952.745226000 0 0
1484571952.750379000 0 0
1484571952.754402000 0 0
1484571952.759019000 0 0
1484571952.769839000 0 0
1484571959.189910000 0 8295
1484571959.201684000 0 0
1484571959.200384000 0 0
1484571960.194004000 0 0
1484571960.200530000 0 0
1484571960.208048000 0 0
1484571957.097940000 0 0
1484571972.569166000 0 0
1484571972.575360000 0 0
1484571972.591389000 0 0
1484571972.595089000 0 0
1484571972.601671000 0 0
1484571949.773631000 80 0
1484571950.182884000 282 0
1484571950.193765000 402 0
1484571982.579320000 0 0
1484571982.582527000 0 0
1484571982.587572000 0 0
1484571982.592850000 0 0
1484571997.716990000 0 0
1484571997.722074000 6942 0
1484571949.765227000 0 0
1484572031.966248000 0 0
1484572031.970239000 0 0
1484572031.981542000 0 0
1484572031.984328000 0 0
1484572031.988727000 0 0
1484572031.992259000 0 0
1484572031.994923000 0 0
1484572032.054044000 0 0
1484572032.061049000 0 0
1484572032.063544000 0 0
1484572032.066848000 0 0
1484572032.694128000 0 0
1484572032.734265000 0 0
1484572032.725014000 0 0
1484572037.588622000 0 0
1484572037.593824000 0 0
1484572037.603832000 0 0
1484572037.613221000 0 0
1484572037.617915000 0 0
1484572037.627596000 0 0
1484572037.631143000 0 0
1484572037.638156000 0 0
1484572037.641531000 0 0
1484572037.646717000 0 0
1484572037.655822000 0 0
1484572037.665937000 0 0
1484572037.676905000 0 0
1484572037.687887000 0 0
1484572037.698071000 0 0
1484572037.701409000 0 0
1484572037.704648000 0 0
1484572037.709166000 0 0
1484572037.714967000 0 0
1484572037.720222000 0 0
1484572037.725661000 0 0
1484572037.731915000 0 0
1484572037.735758000 0 0
1484572037.740903000 0 0
1484572037.745130000 0 0
1484572037.749716000 0 0
1484572037.760238000 0 0
1484572042.029018000 0 0
1484572042.035078000 0 0
1484572042.041262000 0 0
1484572040.867329000 0 0
1484572047.238547000 0 0
1484572047.251631000 0 0
1484572047.254250000 0 0
1484572047.257788000 0 0
1484572057.252279000 0 0
1484572057.256221000 0 0
1484572057.262332000 0 0
1484572057.269548000 0 0
1484572031.974694000 80 0
1484572060.810221000 0 0
1484572060.815851000 0 0
1484572060.818576000 0 0
1484572060.821937000 0 0
1484572060.859713000 0 0
1484572060.865900000 0 0
1484572060.868567000 0 0
1484572060.872003000 0 0
1484572061.698010000 0 0
1484572061.733782000 0 0
1484572061.726854000 0 0
1484572063.644591000 0 0
1484572063.649710000 0 0
1484572063.659390000 0 0
1484572063.668903000 0 0
1484572063.673652000 0 0
1484572063.683140000 0 0
1484572063.687248000 0 0
1484572063.694787000 0 0
1484572063.698854000 0 0
1484572063.704119000 0 0
1484572063.714336000 0 0
1484572063.724681000 0 0
1484572063.735924000 0 0
1484572063.746156000 0 0
1484572063.755922000 0 0
1484572063.759214000 0 0
1484572063.762620000 0 0
1484572063.766739000 0 0
1484572063.771907000 0 0
1484572063.777004000 0 0
1484572063.782150000 0 0
1484572063.788788000 0 0
1484572063.791846000 0 0
1484572063.796811000 0 0
1484572063.800831000 0 0
1484572063.805166000 0 0
1484572063.815973000 0 0
1484572070.860728000 0 0
1484572070.865261000 0 0
1484572070.871410000 0 0
1484572070.878249000 0 0
1484572065.461830000 0 0
1484572079.385554000 0 0
1484572079.393505000 0 0
1484572079.396617000 0 0
1484572079.401041000 0 0
1484572089.401665000 0 0
1484572089.405522000 0 0
1484572089.411095000 0 0
1484572089.418369000 0 0
1484572031.951463000 0 0
1484572166.919261000 0 0
1484572166.923169000 0 0
1484572166.952122000 0 0
1484572166.955163000 0 0
1484572166.960079000 0 0
1484572166.983738000 0 0
1484572166.986459000 0 0
1484572167.060152000 0 0
1484572167.066557000 0 0
1484572167.069149000 0 0
1484572167.072206000 0 0
1484572167.721369000 0 0
1484572167.750348000 0 0
1484572167.743297000 0 0
1484572169.625222000 0 0
1484572169.633609000 0 0
1484572169.652630000 0 0
1484572169.671691000 0 0
1484572169.678858000 0 0
1484572169.696329000 0 0
1484572169.700655000 0 0
1484572169.708773000 0 0
1484572169.712543000 0 0
1484572169.718095000 0 0
1484572169.728358000 0 0
1484572169.738964000 0 0
1484572169.751334000 0 0
1484572169.763024000 0 0
1484572169.774458000 0 0
1484572169.777890000 0 0
1484572169.781258000 0 0
1484572169.785346000 0 0
1484572169.790635000 0 0
1484572169.795517000 0 0
1484572169.800984000 0 0
1484572169.807281000 0 0
1484572169.810678000 0 0
1484572169.815948000 0 0
1484572169.820117000 0 0
1484572169.825161000 0 0
1484572169.836586000 0 0
1484572177.049163000 0 0
1484572177.052778000 0 0
1484572177.058504000 0 0
1484572177.064964000 0 0
1484572173.616461000 0 0
1484572187.226133000 0 0
1484572187.230503000 0 0
1484572187.240084000 0 0
1484572187.242726000 0 0
1484572187.247946000 0 0
1484572166.931607000 80 0
1484572197.219731000 0 0
1484572197.224036000 0 0
1484572197.227521000 0 0
1484572166.921964000 0 0
1484572255.730541000 0 0
1484572255.734563000 0 0
1484572255.746003000 0 0
1484572255.748997000 0 0
1484572255.753862000 0 0
1484572255.786641000 0 0
1484572255.790309000 0 0
1484572255.874327000 0 0
1484572255.880958000 0 0
1484572255.883786000 0 0
1484572255.887578000 0 0
1484572256.473634000 0 0
1484572256.515872000 0 0
1484572256.509109000 0 0
1484572259.219068000 0 8295
1484572259.230641000 0 0
1484572259.229354000 0 0
1484572259.364227000 0 0
1484572259.378354000 0 0
1484572259.409529000 0 0
1484572259.426444000 0 0
1484572259.431423000 0 0
1484572259.440740000 0 0
1484572259.444467000 0 0
1484572259.451511000 0 0
1484572259.455009000 0 0
1484572259.459705000 0 0
1484572259.468707000 0 0
1484572259.478117000 0 0
1484572259.488988000 0 0
1484572259.499623000 0 0
1484572259.509740000 0 0
1484572259.513065000 0 0
1484572259.516108000 0 0
1484572259.520044000 0 0
1484572259.525364000 0 0
1484572259.530043000 0 0
1484572259.535170000 0 0
1484572259.540654000 0 0
1484572259.543941000 0 0
1484572259.548940000 0 0
1484572259.552895000 0 0
1484572259.557143000 0 0
1484572259.567417000 0 0
1484572265.867607000 0 0
1484572265.871944000 0 0
1484572265.876417000 0 0
1484572255.738849000 80 0
1484572297.738628000 0 0
1484572264.953637000 0 0
1484572288.145766000 282 0
1484572297.748850000 6942 0
1484572255.716249000 0 0
1484572389.125630000 0 0
1484572389.130449000 0 0
1484572389.141135000 0 0
1484572389.143967000 0 0
1484572389.149310000 0 0
1484572389.153907000 0 0
1484572389.157239000 0 0
1484572399.140126000 0 0
1484572399.144066000 0 0
1484572399.150528000 0 0
1484572399.157631000 0 0
1484572389.135077000 80 0
1484572559.259484000 0 8295
1484572559.271244000 0 0
1484572559.269884000 0 0
1484572582.175422000 0 0
1484572582.179884000 0 0
1484572582.188099000 0 0
1484572582.190790000 0 0
1484572582.196079000 0 0
1484572582.199968000 0 0
1484572582.203414000 0 0
1484572582.237273000 0 0
1484572582.243438000 0 0
1484572582.246137000 0 0
1484572582.250169000 0 0
1484572585.496421000 0 0
1484572585.540287000 0 0
1484572585.532271000 0 0
1484572592.230439000 0 0
1484572592.236412000 0 0
1484572592.244125000 0 0
1484572594.439355000 0 0
1484572594.448277000 0 0
1484572594.468846000 0 0
1484572594.479387000 0 0
1484572594.484338000 0 0
1484572594.493420000 0 0
1484572594.497099000 0 0
1484572594.504152000 0 0
1484572594.507839000 0 0
1484572594.512755000 0 0
1484572594.521948000 0 0
1484572594.531670000 0 0
1484572594.542320000 0 0
1484572594.552533000 0 0
1484572594.562645000 0 0
1484572594.565968000 0 0
1484572594.569194000 0 0
1484572594.573188000 0 0
1484572594.578257000 0 0
1484572594.583124000 0 0
1484572594.588627000 0 0
1484572594.594033000 0 0
1484572594.597360000 0 0
1484572594.602895000 0 0
1484572594.606906000 0 0
1484572594.611527000 0 0
1484572597.764296000 0 0
1484572594.622203000 0 0
1484572582.186687000 80 0
1484572597.770535000 6942 0
1484572617.279404000 282 0
1484572602.409165000 0 0
1484572667.187435000 0 0
1484572667.192514000 0 0
1484572667.201881000 0 0
1484572667.204361000 0 0
1484572667.209733000 0 0
1484572667.214087000 0 0
1484572667.217622000 0 0
1484572677.187997000 0 0
1484572677.191743000 0 0
1484572677.195497000 0 0
1484572677.201609000 0 0
1484572677.208397000 0 0
1484572677.214516000 0 0
1484572677.271895000 0 0
1484572677.276281000 0 0
1484572677.286082000 0 0
1484572667.201451000 80 0
1484572677.294050000 282 0
1484572859.288109000 0 8295
1484572859.301718000 0 0
1484572859.300168000 0 0
1484572897.792781000 0 0
1484572897.799541000 6942 0
1484573123.242385000 0 0
1484573123.246489000 0 0
1484573123.252158000 0 0
1484573123.255368000 0 0
1484573123.260608000 0 0
1484573123.264113000 0 0
1484573123.266729000 0 0
1484573123.328447000 0 0
1484573123.332540000 0 0
1484573123.342812000 0 0
1484573123.411305000 0 0
1484573123.420848000 0 0
1484573123.423777000 0 0
1484573123.428490000 0 0
1484573126.930373000 0 0
1484573126.946796000 0 0
1484573129.650158000 0 0
1484573129.655430000 0 0
1484573129.665662000 0 0
1484573129.675117000 0 0
1484573129.681922000 0 0
1484573129.691669000 0 0
1484573129.695892000 0 0
1484573129.703391000 0 0
1484573129.708050000 0 0
1484573129.713480000 0 0
1484573129.724469000 0 0
1484573129.735901000 0 0
1484573129.749181000 0 0
1484573129.761795000 0 0
1484573129.772046000 0 0
1484573129.775394000 0 0
1484573129.778608000 0 0
1484573129.782657000 0 0
1484573129.787838000 0 0
1484573129.792645000 0 0
1484573129.797796000 0 0
1484573129.803367000 0 0
1484573129.807072000 0 0
1484573129.812280000 0 0
1484573129.817530000 0 0
1484573129.823518000 0 0
1484573133.413400000 0 0
1484573133.419867000 0 0
1484573133.427575000 0 0
1484573129.834717000 0 0
1484573139.463885000 0 0
1484573123.253529000 80 0
1484573123.351665000 402 0
1484573147.149903000 0 0
1484573147.153521000 0 0
1484573147.159941000 0 0
1484573147.162382000 0 0
1484573147.166111000 0 0
1484573147.201849000 0 0
1484573147.207384000 0 0
1484573147.209805000 0 0
1484573147.212703000 0 0
1484573150.489816000 0 0
1484573150.529496000 0 0
1484573150.522807000 0 0
1484573157.201328000 0 0
1484573157.204804000 0 0
1484573157.209849000 0 0
1484573157.215653000 0 0
1484573159.308222000 0 8295
1484573159.321681000 0 0
1484573159.320287000 0 0
1484573179.227704000 0 0
1484573179.239307000 0 0
1484573179.262326000 0 0
1484573179.277968000 0 0
1484573179.284648000 0 0
1484573179.297204000 0 0
1484573179.301319000 0 0
1484573179.311166000 0 0
1484573179.315496000 0 0
1484573179.322246000 0 0
1484573179.335973000 0 0
1484573179.348965000 0 0
1484573179.360399000 0 0
1484573179.372668000 0 0
1484573179.383385000 0 0
1484573179.387011000 0 0
1484573179.390669000 0 0
1484573179.394851000 0 0
1484573179.399996000 0 0
1484573179.405076000 0 0
1484573179.410313000 0 0
1484573179.415718000 0 0
1484573179.419346000 0 0
1484573179.425560000 0 0
1484573179.430355000 0 0
1484573179.435797000 0 0
1484573179.446487000 0 0
1484573197.816083000 0 0
1484573190.751132000 0 0
1484573199.600462000 0 0
1484573199.607733000 0 0
1484573199.623166000 0 0
1484573199.640210000 0 0
1484573199.647358000 0 0
1484573199.660642000 0 0
1484573199.664743000 0 0
1484573199.671934000 0 0
1484573199.675607000 0 0
1484573199.680377000 0 0
1484573199.689641000 0 0
1484573199.699864000 0 0
1484573199.711046000 0 0
1484573199.721733000 0 0
1484573199.731781000 0 0
1484573199.735302000 0 0
1484573199.738938000 0 0
1484573199.743808000 0 0
1484573199.749571000 0 0
1484573199.754573000 0 0
1484573199.759939000 0 0
1484573199.765582000 0 0
1484573199.768834000 0 0
1484573199.773947000 0 0
1484573199.777890000 0 0
1484573199.782202000 0 0
1484573182.261899000 282 0
1484573199.792932000 0 0
1484573197.822678000 6942 0
1484573459.339399000 0 8295
1484573459.350028000 0 0
1484573459.348753000 0 0
1484573461.179202000 0 0
1484573210.344108000 0 0
1484573497.870637000 0 0
1484573497.878207000 6942 0
1484573692.912743000 0 0
1484573715.395001000 0 0
1484573715.407833000 0 0
1484573692.918168000 111 0
1484573692.932728000 208 0
1484573725.549795000 0 0
1484573725.560222000 0 0
1484573725.563898000 0 525
1484573725.572065000 0 0
1484573725.576753000 0 0
1484573725.579977000 0 0
1484573725.553197000 0 0
1484573725.583015000 0 0
1484573725.646197000 0 85
1484573725.654215000 0 0
1484573725.676184000 0 109
1484573725.684331000 0 0
1484573725.736625000 0 144
1484573725.744217000 0 0
1484573725.753757000 0 175
1484573725.760838000 0 0
1484573725.789976000 0 0
1484559097.968535000 0 4096
1484573725.799133000 0 0
1484573725.804970000 0 0
1484559097.965430000 0 0
1484573725.813475000 0 0
1484573725.917358000 0 0
1484573725.938098000 0 0
1484573725.947153000 0 0
1484573725.956534000 0 0
1484573725.944378000 0 185
1484573725.977518000 0 0
1484573725.983195000 0 0
1484573725.924097000 0 0
1484573725.988337000 0 0
1484559096.981624000 27892 211384
1484559097.609258000 870540 186263
1484559098.013272000 289471 14641
1484559695.530350000 2747611 97557
1484573715.402345000 1788 5656
1484573726.008711000 0 28106
1484573726.151443000 0 204
1484573726.159736000 0 319
1484573726.162017000 0 0
1484573726.202352000 0 0
1484559099.205353000 0 32768
1484573726.210917000 0 0
1484559099.201596000 0 689096
1484573726.221523000 0 0
1484573726.225020000 0 0
1484573726.238029000 0 0
1484559099.181638000 0 4096
1484573726.247173000 0 0
1484573726.252910000 0 0
1484559099.177648000 0 0
1484573726.261325000 0 0
1484573726.267379000 0 0
1484573726.285822000 0 0
1484573726.292431000 0 22768
1484573726.316934000 0 0
1484573726.321992000 0 0
1484573726.273025000 0 0
1484573726.326340000 0 0
1484573726.398776000 0 0
1484573715.415370000 0 0
1484559099.219732000 0 0
1484559099.189649000 0 0
1484559089.724728000 0 0
1484559173.753414000 0 0
1484559094.785120000 360448 0
1484559097.959497000 7168 0
1484559096.499639000 24576 0
1484559091.292041000 4096 0
1484559944.210811000 65536 0
1484559089.934788000 102400 4096
1484559089.954591000 8192 4096
1484559099.188399000 884736 327680
1484559099.167636000 98304 0
1484559106.778363000 66021 0
1484559106.737552000 19688 0
1484559106.666541000 1400 0
1484573797.852571000 0 0
1484573797.857039000 0 0
1484573797.865934000 0 0
1484559345.528665000 0 0
1484559345.050270000 0 0
1484573805.380873000 0 0
1484573805.390814000 0 0
1484573805.387820000 0 0
1484573805.396749000 0 0
1484573805.403751000 0 0
1484573805.408537000 0 0
1484573805.401208000 0 0
1484573805.416291000 0 0
1484573805.419262000 0 0
1484573805.425999000 0 0
1484573805.423400000 0 0
1484573805.431564000 0 0
1484573806.624610000 0 0
1484573805.435818000 0 0
1484573807.330440000 0 0
1484573807.650762000 0 0
1484573808.066338000 0 0
1484573808.753603000 0 0
1484573809.200277000 0 0
1484573807.297355000 0 0
1484573809.206949000 0 0
1484573809.215199000 0 0
1484573809.219871000 0 0
1484573809.256431000 0 0
1484573809.211557000 0 0
1484573809.336520000 0 0
1484573805.324362000 0 0
1484573805.384957000 0 0
1484573805.313534000 0 0
1484573813.274241000 0 0
1484573813.278499000 0 0
1484573813.287793000 0 0
1484573797.872660000 282 0
1484559345.714254000 0 0
1484573805.395086000 223 0
1484573805.409873000 182 0
1484573805.426320000 291 0
1484573805.444740000 272 0
1484573805.485716000 427 0
1484573805.507507000 202 0
1484573805.549144000 253 0
1484573805.582603000 277 0
1484573805.609988000 253 0
1484573805.644315000 488 0
1484573805.670713000 490 0
1484573805.839716000 316 0
1484573805.861659000 232 0
1484573805.919928000 158 0
1484573805.948146000 238 0
1484573805.977904000 222 0
1484573805.998499000 246 0
1484573806.028349000 222 0
1484573806.056886000 186 0
1484573806.086288000 242 0
1484573806.105028000 372 0
1484573806.123773000 151 0
1484573806.254419000 302 0
1484573806.276418000 222 0
1484573806.308443000 178 0
1484573806.330516000 250 0
1484573806.358885000 178 0
1484573806.371672000 253 0
1484573806.389575000 226 0
1484573806.401723000 308 0
1484573806.420661000 214 0
1484573806.461043000 288 0
1484573806.556189000 240 0
1484573806.610139000 246 0
1484573806.627709000 172 0
1484573806.658699000 1172 0
1484573806.683130000 286 0
1484573806.711961000 274 0
1484573806.732803000 281 0
1484573806.754948000 231 0
1484573806.796474000 281 0
1484573806.827576000 395 0
1484573806.925872000 360 0
1484573806.948110000 822 0
1484573806.966631000 171 0
1484573806.996829000 213 0
1484573807.020388000 214 0
1484573807.037745000 300 0
1484573807.058701000 217 0
1484573807.085342000 477 0
1484573807.105944000 226 0
1484573807.126026000 732 0
1484573807.165672000 504 0
1484573807.193274000 357 0
1484573807.214779000 334 0
1484573807.245114000 347 0
1484573807.263706000 321 0
1484573807.282855000 541 0
1484573807.299861000 226 0
1484573807.313324000 123 0
1484573807.332667000 176 0
1484573807.355266000 134 0
1484573807.388603000 134 0
1484573807.414582000 134 0
1484573807.435222000 144 0
1484567839.797349000 0 0
1484573807.568464000 134 0
1484573807.593679000 134 0
1484573807.624995000 134 0
1484573807.663761000 338 0
1484573807.801350000 1029 0
1484573807.834080000 204 0
1484573807.851985000 256 0
1484573807.888655000 274 0
1484573807.923833000 300 0
1484573807.957598000 1023 0
1484573807.980558000 259 0
1484573808.020224000 1513 0
1484573808.050866000 260 0
1484573808.078772000 577 0
1484573808.107594000 206 0
1484573808.133693000 2655 0
1484573808.164674000 385 0
1484573808.181240000 2615 0
1484573808.205305000 459 0
1484573808.224331000 787 0
1484573808.250255000 180 0
1484573808.277984000 244 0
1484573808.547739000 240 0
1484573808.618267000 127 0
1484573808.694694000 122 0
1484573808.736403000 122 0
1484573808.764905000 308 0
1484573805.471738000 186 0
1484573805.498286000 494 0
1484573805.520459000 1796 0
1484573805.562299000 240 0
1484573805.599738000 218 0
1484573805.627275000 180 0
1484573805.652830000 180 0
1484573805.735161000 289 0
1484573805.855127000 1530 0
1484573805.897008000 474 0
1484573805.941185000 484 0
1484573805.967082000 294 0
1484573805.992136000 402 0
1484573806.020161000 276 0
1484573806.045081000 200 0
1484573806.074338000 278 0
1484573806.098602000 257 0
1484573806.114190000 322 0
1484573806.239020000 284 0
1484573806.270248000 225 0
1484573806.289245000 459 0
1484573806.320631000 459 0
1484573806.351389000 1806 0
1484573806.365839000 305 0
1484573806.382768000 298 0
1484573806.395310000 322 0
1484573806.414923000 164 0
1484573806.438099000 257 0
1484573806.546541000 313 0
1484573806.584229000 914 0
1484573806.620978000 216 0
1484573806.644427000 279 0
1484573806.671481000 6645 0
1484573806.701201000 196 0
1484573806.725258000 231 0
1484573806.747021000 2890 0
1484573806.772156000 256 0
1484573806.810287000 300 0
1484573806.910428000 192 0
1484573806.941097000 252 0
1484573806.960712000 216 0
1484573806.980467000 230 0
1484573807.014450000 286 0
1484573807.031644000 450 0
1484573807.044016000 371 0
1484573807.078549000 252 0
1484573807.099031000 1548 0
1484573807.119352000 160 0
1484573807.144043000 162 0
1484573807.178050000 296 0
1484573807.208409000 261 0
1484573807.238797000 324 0
1484573807.258020000 321 0
1484573807.276628000 491 0
1484573807.293376000 555 0
1484573807.306757000 190 0
1484573807.328031000 253 0
1484573807.342178000 240 0
1484573807.362940000 192 0
1484573807.403024000 220 0
1484573807.420075000 223 0
1484573807.451952000 168 0
1484573807.583157000 212 0
1484573807.608698000 238 0
1484573807.647588000 148 0
1484573807.784869000 303 0
1484573807.821112000 359 0
1484573807.840845000 347 0
1484573807.869049000 503 0
1484573807.905182000 484 0
1484573807.935734000 314 0
1484573807.967224000 376 0
1484573807.998648000 462 0
1484573808.034387000 335 0
1484573808.063293000 215 0
1484573808.095744000 194 0
1484573808.120632000 168 0
1484573808.153091000 168 0
1484573808.171371000 264 0
1484573808.188275000 276 0
1484573808.217482000 301 0
1484573808.242926000 238 0
1484573808.271572000 391 0
1484573808.290155000 233 0
1484573808.593128000 146 0
1484573808.666614000 164 0
1484573808.721320000 301 0
1484573808.747809000 298 0
1484573808.834549000 378 0
1484573808.849504000 214 0
1484573808.865489000 1006 0
1484573808.872995000 577 0
1484573808.885752000 520 0
1484573808.899244000 514 0
1484573808.907952000 184 0
1484573808.924899000 1694 0
1484573808.947789000 1258 0
1484573808.970901000 312 0
1484573809.038811000 480 0
1484573809.056016000 326 0
1484573809.068481000 168 0
1484573809.082519000 482 0
1484573809.090459000 536 0
1484573809.107680000 426 0
1484573809.116239000 256 0
1484573809.137877000 284 0
1484573809.151068000 206 0
1484573809.167023000 233 0
1484573809.175614000 480 0
1484573809.194676000 514 0
1484573809.364386000 280 0
1484573809.375934000 217 0
1484573809.385181000 241 0
1484573809.418110000 2455 0
1484573809.434315000 227 0
1484573809.449568000 208 0
1484573809.459305000 172 0
1484573809.508390000 457 0
1484573809.526088000 232 0
1484573809.542140000 4276 0
1484573809.558565000 328 0
1484573809.564468000 261 0
1484573809.570321000 293 0
1484573809.581442000 472 0
1484573809.587628000 222 0
1484573809.594952000 133 0
1484573809.601685000 133 0
1484573809.613772000 134 0
1484573809.620107000 133 0
1484573809.639733000 133 0
1484573809.646912000 172 0
1484573809.652892000 218 0
1484573809.869846000 199 0
1484573809.927729000 324 0
1484573809.942898000 249 0
1484573809.958041000 301 0
1484573809.966739000 388 0
1484573809.982246000 828 0
1484573809.988951000 2222 0
1484573810.105412000 186 0
1484573810.115501000 240 0
1484573810.121767000 192 0
1484573810.128476000 197 0
1484573810.141991000 319 0
1484573810.161389000 238 0
1484573810.174691000 168 0
1484573810.181264000 5632 0
1484573810.200502000 214 0
1484573810.212307000 364 0
1484573810.218177000 213 0
1484573810.238674000 333 0
1484573810.253730000 166 0
1484573809.231125000 278 0
1484573809.245858000 226 0
1484573809.253296000 168 0
1484573809.269815000 228 0
1484573809.285376000 278 0
1484573809.298232000 195 0
1484573809.311263000 235 0
1484573809.330157000 204 0
1484573810.282129000 216 0
1484573810.288618000 401 0
1484573810.306812000 294 0
1484573810.318409000 228 0
1484573810.324752000 261 0
1484573810.367856000 237 0
1484573810.374928000 1240 0
1484573810.383030000 1015 0
1484573810.390703000 243 0
1484573810.397460000 208 0
1484573810.405075000 226 0
1484573810.411981000 197 0
1484573810.428613000 113 0
1484573810.447955000 299 0
1484573810.459217000 302 0
1484573813.295713000 402 0
