1484558738.339773000 0 0
1484558738.522870000 0 0
1484558738.561295000 0 0
1484558738.565652000 0 0
1484558738.568812000 0 0
1484558739.027394000 0 0
1484558739.082940000 0 0
1484558739.087601000 0 0
1484558739.093043000 0 0
1484558739.277532000 0 0
1484558739.300661000 0 0
1484558738.342055000 1544 0
1484558739.101060000 454 0
1484558739.339122000 0 0
1484558739.339803000 0 0
1484558739.341451000 0 0
1484558739.343635000 0 0
1484558739.343822000 0 0
1484558739.346547000 0 0
1484558739.346766000 0 0
1484558739.349091000 0 0
1484558739.351442000 0 0
1484558739.352519000 0 0
1484558739.354533000 0 0
1484558739.363693000 0 0
1484558739.422753000 0 0
1484558739.426056000 0 0
1484558739.426008000 0 0
1484558739.442173000 0 718
1484558739.459009000 0 620
1484558739.461947000 0 0
1484558739.464804000 1026 1043
1484558739.487259000 0 0
1484558739.491577000 0 0
1484558739.482474000 1043 0
1484558739.486563000 0 1025
1484558739.494855000 0 0
1484558739.508643000 0 2034
1484558739.512170000 0 0
1484558739.502831000 1025 0
1484558739.520837000 1026 0
1484558739.522436000 0 0
1484558739.530623000 0 0
1484558739.313644000 454 0
1484558739.457841000 718 0
1484558739.468337000 620 0
1484558750.715485000 0 0
1484558750.717634000 0 0
1484558750.721858000 51984 0
1484559072.228012000 0 0
1484559072.279967000 0 0
1484559072.282384000 0 0
1484559072.286447000 0 0
1484559072.295035000 0 0
1484559072.298339000 0 0
1484559072.300387000 0 0
1484558738.564158000 0 0
1484559072.363045000 0 0
1484559072.366242000 0 0
1484559072.632017000 0 0
1484559072.641248000 0 0
1484559072.643836000 0 0
1484559072.646838000 0 0
1484559072.648722000 0 0
1484559072.651950000 0 0
1484559072.655584000 0 0
1484559072.842188000 0 0
1484559072.844285000 0 0
1484559072.846577000 0 0
1484559072.848651000 0 0
1484559072.850686000 0 0
1484559072.895614000 0 0
1484559072.901042000 0 0
1484559072.902976000 0 0
1484559072.917200000 0 0
1484559072.919734000 0 0
1484559072.928148000 0 0
1484559072.831195000 0 0
1484559072.933054000 0 0
1484559072.936613000 0 0
1484559072.948708000 0 0
1484559072.950915000 0 0
1484559072.953786000 0 0
1484559072.956236000 0 0
1484559072.959336000 0 0
1484559072.962732000 0 0
1484559072.997555000 0 0
1484559072.999422000 0 0
1484559073.003842000 0 0
1484559073.005781000 0 0
1484559073.007583000 0 0
1484559073.010213000 0 0
1484559073.023539000 0 0
1484559073.025312000 0 0
1484559073.028931000 0 0
1484559073.031808000 0 0
1484559073.049298000 0 0
1484559073.052615000 0 0
1484559073.054602000 0 0
1484559073.057008000 0 0
1484559073.059119000 0 0
1484559073.062298000 0 0
1484559073.080865000 0 0
1484559073.084989000 0 0
1484559073.087200000 0 0
1484559073.089300000 0 0
1484559073.092420000 0 0
1484559073.099609000 0 0
1484559073.112018000 0 0
1484559073.115869000 0 0
1484559073.118510000 0 0
1484559073.122051000 0 0
1484559072.829266000 454 0
1484559072.907702000 402 0
1484559072.976080000 3528 0
1484559073.037097000 504 0
1484559072.660954000 274 0
1484559072.292488000 568 0
1484559073.127023000 504 0
1484559073.068956000 4955 0
1484559073.103688000 5103 0
1484559073.016669000 5084 0
1484559106.571913000 0 0
1484559106.574281000 0 0
1484559106.724956000 0 0
1484559106.728887000 0 0
1484559106.961282000 0 0
1484559107.000328000 0 0
1484559109.304775000 0 1921
1484559109.322719000 0 0
1484559109.327738000 1026 1086
1484559109.339460000 0 0
1484559109.345853000 0 0
1484559109.348485000 0 0
1484559109.579693000 0 1662
1484559109.581036000 0 0
1484559109.591295000 3324 0
1484559109.592343000 0 0
1484559109.606833000 0 0
1484559109.611222000 0 0
1484559109.335262000 1086 0
1484559109.352295000 0 2041
1484559109.625482000 0 1035
1484559109.627853000 0 0
1484559109.618997000 1006 0
1484559109.634724000 2070 0
1484559109.635730000 0 0
1484559109.648202000 0 0
1484559109.653800000 0 0
1484559109.656337000 0 0
1484559109.647539000 1035 1035
1484559109.314514000 1921 0
1484559109.662275000 1035 0
1484559135.390362000 0 0
1484559135.394183000 0 0
1484559136.185426000 0 0
1484559136.192439000 0 0
1484559136.244306000 0 0
1484559136.247429000 0 0
1484559136.187247000 0 0
1484559136.281453000 0 0
1484559142.056207000 0 0
1484559142.047154000 0 0
1484559150.022438000 0 0
1484559150.025021000 0 0
1484559150.102018000 0 0
1484559150.106895000 0 0
1484559150.124083000 0 0
1484559152.375181000 0 1921
1484559152.394940000 1035 1095
1484559152.406993000 0 0
1484559152.415106000 0 0
1484559152.678443000 0 0
1484559152.678826000 0 1662
1484559152.696494000 0 0
1484559152.700446000 0 0
1484559152.401608000 1095 0
1484559152.683980000 0 2043
1484559152.709578000 1007 0
1484559152.715036000 0 1036
1484559152.727974000 0 0
1484559136.180861000 454 0
1484559136.266044000 274 0
1484559178.313228000 0 0
1484559178.315283000 0 0
1484559178.738594000 0 0
1484559178.741016000 0 0
1484559178.743815000 0 0
1484559178.746439000 0 0
1484559178.751017000 0 0
1484559178.737113000 0 0
1484559152.385156000 1921 0
1484559152.688694000 1662 0
1484559152.723897000 1036 0
1484559186.343658000 0 0
1484559186.584873000 0 0
1484559186.588823000 0 0
1484559186.605646000 0 0
1484559186.608325000 0 0
1484559188.860697000 0 1921
1484559188.877779000 0 0
1484559188.884291000 0 0
1484559188.881068000 1036 2012
1484559188.898844000 0 0
1484559189.018245000 0 1662
1484559189.036172000 0 0
1484559189.040014000 0 0
1484559189.038127000 0 2043
1484559188.893449000 1036 0
1484559189.048908000 1036 0
1484559189.057551000 0 0
1484559191.850963000 0 0
1484559191.857579000 0 0
1484559191.863030000 0 0
1484559189.026908000 1662 0
1484559191.866563000 0 0
1484559191.877721000 0 1921
1484559191.898699000 0 0
1484559191.896209000 1036 2012
1484559191.913639000 0 0
1484559192.188376000 0 1662
1484559192.203845000 0 0
1484559192.208547000 0 0
1484559192.206109000 0 2043
1484559191.908190000 1036 0
1484559192.218442000 1036 0
1484559192.225153000 0 0
1484559188.870140000 1921 0
1484559191.886331000 1921 0
1484559192.196558000 1662 0
1484559072.892784000 0 0
1484559073.002333000 0 0
1484559178.735502000 454 0
1484559178.749677000 274 0
