1484573311.299953000 0 0
1484573311.310205000 0 0
1484573311.320313000 0 0
1484573311.329981000 0 0
1484573311.349207000 0 0
1484573312.581889000 392 0
1484573312.770982000 0 0
1484573312.773699000 0 0
1484573312.781549000 0 0
1484573312.730423000 392 0
1484573313.361182000 0 0
1484573313.363845000 0 0
1484573313.387936000 0 0
1484573313.411771000 0 0
1484573313.485290000 0 0
1484573313.488319000 0 0
1484573313.598503000 0 0
1484573313.600869000 0 0
1484573313.603419000 0 0
1484573313.605814000 0 0
1484573312.825460000 111 0
1484573313.583256000 430 0
1484573313.589522000 580 0
1484573313.597810000 698 0
1484573313.625626000 504 0
1484573313.720550000 194 0
1484573313.734678000 1087 0
1484573313.341487000 784 0
1484574055.618363000 0 0
1484574055.663779000 0 0
1484574055.667627000 0 0
1484574055.676521000 0 0
1484574055.763042000 0 0
1484574055.767133000 0 0
1484574034.520515000 784 0
1484574055.683961000 580 0
1484574234.935505000 0 0
1484574234.999506000 0 0
1484574235.204105000 0 0
1484574235.208041000 0 0
1484574235.217871000 0 0
1484574235.272965000 0 0
1484574235.276147000 0 0
1484574235.296443000 398 0
1484574235.226158000 392 0
1484575013.281607000 0 0
1484575013.285111000 0 0
1484575013.294180000 0 0
1484575013.300069000 392 0
1484575047.175105000 0 0
1484574247.656105000 0 0
1484575066.134577000 392 0
1484575092.696336000 0 0
1484575092.700941000 0 0
1484575092.709991000 0 0
1484575092.720438000 0 0
1484575092.899268000 0 0
1484575092.902464000 0 0
1484575092.906250000 0 0
1484575092.909921000 0 0
1484575092.927671000 0 0
1484575092.931418000 0 0
1484575092.946072000 0 0
1484575092.949190000 0 0
1484575092.953637000 0 0
1484575092.976620000 0 0
1484575092.980358000 0 0
1484575092.642661000 392 0
1484575092.717102000 580 0
1484575092.887802000 504 0
1484575092.916288000 504 0
1484575092.960100000 398 0
1484574235.049216000 0 0
1484575631.501758000 0 0
1484575631.547552000 0 0
1484575631.551177000 0 0
1484575631.560141000 0 0
1484575631.566961000 398 0
1484575877.911053000 0 0
1484579613.917577000 0 0
1484579613.922704000 0 0
1484583364.089868000 0 0
1484583364.141785000 0 0
1484583364.144980000 0 0
1484583364.153181000 0 0
1484583364.157966000 392 0
1484585316.105622000 0 0
1484585316.112180000 0 0
1484589422.307696000 0 0
1484589422.354932000 0 0
1484589422.358181000 0 0
1484589422.367214000 0 0
1484589422.371574000 392 0
1484590146.207328000 0 0
1484591498.271159000 0 0
1484591498.276628000 0 0
1484593851.206813000 0 0
1484593851.259702000 0 0
1484593851.262653000 0 0
1484593851.270692000 0 0
1484593851.273771000 392 0
1484597199.958354000 0 0
1484597199.963681000 0 0
1484598524.181865000 0 0
1484598524.234309000 0 0
1484598524.238022000 0 0
1484598524.247118000 0 0
1484575013.201308000 0 0
1484574234.996909000 0 0
1484598524.619337000 0 0
1484598524.624154000 0 0
1484598524.626621000 0 0
1484598524.629177000 0 0
1484598524.649130000 0 0
1484598524.652451000 0 0
1484598524.675319000 0 0
1484598524.621900000 0 0
1484598524.594769000 0 0
1484598524.595595000 0 0
1484573313.373962000 0 0
