1484561301.407629000 0 0
1484561302.438762000 0 0
1484561302.441381000 0 0
1484561302.449153000 0 0
1484561302.453720000 0 0
1484561302.455209000 0 0
1484561304.400673000 0 0
1484561304.399771000 0 0
1484561301.481565000 282 0
1484562030.747422000 0 0
1484562035.795954000 0 0
1484562035.799376000 0 0
1484562035.808791000 0 0
1484562031.258694000 282 0
1484562062.380050000 0 0
1484562062.436632000 282 0
1484562141.972259000 0 0
1484562141.975124000 0 0
1484562141.983426000 0 0
1484562141.989425000 0 0
1484562141.996636000 0 0
1484562142.286604000 0 0
1484562148.567152000 0 0
1484562148.569339000 0 0
1484562149.968607000 0 0
1484562149.974824000 0 0
1484562149.976764000 0 0
1484562149.978763000 0 0
1484562149.980697000 0 0
1484562150.026258000 0 0
1484562150.029218000 0 0
1484562150.031564000 0 0
1484562150.034496000 0 0
1484562150.080669000 0 0
1484562150.086384000 0 0
1484562150.110818000 0 55
1484562150.123057000 55 0
1484562150.130068000 55 120
1484562150.137396000 120 0
1484562150.143590000 120 129
1484562150.150253000 129 0
1484562150.091192000 129 0
1484562150.089647000 0 0
1484562150.160509000 129 0
1484562150.168035000 129 0
1484562150.175132000 0 195
1484562150.236853000 0 0
1484562141.866732000 1378 0
1484562141.916618000 0 0
1484562141.954107000 0 0
1484562149.989475000 0 80
1484562149.957295000 0 0
1484562142.623681000 0 0
1484562149.962330000 0 0
1484562165.319880000 0 0
1484562148.574643000 402 0
1484562149.987050000 80 0
1484562142.283561000 0 0
1484562180.160419000 0 0
1484562180.178030000 0 0
1484562180.163040000 0 0
1484562180.134076000 0 0
1484562180.130549000 0 0
1484562141.987170000 564 0
1484562180.168690000 202 0
1484562180.176205000 180 0
1484562539.431708000 0 0
1484562539.444200000 282 0
1484562906.185043000 0 0
1484562906.197832000 282 0
1484563702.594219000 0 0
1484563707.607454000 0 0
1484563707.611598000 0 0
1484563707.621393000 0 0
1484563710.120033000 0 0
1484563710.122989000 0 0
1484563710.126879000 0 0
1484563710.132673000 0 0
1484563710.207953000 0 0
1484563710.680550000 0 0
1484563710.682535000 0 0
1484563712.987419000 0 0
1484563712.989643000 0 0
1484563710.078180000 1378 0
1484563710.100412000 0 0
1484563710.104271000 0 0
1484563710.688549000 402 0
1484563702.637380000 282 0
1484563710.274422000 0 0
1484563712.843847000 0 0
1484564153.749390000 0 0
1484564153.752619000 0 0
1484564153.754923000 0 0
1484564659.868193000 0 0
1484564659.872730000 0 0
1484563716.761924000 0 0
1484563710.206312000 0 0
1484564920.030937000 0 0
1484564920.035133000 0 0
1484564920.033417000 0 0
1484564920.013903000 0 0
1484564920.014574000 0 0
1484564921.677408000 0 0
1484564926.179811000 0 0
1484564926.182398000 0 0
1484564926.191516000 0 0
1484564926.195947000 0 0
1484564926.202187000 0 0
1484564926.528693000 0 0
1484564926.531123000 0 0
1484564926.545172000 0 0
1484564926.547813000 0 0
1484564926.096160000 1378 0
1484564926.118736000 0 0
1484564926.155182000 0 0
1484564920.038217000 202 0
1484564920.043176000 180 0
1484564926.537378000 402 0
1484564921.766765000 282 0
1484564970.790756000 0 0
1484564970.793579000 0 0
1484564970.801504000 0 0
1484564970.799503000 180 0
1484565454.215222000 0 0
1484565454.218802000 0 0
1484565454.221519000 0 0
1484565545.960600000 0 0
1484565545.964726000 0 0
1484565545.968060000 0 0
1484564964.921357000 0 0
1484565555.899772000 0 0
1484566907.279501000 0 0
1484566912.311611000 0 0
1484566912.314239000 0 0
1484566912.322888000 0 0
1484566908.048200000 282 0
1484567380.103793000 0 0
1484567380.111287000 0 0
1484567380.113685000 0 0
1484565629.824729000 0 0
1484567395.257014000 0 0
1484567428.408862000 0 0
1484564926.303723000 0 0
1484567607.179305000 0 0
1484567607.904765000 282 0
1484567675.217391000 0 0
1484567675.429850000 0 0
1484567675.432629000 0 0
1484567675.440517000 0 0
1484567675.446188000 0 0
1484567681.615840000 0 0
1484567681.618728000 0 0
1484567681.621910000 0 0
1484567675.443631000 282 0
1484567701.060683000 0 0
1484567701.065288000 0 0
1484567701.073831000 0 0
1484567701.082424000 0 0
1484567701.094326000 0 0
1484567701.096282000 0 0
1484567701.098304000 0 0
1484567701.108319000 0 0
1484567701.110303000 0 0
1484567701.118800000 0 0
1484567701.120701000 0 0
1484567701.122724000 0 0
1484567701.154096000 0 0
1484567701.157643000 0 0
1484567701.733477000 0 0
1484567701.735912000 0 0
1484567701.675742000 0 0
1484567701.079978000 402 0
1484567701.088380000 504 0
1484567701.102969000 504 0
1484567701.127657000 402 0
1484567701.112455000 282 0
