1484551289.668010000 0 0
1484551289.679040000 0 0
1484551289.691995000 0 0
1484551289.702963000 0 0
1484551289.716707000 0 0
1484551292.687987000 282 0
1484551296.839193000 0 0
1484551296.847888000 0 0
1484551296.862911000 0 0
1484551300.231933000 0 0
1484551300.239089000 0 0
1484551300.246691000 0 0
1484551300.343082000 0 0
1484551300.396534000 0 0
1484551300.566731000 0 0
1484551300.589992000 0 0
1484551300.591842000 0 0
1484551300.596659000 0 0
1484551300.598908000 0 0
1484551300.620944000 0 0
1484551300.630176000 0 0
1484551300.652027000 0 0
1484551300.659921000 0 0
1484551300.666572000 0 0
1484551300.670933000 0 0
1484551300.661160000 0 0
1484551293.470591000 111 0
1484551300.424320000 2121 0
1484551300.438170000 1087 0
1484551300.584955000 129 0
1484551300.613259000 129 0
1484551300.610600000 578 0
1484551300.655945000 129 0
1484551300.700427000 544 0
1484551300.741694000 504 0
1484551295.269120000 282 0
1484552075.000177000 0 0
1484552075.273527000 0 0
1484552075.285139000 0 0
1484552075.298040000 0 0
1484552075.406231000 0 0
1484552075.413368000 0 0
1484552053.496411000 564 0
1484552075.308810000 578 0
