1484572399.433592000 0 0
1484572399.449846000 0 0
1484572399.455016000 0 0
1484572399.473941000 0 0
1484572399.479553000 0 0
1484572400.945035000 0 0
1484572400.948874000 0 0
1484572400.948677000 0 0
1484572400.959436000 0 0
1484572400.963095000 0 0
1484572400.961989000 0 0
1484572401.022163000 0 0
1484572401.066229000 0 0
1484572401.068699000 0 0
1484572400.717569000 282 0
1484572401.013618000 1391 0
1484572401.036081000 104 0
1484572401.080764000 0 0
1484572401.054360000 1213 0
1484572401.079080000 568 0
1484572401.104008000 0 0
1484572401.114078000 0 0
1484572401.099790000 129 0
1484572401.090931000 1380 0
1484572401.112751000 1739 0
1484572401.111466000 282 0
1484572400.985840000 0 0
1484572401.121763000 1137 0
1484572401.146881000 0 0
1484572401.161946000 0 0
1484572401.125472000 129 0
1484572401.133783000 1039 0
1484572401.179716000 0 0
1484572401.184053000 0 0
1484572401.184102000 129 0
1484572401.265396000 0 0
1484572401.271264000 0 0
1484572401.265392000 0 0
1484572401.722793000 0 0
1484572401.725383000 0 0
1484572401.200980000 111 0
1484572401.272591000 544 0
1484572401.522309000 504 0
1484572401.551614000 1391 0
1484572401.559541000 1380 0
1484572401.563980000 1739 0
1484572401.672181000 282 0
1484572402.206147000 0 0
1484572402.450328000 0 0
1484572402.507936000 7868 0
1484572402.644969000 9046 0
1484572402.053740000 4096 0
1484572430.991878000 0 0
1484572430.994713000 0 0
1484572431.003253000 0 0
1484572431.007134000 0 0
1484572431.011721000 0 0
1484572432.129825000 0 0
1484572432.138421000 0 0
1484572432.145456000 0 0
1484572432.152137000 0 0
1484572432.180490000 0 0
1484572432.208426000 0 0
1484572432.230357000 0 0
1484572432.251533000 0 0
1484572432.271334000 0 0
1484572432.277630000 0 0
1484572432.443848000 0 0
1484572432.905225000 0 0
1484572432.954562000 0 0
1484572433.077184000 0 0
1484572433.284384000 0 0
1484572433.287634000 0 0
1484572433.290643000 0 0
1484572433.293959000 0 0
1484572433.296547000 0 0
1484572433.328006000 0 0
1484572433.363590000 0 0
1484572433.367002000 0 0
1484572433.500083000 0 0
1484572433.537152000 0 0
1484572433.674273000 0 0
1484572433.702992000 0 0
1484572433.707623000 0 18830
1484572433.892713000 0 0
1484572433.895751000 0 0
1484572433.690172000 18830 0
1484572433.696891000 0 0
1484572433.898695000 0 0
1484572434.145907000 0 230
1484572434.158249000 0 497
1484572434.167239000 0 0
1484572434.170397000 0 0
1484572434.173322000 0 0
1484572434.180568000 0 0
1484572434.185759000 0 0
1484572434.184696000 0 0
1484572434.293386000 0 0
1484572435.334011000 0 0
1484572435.360400000 0 0
1484572435.931902000 0 8374
1484572436.032563000 0 0
1484572436.035627000 0 0
1484572435.373679000 7589 0
1484572436.038862000 0 0
1484572436.048419000 0 0
1484572436.054027000 0 0
1484572436.052928000 0 0
1484572436.558589000 0 0
1484572436.754939000 0 0
1484572437.272158000 0 0
1484572437.304825000 0 0
1484572437.371361000 0 7642
1484572433.521411000 7636 0
1484572437.380750000 0 0
1484572437.423169000 0 53
1484572437.393967000 204 0
1484572437.430517000 0 0
1484572437.500004000 0 7636
1484572437.508321000 0 0
1484572437.538261000 0 0
1484572437.849869000 0 0
1484572438.222153000 0 0
1484572438.225035000 0 0
1484572438.369044000 0 0
1484572438.371777000 0 0
1484572438.376275000 0 0
1484572438.406178000 0 0
1484572438.422873000 0 0
1484572438.836030000 0 0
1484572438.860654000 0 0
1484572438.865284000 0 0
1484572438.943540000 0 0
1484572438.863897000 0 0
1484572438.947876000 0 0
1484572438.961217000 0 0
1484572438.964470000 0 0
1484572438.967240000 0 0
1484572438.970601000 0 0
1484572438.973399000 0 0
1484572438.959614000 0 0
1484572438.977819000 0 0
1484572439.100706000 0 0
1484572439.104024000 0 0
1484572439.107338000 0 0
1484572439.110363000 0 0
1484572439.113897000 0 0
1484572439.117220000 0 0
1484572439.120046000 0 0
1484572439.122923000 0 0
1484572439.125611000 0 0
1484572439.128442000 0 0
1484572439.131087000 0 0
1484572439.133854000 0 0
1484572439.136459000 0 0
1484572439.139268000 0 0
1484572439.142837000 0 0
1484572439.146155000 0 0
1484572439.149527000 0 0
1484572439.153368000 0 0
1484572439.156830000 0 0
1484572439.160193000 0 0
1484572439.163199000 0 0
1484572439.167063000 0 0
1484572439.170538000 0 0
1484572439.173748000 0 0
1484572439.176736000 0 0
1484572439.181064000 0 0
1484572439.184981000 0 0
1484572439.188232000 0 0
1484572439.191817000 0 0
1484572439.196858000 0 0
1484572439.200242000 0 0
1484572439.203991000 0 0
1484572439.207668000 0 0
1484572439.210835000 0 0
1484572439.213993000 0 0
1484572439.217377000 0 0
1484572439.221445000 0 0
1484572439.231383000 0 0
1484572439.235055000 0 0
1484572439.098408000 0 0
1484572439.240084000 0 0
1484572439.245347000 0 0
1484572439.248800000 0 0
1484572439.252428000 0 0
1484572439.262455000 0 0
1484572439.265928000 0 0
1484572439.329428000 0 0
1484572439.334385000 0 0
1484572439.332682000 0 0
1484572439.339093000 0 0
1484572439.362224000 0 0
1484572439.366049000 0 0
1484572439.370580000 0 0
1484572439.445959000 0 0
1484572439.472415000 0 0
1484572439.476063000 0 0
1484572439.480747000 0 0
1484572439.485124000 0 0
1484572439.495889000 0 0
1484572439.499861000 0 0
1484572439.504508000 0 0
1484572439.343039000 0 0
1484572439.509403000 0 0
1484572439.719096000 0 0
1484572439.722154000 0 0
1484572439.725010000 0 0
1484572439.727760000 0 0
1484572439.746599000 0 0
1484572439.749528000 0 0
1484572439.812439000 0 0
1484572439.815516000 0 0
1484572439.818425000 0 0
1484572439.879052000 0 0
1484572439.717284000 0 0
1484572439.894547000 0 0
1484572439.899717000 0 0
1484572439.904207000 0 0
1484572439.906919000 0 0
1484572439.902838000 0 0
1484572439.919502000 0 0
1484572439.931126000 0 0
1484572439.947821000 0 0
1484572439.951250000 0 0
1484572439.953829000 0 0
1484572439.946346000 0 0
1484572439.958727000 0 0
1484572439.963276000 0 0
1484572439.970759000 0 0
1484572439.961771000 0 0
1484572439.975222000 0 0
1484572439.978440000 0 0
1484572440.085225000 0 0
1484572440.088300000 0 0
1484572440.098476000 0 0
1484572439.981711000 0 0
1484572440.103230000 0 0
1484572440.106514000 0 0
1484572440.120305000 0 0
1484572440.134503000 0 0
1484572440.142115000 0 0
1484572440.109522000 0 0
1484572440.146295000 0 0
1484572440.169329000 0 0
1484572440.181825000 0 0
1484572440.185063000 0 0
1484572440.162479000 0 0
1484572440.188997000 0 0
1484572440.294279000 0 0
1484572440.310105000 0 0
1484572440.312990000 0 0
1484572440.323152000 0 0
1484572440.326458000 0 0
1484572440.339473000 0 0
1484572440.349311000 0 0
1484572440.352661000 0 0
1484572440.355530000 0 0
1484572440.358300000 0 0
1484572440.361097000 0 0
1484572440.363933000 0 0
1484572440.367174000 0 0
1484572440.369945000 0 0
1484572440.292611000 0 0
1484572440.374047000 0 0
1484572440.379415000 0 0
1484572440.394688000 0 0
1484572440.398291000 0 0
1484572440.401090000 0 0
1484572440.404152000 0 0
1484572440.407397000 0 0
1484572440.410406000 0 0
1484572440.413610000 0 0
1484572440.427748000 0 0
1484572440.393053000 0 0
1484572440.432312000 0 0
1484572440.436848000 0 0
1484572440.463602000 0 0
1484572440.466732000 0 0
1484572440.469930000 0 0
1484572440.482735000 0 0
1484572440.532323000 0 0
1484572440.535212000 0 0
1484572440.538155000 0 0
1484572440.552665000 0 0
1484572440.555460000 0 0
1484572440.568844000 0 0
1484572440.574880000 0 0
1484572440.578245000 0 0
1484572440.581045000 0 0
1484572440.584236000 0 0
1484572440.586943000 0 0
1484572440.599243000 0 0
1484572440.602066000 0 0
1484572440.445106000 0 0
1484572440.606230000 0 0
1484572440.612294000 0 0
1484572440.628519000 0 0
1484572440.631676000 0 0
1484572440.634721000 0 0
1484572440.626667000 0 0
1484572440.638977000 0 0
1484572440.641924000 0 0
1484572440.676565000 0 0
1484572440.679730000 0 0
1484572440.682799000 0 0
1484572440.685686000 0 0
1484572440.688685000 0 0
1484572440.691530000 0 0
1484572440.694739000 0 0
1484572440.697817000 0 0
1484572440.700811000 0 0
1484572440.703633000 0 0
1484572440.706558000 0 0
1484572440.709430000 0 0
1484572440.712393000 0 0
1484572440.715294000 0 0
1484572440.663130000 0 0
1484572440.719888000 0 0
1484572440.725957000 0 0
1484572440.735166000 0 0
1484572440.742430000 0 0
1484572440.754499000 0 0
1484572440.757688000 0 0
1484572440.760792000 0 0
1484572440.763859000 0 0
1484572440.776333000 0 0
1484572440.779788000 0 0
1484572440.782804000 0 0
1484572440.786019000 0 0
1484572440.733645000 0 0
1484572440.790783000 0 0
1484572440.795567000 0 0
1484572440.811089000 0 0
1484572440.813923000 0 0
1484572440.816802000 0 0
1484572440.819623000 0 0
1484572440.823278000 0 0
1484572440.826608000 0 0
1484572440.830403000 0 0
1484572440.842985000 0 0
1484572440.851763000 0 0
1484572440.864635000 0 0
1484572440.867949000 0 0
1484572440.871372000 0 0
1484572440.873919000 0 0
1484572440.876951000 0 0
1484572440.880087000 0 0
1484572440.882944000 0 0
1484572440.885897000 0 0
1484572440.809230000 0 0
1484572440.890508000 0 0
1484572441.039122000 0 0
1484572441.307236000 0 0
1484572441.310314000 0 0
1484572441.345393000 0 0
1484572441.358668000 0 0
1484572441.114803000 0 0
1484572441.363353000 0 0
1484572441.372003000 0 0
1484572441.386067000 0 0
1484572441.388998000 0 0
1484572441.392240000 0 0
1484572441.395051000 0 0
1484572441.384694000 0 0
1484572441.410180000 0 0
1484572441.413768000 0 0
1484572441.426348000 0 0
1484572441.430259000 0 0
1484572441.445082000 0 0
1484572441.449007000 0 0
1484572441.452815000 0 0
1484572441.456696000 0 0
1484572441.468448000 0 0
1484572441.471589000 0 0
1484572441.496825000 0 0
1484572441.500039000 0 0
1484572441.502927000 0 0
1484572441.424473000 0 0
1484572441.507172000 0 0
1484572441.512027000 0 0
1484572441.529489000 0 0
1484572441.532604000 0 0
1484572441.535644000 0 0
1484572441.538625000 0 0
1484572441.549233000 0 0
1484572441.552457000 0 0
1484572441.565537000 0 0
1484572441.573666000 0 0
1484572441.576996000 0 0
1484572441.579795000 0 0
1484572441.590934000 0 0
1484572441.594250000 0 0
1484572441.597044000 0 0
1484572441.600042000 0 0
1484572441.603045000 0 0
1484572441.606387000 0 0
1484572441.609972000 0 0
1484572441.613139000 0 0
1484572441.527553000 0 0
1484572441.617469000 0 0
1484572441.624535000 0 0
1484572441.635990000 0 0
1484572441.650013000 0 0
1484572441.652957000 0 0
1484572441.656034000 0 0
1484572441.658703000 0 0
1484572441.668099000 0 0
1484572441.671170000 0 0
1484572441.680801000 0 0
1484572441.634541000 0 0
1484572441.685109000 0 0
1484572441.689245000 0 0
1484572441.704387000 0 0
1484572441.707159000 0 0
1484572441.710244000 0 0
1484572441.730482000 0 0
1484572441.733705000 0 0
1484572441.736401000 0 0
1484572441.739061000 0 0
1484572441.760374000 0 0
1484572441.765532000 0 0
1484572441.768397000 0 0
1484572441.771184000 0 0
1484572441.702509000 0 0
1484572441.775150000 0 0
1484572441.777920000 0 0
1484572441.782253000 0 0
1484572441.780931000 0 0
1484572441.786773000 0 0
1484572441.791204000 0 0
1484572441.797014000 0 0
1484572441.800567000 0 0
1484572441.795319000 0 0
1484572441.805408000 0 0
1484572441.809981000 0 0
1484572441.815968000 0 0
1484572441.818852000 0 0
1484572441.821687000 0 0
1484572441.824564000 0 0
1484572441.813989000 0 0
1484572441.829012000 0 0
1484572441.833620000 0 0
1484572441.848205000 0 0
1484572441.856214000 0 0
1484572441.859157000 0 0
1484572441.862258000 0 0
1484572441.865258000 0 0
1484572441.836970000 0 0
1484572441.869640000 0 0
1484572441.873346000 0 0
1484572441.877786000 0 0
1484572441.876461000 0 0
1484572441.882111000 0 0
1484572441.885312000 0 0
1484572441.889707000 0 0
1484572441.912557000 0 0
1484572441.888384000 0 0
1484572441.917175000 0 0
1484572441.921384000 0 0
1484572441.934057000 0 0
1484572441.936927000 0 0
1484572441.939918000 0 0
1484572441.943009000 0 0
1484572441.946231000 0 0
1484572441.948955000 0 0
1484572441.951909000 0 0
1484572441.954707000 0 0
1484572441.958154000 0 0
1484572441.961702000 0 0
1484572441.965029000 0 0
1484572441.967809000 0 0
1484572441.932560000 0 0
1484572441.982591000 0 0
1484572441.985741000 0 0
1484572441.989993000 0 0
1484572441.992837000 0 0
1484572441.995672000 0 0
1484572441.998469000 0 0
1484572441.988645000 0 0
1484572442.002657000 0 0
1484572442.006592000 0 0
1484572442.010832000 0 0
1484572442.013509000 0 0
1484572442.016371000 0 0
1484572442.125636000 0 0
1484572442.009507000 0 0
1484572442.131173000 0 0
1484572442.135245000 0 0
1484572442.139363000 0 0
1484572442.142411000 0 0
1484572442.145260000 0 0
1484572442.148157000 0 0
1484572442.151018000 0 0
1484572442.138219000 0 0
1484572442.155301000 0 0
1484572442.159007000 0 0
1484572442.162111000 0 0
1484572442.164865000 0 0
1484572442.168014000 0 0
1484572442.183806000 0 0
1484572442.186893000 0 0
1484572442.189632000 0 0
1484572442.192502000 0 0
1484572442.195639000 0 0
1484572442.182154000 0 0
1484572442.200568000 0 0
1484572442.204991000 0 0
1484572442.207832000 0 0
1484572442.220694000 0 0
1484572442.223849000 0 0
1484572442.203610000 0 0
1484572442.231310000 0 0
1484572442.236230000 0 0
1484572442.254476000 0 0
1484572442.257286000 0 0
1484572442.260019000 0 0
1484572442.262848000 0 0
1484572442.265547000 0 0
1484572442.268176000 0 0
1484572442.270841000 0 0
1484572442.273617000 0 0
1484572442.252833000 0 0
1484572442.278017000 0 0
1484572442.394736000 0 0
1484572442.417795000 0 0
1484572442.420820000 0 0
1484572442.424063000 0 0
1484572442.426997000 0 0
1484572442.429658000 0 0
1484572442.433070000 0 0
1484572442.435755000 0 0
1484572442.439007000 0 0
1484572442.441641000 0 0
1484572442.444512000 0 0
1484572442.447202000 0 0
1484572443.234211000 0 0
1484572443.263812000 0 0
1484572443.489646000 0 0
1484572443.507429000 0 0
1484572443.526180000 0 0
1484572443.550634000 131072 0
1484572443.586986000 0 0
1484572443.600090000 0 0
1484572444.008819000 0 0
1484572444.014341000 0 2
1484572444.024557000 0 0
1484572444.027955000 0 0
1484572443.515680000 2 0
1484572443.998512000 0 0
1484572444.031290000 0 0
1484572430.686314000 1039 0
1484572430.814232000 0 0
1484572430.838308000 0 0
1484572431.685675000 0 0
1484572432.333958000 208 0
1484572444.894444000 0 0
1484572444.961438000 0 0
1484572435.338648000 0 0
1484572435.354945000 8140 0
1484572416.377641000 564 0
1484572432.150181000 10 0
1484572432.166172000 10 0
1484572432.205701000 192 0
1484572432.935887000 31234 0
1484572432.967808000 4431 0
1484572433.115100000 16384 0
1484572433.270508000 470 0
1484572433.572558000 208620 0
1484572434.204365000 497 0
1484572436.580844000 32768 0
1484572437.295887000 47905 0
1484572437.318955000 8 0
1484572437.447937000 7495 0
1484572437.407616000 25 0
1484572437.551290000 504 0
1484572437.868964000 7651 0
1484572438.451887000 35693 0
1484572438.470963000 9860 0
1484572438.854051000 11042 0
1484572467.942818000 0 0
1484572468.279532000 0 0
1484572442.463665000 3434 3621
1484572468.589474000 0 0
1484572468.634264000 0 0
1484572468.678802000 0 0
1484572441.527792000 1391 0
1484572442.383631000 5023 0
1484572442.883986000 9833 0
1484572443.240896000 360 0
1484572443.303901000 209 0
1484572443.606337000 27 0
1484572444.203313000 574 0
1484572468.714785000 0 0
1484572468.821011000 0 7651
1484572468.831640000 0 0
1484572443.255052000 17795 9077
1484572472.002735000 0 0
1484572472.008216000 0 0
1484572472.059762000 0 0
1484572472.472269000 0 0
1484572472.554859000 0 0
1484572472.559141000 0 0
1484572472.930624000 0 0
1484572472.968372000 169 1073
1484572489.906463000 0 0
1484572490.028256000 0 0
1484572491.017872000 0 0
1484572491.275708000 0 0
1484572491.286342000 0 0
1484572491.300204000 0 0
1484572491.308049000 0 0
1484572491.339461000 0 66
1484572491.329320000 66 0
1484572491.347876000 0 0
1484572492.380390000 0 0
1484572492.472827000 0 0
1484572494.444620000 0 0
1484572494.447531000 0 0
1484572494.452048000 0 0
1484572494.456694000 0 0
1484572494.534104000 0 0
1484572494.540313000 0 0
1484572494.545856000 0 0
1484572494.550766000 0 0
1484572494.488400000 0 0
1484572494.588989000 0 137
1484572494.598867000 0 0
1484572494.558115000 137 0
1484572494.597547000 0 0
1484572494.610950000 0 0
1484572494.622056000 0 0
1484572494.644213000 0 0
1484572494.649403000 0 7275
1484572494.658674000 0 0
1484572494.657808000 0 0
1484572494.666593000 0 0
1484572494.677716000 0 0
1484572494.681649000 0 0
1484572494.685553000 0 0
1484572494.689421000 0 0
1484572494.693472000 0 0
1484572494.871563000 0 0
1484572494.875472000 0 0
1484572494.880605000 0 0
1484572494.885142000 0 0
1484572494.889802000 0 0
1484572494.904682000 0 0
1484572443.722179000 35394 4288
1484572495.834805000 0 0
1484572495.837360000 0 0
1484572495.846502000 0 0
1484572502.392803000 0 0
1484572502.395742000 0 0
1484572502.412727000 0 0
1484572502.650496000 0 0
1484572492.456730000 398 0
1484572492.463082000 282 0
1484572492.570816000 80 0
1484572494.784411000 51 0
1484572495.203740000 295 0
1484572495.423028000 199 0
1484572495.584859000 308 0
1484572495.611581000 341 0
1484572495.687881000 226 0
1484572495.703619000 202 0
1484572495.720442000 201 0
1484572495.738613000 158 0
1484572495.751455000 226 0
1484572495.768998000 292 0
1484572495.775749000 295 0
1484572495.788956000 302 0
1484572553.604024000 0 0
1484572553.607436000 0 0
1484572553.617678000 0 0
1484572553.626045000 0 0
1484572553.636808000 0 0
1484572553.622687000 398 0
1484572553.634074000 80 0
1484572553.514896000 199 0
1484572496.483803000 0 0
1484572641.300311000 0 0
1484572657.547345000 0 0
1484572658.116726000 0 0
1484572658.142058000 0 0
1484572658.149120000 0 0
1484572658.175642000 0 0
1484572658.301216000 0 0
1484572658.318005000 0 0
1484572658.327671000 0 0
1484572658.333595000 0 0
1484572658.361469000 0 0
1484572658.370603000 0 0
1484572658.467914000 0 0
1484572658.514819000 0 0
1484572658.749811000 0 0
1484572658.754242000 0 0
1484572658.758322000 0 0
1484572658.763256000 0 0
1484572658.766702000 0 0
1484572658.808296000 0 0
1484572658.854431000 0 0
1484572659.101877000 0 0
1484572659.106943000 0 0
1484572659.111364000 0 0
1484572659.130680000 0 0
1484572659.137791000 0 0
1484572659.217059000 0 0
1484572659.220601000 0 0
1484572659.223964000 0 0
1484572659.236811000 0 0
1484572659.246846000 0 0
1484572659.250373000 0 0
1484572659.253741000 0 0
1484572659.279968000 0 0
1484572659.470379000 0 0
1484572659.476233000 0 0
1484572659.485241000 0 0
1484572659.563479000 0 0
1484572659.600729000 0 0
1484572659.626963000 0 0
1484572659.750084000 0 0
1484572659.790183000 0 0
1484572659.794180000 0 18830
1484572660.066331000 0 0
1484572660.070397000 0 0
1484572659.776862000 18830 0
1484572659.783307000 0 0
1484572660.074439000 0 0
1484572660.122791000 0 8374
1484572660.220472000 0 0
1484572660.223941000 0 0
1484572659.616788000 7587 0
1484572660.227729000 0 0
1484572660.237723000 0 0
1484572660.243660000 0 0
1484572660.242404000 0 0
1484572660.269799000 0 0
1484572660.388265000 0 0
1484572660.421953000 0 0
1484572660.426123000 0 2
1484572660.434995000 0 0
1484572660.438138000 0 0
1484572659.482240000 2 0
1484572660.412423000 0 0
1484572660.441658000 0 0
1484572660.598223000 0 0
1484572660.601261000 0 0
1484572660.617200000 0 0
1484572660.632302000 0 0
1484572660.640447000 0 0
1484572660.912709000 393216 0
1484572661.510226000 0 0
1484572661.850721000 0 0
1484572662.014497000 0 53
1484572660.339220000 288 0
1484572662.025096000 0 0
1484572662.096530000 0 0
1484572662.129051000 0 0
1484572662.161994000 0 0
1484572662.163316000 0 90
1484572662.175029000 0 0
1484572662.178443000 0 0
1484572662.181072000 0 0
1484572662.180673000 0 0
1484572662.185590000 0 0
1484572662.173362000 0 0
1484572662.160665000 0 0
1484572662.233552000 0 0
1484572662.191114000 0 0
1484572662.243023000 0 0
1484572662.228248000 0 4096
1484572662.251157000 0 0
1484572662.224848000 0 0
1484572662.261115000 0 0
1484572662.281846000 0 0
1484572662.463768000 0 0
1484572663.988184000 0 0
1484572662.067132000 60198 0
1484572663.987207000 0 0
1484572664.000088000 0 0
1484572664.006755000 0 0
1484572664.005335000 0 0
1484572664.016893000 0 61034
1484572664.033371000 0 0
1484572661.854644000 0 0
1484572674.306291000 0 0
1484572662.276157000 0 4096
1484572674.317964000 0 0
1484572674.325994000 0 0
1484572662.269878000 0 0
1484572674.337424000 0 0
1484572676.189224000 0 7636
1484572676.200356000 0 0
1484572676.199206000 0 0
1484572656.135636000 104 0
1484572679.088819000 0 61386
1484572679.105980000 0 0
1484572679.115672000 0 0
1484572658.113221000 282 0
1484572658.154170000 10 0
1484572658.295713000 10 0
1484572658.304445000 111 0
1484572658.388157000 208 0
1484572658.695433000 98368 0
1484572659.012068000 16384 0
1484572659.079537000 1040 0
1484572659.261437000 185 0
1484572659.647377000 237211 0
1484572660.342103000 116 0
1484572660.406772000 3535 0
1484572660.425659000 3353 0
1484572660.426298000 309 0
1484572660.670991000 34842 0
1484572660.674531000 23396 0
1484572661.876909000 18130 0
1484572662.111964000 1251 0
1484572662.138957000 35011 0
1484572660.439681000 25 0
1484572662.158598000 29 0
1484572690.418026000 0 3506
1484572690.429584000 0 0
1484572664.823480000 1773 0
1484572691.841460000 0 0
1484572691.858792000 0 0
1484572691.865138000 0 98451
1484572691.911239000 0 0
1484572691.917219000 0 0
1484572691.921421000 0 0
1484572691.846969000 0 0
1484572691.925446000 0 0
1484572662.220386000 40960 0
1484572716.281623000 0 0
1484572716.292098000 0 0
1484572716.302234000 0 0
1484572716.309080000 0 0
1484572716.337474000 0 66
1484572716.328094000 66 0
1484572716.345867000 0 0
1484572719.338519000 0 0
1484572719.393681000 0 137
1484572719.404250000 0 0
1484572719.363467000 137 0
1484572719.402797000 0 0
1484572719.422146000 0 0
1484572719.432009000 0 0
1484572719.468721000 0 0
1484572719.474664000 0 12879
1484572719.487632000 0 0
1484572719.485652000 0 0
1484572719.499504000 0 0
1484572719.507851000 0 0
1484572719.532197000 0 0
1484572719.538536000 0 0
1484572719.545066000 0 0
1484572719.552961000 0 0
1484572719.563855000 0 0
1484572719.570674000 0 0
1484572719.576908000 0 0
1484572719.594417000 0 0
1484572719.610439000 0 0
1484572719.630448000 0 0
1484572719.638562000 0 0
1484572719.645981000 0 0
1484572719.653607000 0 0
1484572719.672800000 0 0
1484572719.681020000 0 0
1484572719.689773000 0 0
1484572719.696889000 0 0
1484572719.703112000 0 0
1484572719.717187000 0 0
1484572719.724493000 0 0
1484572719.741488000 0 0
1484572719.758610000 0 0
1484572719.819370000 0 0
1484572719.828966000 0 0
1484572719.866867000 0 0
1484572719.893430000 0 0
1484572719.935424000 0 0
1484572719.966533000 0 0
1484572720.029850000 0 0
1484572720.067880000 0 0
1484572720.319600000 0 0
1484572720.362988000 0 0
1484572720.372453000 0 0
1484572720.416065000 0 0
1484572720.426968000 0 0
1484572720.438350000 0 0
1484572720.467106000 0 0
1484572720.473774000 0 0
1484572720.479329000 0 0
1484572720.484812000 0 0
1484572720.635917000 0 0
1484572720.647362000 0 0
1484572720.668388000 0 0
1484572720.674952000 0 0
1484572720.681979000 0 0
1484572720.714072000 0 0
1484572720.723221000 0 0
1484572720.729249000 0 0
1484572720.735366000 0 0
1484572720.758926000 0 0
1484572720.765346000 0 0
1484572720.772281000 0 0
1484572720.778345000 0 0
1484572720.784428000 0 0
1484572720.790151000 0 0
1484572720.801664000 0 0
1484572720.807367000 0 0
1484572720.818143000 0 0
1484572720.824004000 0 0
1484572720.850415000 0 0
1484572720.856254000 0 0
1484572720.862403000 0 0
1484572720.882320000 0 0
1484572720.896790000 0 0
1484572720.905788000 0 0
1484572720.921436000 0 0
1484572720.927924000 0 0
1484572720.945152000 0 0
1484572720.960575000 0 0
1484572720.966713000 0 0
1484572720.972151000 0 0
1484572720.980697000 0 0
1484572720.991898000 0 0
1484572720.997766000 0 0
1484572721.003359000 0 0
1484572721.008848000 0 0
1484572721.025668000 0 0
1484572721.031617000 0 0
1484572721.037333000 0 0
1484572721.067622000 0 0
1484572721.073715000 0 0
1484572721.095617000 0 0
1484572721.101336000 0 0
1484572721.106940000 0 0
1484572721.113248000 0 0
1484572721.118404000 0 0
1484572721.123780000 0 0
1484572721.128920000 0 0
1484572721.134292000 0 0
1484572721.139671000 0 0
1484572721.144849000 0 0
1484572721.150404000 0 0
1484572721.155573000 0 0
1484572721.165378000 0 0
1484572721.181028000 0 0
1484572721.208831000 0 0
1484572721.214596000 0 0
1484572721.228021000 0 0
1484572721.251226000 0 0
1484572721.256622000 0 0
1484572721.260644000 0 0
1484572721.266791000 0 0
1484572721.396194000 0 0
1484572721.407909000 0 0
1484572721.414675000 0 0
1484572721.428984000 0 0
1484572721.436141000 0 0
1484572721.442210000 0 0
1484572721.448036000 0 0
1484572721.453539000 0 0
1484572721.472397000 0 0
1484572721.483732000 0 0
1484572721.489104000 0 0
1484572721.494833000 0 0
1484572721.639312000 0 0
1484572721.802311000 0 0
1484572721.809552000 0 0
1484572721.987476000 0 0
1484572721.995306000 0 0
1484572722.003856000 0 0
1484572722.010725000 0 0
1484572722.027507000 0 0
1484572722.035669000 0 0
1484572722.053588000 0 0
1484572722.071476000 0 0
1484572722.079417000 0 0
1484572722.087288000 0 0
1484572722.164718000 0 0
1484572722.181140000 0 0
1484572722.193568000 0 0
1484572722.201651000 0 0
1484572722.209214000 0 0
1484572722.216547000 0 0
1484572722.228496000 0 0
1484572722.233953000 0 0
1484572722.239146000 0 0
1484572722.262429000 0 0
1484572722.277501000 0 0
1484572722.285517000 0 0
1484572722.293199000 0 0
1484572722.300933000 0 0
1484572722.307126000 0 0
1484572722.320827000 0 0
1484572722.326857000 0 0
1484572722.332769000 0 0
1484572722.337982000 0 0
1484572722.343915000 0 0
1484572722.349723000 0 0
1484572722.364020000 0 0
1484572722.380387000 0 0
1484572722.386669000 0 0
1484572722.403794000 0 0
1484572722.410116000 0 0
1484572722.424715000 0 0
1484572722.439287000 0 0
1484572722.444867000 0 0
1484572722.461904000 0 0
1484572722.477610000 0 0
1484572722.489858000 0 0
1484572722.578101000 0 0
1484572722.586242000 0 0
1484572722.605276000 0 0
1484572722.611940000 0 0
1484572722.628239000 0 0
1484572722.643191000 0 0
1484572722.649699000 0 0
1484572722.694604000 0 0
1484572722.699123000 0 0
1484572722.703523000 0 0
1484572722.713327000 0 0
1484572722.722360000 0 0
1484572722.726919000 0 0
1484572722.731967000 0 0
1484572722.736237000 0 0
1484572722.740488000 0 0
1484572722.748689000 0 0
1484572722.766005000 0 0
1484572722.770167000 0 0
1484572722.791966000 0 0
1484572722.798702000 0 0
1484572722.815887000 0 0
1484572722.829397000 0 0
1484572722.837143000 0 0
1484572722.844878000 0 0
1484572722.852598000 0 0
1484572722.877225000 0 0
1484572722.927983000 0 0
1484572722.953999000 0 0
1484572722.962397000 0 0
1484572722.969693000 0 0
1484572722.986802000 0 0
1484572737.232865000 0 0
1484572737.255669000 6470 2470
1484572737.274121000 0 0
1484572737.298587000 0 0
1484572737.371000000 0 0
1484572737.395820000 0 0
1484572737.449790000 0 0
1484572737.487677000 0 0
1484572737.510226000 0 0
1484572737.538182000 0 0
1484572737.590152000 0 0
1484572737.641754000 0 0
1484572737.663870000 0 0
1484572737.692999000 0 0
1484572743.257904000 0 360
1484572743.272974000 0 0
1484572743.271056000 0 0
1484572744.484909000 0 0
1484572744.535570000 0 0
1484572744.562215000 0 0
1484572744.577574000 0 0
1484572744.583004000 0 31215
1484572744.610851000 0 0
1484572744.617503000 0 0
1484572744.622045000 0 0
1484572744.542525000 0 0
1484572744.626926000 0 0
1484572719.811258000 51 0
1484572744.897879000 0 470
1484572744.977008000 0 0
1484572745.083827000 0 0
1484572737.293001000 3992 0
1484572737.320539000 166037 0
1484572737.389403000 3982 0
1484572737.420395000 74208 0
1484572737.462718000 50753 0
1484572737.501814000 5483 0
1484572737.529575000 7273 0
1484572737.561526000 73441 0
1484572737.619905000 48591 0
1484572737.655819000 5363 0
1484572737.683351000 8512 0
1484572737.717039000 50476 0
1484572798.080091000 0 208787
1484572798.107690000 0 0
1484572798.502017000 0 61660
1484572798.522160000 0 0
1484572798.520913000 0 0
1484572798.533848000 0 0
1484572798.532534000 0 0
1484572813.550418000 0 62213
1484572813.567635000 0 0
1484572813.566744000 0 0
1484572813.576506000 0 0
1484572813.575627000 0 0
1484572828.590501000 0 62213
1484572828.608678000 0 0
1484572828.607835000 0 0
1484572828.618643000 0 0
1484572828.617780000 0 0
1484572811.981149000 3355 0
1484572894.039885000 0 0
1484572907.182906000 0 0
1484572442.476431000 5405 5117
1484572468.915082000 0 28723
1484572442.414656000 2020 0
1484572944.767093000 0 7651
1484572944.780704000 0 0
1484572944.779023000 0 0
1484572965.634616000 0 1095
1484573004.653352000 0 0
1484573015.399198000 0 0
1484573018.094121000 0 0
1484573018.128143000 0 0
1484573018.156704000 0 0
1484573018.160205000 0 0
1484573018.168707000 0 0
1484573018.178025000 0 0
1484573037.753536000 0 0
1484573037.768564000 0 0
1484573037.812768000 0 0
1484573037.824192000 0 0
1484573037.857475000 0 0
1484573037.884675000 0 0
1484573037.899305000 0 0
1484573037.912376000 0 0
1484573037.943261000 0 0
1484573037.965949000 0 0
1484573037.979938000 0 0
1484573037.992548000 0 0
1484573038.016302000 0 0
1484573038.043415000 0 0
1484573038.082601000 0 0
1484573038.116433000 0 0
1484573038.138664000 0 0
1484573038.161254000 0 0
1484573038.188626000 0 0
1484573038.215219000 0 0
1484573038.265162000 0 0
1484573038.595444000 0 0
1484573018.175639000 568 0
1484573018.195702000 504 0
1484573050.088829000 0 0
1484573050.129871000 0 0
1484573050.133428000 0 0
1484573050.142819000 0 0
1484573050.186780000 0 0
1484573050.190006000 0 0
1484573037.761345000 3992 0
1484573037.772951000 166037 0
1484573037.817803000 3982 0
1484573037.830951000 74208 0
1484573037.864176000 50753 0
1484573037.892242000 5483 0
1484573037.903659000 7273 0
1484573037.919020000 73441 0
1484573037.947725000 48591 0
1484573037.973038000 5363 0
1484573037.984253000 8512 0
1484573037.996967000 50476 0
1484573038.029189000 19107 0
1484573038.068637000 25868 0
1484573038.103391000 24337 0
1484573038.130801000 6516 0
1484573038.153656000 5281 0
1484573038.174857000 29375 0
1484573038.202507000 22913 0
1484573038.239500000 104055 0
1484573038.277534000 13294 0
1484573018.125783000 564 0
1484573050.147331000 568 0
1484573094.710653000 0 8701
1484573094.721206000 0 0
1484573094.720065000 0 0
1484573168.996517000 0 0
1484573169.020070000 0 0
1484573169.030964000 0 0
1484573169.036430000 0 98309
1484573169.079177000 0 0
1484573169.085246000 0 0
1484573169.088294000 0 0
1484573169.024001000 0 0
1484573169.091204000 0 0
1484573169.122899000 0 0
1484573169.126094000 0 0
1484573169.126040000 0 0
1484573169.128737000 0 0
1484573169.133514000 0 0
1484573169.136039000 0 0
1484573169.154825000 0 0
1484573169.158765000 0 0
1484573169.153483000 0 0
1484573169.163262000 0 0
1484573169.166015000 0 0
1484573169.176072000 0 0
1484573169.190673000 0 0
1484573169.179066000 0 0
1484573169.132352000 0 0
1484573169.207792000 0 0
1484573169.220509000 0 0
1484573169.224920000 0 0
1484573169.229269000 0 0
1484573169.232870000 0 0
1484573169.227937000 0 0
1484573169.237233000 0 0
1484573169.255291000 0 0
1484573169.268286000 0 0
1484573169.250707000 0 4096
1484573169.276040000 0 0
1484573169.247290000 0 0
1484573169.287567000 0 0
1484573169.286115000 0 0
1484573169.302747000 0 0
1484573169.282602000 0 4096
1484573169.311831000 0 0
1484573169.272007000 0 0
1484573169.320867000 0 0
1484573169.367034000 0 0
1484573169.373836000 0 0
1484573169.371897000 0 0
1484573169.386936000 0 0
1484573169.395326000 0 0
1484573169.402708000 0 0
1484573169.400858000 0 0
1484573169.419185000 0 0
1484573169.424158000 0 0
1484573169.431646000 0 0
1484573169.446134000 0 0
1484573169.445970000 0 0
1484573169.228035000 0 4096
1484573169.451166000 0 0
1484573169.455595000 0 0
1484573169.459228000 0 0
1484573169.224822000 0 0
1484573169.465703000 0 0
1484573169.457443000 0 0
1484573169.470706000 0 0
1484573169.472203000 0 0
1484573169.475894000 0 0
1484573169.482364000 0 0
1484573169.435048000 0 4096
1484573169.485913000 0 0
1484573169.492592000 0 0
1484573169.428594000 0 0
1484573169.499457000 0 0
1484573169.468242000 0 4096
1484573169.504676000 0 0
1484573169.504490000 0 0
1484573169.510617000 0 0
1484573169.461330000 0 0
1484573169.522882000 0 0
1484573169.491590000 0 0
1484573169.526541000 0 0
1484573169.529521000 0 0
1484573169.540802000 0 0
1484573169.519035000 0 4096
1484573169.547668000 0 0
1484573169.549726000 0 0
1484573169.553312000 0 0
1484573169.501910000 0 0
1484573169.551740000 0 0
1484573169.562120000 0 0
1484573169.564811000 0 0
1484573169.569146000 0 0
1484573169.578841000 0 0
1484573169.583952000 0 0
1484573169.584351000 0 0
1484573169.563486000 0 4096
1484573169.591775000 0 0
1484573169.558839000 0 0
1484573169.601934000 0 0
1484573169.582942000 0 0
1484573169.219070000 0 0
1484573169.612288000 0 0
1484573169.627198000 0 0
1484573169.628184000 0 0
1484573169.605068000 0 4096
1484573169.634047000 0 0
1484573169.635764000 0 0
1484573169.638217000 0 0
1484573169.599752000 0 0
1484573169.646650000 0 0
1484573169.653648000 0 0
1484573169.668223000 0 0
1484573169.672207000 0 0
1484573169.661971000 0 4096
1484573169.680071000 0 0
1484573169.657916000 0 0
1484573169.690277000 0 0
1484573169.717379000 0 0
1484573169.632475000 0 0
1484573181.196557000 0 0
1484573169.154201000 0 4096
1484573181.205933000 0 0
1484573181.211561000 0 0
1484573169.138166000 0 0
1484573181.220794000 0 0
1484573169.159517000 29 0
1484573169.203378000 63 0
1484573169.234211000 50 0
1484573169.242991000 45056 0
1484573169.267284000 45056 0
1484573169.380181000 48 0
1484573169.413181000 64 0
1484573169.467097000 48 0
1484573169.208101000 524288 0
1484573169.417599000 45056 0
1484573169.523525000 57 0
1484573169.452420000 45056 0
1484573169.560267000 57 0
1484573169.495467000 45056 0
1484573169.551817000 45056 0
1484573169.605219000 51 0
1484573169.594171000 45056 0
1484573169.649046000 32768 0
1484573169.132524000 45056 0
1484573257.764788000 0 0
1484573257.802530000 0 0
1484573257.806971000 0 0
1484573257.817739000 0 0
1484573261.502775000 0 1251
1484573261.518519000 0 0
1484573261.516775000 0 0
1484573267.462668000 0 0
1484573267.514468000 0 0
1484573267.505178000 0 0
1484573257.822931000 282 0
1484573018.102743000 0 0
1484573297.364214000 0 0
1484573297.427451000 0 0
1484573297.431098000 0 0
1484573297.440741000 0 0
1484573297.448230000 0 0
1484573297.459117000 0 0
1484573307.003346000 0 62489
1484573307.025179000 0 0
1484573307.023491000 0 0
1484573307.037735000 0 0
1484573307.036053000 0 0
1484572468.560447000 0 30026
1484572442.503743000 3883 12760
1484573316.110870000 0 5672
1484573316.125784000 0 0
1484573319.551780000 0 14928
1484573319.563272000 0 0
1484573319.562097000 0 0
1484573297.375685000 199 0
1484573297.445113000 398 0
1484573297.456434000 80 0
1484573320.770508000 0 1801
1484573320.781804000 0 0
1484573320.779884000 0 0
1484573322.069352000 0 66895
1484573322.085487000 0 0
1484573322.084581000 0 0
1484573322.095043000 0 0
1484573322.094229000 0 0
1484573323.030964000 0 0
1484573323.175220000 0 0
1484573328.498388000 0 0
1484573328.518957000 0 0
1484573337.040630000 0 5672
1484573337.056110000 0 0
1484573337.149218000 0 65788
1484573337.167186000 0 0
1484573337.165276000 0 0
1484573337.177440000 0 0
1484573337.176201000 0 0
1484573338.292540000 0 0
1484573338.302055000 0 0
1484573338.331989000 0 0
1484573338.338612000 0 0
1484573338.356305000 0 0
1484573338.373324000 0 0
1484573338.382933000 0 0
1484573338.394353000 0 0
1484573338.415127000 0 0
1484573338.429936000 0 0
1484573338.436694000 0 0
1484573338.446514000 0 0
1484573338.460579000 0 0
1484573338.473505000 0 0
1484573338.484672000 0 0
1484573338.496474000 0 0
1484573338.503381000 0 0
1484573338.512376000 0 0
1484573338.525832000 0 0
1484573338.539620000 0 0
1484573338.566013000 0 0
1484573338.578218000 0 0
1484573338.619866000 0 0
1484573338.642633000 0 0
1484573338.665570000 0 0
1484573338.767491000 0 0
1484573339.432154000 0 5672
1484573339.447563000 0 0
1484573341.064147000 0 0
1484573341.067659000 0 0
1484573341.071258000 0 0
1484573341.077018000 0 0
1484573341.083245000 0 0
1484573323.173184000 282 0
1484573352.216861000 0 82715
1484573352.235208000 0 0
1484573352.234044000 0 0
1484573352.244919000 0 0
1484573352.243770000 0 0
1484573355.109763000 0 0
1484573355.112803000 0 0
1484573355.116263000 0 0
1484573355.121811000 0 0
1484573355.128602000 0 0
1484573296.276908000 0 0
1484573338.298370000 3992 0
1484573338.305050000 166037 0
1484573338.335021000 3982 0
1484573338.341238000 74208 0
1484573338.361445000 50753 0
1484573338.378567000 5483 0
1484573338.389213000 7273 0
1484573338.400077000 73441 0
1484573338.418521000 48591 0
1484573338.432805000 5363 0
1484573338.441733000 8512 0
1484573338.449372000 50476 0
1484573338.465743000 19107 0
1484573338.476387000 25868 0
1484573338.488495000 24337 0
1484573338.499293000 6516 0
1484573338.508343000 5281 0
1484573338.517345000 29375 0
1484573338.530946000 22913 0
1484573338.545150000 104055 0
1484573338.569550000 13294 0
1484573338.606984000 19277 0
1484573338.632582000 9473 0
1484573338.657939000 5993 0
1484573338.748283000 58926 0
1484573338.786335000 7065 0
1484573367.287355000 0 88467
1484573367.305024000 0 0
1484573367.303885000 0 0
1484573367.314481000 0 0
1484573367.313350000 0 0
1484573371.757280000 0 0
1484573371.761877000 0 0
1484573371.770689000 0 0
1484573372.076554000 0 0
1484573372.085971000 0 0
1484573372.089134000 0 0
1484573372.096071000 0 0
1484573372.099233000 0 0
1484573372.119870000 0 0
1484573372.132383000 0 0
1484573372.135769000 0 0
1484573372.161141000 0 0
1484573372.164075000 0 0
1484573372.166769000 0 0
1484573372.169220000 0 0
1484573372.183929000 0 0
1484573372.186230000 0 0
1484573372.189109000 0 0
1484573372.191513000 0 0
1484573372.395601000 0 0
1484573372.399309000 0 0
1484573372.402826000 0 0
1484573372.407786000 0 0
1484573372.415462000 0 0
1484573374.873724000 0 0
1484573374.877368000 0 0
1484573374.881350000 0 0
1484573374.885524000 0 0
1484573374.899967000 0 0
1484573371.778502000 282 0
1484573372.102215000 398 0
1484573372.118015000 1391 0
1484573372.120688000 104 0
1484573372.126165000 1213 0
1484573372.141583000 568 0
1484573372.146805000 1380 0
1484573372.151861000 1739 0
1484573372.158532000 1137 0
1484573372.164123000 1039 0
1484573372.173225000 504 0
1484573372.196400000 504 0
1484573376.209913000 0 0
1484573376.213779000 0 0
1484573376.219440000 0 0
1484573376.250784000 1739 0
1484573376.288252000 1284 0
1484573376.305976000 1667 0
1484573376.332505000 1254 0
1484573376.364450000 1750 0
1484573376.460390000 1601 0
1484573376.715597000 0 0
1484573377.986940000 0 0
1484573377.992086000 0 0
1484573377.995832000 0 0
1484573377.999738000 0 0
1484573378.004037000 0 0
1484573378.007894000 0 0
1484573378.021717000 0 0
1484573378.177217000 0 0
1484573378.206029000 0 0
1484573378.208648000 0 0
1484573378.211093000 0 0
1484573378.213579000 0 0
1484573378.216141000 0 0
1484573378.218680000 0 0
1484573378.227630000 0 0
1484573380.057834000 0 0
1484573380.063822000 0 0
1484573380.067993000 0 0
1484573380.072476000 0 0
1484573380.075960000 0 0
1484573380.080207000 0 0
1484573380.085190000 0 0
1484573380.089302000 0 0
1484573381.083973000 0 0
1484573381.086765000 0 0
1484573381.090092000 0 0
1484573381.093122000 0 0
1484573381.108445000 0 0
1484573381.106175000 0 0
1484573381.112811000 0 7736
1484573381.177571000 0 0
1484573381.222171000 0 0
1484573381.219858000 0 0
1484573381.236056000 0 0
1484573381.234260000 0 0
1484573381.248719000 0 237378
1484573381.278847000 0 0
1484573381.277982000 0 0
1484573382.204099000 0 0
1484573382.252184000 0 5672
1484573382.290127000 0 0
1484573382.335919000 0 88592
1484573382.352287000 0 0
1484573382.351377000 0 0
1484573382.361447000 0 0
1484573382.360580000 0 0
1484573383.801108000 0 3535
1484573383.810797000 0 0
1484573383.809958000 0 0
1484573380.135564000 0 0
1484573381.065591000 0 0
1484573397.401210000 0 110163
1484573397.422226000 0 0
1484573397.420939000 0 0
1484573397.435024000 0 0
1484573397.432948000 0 0
1484573377.184466000 1391 0
1484573382.248241000 215056 0
1484573433.735827000 0 0
1484573443.744685000 0 0
1484573461.859733000 0 0
1484573482.773936000 0 0
1484573482.799969000 0 0
1484573482.793739000 0 0
1484573499.601134000 0 3353
1484573499.614146000 0 0
1484573499.612177000 0 0
1484573526.285655000 0 0
1484573526.325526000 0 0
1484573526.329387000 0 0
1484573526.339653000 0 0
1484573526.347698000 0 0
1484573526.352474000 0 0
1484573526.357626000 0 0
1484573526.860195000 0 0
1484573526.869087000 0 544
1484573526.877843000 0 0
1484573526.883968000 0 0
1484573526.903959000 0 0
1484573526.901275000 0 0
1484573526.920237000 0 0
1484573526.923049000 0 0
1484573526.926338000 0 0
1484573526.929822000 0 0
1484573526.934485000 0 0
1484573526.953582000 0 0
1484573526.952649000 0 0
1484573526.951665000 0 0
1484573526.967303000 0 0
1484573526.344391000 282 0
1484573526.364235000 129 0
1484573526.948987000 544 0
1484573526.961100000 544 0
1484573527.031321000 1391 0
1484573527.034327000 4096 0
1484573527.046445000 1380 0
1484573527.052365000 1739 0
1484573527.056040000 544 0
1484573527.060817000 544 0
1484573527.068412000 0 0
1484573527.070797000 0 0
1484573527.077779000 0 0
1484573527.101809000 0 0
1484573527.123311000 0 0
1484573527.125759000 0 0
1484573527.192311000 0 0
1484573528.807355000 0 0
1484573528.816718000 0 0
1484573528.819991000 0 0
1484573528.829706000 0 0
1484573529.916872000 0 0
1484573529.914102000 0 0
1484573529.918636000 0 0
1484573531.925246000 0 0
1484573531.924213000 0 0
1484573531.926413000 0 0
1484573535.664597000 0 0
1484573535.687596000 0 0
1484573527.111097000 104 0
1484573527.117999000 1213 0
1484573527.152539000 1137 0
1484573527.158546000 1039 0
1484573527.066223000 544 0
1484573527.070981000 544 0
1484573527.075586000 544 0
1484573527.080260000 544 0
1484573527.082738000 1739 0
1484573527.085115000 1284 0
1484573527.085068000 544 0
1484573527.087827000 1667 0
1484573527.089981000 544 0
1484573527.090190000 1254 0
1484573527.092164000 1750 0
1484573527.094265000 544 0
1484573527.094321000 1601 0
1484573527.098869000 544 0
1484573527.106663000 544 0
1484573527.112775000 0 0
1484573527.122115000 544 0
1484573527.126806000 544 0
1484573527.131499000 568 0
1484573527.132086000 544 0
1484573527.134406000 0 0
1484573527.136236000 544 0
1484573527.144983000 544 0
1484573527.141851000 7868 0
1484573527.149566000 544 0
1484573527.155064000 0 0
1484573527.161423000 0 0
1484573527.162694000 544 0
1484573527.164897000 9046 0
1484573527.176219000 544 0
1484573527.180454000 544 0
1484573527.184954000 544 0
1484573527.185540000 7500 0
1484573527.189388000 544 0
1484573527.193787000 544 0
1484573527.108001000 4096 0
1484573527.197988000 544 0
1484573527.202145000 544 0
1484573527.214823000 544 0
1484573527.218948000 544 0
1484573527.223254000 544 0
1484573527.236362000 544 0
1484573527.246728000 544 0
1484573527.251122000 544 0
1484573527.255464000 544 0
1484573527.264212000 544 0
1484573527.397695000 544 0
1484573527.403197000 544 0
1484573527.409252000 544 0
1484573527.422265000 544 0
1484573527.442707000 544 0
1484573527.448785000 544 0
1484573527.454733000 544 0
1484573527.467013000 544 0
1484573527.473401000 544 0
1484573527.479559000 544 0
1484573527.485949000 544 0
1484573527.741820000 544 0
1484573527.784273000 544 0
1484573527.790617000 544 0
1484573527.796049000 544 0
1484573527.802069000 544 0
1484573527.826460000 544 0
1484573527.832721000 544 0
1484573527.838981000 544 0
1484573527.844737000 544 0
1484573527.851088000 544 0
1484573527.857484000 544 0
1484573527.863713000 544 0
1484573527.869779000 544 0
1484573527.875697000 544 0
1484573527.881159000 544 0
1484573527.887589000 544 0
1484573527.893990000 544 0
1484573527.920533000 544 0
1484573527.941039000 544 0
1484573527.958128000 544 0
1484573527.964579000 544 0
1484573527.970772000 544 0
1484573527.976122000 544 0
1484573527.987713000 544 0
1484573527.993446000 544 0
1484573528.005444000 544 0
1484573528.112744000 544 0
1484573528.132232000 544 0
1484573528.145330000 544 0
1484573528.151089000 544 0
1484573528.170603000 544 0
1484573528.181538000 544 0
1484573528.187303000 544 0
1484573528.192536000 544 0
1484573528.198223000 544 0
1484573528.203463000 544 0
1484573528.223584000 544 0
1484573528.238934000 544 0
1484573528.244677000 544 0
1484573528.249991000 544 0
1484573528.255855000 544 0
1484573528.268418000 544 0
1484573528.274364000 544 0
1484573528.280045000 544 0
1484573528.298172000 544 0
1484573528.310473000 544 0
1484573528.316312000 544 0
1484573528.322299000 544 0
1484573528.338430000 544 0
1484573528.434067000 544 0
1484573528.439756000 544 0
1484573528.452935000 544 0
1484573528.459640000 544 0
1484573528.474517000 544 0
1484573528.488943000 544 0
1484573528.494813000 544 0
1484573528.500949000 544 0
1484573528.507054000 544 0
1484573528.520098000 544 0
1484573528.525735000 544 0
1484573528.531381000 544 0
1484573528.536967000 544 0
1484573528.551806000 544 0
1484573528.570464000 544 0
1484573528.577281000 544 0
1484573528.582113000 544 0
1484573528.587480000 544 0
1484573528.592569000 544 0
1484573528.602578000 544 0
1484573528.607851000 544 0
1484573528.623455000 544 0
1484573528.628422000 544 0
1484573528.633406000 544 0
1484573528.639422000 544 0
1484573528.653644000 544 0
1484573528.659722000 544 0
1484573528.665754000 544 0
1484573528.679668000 544 0
1484573528.685461000 544 0
1484573528.691402000 544 0
1484573528.704394000 544 0
1484573528.710032000 544 0
1484573528.715036000 544 0
1484573528.720414000 544 0
1484573528.725293000 544 0
1484573528.740545000 544 0
1484573528.746040000 544 0
1484573528.751345000 544 0
1484573528.754536000 544 0
1484573528.759528000 544 0
1484573528.764938000 544 0
1484573528.770457000 544 0
1484573528.775771000 544 0
1484573528.781413000 544 0
1484573528.786877000 544 0
1484573528.792165000 544 0
1484573528.797573000 544 0
1484573528.802973000 544 0
1484573528.813391000 129 0
1484573528.826178000 129 0
1484573528.836521000 544 0
1484573529.960226000 1391 0
1484573529.963635000 1380 0
1484573529.966721000 1739 0
1484573560.314087000 0 1609
1484573593.627471000 0 0
1484573593.664940000 0 0
1484573593.669328000 0 0
1484573593.679326000 0 0
1484573593.687780000 0 0
1484573593.692197000 0 0
1484573593.697720000 0 0
1484573594.265910000 0 0
1484573594.273315000 0 544
1484573594.282127000 0 0
1484573594.287871000 0 0
1484573594.299499000 0 0
1484573594.296156000 0 0
1484573594.315908000 0 0
1484573594.319568000 0 0
1484573594.323053000 0 0
1484573594.326383000 0 0
1484573594.330987000 0 0
1484573594.344216000 0 0
1484573594.346409000 0 0
1484573594.348826000 0 0
1484573594.349990000 0 0
1484573595.066451000 0 0
1484573595.073042000 0 0
1484573595.075856000 0 0
1484573595.081734000 0 0
1484573597.311397000 0 0
1484573597.308752000 0 0
1484573597.313277000 0 0
1484573593.684559000 282 0
1484573593.701457000 129 0
1484573594.351817000 544 0
1484573594.358043000 544 0
1484573594.362970000 544 0
1484573594.367747000 544 0
1484573594.374193000 544 0
1484573594.379133000 544 0
1484573594.384508000 544 0
1484573594.390216000 544 0
1484573594.394813000 544 0
1484573594.399225000 544 0
1484573594.403571000 544 0
1484573594.408284000 544 0
1484573594.413940000 544 0
1484573594.418696000 544 0
1484573594.423380000 544 0
1484573594.428316000 544 0
1484573594.432861000 544 0
1484573594.437297000 544 0
1484573594.442306000 544 0
1484573594.447747000 544 0
1484573594.452384000 544 0
1484573594.457496000 544 0
1484573594.462468000 544 0
1484573594.466813000 544 0
1484573594.471328000 544 0
1484573594.475689000 544 0
1484573594.479995000 544 0
1484573594.484377000 544 0
1484573594.489301000 544 0
1484573594.493459000 544 0
1484573594.497469000 544 0
1484573594.501543000 544 0
1484573594.505644000 544 0
1484573594.509956000 544 0
1484573594.513978000 544 0
1484573594.518011000 544 0
1484573594.522129000 544 0
1484573594.526170000 544 0
1484573594.530095000 544 0
1484573594.534498000 544 0
1484573594.538841000 544 0
1484573594.543208000 544 0
1484573594.547737000 544 0
1484573594.552411000 544 0
1484573594.557822000 544 0
1484573594.563185000 544 0
1484573594.568734000 544 0
1484573594.574282000 544 0
1484573594.579462000 544 0
1484573594.584826000 544 0
1484573594.589865000 544 0
1484573594.595295000 544 0
1484573594.600342000 544 0
1484573594.605582000 544 0
1484573594.610604000 544 0
1484573594.613569000 544 0
1484573594.618394000 544 0
1484573594.623763000 544 0
1484573594.628457000 544 0
1484573594.633512000 544 0
1484573594.638685000 544 0
1484573594.643781000 544 0
1484573594.649350000 544 0
1484573594.654575000 544 0
1484573594.660247000 544 0
1484573594.665384000 544 0
1484573594.670983000 544 0
1484573594.675836000 544 0
1484573594.681544000 544 0
1484573594.686750000 544 0
1484573594.692095000 544 0
1484573594.697271000 544 0
1484573594.702907000 544 0
1484573594.707807000 544 0
1484573594.712988000 544 0
1484573594.718459000 544 0
1484573594.723506000 544 0
1484573594.728442000 544 0
1484573594.733611000 544 0
1484573594.739030000 544 0
1484573594.743901000 544 0
1484573594.749038000 544 0
1484573594.754176000 544 0
1484573594.759548000 544 0
1484573594.764632000 544 0
1484573594.769798000 544 0
1484573594.774828000 544 0
1484573594.780356000 544 0
1484573594.785418000 544 0
1484573594.790656000 544 0
1484573594.795750000 544 0
1484573594.801223000 544 0
1484573594.806337000 544 0
1484573594.811051000 544 0
1484573594.816186000 544 0
1484573594.821633000 544 0
1484573594.826657000 544 0
1484573594.831554000 544 0
1484573594.837237000 544 0
1484573594.842114000 544 0
1484573594.847084000 544 0
1484573594.852201000 544 0
1484573594.857056000 544 0
1484573594.862521000 544 0
1484573594.867558000 544 0
1484573594.872575000 544 0
1484573594.877239000 544 0
1484573594.882722000 544 0
1484573594.887773000 544 0
1484573594.892540000 544 0
1484573594.897450000 544 0
1484573594.903039000 544 0
1484573594.908843000 544 0
1484573594.913849000 544 0
1484573594.919041000 544 0
1484573594.923839000 544 0
1484573594.929010000 544 0
1484573594.933899000 544 0
1484573594.938848000 544 0
1484573594.943992000 544 0
1484573594.949009000 544 0
1484573594.954032000 544 0
1484573594.958595000 544 0
1484573594.963439000 544 0
1484573594.968178000 544 0
1484573594.973098000 544 0
1484573594.977990000 544 0
1484573594.983003000 544 0
1484573594.987963000 544 0
1484573594.992694000 544 0
1484573594.997578000 544 0
1484573595.003097000 544 0
1484573595.008056000 544 0
1484573595.013061000 544 0
1484573595.017926000 544 0
1484573595.022977000 544 0
1484573595.027940000 544 0
1484573595.032935000 544 0
1484573595.037755000 544 0
1484573595.042836000 544 0
1484573595.047838000 544 0
1484573595.052902000 544 0
1484573595.057547000 544 0
1484573595.062756000 544 0
1484573595.070355000 129 0
1484573595.079120000 129 0
1484573594.346681000 544 0
1484573594.396496000 1391 0
1484573594.400074000 1380 0
1484573594.402779000 1739 0
1484573597.783808000 0 0
1484573599.321916000 0 0
1484573599.323958000 0 0
1484573599.327777000 0 0
1484573619.592363000 0 14931
1484573619.605481000 0 0
1484573619.604414000 0 0
1484573599.371935000 1391 0
1484573599.375099000 1380 0
1484573599.377795000 1739 0
1484573568.280342000 0 0
1484573638.810518000 0 0
1484573638.823471000 0 0
1484573638.869160000 0 0
1484573638.880922000 0 0
1484573638.913052000 0 0
1484573638.940955000 0 0
1484573638.952520000 0 0
1484573638.968196000 0 0
1484573638.997133000 0 0
1484573639.020181000 0 0
1484573639.032165000 0 0
1484573639.046627000 0 0
1484573639.075058000 0 0
1484573639.096218000 0 0
1484573639.114872000 0 0
1484573639.132245000 0 0
1484573639.148694000 0 0
1484573639.163345000 0 0
1484573639.181708000 0 0
1484573639.202274000 0 0
1484573639.231324000 0 0
1484573639.246646000 0 0
1484573639.262750000 0 0
1484573639.279028000 0 0
1484573639.291644000 0 0
1484573639.312962000 0 0
1484573638.817066000 3992 0
1484573638.830102000 166037 0
1484573638.873743000 3982 0
1484573638.885485000 74208 0
1484573638.920441000 50753 0
1484573638.945714000 5483 0
1484573638.959331000 7273 0
1484573638.972944000 73441 0
1484573639.001411000 48591 0
1484573639.024798000 5363 0
1484573639.038051000 8512 0
1484573639.055389000 50476 0
1484573639.082437000 19107 0
1484573639.101042000 25868 0
1484573639.119121000 24337 0
1484573639.140478000 6516 0
1484573639.155630000 5281 0
1484573639.168108000 29375 0
1484573639.189056000 22913 0
1484573639.206535000 104055 0
1484573639.236142000 13294 0
1484573639.251652000 19277 0
1484573639.269935000 9473 0
1484573639.283837000 5993 0
1484573639.295779000 58926 0
1484573639.317348000 7065 0
1484573694.760710000 0 8704
1484573694.770904000 0 0
1484573694.769832000 0 0
1484573696.344389000 0 0
1484573750.218192000 0 0
1484573762.992419000 0 0
1484573765.180108000 0 0
1484573751.968954000 0 0
1484572494.386699000 0 0
1484572491.015205000 0 0
1484573765.555578000 0 0
1484573765.571633000 0 0
1484573765.767730000 0 0
1484573765.853331000 0 0
1484573765.877447000 0 0
1484573765.882607000 0 0
1484573765.889207000 0 0
1484573765.897035000 0 0
1484572495.016431000 0 0
1484573765.860118000 0 0
1484573765.535226000 0 0
1484573765.558916000 0 0
1484573765.534377000 0 0
1484573767.317071000 0 0
1484573767.396235000 0 0
1484573767.415303000 0 0
1484573767.429882000 0 0
1484573767.432688000 0 0
1484573767.436533000 0 0
1484573767.442153000 0 0
1484573767.581936000 0 0
1484573767.584540000 0 0
1484573767.592646000 0 0
1484573777.411839000 0 0
1484573777.417843000 0 0
1484573777.428616000 0 0
1484573777.450495000 0 0
1484573765.604380000 147 0
1484573765.627289000 127 0
1484573765.655754000 153 0
1484573765.668264000 153 0
1484573765.676488000 152 0
1484573765.683432000 147 0
1484573765.694633000 146 0
1484573765.706624000 531 0
1484573765.725853000 212 0
1484573765.763673000 197 0
1484573765.873631000 134 0
1484573765.905865000 134 0
1484573765.926949000 134 0
1484573765.941975000 144 0
1484573765.959806000 134 0
1484573766.105756000 134 0
1484573766.367273000 134 0
1484573766.378864000 190 0
1484573766.508570000 185 0
1484573766.523613000 185 0
1484573766.549806000 138 0
1484573766.557927000 137 0
1484573766.565665000 142 0
1484573766.572261000 142 0
1484573766.585195000 119 0
1484573766.604052000 246 0
1484573766.620256000 133 0
1484573766.626848000 133 0
1484573766.645328000 134 0
1484573766.655326000 133 0
1484573766.662637000 133 0
1484573766.669603000 195 0
1484573766.685069000 234 0
1484573766.691978000 265 0
1484573766.698736000 184 0
1484573766.717250000 226 0
1484573766.724499000 234 0
1484573766.735757000 113 0
1484573766.742969000 246 0
1484573766.761117000 302 0
1484573766.770236000 184 0
1484573766.789711000 226 0
1484573767.407536000 398 0
1484573767.410089000 282 0
1484573767.421782000 80 0
1484573765.819839000 295 0
1484573765.773659000 199 0
1484573765.781045000 308 0
1484573765.788000000 341 0
1484573765.794929000 226 0
1484573765.801104000 202 0
1484573765.813913000 201 0
1484573765.841656000 158 0
1484573765.848210000 226 0
1484573765.807103000 292 0
1484573765.826475000 295 0
1484573765.834706000 302 0
1484573767.376012000 0 0
1484573822.132194000 0 0
1484573857.742994000 0 0
1484573822.440126000 0 0
1484573880.186244000 199 0
1484573919.613772000 0 14934
1484573919.625284000 0 0
1484573919.624589000 0 0
1484573939.333374000 0 0
1484573939.342522000 0 0
1484573939.387323000 0 0
1484573939.400153000 0 0
1484573939.426977000 0 0
1484573939.449415000 0 0
1484573939.461289000 0 0
1484573939.471228000 0 0
1484573939.495719000 0 0
1484573939.516900000 0 0
1484573939.528452000 0 0
1484573939.540672000 0 0
1484573939.561118000 0 0
1484573939.577996000 0 0
1484573939.591143000 0 0
1484573939.607411000 0 0
1484573939.618730000 0 0
1484573939.629995000 0 0
1484573939.646586000 0 0
1484573939.664319000 0 0
1484573939.695032000 0 0
1484573939.708868000 0 0
1484573939.723410000 0 0
1484573939.734795000 0 0
1484573939.744122000 0 0
1484573939.761640000 0 0
1484573939.772972000 0 0
1484573939.787658000 0 0
1484573939.808010000 0 0
1484573951.551633000 0 0
1484573951.625173000 0 0
1484573951.630027000 0 0
1484573951.639770000 0 0
1484573951.647898000 0 0
1484573951.658562000 0 0
1484573939.339031000 3992 0
1484573939.347635000 166037 0
1484573939.395084000 3982 0
1484573939.406309000 74208 0
1484573939.433359000 50753 0
1484573939.455503000 5483 0
1484573939.464868000 7273 0
1484573939.477049000 73441 0
1484573939.501689000 48591 0
1484573939.523087000 5363 0
1484573939.533413000 8512 0
1484573939.546393000 50476 0
1484573939.568002000 19107 0
1484573939.581175000 25868 0
1484573939.597140000 24337 0
1484573939.612975000 6516 0
1484573939.624317000 5281 0
1484573939.635465000 29375 0
1484573939.652434000 22913 0
1484573939.668912000 104055 0
1484573939.699094000 13294 0
1484573939.712832000 19277 0
1484573939.727468000 9473 0
1484573939.738407000 5993 0
1484573939.747733000 58926 0
1484573939.767479000 7065 0
1484573939.782166000 5342 0
1484573939.799639000 7077 0
1484573939.850257000 7092 0
1484573951.644391000 398 0
1484573951.655904000 80 0
1484573951.564168000 199 0
1484573974.713544000 0 0
1484573979.735951000 0 0
1484573979.739814000 0 0
1484573979.748960000 0 0
1484573994.797073000 0 8704
1484573994.810720000 0 0
1484573994.809224000 0 0
1484574001.124861000 0 0
1484574001.130068000 0 0
1484573979.756849000 282 0
1484573895.619095000 0 0
1484574011.399467000 282 0
1484574057.688917000 0 0
1484573038.603430000 37056 1492
1484574165.288978000 0 0
1484574165.259883000 0 0
1484574165.553018000 0 0
1484574166.609931000 0 0
1484574166.614516000 0 0
1484574166.618746000 0 0
1484574168.869256000 0 0
1484574168.873803000 0 0
1484574168.884052000 0 0
1484574168.889402000 0 0
1484574168.899046000 0 0
1484574168.902624000 0 0
1484574168.906395000 0 0
1484574168.910093000 0 0
1484574168.922875000 0 0
1484574168.925778000 0 0
1484574168.929581000 0 0
1484574173.761588000 0 0
1484574174.434804000 0 0
1484574174.628322000 0 0
1484574174.478619000 11960 0
1484574175.844792000 0 0
1484574176.752521000 0 0
1484574177.212833000 0 0
1484574177.215728000 0 0
1484574177.268767000 0 0
1484574177.271549000 0 0
1484574177.275148000 0 0
1484574177.278939000 0 0
1484574175.549299000 0 0
1484574177.734233000 0 0
1484574177.736763000 0 0
1484574177.739564000 0 0
1484574177.742380000 0 0
1484574177.750037000 0 0
1484574177.752402000 0 0
1484574177.754748000 0 0
1484574177.756982000 0 0
1484574177.772731000 0 0
1484574177.778270000 0 0
1484574177.776703000 0 0
1484574177.781293000 0 0
1484574165.153400000 1213 0
1484574165.398667000 285 0
1484574165.411903000 70 0
1484574165.426464000 293 0
1484574165.439922000 504 0
1484574165.443707000 504 0
1484574165.449420000 504 0
1484574165.479219000 81 0
1484574167.460677000 13601 0
1484574168.935388000 398 0
1484574172.020592000 8192 0
1484574172.395399000 13105 0
1484574165.287140000 282 0
1484574165.238217000 568 0
1484574177.836173000 0 0
1484574177.834063000 0 0
1484574177.843220000 0 0
1484574177.840591000 0 0
1484574177.898584000 0 0
1484574177.895404000 0 0
1484574177.909725000 0 0
1484574177.907348000 0 0
1484574177.930315000 0 0
1484574177.926702000 0 0
1484574177.940576000 0 0
1484574177.942843000 0 0
1484574177.946768000 0 0
1484574178.039639000 0 0
1484574178.035523000 0 0
1484574178.150886000 0 0
1484574178.160877000 0 0
1484574178.164177000 0 0
1484574178.549950000 0 0
1484574178.671150000 0 0
1484574178.674334000 0 0
1484574178.680723000 0 0
1484574178.685229000 0 0
1484574178.698925000 0 0
1484574178.701974000 0 0
1484574178.704150000 0 0
1484574178.706246000 0 0
1484574178.716863000 0 0
1484574178.759546000 0 0
1484574178.762363000 0 0
1484574178.765378000 0 0
1484574178.767936000 0 0
1484574178.772865000 0 0
1484574178.837262000 0 0
1484574178.835886000 0 0
1484574178.845599000 0 0
1484574178.947518000 0 0
1484574178.945071000 0 0
1484574165.253364000 0 0
1484574181.174996000 0 0
1484574181.181209000 0 0
1484574183.186867000 0 0
1484574175.526445000 2165946 0
1484574177.391126000 143032 0
1484574178.149331000 0 165
1484574212.718419000 0 0
1484574212.721064000 0 0
1484574212.745459000 0 0
1484574212.748715000 0 0
1484574212.759491000 0 0
1484574212.763625000 0 0
1484574212.767378000 0 0
1484574212.778011000 0 0
1484574212.780730000 0 0
1484574212.783220000 0 0
1484574212.785357000 0 0
1484574212.790938000 0 0
1484574212.898268000 0 0
1484574212.896814000 0 0
1484574212.903480000 0 0
1484574213.002019000 0 0
1484574213.000025000 0 0
1484574176.754150000 0 0
1484574213.057587000 0 0
1484574213.531518000 0 0
1484574177.386723000 0 0
1484574213.998234000 0 0
1484574214.137543000 0 0
1484574214.208942000 0 0
1484574214.211265000 0 0
1484574214.254042000 0 0
1484574214.256896000 0 0
1484574214.265640000 0 0
1484574214.269047000 0 0
1484574213.835185000 0 0
1484574214.628362000 0 0
1484574214.631394000 0 0
1484574214.634211000 0 0
1484574214.636914000 0 0
1484574214.645420000 0 0
1484574214.647814000 0 0
1484574214.650770000 0 0
1484574214.653485000 0 0
1484574214.660014000 0 0
1484574214.214643000 282 0
1484574214.263455000 568 0
1484574214.762920000 0 0
1484574214.766602000 0 0
1484574214.764969000 0 0
1484574214.772754000 0 0
1484574214.775754000 0 0
1484574214.776846000 0 0
1484574214.778950000 0 0
1484574214.880254000 0 0
1484574214.878114000 0 0
1484574214.936679000 0 0
1484574214.946132000 0 0
1484574214.946540000 0 0
1484574214.950936000 0 0
1484574214.953635000 0 0
1484574214.956269000 0 0
1484574214.961152000 0 0
1484574214.970585000 0 0
1484574214.973237000 0 0
1484574214.977677000 0 0
1484574214.980695000 0 0
1484574214.988617000 0 0
1484574215.007662000 0 0
1484574215.010398000 0 0
1484574215.013093000 0 0
1484574215.015305000 0 0
1484574215.020998000 0 0
1484574215.121152000 0 0
1484574215.119653000 0 0
1484574215.129534000 0 0
1484574215.231450000 0 0
1484574215.229459000 0 0
1484574215.762412000 0 0
1484574183.190670000 0 0
1484574217.786574000 0 0
1484574219.660725000 0 14934
1484574219.673445000 0 0
1484574219.672156000 0 0
1484574217.789444000 0 0
1484574219.799108000 0 0
1484574213.547441000 3589438 0
1484574214.292398000 143032 0
1484574238.793706000 0 0
1484574239.870061000 0 0
1484574239.884405000 0 0
1484574239.928551000 0 0
1484574239.937126000 0 0
1484574239.959856000 0 0
1484574239.981027000 0 0
1484574239.990597000 0 0
1484574240.003880000 0 0
1484574240.029100000 0 0
1484574240.051322000 0 0
1484574240.063833000 0 0
1484574240.074241000 0 0
1484574240.095439000 0 0
1484574240.110263000 0 0
1484574240.125646000 0 0
1484574240.142958000 0 0
1484574240.152938000 0 0
1484574240.165346000 0 0
1484574240.182737000 0 0
1484574240.196923000 0 0
1484574240.221312000 0 0
1484574240.233586000 0 0
1484574240.246778000 0 0
1484574240.260166000 0 0
1484574240.271919000 0 0
1484574240.290426000 0 0
1484574240.300003000 0 0
1484574240.311300000 0 0
1484574240.322699000 0 0
1484574240.332565000 0 0
1484574240.364482000 0 0
1484574239.877136000 3992 0
1484574239.888970000 166037 0
1484574239.932428000 3982 0
1484574239.940613000 74208 0
1484574239.965392000 50753 0
1484574239.985362000 5483 0
1484574239.997180000 7273 0
1484574240.009804000 73441 0
1484574240.037021000 48591 0
1484574240.057898000 5363 0
1484574240.067423000 8512 0
1484574240.080230000 50476 0
1484574240.099044000 19107 0
1484574240.114036000 25868 0
1484574240.132054000 24337 0
1484574240.146661000 6516 0
1484574240.159242000 5281 0
1484574240.171591000 29375 0
1484574240.186462000 22913 0
1484574240.200761000 104055 0
1484574240.225026000 13294 0
1484574240.237330000 19277 0
1484574240.252571000 9473 0
1484574240.266091000 5993 0
1484574240.275705000 58926 0
1484574240.294061000 7065 0
1484574240.305576000 5342 0
1484574240.316834000 7077 0
1484574240.326173000 7092 0
1484574240.359225000 4576 0
1484574240.512162000 19802 0
1484574294.834793000 0 8704
1484574294.845588000 0 0
1484574294.844395000 0 0
1484574519.678988000 0 14935
1484574519.690259000 0 0
1484574519.689027000 0 0
1484574540.536960000 0 0
1484574540.551662000 0 0
1484574540.601562000 0 0
1484574540.613366000 0 0
1484574540.646330000 0 0
1484574540.671197000 0 0
1484574540.684295000 0 0
1484574540.698836000 0 0
1484574540.727425000 0 0
1484574540.749790000 0 0
1484574540.763144000 0 0
1484574540.777690000 0 0
1484574540.800610000 0 0
1484574540.819386000 0 0
1484574540.837364000 0 0
1484574540.856758000 0 0
1484574540.869042000 0 0
1484574540.883352000 0 0
1484574540.901509000 0 0
1484574540.917990000 0 0
1484574540.949180000 0 0
1484574540.966078000 0 0
1484574540.982952000 0 0
1484574540.998247000 0 0
1484574541.011851000 0 0
1484574541.035021000 0 0
1484574541.047192000 0 0
1484574540.543967000 3992 0
1484574540.556540000 166037 0
1484574540.606093000 3982 0
1484574540.619839000 74208 0
1484574540.650363000 50753 0
1484574540.677357000 5483 0
1484574540.690293000 7273 0
1484574540.703184000 73441 0
1484574540.731658000 48591 0
1484574540.756266000 5363 0
1484574540.769343000 8512 0
1484574540.781752000 50476 0
1484574540.805114000 19107 0
1484574540.823686000 25868 0
1484574540.843517000 24337 0
1484574540.861288000 6516 0
1484574540.875937000 5281 0
1484574540.887357000 29375 0
1484574540.905692000 22913 0
1484574540.925026000 104055 0
1484574540.955464000 13294 0
1484574540.971403000 19277 0
1484574540.989107000 9473 0
1484574541.004712000 5993 0
1484574541.017998000 58926 0
1484574541.039654000 7065 0
1484574541.052619000 5342 0
1484574645.051665000 0 0
1484574645.443237000 0 0
1484574645.474340000 0 0
1484574645.478255000 0 0
1484574214.288494000 0 0
1484574645.449447000 0 143157
1484574645.501367000 0 0
1484574645.508370000 0 0
1484574645.513847000 0 0
1484574645.519612000 0 0
1484574645.487489000 0 0
1484574645.523668000 0 0
1484574645.495151000 0 0
1484574645.720699000 0 0
1484574645.724962000 0 0
1484574645.725176000 0 0
1484574645.724527000 0 0
1484574645.732242000 0 0
1484574645.733267000 0 0
1484574645.739403000 0 0
1484574645.738165000 0 0
1484574645.736399000 0 0
1484574645.750497000 0 0
1484574648.476390000 0 0
1484574650.489505000 0 0
1484574645.533545000 2162440 0
1484574645.746398000 568 0
1484574766.164831000 0 1609
1484574772.204643000 0 0
1484574772.434123000 0 0
1484574772.458147000 0 0
1484574772.462358000 0 0
1484574645.536306000 0 0
1484574772.439651000 0 143156
1484574772.536121000 0 0
1484574772.544169000 0 0
1484574772.551129000 0 0
1484574772.558646000 0 0
1484574772.518627000 0 0
1484574772.563280000 0 0
1484574772.527317000 0 0
1484574773.458524000 0 0
1484574773.589733000 0 0
1484574773.753097000 0 0
1484574773.755482000 0 0
1484574773.763735000 0 0
1484574775.469281000 0 0
1484574777.474661000 0 0
1484574779.946353000 0 110699
1484574779.967072000 0 0
1484574779.965308000 0 0
1484574779.977335000 0 0
1484574779.975805000 0 0
1484574789.266805000 0 0
1484574772.575111000 2162440 0
1484574773.770537000 282 0
1484574810.462657000 0 3608
1484574810.476160000 0 0
1484574811.146601000 0 110850
1484574811.165372000 0 0
1484574811.164527000 0 0
1484574811.173970000 0 0
1484574811.173142000 0 0
1484574811.963423000 0 1801
1484574811.976895000 0 0
1484574811.974892000 0 0
1484574819.702529000 0 14935
1484574819.715226000 0 0
1484574819.713686000 0 0
1484574826.227456000 0 111067
1484574826.250207000 0 0
1484574826.248374000 0 0
1484574826.261324000 0 0
1484574826.259435000 0 0
1484574841.065862000 0 0
1484574841.073510000 0 0
1484574841.107862000 0 0
1484574841.117081000 0 0
1484574841.141660000 0 0
1484574841.163218000 0 0
1484574841.171126000 0 0
1484574841.182089000 0 0
1484574841.204555000 0 0
1484574841.222948000 0 0
1484574841.233870000 0 0
1484574841.246077000 0 0
1484574841.262511000 0 0
1484574841.275129000 0 0
1484574841.288494000 0 0
1484574841.302992000 0 0
1484574841.312202000 0 0
1484574841.321279000 0 0
1484574841.334189000 0 0
1484574841.345788000 0 0
1484574841.364638000 0 0
1484574841.373275000 0 0
1484574841.382844000 0 0
1484574841.390713000 0 0
1484574841.400010000 0 0
1484574841.414121000 0 0
1484574841.422897000 0 0
1484574841.431735000 0 0
1484574841.438347000 0 0
1484574841.447020000 0 0
1484574841.455752000 0 0
1484574841.467790000 0 0
1484574841.521228000 0 0
1484574841.537439000 0 0
1484574841.948715000 0 111434
1484574841.970716000 0 0
1484574841.969767000 0 0
1484574841.981259000 0 0
1484574841.979550000 0 0
1484574857.021112000 0 111434
1484574857.045211000 0 0
1484574857.043217000 0 0
1484574857.056471000 0 0
1484574857.054515000 0 0
1484574841.069231000 3992 0
1484574841.076930000 166037 0
1484574841.112189000 3982 0
1484574841.122351000 74208 0
1484574841.147736000 50753 0
1484574841.166394000 5483 0
1484574841.176409000 7273 0
1484574841.187066000 73441 0
1484574841.209596000 48591 0
1484574841.229136000 5363 0
1484574841.240199000 8512 0
1484574841.248882000 50476 0
1484574841.265547000 19107 0
1484574841.278539000 25868 0
1484574841.293540000 24337 0
1484574841.307820000 6516 0
1484574841.317229000 5281 0
1484574841.325907000 29375 0
1484574841.338710000 22913 0
1484574841.348468000 104055 0
1484574841.367449000 13294 0
1484574841.375992000 19277 0
1484574841.385544000 9473 0
1484574841.396028000 5993 0
1484574841.403000000 58926 0
1484574841.419039000 7065 0
1484574841.427813000 5342 0
1484574841.434376000 7077 0
1484574841.442865000 7092 0
1484574841.451536000 4576 0
1484574841.460309000 19802 0
1484574841.511130000 39719 0
1484574841.529989000 22586 0
1484574841.562160000 17606 0
1484574894.880667000 0 8704
1484574894.892077000 0 0
1484574894.890493000 0 0
1484574898.646201000 0 111462
1484574898.667894000 0 0
1484574898.666458000 0 0
1484574898.677649000 0 0
1484574898.676228000 0 0
1484574913.717714000 0 111856
1484574913.741215000 0 0
1484574913.739501000 0 0
1484574913.752717000 0 0
1484574913.750741000 0 0
1484574962.970210000 0 112214
1484574962.990326000 0 0
1484574962.989304000 0 0
1484574962.999782000 0 0
1484574962.998882000 0 0
1484574964.246333000 0 122
1484574964.256437000 0 0
1484574964.256179000 0 52030
1484574964.255532000 0 0
1484574964.272053000 0 0
1484574964.270730000 0 146
1484574964.271094000 0 0
1484574964.279923000 0 0
1484574964.278663000 0 0
1484574964.284764000 0 0
1484574964.289121000 0 0
1484574964.362561000 0 181
1484574964.372083000 0 0
1484574964.371016000 0 0
1484574964.379156000 0 0
1484572661.501591000 0 32768
1484574964.392128000 0 1609
1484574964.392786000 0 212
1484574964.397097000 0 0
1484572661.496106000 0 3282960
1484574964.403372000 0 0
1484574964.402705000 0 0
1484574964.408399000 0 0
1484574964.411045000 0 0
1484574964.415330000 0 259
1484574964.424555000 0 0
1484574964.423627000 0 0
1484574964.431650000 0 0
1484572659.542839000 0 32768
1484574964.437663000 0 3537
1484574964.439595000 0 0
1484572659.538038000 0 7323072
1484574964.448207000 0 0
1484574964.447311000 0 0
1484574964.452741000 0 0
1484574964.455713000 0 0
1484574964.459645000 0 288
1484574964.470004000 0 0
1484574964.468732000 0 0
1484574964.496099000 0 0
1484572662.145722000 0 32768
1484574964.503895000 0 0
1484572662.140040000 0 131312
1484574964.514084000 0 0
1484574964.517325000 0 0
1484574964.523166000 0 0
1484574964.537006000 0 0
1484574964.540770000 0 98368
1484574964.582995000 0 0
1484574964.587271000 0 0
1484574964.590726000 0 0
1484574964.528474000 0 0
1484574964.594254000 0 0
1484574964.633574000 0 6316
1484574964.643327000 0 0
1484574964.642240000 0 0
1484574964.653311000 0 0
1484574214.761454000 0 165
1484574965.864786000 0 0
1484574965.867192000 0 0
1484574965.895637000 0 0
1484574965.898368000 0 0
1484574965.906612000 0 0
1484574965.916028000 0 0
1484574965.919753000 0 0
1484574965.931619000 0 0
1484574965.934001000 0 0
1484574965.936489000 0 0
1484574965.938819000 0 0
1484574965.946376000 0 0
1484573169.013873000 8192 36864
1484572659.302433000 4096 0
1484572659.039001000 610304 4096
1484572659.063008000 16384 4096
1484572661.480106000 229376 884736
1484572659.527962000 1081344 5111808
1484572662.129704000 98304 65536
1484572660.306278000 12288 8192
1484574965.912569000 568 0
1484574966.054730000 0 0
1484574966.053075000 0 0
1484574966.062361000 0 0
1484574966.065311000 0 0
1484574966.074080000 0 0
1484574966.070858000 0 0
1484574966.087862000 0 0
1484574966.086142000 0 0
1484574966.121778000 0 0
1484574966.171906000 0 0
1484574966.168904000 0 0
1484574214.139123000 0 0
1484574966.709377000 0 0
1484574772.577424000 0 0
1484574968.692925000 0 0
1484573951.706693000 0 0
1484573767.356679000 0 0
1484574969.596607000 0 0
1484574969.600499000 0 0
1484574969.651685000 0 0
1484574969.729074000 0 0
1484574969.734352000 0 0
1484574969.739390000 0 0
1484574969.744022000 0 0
1484574969.730947000 0 0
1484574969.748616000 0 0
1484574969.599434000 0 0
1484573767.461929000 0 0
1484574969.574622000 0 0
1484574969.575504000 0 0
1484574174.628341000 0 0
1484574219.811607000 0 0
1484572661.949866000 0 0
1484572662.152481000 0 0
1484572658.331341000 0 0
1484574976.883454000 0 0
1484574978.161972000 0 0
1484574978.172503000 0 0
1484574978.175926000 0 11042
1484574978.184078000 0 0
1484574978.187260000 0 0
1484574978.189952000 0 0
1484574978.165669000 0 0
1484574978.192711000 0 0
1484574978.288356000 0 85
1484574978.295676000 0 0
1484574978.351241000 0 109
1484574978.356345000 0 0
1484572443.582402000 0 4096
1484574978.359170000 0 0
1484574978.364016000 0 0
1484574978.367623000 0 0
1484572443.578953000 0 0
1484574978.374114000 0 0
1484574978.484652000 0 0
1484574978.504139000 0 0
1484574978.511618000 0 0
1484574978.519142000 0 0
1484574978.526599000 0 0
1484574978.533984000 0 0
1484574978.541281000 0 0
1484574978.548554000 0 0
1484574978.561166000 0 0
1484574978.573739000 0 0
1484574978.588668000 0 0
1484574978.509442000 0 5023
1484574978.614206000 0 0
1484574978.619005000 0 0
1484574978.490683000 0 0
1484574978.623289000 0 0
1484572438.892631000 297058 80780
1484572923.100610000 0 35255
1484574978.567468000 3506 3589
1484574978.580110000 9213 0
1484574978.732983000 0 5405
1484574978.685460000 0 297063
1484574978.759370000 0 470
1484574978.763548000 0 144
1484574978.771214000 0 0
1484574978.785237000 0 175
1484574978.794560000 0 0
1484574978.806643000 0 204
1484574978.811569000 0 0
1484572444.996822000 0 32768
1484574978.819819000 0 0
1484574978.816455000 0 0
1484572444.993286000 0 65648
1484574978.829255000 0 0
1484574978.832692000 0 0
1484574978.840997000 0 0
1484572444.940050000 0 4096
1484574978.848421000 0 0
1484574978.853005000 0 0
1484572444.936278000 0 0
1484574978.860145000 0 0
1484574978.864900000 0 0
1484574978.875179000 0 0
1484574978.888492000 0 0
1484574978.893325000 0 31275
1484574978.917544000 0 0
1484574978.921568000 0 0
1484574978.869330000 0 0
1484574978.925064000 0 0
1484574978.960051000 0 0
1484572907.332407000 639546 21386
1484573328.494639000 0 0
1484574966.726591000 717878 0
1484574967.014756000 0 0
1484572400.986206000 0 0
1484572445.012961000 0 0
1484572444.947443000 0 0
1484572432.234989000 0 0
1484574969.607068000 147 0
1484574969.612960000 127 0
1484574969.617420000 153 0
1484574969.621717000 153 0
1484574969.626084000 152 0
1484574969.631431000 147 0
1484574969.637215000 146 0
1484574969.640952000 531 0
1484574969.645104000 212 0
1484574969.649503000 197 0
1484574969.654875000 199 0
1484574969.660287000 308 0
1484574969.666568000 341 0
1484574969.673031000 226 0
1484574969.679866000 202 0
1484574969.686548000 292 0
1484574969.692908000 201 0
1484574969.698824000 295 0
1484574969.705518000 295 0
1484574969.711388000 302 0
1484574969.718614000 158 0
1484574969.724382000 226 0
1484574969.735819000 134 0
1484574969.741999000 134 0
1484574969.748515000 134 0
1484574969.760473000 144 0
1484574969.771827000 134 0
1484574969.782536000 134 0
1484574969.791154000 134 0
1484574969.802330000 190 0
1484574969.815635000 185 0
1484574969.826932000 185 0
1484574969.836185000 138 0
1484574969.841369000 137 0
1484574969.846847000 142 0
1484574969.852760000 142 0
1484574969.858173000 119 0
1484574969.864500000 246 0
1484574969.871217000 133 0
1484574969.877053000 133 0
1484574969.881984000 134 0
1484574969.887238000 133 0
1484574969.891610000 133 0
1484574969.895758000 195 0
1484574969.899453000 234 0
1484574969.903503000 265 0
1484574969.755051000 184 0
1484574969.766367000 226 0
1484574969.776828000 234 0
1484574969.785702000 113 0
1484574969.796717000 246 0
1484574969.809129000 302 0
1484574969.820826000 184 0
1484574969.830343000 226 0
