1484548347.812283000 0 0
1484548347.818023000 0 0
1484548347.822187000 0 0
1484548347.826477000 0 0
1484548347.830578000 0 0
1484548350.613360000 282 0
1484548354.399398000 0 0
1484548354.402713000 0 0
1484548354.411081000 0 0
1484548355.901887000 0 0
1484548355.904193000 0 0
1484548355.929895000 0 0
1484548355.955270000 0 0
1484548355.957660000 0 0
1484548355.959954000 0 0
1484548355.971625000 0 0
1484548355.973477000 0 0
1484548355.983221000 0 0
1484548355.985196000 0 0
1484548355.995063000 0 0
1484548355.996863000 0 0
1484548356.005639000 0 0
1484548356.007427000 0 0
1484548356.021399000 0 0
1484548356.101808000 0 0
1484548356.103653000 0 0
1484548356.105994000 0 0
1484548356.108138000 0 0
1484548355.943441000 0 0
1484548350.999594000 111 0
1484548355.966057000 570 0
1484548355.962446000 2557 0
1484548355.969573000 129 0
1484548355.978149000 434 0
1484548355.980980000 129 0
1484548355.990323000 515 0
1484548355.992767000 129 0
1484548356.003746000 129 0
1484548356.005232000 363 0
1484548356.012017000 1451 0
1484548356.019132000 129 0
1484548356.022977000 2471 0
1484548356.041059000 2295 0
1484548356.048163000 464 0
1484548356.076110000 93 0
1484548356.119677000 504 0
1484548351.169737000 282 0
1484548356.001623000 1316 0
1484548356.887395000 0 0
1484548356.887968000 0 0
1484548356.061641000 634 0
1484548356.066483000 652 0
1484548378.963083000 0 0
1484548379.717330000 0 0
1484548379.721640000 0 0
1484548379.729475000 0 0
1484548379.735359000 0 0
1484548379.750691000 0 0
1484548379.770560000 0 0
1484548379.773862000 0 0
1484548379.780527000 0 0
1484548379.783323000 0 0
1484548379.791851000 0 0
1484548379.907921000 0 0
1484548379.986759000 0 0
1484548380.020062000 0 0
1484548380.117603000 0 0
1484548380.275319000 0 0
1484548380.279027000 0 0
1484548380.282632000 0 0
1484548380.286235000 0 0
1484548380.289292000 0 0
1484548380.332419000 0 0
1484548380.379473000 0 0
1484548380.384038000 0 0
1484548380.514387000 0 0
1484548380.521197000 0 0
1484548380.723076000 0 0
1484548381.037960000 0 0
1484548381.073680000 0 0
1484548381.242342000 0 0
1484548381.387129000 0 0
1484548381.422303000 0 0
1484548381.425916000 0 18830
1484548381.647292000 0 0
1484548381.650569000 0 0
1484548381.408812000 18830 0
1484548381.415029000 0 0
1484548381.653493000 0 0
1484548381.974527000 0 0
1484548382.133635000 0 0
1484548382.365807000 0 0
1484548382.409449000 0 0
1484548382.542982000 0 0
1484548382.727265000 0 0
1484548382.916228000 0 0
1484548382.918445000 0 0
1484548383.529066000 0 0
1484548383.535851000 0 0
1484548383.540134000 0 0
1484548383.555043000 0 0
1484548383.538698000 0 0
1484548383.557850000 0 0
1484548383.561914000 0 0
1484548383.564306000 0 0
1484548383.566978000 0 0
1484548383.569639000 0 0
1484548383.572648000 0 0
1484548383.576514000 0 0
1484548383.580358000 0 0
1484548383.584285000 0 0
1484548383.588641000 0 0
1484548383.592571000 0 0
1484548383.560393000 0 0
1484548383.597464000 0 0
1484548383.605057000 0 0
1484548383.609457000 0 0
1484548383.612802000 0 0
1484548383.615899000 0 0
1484548383.618868000 0 0
1484548383.622866000 0 0
1484548383.629204000 0 0
1484548383.632529000 0 0
1484548383.636329000 0 0
1484548383.639980000 0 0
1484548383.643742000 0 0
1484548383.646660000 0 0
1484548383.650668000 0 0
1484548383.653806000 0 0
1484548383.657976000 0 0
1484548383.661275000 0 0
1484548383.664935000 0 0
1484548383.668196000 0 0
1484548356.931865000 8192 0
1484548384.367788000 0 0
1484548384.612720000 0 0
1484548384.737243000 0 0
1484548384.747199000 0 0
1484548384.785448000 7168 0
1484548384.810790000 0 0
1484548385.109322000 0 0
1484548385.112844000 0 2
1484548385.119277000 0 0
1484548385.121734000 0 0
1484548384.753278000 2 0
1484548385.099001000 0 0
1484548385.124220000 0 0
1484548385.373651000 0 53
1484548381.963022000 204 0
1484548385.380006000 0 0
1484548385.949485000 0 0
1484548385.972829000 0 0
1484548393.810646000 0 0
1484548393.815874000 0 0
1484548394.136301000 0 0
1484548394.450568000 0 0
1484548394.503259000 0 0
1484548394.518104000 0 0
1484548394.161856000 628371 4887
1484548381.041189000 0 0
1484548395.480041000 0 1610632
1484548401.389541000 0 0
1484548377.725531000 282 0
1484548379.733071000 10 0
1484548379.746143000 10 0
1484548379.767246000 111 0
1484548404.448580000 0 0
1484548404.989132000 0 0
1484548405.413005000 0 0
1484548405.438253000 0 0
1484548406.310339000 0 0
1484548406.312671000 0 0
1484548406.316215000 0 0
1484548406.328692000 0 0
1484548406.331118000 0 0
1484548406.344450000 0 0
1484548406.347006000 0 0
1484548406.349374000 0 0
1484548406.351824000 0 0
1484548406.354027000 0 0
1484548379.815378000 208 0
1484548407.773825000 0 0
1484548380.008078000 23073 0
1484548380.135455000 16384 0
1484548380.235637000 319 0
1484548380.598353000 497 0
1484548407.780659000 0 0
1484548381.059275000 12613 0
1484548381.090723000 8312 0
1484548381.267088000 208620 0
1484548407.789273000 0 0
1484548381.999551000 32768 0
1484548382.392049000 91644 0
1484548382.422040000 8 0
1484548382.564572000 504 0
1484548382.660305000 7636 0
1484548382.736085000 6119 0
1484548383.532534000 589 0
1484548383.703859000 10 0
1484548384.374396000 364 0
1484548384.618059000 418 0
1484548385.389274000 9188 0
1484548382.760482000 25 0
1484548385.448419000 9833 0
1484548385.456626000 55 0
1484548413.533686000 0 6119
1484548413.542683000 0 0
1484548415.429378000 0 0
1484548415.433346000 0 0
1484548415.457611000 0 0
1484548415.559004000 0 0
1484548416.873079000 0 0
1484548422.870398000 0 5430
1484548422.880578000 0 0
1484548422.899155000 5430 0
1484548422.931246000 5430 0
1484548417.175359000 233 0
1484548417.537889000 0 0
1484548422.867765000 0 0
1484548422.891422000 466 0
1484548422.962792000 0 5430
1484548422.957421000 0 233
1484548422.973342000 0 0
1484548425.896259000 0 0
1484548425.903290000 0 0
1484548427.903894000 0 0
1484548427.906814000 0 0
1484548405.431562000 398 0
1484548405.434055000 282 0
1484548405.453010000 80 0
1484548406.476471000 200 0
1484548406.555490000 226 0
1484548406.581028000 189 0
1484548406.595424000 302 0
1484548406.610833000 182 0
1484548406.676946000 202 0
1484548406.700418000 940 0
1484548406.728908000 168 0
1484548437.732074000 0 0
1484548437.750289000 0 0
1484548437.771884000 0 0
1484548422.974897000 0 0
1484548437.783872000 0 0
1484548437.808323000 0 66
1484548437.801105000 66 0
1484548437.813855000 0 0
1484548439.028413000 0 0
1484548440.917511000 0 137
1484548440.923743000 0 0
1484548440.909409000 137 0
1484548440.922698000 0 0
1484548440.947617000 0 7280
1484548440.954007000 0 0
1484548440.953109000 0 0
1484548416.881098000 638 0
1484548416.900592000 84 0
1484548417.130990000 186 0
1484548417.152744000 254 0
1484548417.188240000 144 0
1484548417.198625000 217 0
1484548417.206010000 226 0
1484548417.227081000 294 0
1484548417.241620000 269 0
1484548417.253217000 249 0
1484548417.269473000 2223 0
1484548417.287835000 3161 0
1484548417.303381000 373 0
1484548417.312553000 235 0
1484548417.319798000 513 0
1484548417.342842000 222 0
1484548417.355156000 2718 0
1484548417.372931000 217 0
1484548417.387057000 181 0
1484548417.397940000 214 0
1484548417.406166000 225 0
1484548417.417889000 235 0
1484548417.433846000 226 0
1484548417.446024000 287 0
1484548417.461558000 209 0
1484548417.481053000 7649 0
1484548417.499049000 269 0
1484548451.904610000 0 0
1484548451.908444000 0 0
1484548451.913620000 0 0
1484548451.919964000 0 0
1484548451.923822000 0 0
1484548451.929473000 0 0
1484548451.935177000 0 0
1484548451.939905000 0 0
1484548451.945212000 0 0
1484548448.862365000 0 0
1484548439.031338000 233 0
1484548440.932002000 51 0
1484548473.222592000 0 0
1484548485.379191000 0 0
1484548512.626124000 0 0
1484548406.247580000 0 0
1484548524.237271000 0 0
1484548524.739414000 0 0
1484548535.204185000 0 0
1484548535.282030000 0 0
1484548535.285050000 0 0
1484548535.295900000 0 0
1484548535.297914000 0 0
1484548535.300961000 0 0
1484548535.303168000 0 0
1484548535.305158000 0 0
1484548535.308671000 0 0
1484548535.311104000 0 0
1484548535.313309000 0 0
1484548535.315652000 0 0
1484548535.317647000 0 0
1484548538.687756000 0 0
1484548538.691597000 0 0
1484548538.695996000 0 0
1484548538.700506000 0 0
1484548538.703956000 0 0
1484548538.707342000 0 0
1484548545.278204000 0 0
1484548545.284032000 0 0
1484548545.291679000 0 0
1484548545.300012000 0 0
1484548535.289724000 80 0
1484548535.620948000 200 0
1484548535.624892000 226 0
1484548535.630590000 189 0
1484548535.635470000 302 0
1484548535.639567000 182 0
1484548535.651102000 202 0
1484548535.658443000 940 0
1484548535.662118000 168 0
1484548587.046412000 0 0
1484548587.051082000 0 0
1484548587.059524000 0 0
1484548587.069261000 0 0
1484548587.090365000 0 0
1484548587.092888000 0 0
1484548587.095572000 0 0
1484548587.097990000 0 0
1484548587.109519000 0 0
1484548587.112393000 0 0
1484548587.126966000 0 0
1484548587.129462000 0 0
1484548587.142920000 0 0
1484548587.145524000 0 0
1484548605.313156000 0 0
1484548608.423540000 0 1150
1484548608.432129000 0 0
1484548608.431177000 0 0
1484548608.439984000 1150 0
1484548608.450646000 1150 0
1484548605.420489000 214 0
1484548606.501766000 0 0
1484548608.421124000 0 0
1484548608.432421000 428 0
1484548608.469256000 0 1150
1484548608.464944000 0 214
1484548608.478180000 0 0
1484548608.479696000 0 0
1484548611.444983000 0 0
1484548611.442433000 0 0
1484548611.453099000 0 0
1484548611.454583000 0 0
1484548587.065778000 570 0
1484548587.081036000 504 0
1484548587.100581000 504 0
1484548587.115492000 282 0
1484548587.132553000 398 0
1484548613.456195000 0 0
1484548613.454276000 0 0
1484548613.463821000 0 0
1484548613.465901000 0 0
1484548605.348211000 186 0
1484548605.356876000 144 0
1484548605.370177000 269 0
1484548605.388281000 373 0
1484548605.391500000 235 0
1484548605.406638000 2718 0
1484548605.413854000 217 0
1484548605.416897000 181 0
1484548621.813301000 0 7636
1484548621.822877000 0 0
1484548621.821354000 0 0
1484548608.480062000 0 0
1484548605.318461000 80 0
1484548605.321495000 638 0
1484548605.324108000 84 0
1484548605.352828000 254 0
1484548605.361574000 217 0
1484548605.364166000 226 0
1484548605.367170000 294 0
1484548605.374755000 249 0
1484548605.377833000 2223 0
1484548605.382295000 3161 0
1484548605.395628000 513 0
1484548605.400868000 222 0
1484548605.423917000 225 0
1484548605.427283000 235 0
1484548605.430573000 226 0
1484548605.433669000 287 0
1484548605.436607000 209 0
1484548605.439685000 7649 0
1484548605.446269000 269 0
1484548605.825057000 0 0
1484548605.889223000 0 0
1484548605.973250000 0 0
1484548606.035065000 0 0
1484548606.052211000 0 0
1484548606.105921000 0 0
1484548606.130603000 0 0
1484548606.169177000 0 0
1484548682.337826000 0 0
1484548682.372315000 0 0
1484548682.382636000 3619 3689
1484548682.353467000 0 168488
1484548682.404312000 0 0
1484548682.394491000 0 2566
1484548682.430233000 0 0
1484548682.469245000 0 0
1484548682.519492000 0 0
1484548682.538820000 0 0
1484548682.552756000 6015 2021
1484548682.571542000 0 0
1484548682.592777000 586145 519
1484548682.705304000 0 0
1484548684.418346000 0 364
1484548684.429419000 0 0
1484548684.427723000 0 0
1484548685.966211000 0 319
1484548682.532617000 5689 0
1484548734.695316000 0 0
1484548741.020891000 0 7283
1484548741.031185000 0 0
1484548741.029159000 0 0
1484548734.698275000 233 0
1484548526.000890000 0 0
1484548815.241555000 0 0
1484548815.245360000 0 0
1484548815.252611000 0 0
1484548815.254339000 0 0
1484548815.258164000 0 0
1484548815.262062000 0 0
1484548815.264285000 0 0
1484548815.268851000 0 0
1484548815.271527000 0 0
1484548815.274761000 0 0
1484548815.277723000 0 0
1484548815.280924000 0 0
1484548820.660654000 0 0
1484548820.663446000 0 0
1484548820.662387000 0 0
1484548820.691157000 0 0
1484548820.664487000 0 0
1484548820.707607000 0 0
1484548820.748208000 0 0
1484548820.750148000 0 0
1484548821.117011000 0 0
1484548821.122205000 0 0
1484548821.135149000 0 0
1484548821.170562000 0 0
1484548820.702694000 0 0
1484548815.251723000 80 0
1484548820.660891000 282 0
1484548821.154967000 570 0
1484548821.179821000 504 0
1484548857.215359000 0 0
1484548857.212876000 0 0
1484548857.219305000 0 0
1484548857.214130000 0 0
1484548857.220870000 0 0
1484548857.229869000 0 0
1484548863.351764000 0 208787
1484548863.376526000 0 0
1484548863.375626000 0 0
1484548908.407681000 168 0
1484548965.085225000 0 0
1484548965.097720000 0 0
1484548965.084339000 0 0
1484548965.088235000 0 0
1484548965.101279000 0 0
1484548965.104283000 0 0
1484548965.104544000 0 0
1484548965.104464000 0 0
1484548965.108156000 0 0
1484548965.108108000 0 0
1484548965.108318000 0 0
1484548965.106020000 0 0
1484548982.910168000 0 0
1484548982.918770000 0 0
1484548982.956234000 0 0
1484548965.082427000 282 0
1484548982.913273000 5689 0
1484549041.058379000 0 8409
1484549041.069546000 0 0
1484549041.067130000 0 0
1484549072.398190000 0 0
1484549127.700904000 0 0
1484549127.750269000 0 0
1484549127.752884000 0 0
1484549127.761006000 0 0
1484549127.764598000 282 0
1484549205.104385000 0 0
1484549205.105325000 0 0
1484549205.188918000 0 0
1484549205.212754000 0 0
1484549205.543443000 0 0
1484549205.565755000 0 0
1484549205.106339000 0 0
1484549205.568393000 0 0
1484549209.011024000 0 0
1484549209.016949000 0 0
1484549209.021554000 0 0
1484549209.032184000 0 0
1484549209.056622000 0 0
1484549209.061087000 0 0
1484549209.077974000 0 0
1484549209.082571000 0 0
1484549205.578087000 0 0
1484549205.097515000 282 0
1484549209.027742000 570 0
1484549209.040084000 504 0
1484549205.553424000 398 0
1484549283.004735000 0 0
1484549283.009979000 5689 0
1484549341.114583000 0 8409
1484549341.126581000 0 0
1484549341.124466000 0 0
1484549381.878664000 0 0
1484549381.881938000 0 0
1484549381.886346000 0 0
1484549381.892255000 0 0
1484549381.896043000 0 0
1484549381.901542000 0 0
1484549381.907208000 0 0
1484549381.913071000 0 0
1484549381.918289000 0 0
1484548771.003079000 0 0
1484549385.922879000 226 0
1484549420.910490000 0 0
1484549420.909378000 0 0
1484549420.906762000 0 0
1484549420.915650000 0 0
1484549420.916662000 0 0
1484549420.955029000 0 0
1484549420.955171000 0 0
1484549420.955220000 0 0
1484549420.954981000 0 0
1484549420.955088000 0 0
1484549424.081129000 0 0
1484549424.083382000 0 0
1484549424.085479000 0 0
1484549427.792210000 0 0
1484549427.800710000 0 0
1484549427.805712000 0 0
1484549427.812313000 0 0
1484549427.814405000 0 0
1484549427.816652000 0 0
1484549427.818885000 0 0
1484549427.824460000 0 0
1484549420.904517000 282 0
1484549427.803153000 226 0
1484549427.809191000 302 0
1484549427.848817000 200 0
1484549427.863369000 189 0
1484549427.870211000 182 0
1484549427.874541000 202 0
1484549427.877284000 940 0
1484549427.882008000 168 0
1484549461.052835000 0 0
1484549461.060625000 0 0
1484549461.063140000 0 0
1484549461.070280000 0 0
1484549461.072661000 0 0
1484549461.079593000 0 0
1484549461.081833000 0 0
1484549461.087872000 0 0
1484549461.089908000 0 0
1484549461.096180000 0 0
1484549420.914774000 0 0
1484549461.057577000 129 0
1484549461.067985000 129 0
1484549461.077334000 129 0
1484549461.085794000 129 0
1484549461.093843000 129 0
1484549390.386540000 0 0
1484549583.042173000 0 0
1484549583.046054000 5689 0
1484549502.117487000 0 0
1484549641.133565000 0 8412
1484549641.145664000 0 0
1484549641.143954000 0 0
1484549623.706445000 0 0
1484549769.197873000 182 0
1484549847.682123000 0 0
1484549864.517956000 0 0
1484549864.524572000 0 0
1484549864.547939000 0 0
1484549868.583277000 0 0
1484549868.589028000 0 0
1484549872.663378000 0 0
1484549882.039413000 0 0
1484549882.041794000 0 0
1484549883.074773000 0 0
1484549861.677195000 214 0
1484549887.455576000 0 0
1484549864.557638000 282 0
1484549895.647571000 0 0
1484549895.653678000 0 0
1484549868.598191000 80 0
1484549883.081322000 5689 0
1484549642.335655000 0 0
1484549912.754874000 0 0
1484549924.428286000 0 0
1484549941.169277000 0 8412
1484549941.188608000 0 0
1484549941.179466000 0 0
1484549948.466975000 0 0
1484549976.856869000 0 0
1484549925.569507000 0 0
1484549912.217925000 0 0
1484550105.368552000 0 0
1484550105.373690000 0 0
1484550105.378362000 0 0
1484550105.386029000 0 0
1484550105.388609000 0 0
1484550105.391657000 0 0
1484550105.398252000 0 0
1484550105.403008000 0 0
1484550105.409404000 0 0
1484550002.954465000 0 0
1484550183.193682000 0 0
1484550183.197945000 5689 0
1484550241.214308000 0 8412
1484550241.224627000 0 0
1484550241.222969000 0 0
1484550220.584124000 0 0
1484550299.065056000 0 0
1484550362.900907000 0 0
1484550362.936892000 0 0
1484550362.947605000 0 0
1484550362.950972000 0 23010
1484550362.968800000 0 0
1484550362.972183000 0 0
1484550362.978599000 0 0
1484550362.939989000 0 0
1484550362.981590000 0 0
1484550363.044741000 0 0
1484550363.070155000 0 0
1484550436.106023000 0 0
1484550437.108669000 0 5430
1484550437.115186000 0 0
1484550437.119586000 0 0
1484550437.120870000 0 0
1484550437.122272000 0 0
1484550437.134926000 5430 0
1484550437.137302000 0 0
1484550437.136518000 0 0
1484550437.145578000 5430 0
1484550437.146846000 0 0
1484550437.147788000 0 0
1484550436.112056000 202 0
1484550437.153071000 0 0
1484550437.106798000 0 0
1484550437.152268000 0 0
1484550437.118010000 404 0
1484550437.162245000 0 5430
1484550437.157541000 0 202
1484550437.181296000 0 0
1484550437.180187000 0 0
1484550437.202869000 0 0
1484550437.213258000 0 0
1484550437.216040000 0 0
1484550439.227327000 0 0
1484550439.228484000 0 0
1484550439.231356000 0 0
1484550439.234230000 0 0
1484550439.269712000 0 0
1484550439.268663000 0 0
1484550439.275434000 0 0
1484550439.274285000 0 0
1484550440.112280000 0 0
1484550440.109257000 0 0
1484550440.128051000 0 0
1484550440.127055000 0 0
1484550440.123773000 0 0
1484550440.130673000 0 0
1484550440.126043000 0 0
1484550440.134405000 0 0
1484550440.133448000 0 0
1484550440.142593000 0 0
1484550440.141662000 0 0
1484550440.146812000 0 0
1484550442.127566000 0 0
1484550442.126431000 0 0
1484550442.136898000 0 0
1484550442.135689000 0 0
1484550442.139320000 0 0
1484550442.141130000 0 0
1484550442.143515000 0 0
1484550442.146554000 0 0
1484550442.147655000 0 0
1484550442.156440000 0 0
1484550442.159686000 0 0
1484550442.158677000 0 0
1484550437.177178000 0 0
1484550439.236220000 202 0
1484550437.143978000 80 0
1484550437.175779000 226 0
1484550437.198055000 302 0
1484550439.241981000 200 0
1484550439.247098000 168 0
1484550439.252519000 940 0
1484550439.258087000 189 0
1484550439.263615000 182 0
1484550481.231135000 0 0
1484550481.295390000 0 0
1484550481.304024000 0 0
1484550481.319132000 0 0
1484550481.322141000 0 0
1484550481.341098000 0 0
1484550481.345337000 0 0
1484550481.469318000 0 0
1484550481.472809000 0 0
1484550481.482931000 0 0
1484550483.241068000 0 0
1484550486.561120000 0 0
1484550491.101516000 0 0
1484550491.299147000 0 0
1484550491.303843000 0 0
1484550491.309012000 0 0
1484550491.314222000 0 0
1484550485.055336000 182 0
1484550299.331802000 0 0
1484550500.368265000 0 0
1484550502.972442000 0 0
1484550481.490970000 398 0
1484550483.246716000 5689 0
1484550485.685460000 0 0
1484550541.260918000 0 8709
1484550541.270842000 0 0
1484550541.269235000 0 0
1484550557.861035000 0 0
1484550557.932952000 0 0
1484550557.936287000 0 0
1484550557.963575000 0 0
1484550557.967193000 0 0
1484550557.971066000 0 0
1484550557.973913000 0 0
1484550557.976639000 0 0
1484550557.980193000 0 0
1484550557.984329000 0 0
1484550557.987527000 0 0
1484550557.990829000 0 0
1484550567.939432000 0 0
1484550567.946272000 0 0
1484550567.954977000 0 0
1484550567.961777000 0 0
1484550567.972910000 0 0
1484550560.154600000 940 0
1484550557.941564000 80 0
1484550560.478866000 0 0
1484550663.806482000 0 266816
1484550663.911153000 0 0
1484550664.022106000 0 496248
1484550664.141715000 0 0
1484548682.729072000 1142412 7632
1484550675.011979000 0 0
1484550677.213375000 0 0
1484550677.217190000 0 0
1484550677.223241000 0 0
1484550677.226537000 0 0
1484550677.230099000 0 0
1484550677.234887000 0 0
1484550677.237164000 0 0
1484550677.240786000 0 0
1484550677.244355000 0 0
1484550677.247960000 0 0
1484550677.251212000 0 0
1484550677.306794000 0 0
1484550677.311270000 0 0
1484550677.319654000 0 0
1484550678.555222000 0 0
1484550678.980577000 0 0
1484550682.879676000 0 0
1484550682.882917000 0 0
1484550682.885845000 0 0
1484550682.889211000 0 0
1484550682.892288000 0 0
1484548385.037366000 2438 0
1484550683.053323000 0 0
1484550698.957525000 0 234040
1484550699.024146000 0 0
1484550677.224278000 80 0
1484550699.984311000 0 0
1484550700.147447000 0 168488
1484550700.193501000 0 0
1484550677.325410000 282 0
1484550700.526279000 0 333520
1484550722.483995000 0 0
1484550722.572471000 0 300168
1484550743.485389000 0 0
1484550743.561459000 0 234600
1484550748.210946000 0 0
1484550753.906012000 0 234600
1484550759.185598000 0 0
1484550782.533391000 0 0
1484550783.286439000 0 0
1484550784.604722000 0 384
1484550784.618152000 0 0
1484550784.615816000 0 0
1484550782.537566000 233 0
1484550783.291670000 5689 0
1484550841.301866000 0 8710
1484550841.312285000 0 0
1484550841.310665000 0 0
1484551083.326869000 0 0
1484551083.332078000 5689 0
1484551124.045663000 0 0
1484551133.730097000 0 168488
1484551133.809981000 0 0
1484551141.359089000 0 8710
1484551141.372545000 0 0
1484551141.370233000 0 0
1484551142.644163000 0 168488
1484551142.699233000 0 0
1484551147.137642000 0 168488
1484551147.185112000 0 0
1484551383.370612000 0 0
1484551384.669286000 0 364
1484551384.684136000 0 0
1484551384.681831000 0 0
1484551383.375921000 5689 0
1484551441.406956000 0 8710
1484551441.419823000 0 0
1484551441.417488000 0 0
1484551683.414880000 0 0
1484551683.422627000 5689 0
1484551822.654717000 0 0
1484551822.698906000 0 0
1484551822.701748000 0 0
1484551822.709695000 0 0
1484551824.060247000 0 0
1484551824.425033000 0 0
1484551822.715472000 282 0
1484551824.069350000 202 0
1484551918.973947000 0 8710
1484551918.985053000 0 0
1484551918.983425000 0 0
1484551983.532503000 0 0
1484551983.537421000 5689 0
1484552283.570473000 0 0
1484552283.576135000 5689 0
1484552329.263544000 0 0
1484548457.127684000 0 0
1484552485.146773000 0 8710
1484552485.158502000 0 0
1484552485.156861000 0 0
1484552583.618577000 0 0
1484552583.625671000 5689 0
1484552785.191339000 0 8710
1484552785.203469000 0 0
1484552785.201687000 0 0
1484552883.659247000 0 0
1484552883.664810000 5689 0
1484553085.234747000 0 8710
1484553085.248395000 0 0
1484553085.246091000 0 0
1484553183.701196000 0 0
1484553183.706581000 5689 0
1484553319.032561000 0 0
1484553319.119264000 0 0
1484553319.124180000 0 0
1484553319.134661000 0 0
1484553319.148474000 570 0
1484553385.277393000 0 8710
1484553385.289047000 0 0
1484553385.287408000 0 0
1484553483.746526000 0 0
1484553483.752308000 5689 0
1484553685.323679000 0 8710
1484553685.335743000 0 0
1484553685.333944000 0 0
1484553783.836167000 0 0
1484553783.844048000 5689 0
1484553985.369820000 0 8710
1484553985.383972000 0 0
1484553985.381760000 0 0
1484554083.879432000 0 0
1484554083.884935000 5689 0
1484554285.414546000 0 8710
1484554285.425450000 0 0
1484554285.423724000 0 0
1484554383.919007000 0 0
1484554383.926613000 5689 0
1484554452.577863000 0 0
1484554452.642654000 0 0
1484554452.649306000 0 0
1484554452.661453000 0 0
1484554453.740857000 0 0
1484554454.125573000 0 0
1484554454.128252000 0 0
1484554454.428093000 0 0
1484554454.435086000 0 0
1484554454.437584000 0 0
1484554465.183030000 0 0
1484554452.671478000 282 0
1484554454.442755000 570 0
1484554585.455965000 0 8711
1484554585.468337000 0 0
1484554585.466443000 0 0
1484554599.205626000 0 0
1484554620.366029000 0 0
1484554641.491366000 0 0
1484554683.966258000 0 0
1484554683.971614000 5689 0
1484554885.493559000 0 8711
1484554885.513968000 0 0
1484554885.512900000 0 0
1484554984.011568000 0 0
1484554984.019736000 5689 0
1484555070.553616000 0 0
1484555070.560774000 0 0
1484555185.554042000 0 8711
1484555185.569672000 0 0
1484555185.567446000 0 0
1484555284.056895000 0 0
1484555284.064364000 5689 0
1484555485.596618000 0 8711
1484555485.608245000 0 0
1484555485.607058000 0 0
1484555584.161162000 0 0
1484555584.165052000 5689 0
1484555785.641497000 0 8711
1484555785.654869000 0 0
1484555785.652964000 0 0
1484555852.172709000 0 0
1484555852.255666000 0 0
1484555852.260420000 0 0
1484555852.271678000 0 0
1484555852.281073000 570 0
1484555884.195973000 0 0
1484555884.202394000 5689 0
1484556085.681249000 0 8711
1484556085.695237000 0 0
1484556085.692910000 0 0
1484556184.243574000 0 0
1484556184.249064000 5689 0
1484556253.586504000 0 0
1484556253.634177000 0 0
1484556253.638279000 0 0
1484556253.646844000 0 0
1484556254.676216000 0 0
1484556259.648418000 0 0
1484556259.644128000 0 0
1484556259.655907000 0 0
1484556259.656789000 0 0
1484556259.643070000 0 0
1484556259.666398000 0 0
1484556259.666445000 0 0
1484556259.666207000 0 0
1484556259.671683000 0 0
1484556259.686347000 0 0
1484556259.686345000 0 0
1484556259.695492000 0 0
1484556268.918126000 0 0
1484556268.920977000 0 0
1484556268.926681000 0 0
1484556268.924944000 0 0
1484556268.940575000 0 0
1484556268.937890000 0 0
1484556268.953071000 0 0
1484556268.954442000 0 0
1484556268.986483000 0 0
1484556268.993971000 0 0
1484556268.991976000 0 0
1484556269.001094000 0 0
1484556268.999307000 0 0
1484556269.006097000 0 0
1484556269.007462000 0 0
1484556269.043148000 0 0
1484556269.045313000 0 0
1484556269.051152000 0 0
1484556269.049265000 0 0
1484556269.078975000 0 0
1484556269.085191000 0 0
1484556269.091517000 0 0
1484556269.089416000 0 0
1484556236.459483000 564 0
1484556268.949074000 570 0
1484556268.967117000 504 0
1484556269.022623000 504 0
1484556269.057529000 398 0
1484556308.209997000 0 0
1484550115.612425000 0 0
1484556321.201262000 0 0
1484556335.724630000 0 0
1484556335.748406000 1150 0
1484556335.758663000 1150 0
1484556319.759968000 214 0
1484556335.729380000 428 0
1484556335.767011000 0 0
1484556335.779144000 0 1150
1484556335.774638000 0 214
1484556335.793201000 0 0
1484556336.648087000 0 0
1484556336.655961000 0 0
1484556336.657778000 0 0
1484556337.036158000 0 0
1484556337.038427000 0 0
1484556337.046613000 0 0
1484556337.059322000 0 0
1484556337.061795000 0 0
1484556336.656721000 0 0
1484556337.065216000 0 0
1484556337.066270000 0 0
1484556339.306837000 0 0
1484556339.314221000 0 0
1484556339.808517000 0 0
1484556339.816289000 0 0
1484556320.282233000 186 0
1484556320.407015000 254 0
1484556320.496162000 144 0
1484556320.524052000 217 0
1484556320.683431000 269 0
1484556320.759962000 373 0
1484556320.785758000 235 0
1484556320.826561000 2718 0
1484556320.861907000 217 0
1484556320.951050000 181 0
1484556335.843768000 0 0
1484556259.667439000 0 0
1484556336.643847000 282 0
1484556337.050328000 398 0
1484556339.322526000 80 0
1484556339.345614000 638 0
1484556339.366835000 84 0
1484556322.421876000 0 0
1484556385.724394000 0 8711
1484556385.736158000 0 0
1484556385.734484000 0 0
1484556484.287643000 0 0
1484556484.292951000 5689 0
1484556623.200432000 0 0
1484556623.203776000 0 0
1484556623.208263000 0 0
1484556623.212908000 0 0
1484556623.216281000 0 0
1484556623.220381000 0 0
1484556623.222988000 0 0
1484556623.226250000 0 0
1484556623.229130000 0 0
1484556623.231741000 0 0
1484556623.234596000 0 0
1484556623.237272000 0 0
1484556631.604424000 0 0
1484556631.607935000 0 0
1484556631.610707000 0 0
1484556631.612970000 0 0
1484556631.616224000 0 0
1484556632.402481000 0 0
1484556632.388654000 0 0
1484556623.211024000 80 0
1484556685.767308000 0 8711
1484556685.781283000 0 0
1484556685.778939000 0 0
1484556784.332341000 0 0
1484556784.338086000 5689 0
1484556985.805140000 0 8711
1484556985.817603000 0 0
1484556985.815820000 0 0
1484557013.458776000 282 0
1484557054.258885000 0 0
1484557054.305142000 0 0
1484557054.310852000 0 0
1484557054.323467000 0 0
1484557054.332780000 282 0
1484557084.371012000 0 0
1484557084.379049000 5689 0
1484557249.464041000 0 0
1484557249.510414000 0 0
1484557249.515149000 0 0
1484557249.524551000 0 0
1484557231.204341000 282 0
1484557249.532099000 570 0
1484557285.847514000 0 8711
1484557285.864460000 0 0
1484557285.862115000 0 0
1484557383.308926000 0 0
1484557383.320654000 233 0
1484557384.470057000 0 0
1484557373.688112000 282 0
1484557384.482729000 5689 0
1484557515.579300000 0 0
1484557499.369515000 282 0
1484557585.886734000 0 8711
1484557585.899888000 0 0
1484557585.898199000 0 0
1484557634.020212000 282 0
1484557667.659490000 0 0
1484554465.187968000 0 0
1484557684.536564000 0 0
1484557684.544341000 5689 0
1484557885.930079000 0 8711
1484557885.942709000 0 0
1484557885.940733000 0 0
1484557984.579193000 0 0
1484557984.584808000 5689 0
1484558186.009954000 0 8711
1484558186.039543000 0 0
1484558186.037118000 0 0
1484558284.620866000 0 0
1484558284.626350000 5689 0
1484558486.029443000 0 8714
1484558486.042301000 0 0
1484558486.040631000 0 0
1484558584.659952000 0 0
1484558584.665715000 5689 0
1484558757.653269000 0 0
1484558757.724136000 0 0
1484558757.729847000 0 0
1484558757.741980000 0 0
1484558770.040938000 0 0
1484558770.120422000 0 0
1484558770.125004000 0 0
1484558770.135025000 0 0
1484558770.053513000 0 0
1484558770.503805000 0 0
1484558770.520556000 0 0
1484558770.526373000 0 0
1484558770.535056000 0 0
1484558771.999547000 0 0
1484558772.005115000 0 0
1484558772.009689000 0 0
1484558772.015410000 0 0
1484558772.020090000 0 0
1484558772.025836000 0 0
1484558772.031241000 0 0
1484558772.036315000 0 0
1484558772.042131000 0 0
1484558772.047385000 0 0
1484558772.052903000 0 0
1484558772.058095000 0 0
1484558772.063549000 0 0
1484558772.068832000 0 0
1484558772.074050000 0 0
1484558772.079553000 0 0
1484558772.084790000 0 0
1484558772.090439000 0 0
1484558772.095676000 0 0
1484558772.101116000 0 0
1484558772.106928000 0 0
1484558773.465742000 0 209192
1484558773.572254000 0 0
1484558774.147258000 0 164597
1484558774.503221000 0 0
1484558774.508524000 0 0
1484558774.518068000 0 0
1484558774.523406000 0 0
1484558776.482204000 0 0
1484558776.480576000 0 0
1484558778.480802000 0 0
1484558778.478726000 0 0
1484558770.048903000 282 0
1484558780.199709000 652 0
1484558780.216204000 634 0
1484558757.751617000 570 0
1484558782.479236000 0 0
1484558782.508097000 0 0
1484558782.512000000 0 0
1484558782.522001000 0 0
1484558782.532514000 0 0
1484558782.543612000 0 0
1484558782.551250000 0 0
1484558782.548781000 0 0
1484558782.565069000 0 0
1484558782.567131000 0 0
1484558782.568896000 0 0
1484558782.563407000 0 0
1484558782.578470000 0 0
1484558782.579055000 0 0
1484558782.576365000 0 0
1484558782.593956000 0 0
1484558782.591204000 0 0
1484558782.554731000 0 0
1484558782.627240000 0 0
1484558782.617719000 0 0
1484558782.913120000 0 0
1484558783.020601000 0 0
1484558786.068425000 0 8714
1484558786.079960000 0 0
1484558786.078697000 0 0
1484558786.628045000 0 0
1484558786.642377000 0 0
1484558783.180819000 0 0
1484558788.498638000 0 0
1484558788.508899000 0 0
1484558788.515691000 0 0
1484558788.518902000 0 0
1484558788.527256000 0 0
1484558788.533829000 0 0
1484558788.531893000 0 0
1484558788.499805000 0 0
1484558788.540923000 0 0
1484558788.538346000 0 0
1484558788.552233000 0 0
1484558788.549847000 0 0
1484558788.539847000 0 0
1484558788.692371000 0 0
1484558789.720426000 0 0
1484558780.272966000 1316 0
1484558780.243725000 8192 0
1484558782.940255000 164597 0
1484558788.713692000 209192 0
1484558833.225204000 0 0
1484558833.299787000 0 0
1484558833.307530000 0 0
1484558833.318584000 0 0
1484558833.325152000 0 0
1484558833.370086000 0 0
1484558833.375341000 0 0
1484558833.390845000 0 0
1484558833.396447000 0 0
1484558833.401534000 0 0
1484558833.406572000 0 0
1484558833.420329000 0 0
1484558833.429213000 0 544
1484558833.439220000 0 0
1484558833.446291000 0 0
1484558833.487588000 0 0
1484558833.482929000 0 0
1484558833.511590000 0 0
1484558833.516014000 0 0
1484558833.521009000 0 0
1484558833.525278000 0 0
1484558833.531755000 0 0
1484558833.553405000 0 0
1484558833.556252000 0 0
1484558833.593079000 0 0
1484558833.706791000 0 0
1484558833.732706000 0 0
1484558835.476033000 0 0
1484558835.482318000 0 0
1484558835.487295000 0 0
1484558835.496708000 0 0
1484558835.543087000 0 0
1484558835.548248000 0 0
1484558835.563875000 0 0
1484558835.569091000 0 0
1484558835.573882000 0 0
1484558835.579259000 0 0
1484558835.585221000 0 0
1484558835.597937000 0 0
1484558835.606669000 0 544
1484558835.616628000 0 0
1484558835.623446000 0 0
1484558835.637920000 0 0
1484558835.634039000 0 0
1484558835.659492000 0 0
1484558835.664461000 0 0
1484558835.669297000 0 0
1484558835.675740000 0 0
1484558835.689485000 0 0
1484558837.564394000 0 0
1484558837.570707000 0 0
1484558837.575620000 0 0
1484558837.629512000 0 0
1484558837.634250000 0 0
1484558837.654287000 0 0
1484558838.467575000 0 0
1484558838.465521000 0 0
1484558833.247825000 129 0
1484558833.573003000 129 0
1484558833.728729000 129 0
1484558835.492202000 282 0
1484558833.547960000 544 0
1484558835.687665000 544 0
1484558837.624311000 129 0
1484558837.649544000 129 0
1484558838.511094000 652 0
1484558838.515229000 634 0
1484558838.514438000 8192 0
1484558838.528705000 1316 0
1484558838.743226000 0 0
1484558838.748502000 0 0
1484558838.753626000 0 0
1484558838.758425000 0 0
1484558838.770969000 0 0
1484558838.813005000 0 0
1484558838.728515000 544 0
1484558838.820752000 0 0
1484558838.831762000 0 0
1484558838.766640000 544 0
1484558838.839514000 0 0
1484558838.856472000 0 0
1484558840.457337000 0 0
1484558840.455415000 0 0
1484558840.494374000 652 0
1484558840.505393000 634 0
1484558838.557192000 8192 0
1484558840.516916000 1316 0
1484558840.528458000 8192 0
1484558884.708134000 0 0
1484558884.716187000 5689 0
1484559086.108324000 0 8714
1484559086.123248000 0 0
1484559086.120947000 0 0
1484559184.817845000 0 0
1484559184.825385000 5689 0
1484559386.150670000 0 8714
1484559386.164301000 0 0
1484559386.162277000 0 0
1484559484.861589000 0 0
1484559484.868218000 5689 0
1484559784.902586000 0 0
1484559784.908135000 5689 0
1484559812.031749000 0 8714
1484559812.045695000 0 0
1484559812.043774000 0 0
1484559818.883736000 0 0
1484559818.952192000 0 0
1484559818.955921000 0 0
1484559818.965565000 0 0
1484559823.087755000 0 0
1484559818.979318000 282 0
1484559895.542876000 0 0
1484559895.547108000 0 0
1484559895.558935000 0 0
1484559895.643611000 0 0
1484559895.648158000 0 0
1484559895.666946000 0 0
1484559895.673364000 0 0
1484559895.680205000 0 0
1484559895.687056000 0 0
1484559896.974614000 0 0
1484560032.196281000 0 0
1484560036.469061000 0 0
1484560036.478168000 0 0
1484560036.483860000 0 0
1484560036.497703000 0 0
1484560036.502168000 0 0
1484560036.508809000 0 0
1484560036.514997000 0 0
1484560036.520793000 0 0
1484560036.525724000 0 0
1484560035.697387000 302 0
1484560084.938546000 0 0
1484560084.953328000 5689 0
1484560112.073808000 0 8714
1484560112.091605000 0 0
1484560112.090550000 0 0
1484560315.263671000 0 0
1484560325.951328000 0 0
1484560384.986472000 0 0
1484560384.994318000 5689 0
1484560412.116282000 0 8714
1484560412.128453000 0 0
1484560412.126982000 0 0
1484560576.219696000 0 135712
1484560576.264298000 0 0
1484560579.792843000 0 0
1484560580.435787000 0 70160
1484560580.464594000 0 0
1484560580.657484000 0 890248
1484560589.961250000 0 0
1484560579.815960000 586247 8141
1484560685.028076000 0 0
1484560685.036462000 5689 0
1484560712.159838000 0 8716
1484560712.170984000 0 0
1484560712.169565000 0 0
1484560745.511964000 0 561800
1484560745.647845000 0 0
1484560753.909995000 0 234600
1484560828.049979000 0 0
1484560828.055289000 0 0
1484560871.276203000 0 135712
1484560871.326193000 0 0
1484560871.648618000 0 0
1484560871.983072000 0 628000
1484560875.540291000 0 0
1484560871.657135000 588843 4810
1484560883.331726000 0 234040
1484560883.399808000 0 0
1484560882.844021000 590210 4016
1484560922.522107000 0 0
1484560922.602952000 0 0
1484560922.605912000 0 0
1484560922.614197000 0 0
1484560923.609659000 0 0
1484560923.608519000 0 0
1484560923.612353000 0 0
1484560923.616284000 0 0
1484560923.619024000 0 0
1484560923.678737000 0 0
1484560923.678859000 0 0
1484560923.679075000 0 0
1484560923.678949000 0 0
1484560923.679027000 0 0
1484560924.896286000 0 0
1484560924.907301000 0 0
1484560924.927027000 0 0
1484560924.936651000 0 0
1484560924.939449000 0 0
1484560924.942657000 0 0
1484560924.946067000 0 0
1484560928.410479000 0 0
1484560928.414081000 0 0
1484560928.418058000 0 0
1484560938.664781000 0 0
1484560938.668902000 0 0
1484560938.676317000 0 0
1484560938.673012000 0 0
1484560938.690823000 0 0
1484560938.688806000 0 0
1484560938.698197000 0 0
1484560938.696414000 0 0
1484560938.729544000 0 0
1484560938.736884000 0 0
1484560938.734472000 0 0
1484560938.743737000 0 0
1484560938.741515000 0 0
1484560938.750475000 0 0
1484560938.748730000 0 0
1484560938.781255000 0 0
1484560938.779341000 0 0
1484560938.788369000 0 0
1484560938.786177000 0 0
1484560922.621828000 282 0
1484560924.924052000 226 0
1484560924.933410000 302 0
1484560928.424968000 570 0
1484560923.614378000 0 0
1484560938.707992000 504 0
1484560938.757430000 504 0
1484560938.795124000 398 0
1484560985.147944000 0 0
1484560985.153960000 5689 0
1484561012.212381000 0 8718
1484561012.225451000 0 0
1484561012.223795000 0 0
1484561090.688142000 14256 0
1484561092.888832000 0 0
1484561092.945184000 0 0
1484561093.080051000 0 0
1484561093.084084000 0 0
1484561093.101778000 0 0
1484561093.113018000 0 0
1484561093.341588000 0 0
1484561093.538031000 0 0
1484561093.536232000 0 0
1484561093.618638000 0 0
1484561093.621518000 0 0
1484561093.677250000 0 0
1484561093.682269000 0 0
1484561094.054858000 0 0
1484561094.063042000 0 0
1484561092.987569000 0 0
1484561094.086297000 0 0
1484561093.110189000 282 0
1484561094.094338000 0 0
1484561094.103303000 0 0
1484561094.143186000 0 0
1484561094.162974000 0 0
1484561094.178189000 0 0
1484561094.181317000 2557 0
1484561094.199858000 0 0
1484561094.223163000 0 0
1484561094.246737000 0 0
1484561094.260290000 0 0
1484561094.204349000 0 0
1484561094.300408000 0 0
1484561094.302695000 0 0
1484561094.303272000 0 0
1484561094.298568000 0 0
1484561094.308508000 0 0
1484561094.311955000 0 0
1484561094.312717000 0 0
1484561094.314693000 0 0
1484561094.309646000 0 0
1484561094.272035000 165 0
1484561094.345127000 0 0
1484561094.329275000 0 0
1484561094.323457000 2557 0
1484561094.364577000 0 0
1484561094.365367000 0 0
1484561094.358607000 0 0
1484561094.356616000 0 0
1484561096.381902000 0 0
1484561096.386448000 0 0
1484561096.390866000 0 0
1484561096.514439000 0 0
1484561096.519990000 0 0
1484561096.553564000 0 0
1484561096.556905000 0 0
1484561096.560331000 0 0
1484561096.567807000 0 0
1484561096.570315000 0 0
1484561096.573289000 0 0
1484561096.596255000 0 0
1484561096.606031000 0 0
1484561096.609286000 0 0
1484561096.618675000 0 0
1484561096.578560000 2557 0
1484561096.643355000 0 0
1484561096.641722000 0 0
1484561096.648933000 0 0
1484561096.733726000 0 0
1484561096.730775000 0 0
1484561091.747477000 2557 0
1484561092.958694000 2557 0
1484561093.698178000 4120 0
1484561093.711858000 0 0
1484561093.723666000 135191 0
1484561285.189816000 0 0
1484561285.198632000 5689 0
1484561312.260527000 0 8718
1484561312.272521000 0 0
1484561312.270893000 0 0
1484561559.144632000 0 0
1484561585.234377000 0 0
1484561585.242690000 5689 0
1484561612.304863000 0 8718
1484561612.318030000 0 0
1484561612.316294000 0 0
1484561613.245414000 0 0
1484561613.252699000 0 0
1484561885.276911000 0 0
1484561885.282884000 5689 0
1484561912.357642000 0 8718
1484561912.370468000 0 0
1484561912.369036000 0 0
1484562185.315675000 0 0
1484562185.321855000 5689 0
1484562212.411605000 0 8718
1484562212.424571000 0 0
1484562212.422915000 0 0
1484562405.837650000 0 0
1484562405.887618000 0 0
1484562405.890658000 0 0
1484562405.899064000 0 0
1484562409.886509000 0 0
1484562397.327749000 282 0
1484562442.020791000 0 0
1484562457.923083000 0 0
1484556376.030220000 0 0
1484562467.904392000 0 0
1484562476.296432000 0 0
1484562466.270882000 0 0
1484562485.358833000 0 0
1484562465.593137000 186 0
1484562465.626550000 254 0
1484562465.647574000 144 0
1484562465.727240000 269 0
1484562465.805507000 373 0
1484562465.832573000 235 0
1484562465.931208000 2718 0
1484562466.220777000 181 0
1484562465.271189000 214 0
1484562506.209915000 0 0
1484562506.215025000 0 0
1484562506.213839000 0 0
1484562506.215560000 0 0
1484562506.214586000 0 0
1484562506.269682000 0 0
1484562506.272686000 0 0
1484562506.282092000 0 0
1484562506.321181000 0 0
1484562506.331418000 0 0
1484562506.341909000 0 0
1484562506.348262000 0 0
1484562506.358667000 0 0
1484562485.367097000 5689 0
1484562513.206265000 0 0
1484562506.206086000 282 0
1484562506.293948000 398 0
1484562546.697198000 0 0
1484562546.701790000 0 0
1484562546.708303000 0 0
1484562546.715124000 0 0
1484562546.719749000 0 0
1484562546.726164000 0 0
1484562546.730898000 0 0
1484562546.736592000 0 0
1484562546.743021000 0 0
1484562598.832346000 0 0
1484548416.852823000 0 0
1484562654.654372000 0 0
1484562654.659130000 0 0
1484562658.983183000 0 0
1484562467.576357000 0 0
1484562647.498289000 200 0
1484562647.520609000 189 0
1484562647.598068000 182 0
1484562647.615048000 202 0
1484562647.632690000 940 0
1484562647.660944000 168 0
1484562671.678349000 0 0
1484562671.682490000 0 0
1484562679.961238000 0 0
1484562654.669420000 80 0
1484562687.859450000 0 8718
1484562687.874909000 0 0
1484562687.872802000 0 0
1484562679.957219000 398 0
1484562679.968194000 638 0
1484562679.975574000 84 0
1484562680.020116000 186 0
1484562680.029243000 254 0
1484562680.038362000 144 0
1484562680.045749000 217 0
1484562680.070173000 226 0
1484562680.085975000 294 0
1484562680.094351000 269 0
1484562680.118177000 249 0
1484562680.134457000 2223 0
1484562680.156018000 3161 0
1484562680.172241000 373 0
1484562680.180609000 235 0
1484562680.199653000 513 0
1484562680.218820000 222 0
1484562680.230457000 2718 0
1484562680.247850000 217 0
1484562680.254508000 181 0
1484562680.294253000 225 0
1484562680.326278000 235 0
1484562680.346581000 226 0
1484562680.363731000 287 0
1484562680.654740000 209 0
1484562680.679872000 7649 0
1484562680.703394000 269 0
1484562761.384543000 0 0
1484562761.385556000 0 0
1484562761.390431000 0 0
1484562761.386560000 0 0
1484562761.391421000 0 0
1484562761.420934000 0 0
1484562761.421065000 0 0
1484562761.421001000 0 0
1484562761.421228000 0 0
1484562761.421308000 0 0
1484562763.395215000 0 0
1484562763.398238000 0 0
1484562763.400900000 0 0
1484562775.598770000 0 0
1484562775.600110000 0 0
1484562775.604424000 0 0
1484562775.611863000 0 0
1484562775.614559000 0 0
1484562775.618586000 0 0
1484562775.626192000 0 0
1484562775.625240000 0 0
1484562775.644301000 0 0
1484562775.643321000 0 0
1484562775.646904000 0 0
1484562775.649553000 0 0
1484562775.649494000 0 0
1484562775.652558000 0 0
1484562775.664833000 0 0
1484562775.665909000 0 0
1484562775.668225000 0 0
1484562775.670906000 0 0
1484562775.680086000 0 0
1484562775.682552000 0 0
1484562775.682474000 0 0
1484562775.685722000 0 0
1484562761.382888000 282 0
1484562761.394792000 0 0
1484562775.622249000 570 0
1484562775.634858000 504 0
1484562775.656137000 504 0
1484562775.671147000 398 0
1484562785.462181000 0 0
1484562787.963920000 0 0
1484562787.962869000 0 0
1484562787.969525000 0 0
1484562787.966422000 0 0
1484562787.970580000 0 0
1484562788.003864000 0 0
1484562788.003970000 0 0
1484562788.004018000 0 0
1484562788.004070000 0 0
1484562788.004119000 0 0
1484562785.468394000 5689 0
1484562787.968192000 0 0
1484562987.905307000 0 8718
1484562987.918403000 0 0
1484562987.916741000 0 0
1484563085.505719000 0 0
1484563085.513793000 5689 0
1484563385.546314000 0 0
1484563385.551244000 5689 0
1484563685.591480000 0 0
1484563685.594404000 5689 0
1484563985.626537000 0 0
1484563985.631078000 5689 0
1484564285.663497000 0 0
1484564285.672453000 5689 0
1484564585.779181000 0 0
1484564585.784479000 5689 0
1484564885.824175000 0 0
1484564885.830142000 5689 0
1484565185.868916000 0 0
1484565185.874322000 5689 0
1484565485.912759000 0 0
1484565485.918226000 5689 0
1484565666.390694000 0 758456
1484565666.581095000 0 0
1484565743.995444000 0 8718
1484565744.007863000 0 0
1484565744.006276000 0 0
1484565750.832966000 0 234040
1484565750.904822000 0 0
1484565785.952247000 0 0
1484565803.888433000 0 0
1484565803.891635000 0 0
1484565803.900055000 0 0
1484565806.566604000 0 0
1484565785.958071000 5689 0
1484565808.209920000 0 5430
1484565808.226842000 0 0
1484565808.227985000 0 0
1484565808.229983000 5430 0
1484565808.240532000 0 0
1484565808.251672000 0 0
1484565808.251528000 5430 0
1484565808.256967000 0 0
1484565806.577726000 189 0
1484565808.206913000 0 0
1484565808.222636000 378 0
1484565808.279126000 0 0
1484565808.277774000 0 5430
1484565808.271047000 0 189
1484565808.298781000 0 0
1484565808.302416000 0 0
1484565810.310308000 0 0
1484565810.314463000 0 0
1484565810.368435000 0 0
1484565810.374917000 0 0
1484565811.230609000 0 0
1484565811.259032000 0 0
1484565811.260261000 0 0
1484565811.264849000 0 0
1484565811.296811000 0 0
1484565811.302602000 0 0
1484565813.229950000 0 0
1484565813.257209000 0 0
1484565813.258794000 0 0
1484565813.265341000 0 0
1484565813.280106000 0 0
1484565813.284960000 0 0
1484565808.294780000 0 0
1484565810.356336000 189 0
1484565803.906812000 282 0
1484565808.249243000 80 0
1484565808.292727000 302 0
1484565810.320759000 226 0
1484565810.327320000 202 0
1484565810.334547000 200 0
1484565810.341157000 168 0
1484565810.348783000 940 0
1484565810.362796000 182 0
1484565803.620998000 0 0
1484565913.680794000 0 0
1484565913.685908000 0 0
1484565913.704147000 0 0
1484565913.706805000 0 0
1484565913.710685000 0 0
1484565913.713914000 0 0
1484565913.716524000 0 0
1484565913.719812000 0 0
1484565913.722670000 0 0
1484565913.725334000 0 0
1484565913.728023000 0 0
1484565913.730524000 0 0
1484565913.831876000 0 0
1484565913.835406000 0 0
1484565913.845588000 0 0
1484565920.742553000 0 0
1484565920.750234000 0 0
1484565920.753694000 0 0
1484565920.756829000 0 0
1484565920.761301000 0 0
1484565921.761494000 0 0
1484565922.655407000 0 0
1484565913.694399000 80 0
1484565913.854195000 398 0
1484565913.649192000 0 0
1484566044.045430000 0 8718
1484566044.058898000 0 0
1484566044.057053000 0 0
1484566085.994120000 0 0
1484566085.999695000 5689 0
1484566326.651138000 0 266816
1484566326.773283000 0 0
1484566326.849147000 0 496856
1484566329.985473000 0 0
1484566344.097347000 0 8718
1484566344.109724000 0 0
1484566344.108070000 0 0
1484566386.088150000 0 0
1484566388.224328000 0 0
1484566387.057506000 189 0
1484566386.096044000 5689 0
1484566387.301551000 0 0
1484566522.187561000 0 0
1484566522.368332000 0 0
1484566522.374016000 0 0
1484566522.384927000 0 0
1484566522.387482000 0 0
1484566522.400168000 0 0
1484566522.412842000 0 0
1484566522.415432000 0 0
1484566522.418467000 0 0
1484566522.421386000 0 0
1484566522.424025000 0 0
1484566522.426706000 0 0
1484566522.429915000 0 0
1484566526.014574000 0 0
1484566526.040521000 0 0
1484566526.043907000 0 0
1484566526.052672000 0 0
1484566529.573624000 0 0
1484566532.364944000 0 0
1484566532.369969000 0 0
1484566532.380477000 0 0
1484566532.387998000 0 0
1484566526.068891000 186 0
1484566526.078787000 254 0
1484566526.091759000 144 0
1484566526.097673000 217 0
1484566526.108559000 294 0
1484566527.534610000 0 0
1484566543.432687000 0 0
1484566522.381644000 80 0
1484566526.011016000 398 0
1484566526.022708000 638 0
1484566526.028205000 84 0
1484566526.056323000 282 0
1484566526.103192000 226 0
1484566526.113666000 269 0
1484566526.120256000 249 0
1484566526.126160000 2223 0
1484566526.134787000 3161 0
1484566526.142765000 373 0
1484566526.150557000 235 0
1484566526.155864000 513 0
1484566526.162543000 222 0
1484566526.182982000 2718 0
1484566526.191114000 217 0
1484566526.196436000 181 0
1484566526.203720000 214 0
1484566526.211469000 225 0
1484566526.218986000 235 0
1484566526.225450000 226 0
1484566526.231253000 287 0
1484566526.237110000 209 0
1484566526.243635000 7649 0
1484566526.252931000 269 0
1484566527.308287000 0 0
1484566527.253794000 0 0
1484566527.220748000 0 0
1484566526.084893000 233 0
1484566553.262972000 0 0
1484566558.994204000 0 0
1484566517.878674000 0 267944
1484566574.771493000 0 0
1484566526.526639000 186 0
1484566527.175780000 254 0
1484566551.377837000 233 0
1484566608.383246000 0 766
1484566608.392891000 0 0
1484566608.396755000 0 0
1484566608.403821000 766 0
1484566608.417381000 766 0
1484566607.030383000 249 0
1484566607.418201000 0 0
1484566608.380291000 0 0
1484566608.394452000 498 0
1484566608.447431000 0 766
1484566608.440910000 0 249
1484566608.461776000 0 0
1484566608.463353000 0 0
1484566611.395765000 0 0
1484566611.393346000 0 0
1484566611.408652000 0 0
1484566611.410521000 0 0
1484566613.384934000 0 0
1484566613.382641000 0 0
1484566613.392838000 0 0
1484566613.394400000 0 0
1484566623.491501000 0 0
1484566608.463982000 0 0
1484566618.859707000 249 0
1484566605.384484000 186 0
1484566605.408484000 254 0
1484566605.431597000 144 0
1484566605.704318000 269 0
1484566605.850654000 217 0
1484566605.805900000 2718 0
1484566606.077316000 222 0
1484566606.274355000 513 0
1484566605.767058000 235 0
1484566605.750900000 373 0
1484566606.354394000 3161 0
1484566606.701496000 2223 0
1484566632.242128000 0 0
1484566611.401392000 398 0
1484566611.417560000 80 0
1484566611.424467000 638 0
1484566611.429006000 84 0
1484566637.805666000 0 0
1484566638.269499000 0 0
1484566644.128887000 0 8718
1484566644.141383000 0 0
1484566644.139947000 0 0
1484566637.813844000 202 0
1484566668.025687000 0 0
1484566686.135774000 0 0
1484566695.390315000 0 0
1484566695.396510000 0 0
1484566686.141177000 5689 0
1484566750.156745000 0 0
1484566751.890772000 0 0
1484566770.577049000 0 0
1484566770.631062000 0 0
1484566770.637012000 0 0
1484566770.647858000 0 0
1484566770.662034000 0 0
1484566770.685352000 0 0
1484566770.690325000 0 0
1484566770.695341000 0 0
1484566770.699985000 0 0
1484566770.719043000 0 0
1484566770.723416000 0 0
1484566770.745600000 0 0
1484566770.749764000 0 0
1484566770.788562000 0 0
1484566770.793194000 0 0
1484566770.978704000 0 0
1484566771.025300000 0 0
1484566771.795050000 0 0
1484566770.657521000 570 0
1484566770.670643000 504 0
1484566770.706845000 504 0
1484566770.730325000 282 0
1484566770.754437000 398 0
1484566849.812313000 0 0
1484566850.505557000 0 0
1484566850.510426000 0 0
1484566850.519549000 0 0
1484566853.581255000 0 0
1484566853.584281000 0 0
1484566869.998085000 0 0
1484566850.527176000 282 0
1484566853.587094000 570 0
1484566944.180229000 0 8718
1484566944.193541000 0 0
1484566944.191806000 0 0
1484566966.859635000 0 0
1484566967.278365000 0 0
1484566986.178791000 0 0
1484566966.869477000 202 0
1484566999.893117000 0 0
1484566986.184035000 5689 0
1484567017.916568000 0 0
1484567017.921725000 0 0
1484566752.290219000 0 0
1484567198.964041000 0 0
1484567196.226719000 0 0
1484567221.574674000 0 0
1484567221.580841000 0 0
1484567244.226767000 0 8718
1484567244.240351000 0 0
1484567244.238518000 0 0
1484567286.218365000 0 0
1484567286.224950000 5689 0
1484567398.732237000 0 0
1484567444.803417000 0 0
1484567444.809445000 0 0
1484567463.316767000 0 0
1484567463.361321000 0 0
1484567463.366040000 0 0
1484567463.374557000 0 0
1484567465.660792000 0 0
1484567466.485009000 0 0
1484567463.380995000 282 0
1484567465.670963000 189 0
1484567526.827223000 0 266816
1484567526.937871000 0 0
1484567544.256058000 0 8718
1484567544.268623000 0 0
1484567544.266551000 0 0
1484567578.503309000 0 0
1484567586.267323000 0 0
1484567586.273295000 5689 0
1484567527.015372000 0 595208
1484567615.472951000 0 0
1484567615.480619000 0 0
1484567625.991480000 0 0
1484567625.997424000 0 0
1484567660.445249000 0 0
1484567673.501676000 0 0
1484567673.507619000 0 0
1484567735.707855000 0 0
1484567735.713707000 0 0
1484567825.185384000 0 0
1484567844.306422000 0 8718
1484567844.319260000 0 0
1484567844.317697000 0 0
1484567868.466853000 0 0
1484567868.473422000 0 0
1484567886.313197000 0 0
1484567886.320978000 5689 0
1484567946.512350000 0 0
1484567934.089272000 200 0
1484567967.271855000 0 0
1484567966.103343000 182 0
1484567966.415596000 0 0
1484567999.214176000 0 0
1484568000.056214000 0 0
1484567997.530319000 182 0
1484568041.646878000 0 0
1484568041.982082000 0 0
1484568069.250949000 0 0
1484568097.210856000 0 0
1484568097.216137000 0 0
1484568144.350875000 0 8718
1484568144.363441000 0 0
1484568144.361604000 0 0
1484568161.822394000 182 0
1484568186.354009000 0 0
1484568186.359157000 5689 0
1484568260.726506000 0 0
1484568444.400281000 0 8718
1484568444.412015000 0 0
1484568444.410470000 0 0
1484568486.410324000 0 0
1484568486.413909000 5689 0
1484568726.737962000 0 0
1484568726.748366000 6117 2562
1484568727.104720000 6658 0
1484568727.221605000 0 70160
1484568727.259543000 0 0
1484568727.437230000 0 266816
1484568727.565729000 0 0
1484568727.635350000 0 561800
1484568728.276838000 0 0
1484568727.143364000 0 7796
1484568744.449658000 0 8718
1484568744.459730000 0 0
1484568744.458825000 0 0
1484568747.835364000 0 0
1484568747.843607000 0 0
1484568747.854234000 0 0
1484568747.865973000 0 0
1484568747.913356000 0 0
1484568747.917443000 0 0
1484568748.255861000 0 0
1484568748.260461000 0 0
1484568748.277720000 0 0
1484568748.357444000 0 0
1484568748.360728000 0 0
1484568748.375311000 0 0
1484568748.384366000 0 0
1484568748.365150000 0 0
1484568748.374237000 0 0
1484568748.431798000 0 0
1484568748.434663000 0 0
1484568748.438209000 0 0
1484568748.442582000 0 0
1484568748.444977000 0 0
1484568748.445450000 0 0
1484568748.450069000 0 0
1484568748.450621000 0 0
1484568748.450695000 0 0
1484568748.451767000 0 0
1484568748.454065000 0 0
1484568748.455020000 0 0
1484568748.455732000 0 0
1484568750.998569000 0 0
1484568751.022193000 0 0
1484568751.026263000 0 0
1484568751.030836000 0 0
1484568751.037689000 0 0
1484568751.055542000 0 0
1484568751.053990000 0 0
1484568751.064405000 0 0
1484568751.060493000 0 0
1484568748.389387000 0 0
1484568748.280235000 0 0
1484568751.095923000 0 0
1484568751.093128000 0 0
1484568751.097700000 0 155295
1484568751.329363000 0 0
1484568751.345750000 0 0
1484568751.348993000 0 0
1484568751.353421000 0 0
1484568751.357328000 0 0
1484568751.363596000 0 0
1484568751.380939000 0 0
1484568751.383669000 0 0
1484568751.388072000 0 0
1484568751.391634000 0 0
1484568751.622869000 0 0
1484568751.630201000 0 0
1484568754.071963000 0 0
1484568754.070883000 0 0
1484568759.189158000 0 472969
1484568759.242877000 0 0
1484568751.261533000 472647 0
1484568759.241554000 0 0
1484568771.504503000 0 0
1484568747.862844000 282 0
1484568748.366881000 398 0
1484568748.441308000 570 0
1484568748.461522000 504 0
1484566870.002299000 0 0
1484568786.446492000 0 0
1484568786.470773000 0 376
1484568786.486143000 0 0
1484568786.484307000 0 0
1484568786.452085000 5689 0
1484568801.199451000 652 0
1484568801.205400000 634 0
1484568801.354521000 0 0
1484568801.357250000 0 0
1484568801.360622000 0 0
1484568801.369468000 0 0
1484568810.582571000 0 0
1484568810.585481000 0 0
1484568810.591974000 0 0
1484568810.602839000 0 0
1484568810.606108000 0 0
1484568810.609739000 0 0
1484568810.615817000 0 0
1484568810.620220000 0 0
1484568810.625590000 0 0
1484568810.630127000 0 0
1484568810.634515000 0 0
1484568810.638678000 0 0
1484568810.642958000 0 0
1484568810.726338000 0 0
1484568810.730758000 0 0
1484568810.741462000 0 0
1484568814.651732000 0 0
1484568814.663246000 0 0
1484568814.666416000 0 0
1484568814.668804000 0 0
1484568814.673202000 0 0
1484568815.317721000 0 0
1484568815.703358000 0 0
1484568801.322643000 1316 0
1484568801.244280000 8192 0
1484568835.890247000 0 0
1484568835.896040000 0 0
1484568835.904651000 0 0
1484568835.907710000 0 0
1484568835.912257000 0 0
1484568835.916665000 0 0
1484568836.089998000 0 0
1484568810.600100000 80 0
1484568810.748574000 398 0
1484568836.074123000 0 0
1484568734.019567000 0 267944
1484568877.575720000 0 0
1484568877.578174000 0 0
1484567208.440525000 0 0
1484568905.306545000 0 0
1484568906.302073000 0 0
1484568906.347363000 0 0
1484568906.346518000 0 0
1484568906.353187000 0 0
1484568906.348382000 0 0
1484568906.354325000 0 0
1484568906.388830000 0 0
1484568906.393242000 0 0
1484568906.394973000 0 0
1484568909.252162000 0 0
1484568909.617546000 0 0
1484568909.640778000 0 0
1484568911.238735000 0 0
1484568917.400661000 0 0
1484568917.403725000 0 0
1484568917.410010000 0 0
1484568917.408172000 0 0
1484568917.419833000 0 0
1484568917.422502000 0 0
1484568917.429501000 0 0
1484568917.431032000 0 0
1484568917.448015000 0 0
1484568917.452640000 0 0
1484568917.451212000 0 0
1484568917.456299000 0 0
1484568917.459855000 0 0
1484568917.459864000 0 0
1484568917.462986000 0 0
1484568917.478833000 0 0
1484568917.477715000 0 0
1484568917.483687000 0 0
1484568917.482637000 0 0
1484568917.500225000 0 0
1484568917.501405000 0 0
1484568917.506070000 0 0
1484568917.504505000 0 0
1484568883.923057000 564 0
1484568917.426215000 570 0
1484568917.436808000 504 0
1484568917.466735000 504 0
1484568917.487634000 398 0
1484566784.384848000 0 0
1484568972.235145000 0 0
1484568906.304273000 0 0
1484568978.986838000 0 0
1484568978.985291000 0 0
1484568978.994898000 0 0
1484568979.001699000 0 0
1484568979.011459000 0 0
1484568979.015929000 0 0
1484568979.018265000 0 0
1484568979.024073000 0 0
1484568979.019658000 0 0
1484568979.036199000 0 0
1484568979.059022000 0 0
1484568979.054880000 0 0
1484568979.059069000 0 0
1484568979.062004000 0 0
1484568979.063959000 0 0
1484568979.064453000 0 0
1484568979.081222000 0 0
1484568979.078777000 0 0
1484568979.086335000 0 0
1484568979.089306000 0 0
1484568979.086177000 0 0
1484568990.053693000 0 0
1484568990.100675000 0 0
1484568990.105896000 0 0
1484568990.116605000 0 0
1484568991.586432000 0 0
1484568991.591505000 0 0
1484568991.962022000 0 0
1484568979.014626000 282 0
1484568990.123199000 570 0
1484568992.022765000 129 0
1484568992.124125000 0 0
1484568992.122460000 282 0
1484568992.126590000 0 0
1484568992.129614000 0 0
1484568992.140377000 0 0
1484568992.143737000 0 0
1484568992.175403000 0 0
1484568992.179176000 0 0
1484568992.182308000 0 0
1484568992.017512000 0 0
1484568992.128372000 0 0
1484568992.146806000 398 0
1484568992.149805000 286 0
1484568992.199305000 0 0
1484568992.160777000 684 0
1484568992.202563000 0 0
1484568992.203054000 0 0
1484568992.167562000 289 0
1484568992.206128000 0 0
1484568992.206288000 0 0
1484568992.173620000 504 0
1484568992.209658000 0 0
1484568992.209707000 0 0
1484568992.180751000 504 0
1484568992.212761000 0 0
1484568992.183095000 504 0
1484568992.195200000 0 0
1484568992.290114000 0 0
1484568993.094143000 0 0
1484568993.814339000 0 0
1484568993.865726000 0 0
1484568993.869416000 0 0
1484568993.872486000 0 0
1484568993.876149000 0 0
1484568993.879146000 0 0
1484568993.882914000 0 0
1484568909.644357000 0 0
1484568993.896800000 0 0
1484568991.910335000 0 0
1484568995.441535000 0 0
1484568995.444797000 0 0
1484568995.448216000 0 0
1484568995.451498000 0 0
1484568995.480077000 0 0
1484568995.477975000 0 0
1484550680.631352000 0 0
1484568995.515647000 0 0
1484568995.512402000 0 0
1484568996.489398000 0 0
1484568996.495738000 0 0
1484568996.500487000 0 0
1484568996.505316000 0 0
1484568996.510402000 0 0
1484568996.516198000 0 0
1484568996.534165000 0 0
1484568993.126854000 16896 0
1484568993.184895000 18432 0
1484568993.215016000 15872 0
1484568993.275020000 40960 0
1484568909.785325000 155295 0
1484568992.118822000 1209 0
1484568995.416719000 155295 0
1484569044.500955000 0 8718
1484569044.513012000 0 0
1484569044.511411000 0 0
1484569086.487179000 0 0
1484569086.493019000 5689 0
1484569200.840315000 282 0
1484569344.544519000 0 8718
1484569344.556964000 0 0
1484569344.555166000 0 0
1484569386.526732000 0 0
1484569386.532679000 5689 0
1484569644.586908000 0 8718
1484569644.598968000 0 0
1484569644.597430000 0 0
1484569686.568018000 0 0
1484569686.577819000 5689 0
1484569772.181738000 0 0
1484569772.185400000 0 0
1484569772.189614000 0 0
1484569772.191660000 0 0
1484569772.202091000 0 0
1484569772.203859000 0 0
1484569772.217337000 0 0
1484569772.219142000 0 0
1484569772.247728000 0 0
1484569772.253713000 0 0
1484569772.252130000 0 0
1484569772.258795000 0 0
1484569772.257251000 0 0
1484569772.262408000 0 0
1484569772.265940000 0 0
1484569772.287785000 0 0
1484569772.285949000 0 0
1484569772.294180000 0 0
1484569772.292354000 0 0
1484569772.312015000 0 0
1484569772.316148000 0 0
1484569772.316036000 0 0
1484569772.321047000 0 0
1484569772.344489000 0 0
1484569772.346381000 0 0
1484569772.351243000 0 0
1484569772.349563000 0 0
1484569772.212403000 570 0
1484569772.227696000 504 0
1484569772.266134000 504 0
1484569768.276993000 282 0
1484569772.324493000 398 0
1484569860.705637000 0 0
1484568906.366803000 0 0
1484568979.006358000 0 0
1484569906.311613000 373 0
1484569905.854802000 186 0
1484569906.046529000 217 0
1484569906.093384000 269 0
1484569906.126165000 249 0
1484569906.266034000 2223 0
1484569906.290762000 3161 0
1484569907.379543000 217 0
1484569907.356191000 2718 0
1484569906.371394000 222 0
1484569906.343755000 513 0
1484569906.330081000 235 0
1484569908.995786000 0 0
1484569944.634111000 0 8718
1484569944.647481000 0 0
1484569944.645669000 0 0
1484569986.614519000 0 0
1484569986.622707000 5689 0
1484570244.680550000 0 8718
1484570244.693875000 0 0
1484570244.692079000 0 0
1484570286.661068000 0 0
1484570286.666822000 5689 0
1484570366.919504000 282 0
1484570544.728733000 0 8718
1484570544.741733000 0 0
1484570544.739559000 0 0
1484570586.701227000 0 0
1484570587.237945000 0 266816
1484570587.355720000 0 0
1484570587.420132000 0 496856
1484570595.564179000 0 0
1484570586.707051000 5689 0
1484570631.485605000 282 0
1484570762.595098000 0 0
1484570762.648619000 0 0
1484570762.653481000 0 0
1484570762.664450000 0 0
1484570762.673814000 570 0
1484570844.779910000 0 8718
1484570844.793671000 0 0
1484570844.791741000 0 0
1484570886.742792000 0 0
1484570886.751006000 5689 0
1484570890.657567000 282 0
1484571144.808941000 0 8718
1484571144.820765000 0 0
1484571144.819221000 0 0
1484571134.447002000 282 0
1484571186.788570000 0 0
1484571186.796463000 5689 0
1484571444.852812000 0 8718
1484571444.864652000 0 0
1484571444.863211000 0 0
1484571486.835006000 0 0
1484571486.840904000 5689 0
1484571493.987321000 282 0
1484571532.974233000 652 0
1484571532.984246000 634 0
1484571532.990415000 8192 0
1484571533.001161000 1316 0
1484571533.043482000 0 0
1484571533.046118000 0 0
1484571533.048615000 0 0
1484571533.055075000 0 0
1484561093.541936000 0 0
1484571533.089973000 0 0
1484571533.092855000 0 0
1484571533.100824000 0 0
1484571533.107110000 0 0
1484571533.104534000 282 0
1484571533.019740000 8192 0
1484568995.489569000 0 0
1484571744.902459000 0 8718
1484571744.917431000 0 0
1484571744.915042000 0 0
1484571786.869007000 0 0
1484571786.874442000 5689 0
1484571962.651290000 0 0
1484571976.762003000 0 0
1484571973.873937000 240 0
1484571973.908910000 222 0
1484571973.937675000 351 0
1484571974.872941000 0 0
1484571962.657448000 233 0
1484571973.638413000 251 0
1484571973.658631000 188 0
1484571973.679589000 166 0
1484571973.694446000 322 0
1484571973.796356000 1204 0
1484571973.827637000 233 0
1484571973.846426000 331 0
1484571973.873158000 820 0
1484571973.887317000 222 0
1484571973.910178000 415 0
1484571973.921519000 0 0
1484571973.941711000 226 0
1484571973.960220000 218 0
1484571973.967223000 0 0
1484571973.973361000 0 0
1484571974.014318000 691 0
1484571974.034311000 149 0
1484571974.057812000 249 0
1484571974.085798000 232 0
1484571974.116207000 339 0
1484571974.149000000 229 0
1484571974.173598000 230 0
1484571974.194900000 253 0
1484571974.223411000 328 0
1484571974.274389000 346 0
1484571974.294551000 302 0
1484571989.785405000 0 234600
1484572011.165753000 0 0
1484572044.939106000 0 8718
1484572044.952494000 0 0
1484572044.950969000 0 0
1484572086.915328000 0 0
1484572086.940793000 0 364
1484572086.956830000 0 0
1484572086.955036000 0 0
1484572086.921978000 5689 0
1484572176.131105000 0 34715
1484572176.143997000 0 0
1484572176.153568000 34715 0
1484572176.173077000 34715 0
1484572169.095438000 249 0
1484572171.992596000 0 0
1484572176.128807000 0 0
1484572176.146624000 498 0
1484572176.208795000 0 34715
1484572176.202193000 0 249
1484572176.230768000 0 0
1484572179.142218000 0 0
1484572179.159418000 0 0
1484572181.142137000 0 0
1484572181.150570000 0 0
1484572176.229050000 0 0
1484572166.832390000 2718 0
1484572166.858599000 214 0
1484572166.877089000 225 0
1484572166.896531000 235 0
1484572166.914305000 209 0
1484572166.933251000 7649 0
1484572166.954992000 269 0
1484572166.998781000 166 0
1484572167.063227000 415 0
1484572167.145340000 240 0
1484572167.181988000 218 0
1484572167.201517000 222 0
1484572167.217430000 351 0
1484572168.791161000 302 0
1484572168.826085000 346 0
1484572168.859073000 328 0
1484572168.890686000 253 0
1484572169.110548000 149 0
1484572168.329065000 230 0
1484572167.990373000 229 0
1484572167.960674000 339 0
1484572169.079493000 232 0
1484572179.151813000 398 0
1484572179.167505000 80 0
1484572179.174662000 638 0
1484572179.182180000 84 0
1484572344.978274000 0 8718
1484572344.989500000 0 0
1484572344.987939000 0 0
1484572350.397613000 0 0
1484572350.452599000 0 0
1484572350.459504000 0 0
1484572350.468732000 0 0
1484550502.959383000 0 0
1484572351.603511000 0 0
1484572350.475113000 282 0
1484572386.957012000 0 0
1484572386.971596000 5689 0
1484572353.093855000 0 0
1484572503.534957000 0 0
1484572503.538782000 0 0
1484572503.544283000 0 0
1484572503.551238000 0 0
1484572503.555644000 0 0
1484572503.561906000 0 0
1484572503.567919000 0 0
1484572503.574253000 0 0
1484572503.580432000 0 0
1484572451.756108000 0 0
1484572510.444078000 0 0
1484572627.637961000 0 266816
1484572627.810250000 0 0
1484568744.350173000 5446 8978
1484572645.025038000 0 8718
1484572645.037265000 0 0
1484572645.035593000 0 0
1484572636.528799000 346 0
1484572649.484416000 0 0
1484572636.362901000 328 0
1484572647.585550000 0 0
1484572635.084820000 249 0
1484572635.250907000 2718 0
1484572635.274766000 235 0
1484572635.293342000 287 0
1484572635.308993000 7649 0
1484572635.325401000 166 0
1484572635.345279000 820 0
1484572635.359069000 415 0
1484572635.479170000 351 0
1484572636.166049000 230 0
1484572636.256073000 253 0
1484572637.063793000 0 0
1484572627.872724000 0 496856
1484572665.044350000 0 0
1484572681.433181000 0 0
1484572687.004652000 0 0
1484572690.267373000 0 0
1484572680.001975000 302 0
1484572680.526321000 0 0
1484572697.163525000 0 0
1484572697.544919000 0 0
1484572678.024853000 217 0
1484572678.044226000 214 0
1484572678.059992000 225 0
1484572678.074712000 287 0
1484572678.084003000 269 0
1484572678.095697000 166 0
1484572678.108625000 322 0
1484572678.121246000 1204 0
1484572678.133185000 331 0
1484572678.147284000 820 0
1484572678.321373000 240 0
1484572678.359804000 222 0
1484572678.399597000 351 0
1484572678.532045000 691 0
1484572678.610301000 149 0
1484572678.647799000 249 0
1484572678.853190000 232 0
1484572678.878626000 253 0
1484572678.889579000 328 0
1484572687.010217000 5689 0
1484572697.172243000 202 0
1484572725.913751000 0 0
1484572739.013720000 0 0
1484572739.019352000 0 0
1484572748.846901000 0 0
1484572765.320531000 0 0
1484572765.325766000 0 0
1484572767.878349000 0 0
1484572883.432348000 0 0
1484572933.922804000 0 0
1484572933.928730000 0 0
1484572933.939638000 0 0
1484572933.949818000 0 0
1484572934.022861000 0 0
1484572934.027258000 0 0
1484572934.073164000 0 0
1484572934.084690000 0 0
1484572934.085175000 0 0
1484572934.084241000 0 0
1484572934.091578000 0 0
1484572934.096065000 0 0
1484572934.106299000 0 0
1484572934.081595000 0 0
1484572934.107340000 0 0
1484572934.126281000 0 0
1484572934.126156000 0 0
1484572934.126515000 0 0
1484572934.067791000 0 0
1484572940.092671000 0 0
1484572940.097626000 0 0
1484572940.098325000 0 0
1484572940.103035000 0 0
1484572940.102889000 0 0
1484572940.108331000 0 0
1484572940.117575000 0 0
1484572940.115181000 0 0
1484572940.141912000 0 0
1484572940.147743000 0 0
1484572940.146331000 0 0
1484572940.153195000 0 0
1484572940.151381000 0 0
1484572940.158648000 0 0
1484572940.157224000 0 0
1484572940.184197000 0 0
1484572940.186184000 0 0
1484572940.190950000 0 0
1484572940.189327000 0 0
1484572940.210486000 0 0
1484572940.215688000 0 0
1484572940.215417000 0 0
1484572940.221570000 0 0
1484572945.068959000 0 8718
1484572945.081690000 0 0
1484572945.079773000 0 0
1484572947.104009000 0 0
1484572951.160008000 0 0
1484572951.184995000 0 0
1484572951.185495000 0 0
1484572951.185446000 0 0
1484572951.186047000 0 0
1484572951.188635000 0 0
1484572934.120152000 0 0
1484572951.152340000 0 0
1484572956.901674000 0 0
1484572956.907314000 0 0
1484572956.918329000 0 0
1484572956.925037000 0 0
1484572956.999667000 0 0
1484572957.008731000 0 0
1484572957.011004000 0 0
1484572957.015837000 0 0
1484572957.009912000 0 0
1484572957.016874000 0 0
1484572957.035525000 0 0
1484572957.035531000 0 0
1484572957.035694000 0 0
1484572959.989969000 0 0
1484572956.994585000 0 0
1484572947.336047000 0 0
1484572947.336246000 0 0
1484572947.336532000 0 0
1484572933.946339000 282 0
1484572934.101185000 398 0
1484572940.111247000 570 0
1484572940.126269000 504 0
1484572940.165757000 504 0
1484572947.468822000 0 0
1484572947.416074000 93 0
1484572974.302911000 0 0
1484572974.368808000 0 0
1484572974.372927000 0 0
1484572974.382391000 0 0
1484572957.026893000 0 0
1484572974.424251000 0 447841
1484572974.738422000 0 0
1484572974.762706000 0 0
1484572974.766346000 0 0
1484572974.770277000 0 0
1484572974.775420000 0 0
1484572974.788888000 0 0
1484572974.792645000 0 0
1484572974.798140000 0 0
1484572974.817850000 0 0
1484572974.814759000 0 0
1484572974.797969000 0 792212
1484572975.338132000 0 0
1484572975.341498000 0 0
1484572975.361847000 0 0
1484572975.365014000 0 0
1484572975.368013000 0 0
1484572975.381246000 0 0
1484572975.384348000 0 0
1484572975.387052000 0 0
1484572975.395540000 0 0
1484572975.393810000 0 0
1484572976.018697000 0 473832
1484572976.070217000 0 0
1484572976.068421000 0 0
1484572977.431698000 0 0
1484572977.429649000 0 0
1484572979.431506000 0 0
1484572979.429974000 0 0
1484572947.118639000 2557 0
1484572947.170835000 515 0
1484572947.309481000 1451 0
1484572947.336433000 2471 0
1484572947.363449000 2295 0
1484572947.386196000 634 0
1484572947.395981000 652 0
1484572947.155251000 434 0
1484572947.182090000 1316 0
1484572947.251691000 363 0
1484572947.378555000 464 0
1484572987.048689000 0 0
1484572987.073599000 0 369
1484572987.087447000 0 0
1484572987.085653000 0 0
1484572974.387530000 282 0
1484572987.054718000 5689 0
1484573053.679046000 0 0
1484573053.686031000 0 0
1484573053.697256000 0 0
1484573053.809485000 0 0
1484573053.823518000 0 0
1484573053.827134000 0 0
1484573053.834431000 0 0
1484573053.838948000 0 0
1484573053.839332000 0 0
1484573053.843552000 0 0
1484573053.842889000 0 0
1484573053.835671000 0 0
1484573053.846819000 0 0
1484573053.847460000 0 0
1484573053.851186000 0 0
1484573053.849500000 0 0
1484573053.856798000 0 0
1484573053.857185000 0 0
1484573059.714481000 0 0
1484573059.717890000 0 0
1484573053.830972000 0 0
1484573059.744659000 0 232036
1484573059.878636000 0 0
1484573060.127216000 0 0
1484573060.131187000 0 0
1484573060.134700000 0 0
1484573060.138403000 0 0
1484573060.149346000 0 0
1484573060.151936000 0 0
1484573059.880202000 0 388135
1484573060.155772000 0 0
1484573060.173338000 0 0
1484573060.171383000 0 0
1484573060.175312000 0 0
1484573060.655511000 0 0
1484573060.659154000 0 0
1484573060.662841000 0 0
1484573060.666324000 0 0
1484573060.677323000 0 0
1484573060.680229000 0 0
1484573060.683777000 0 0
1484573060.694156000 0 0
1484573060.184119000 0 836411
1484573060.696757000 0 0
1484573060.692503000 0 0
1484573060.692455000 0 0
1484573061.384840000 0 474544
1484573061.437921000 0 0
1484573061.435564000 0 0
1484573062.757858000 0 0
1484573062.756454000 0 0
1484573064.746424000 0 0
1484573064.744347000 0 0
1484573080.053723000 0 0
1484573080.059964000 0 0
1484573080.070943000 0 0
1484573080.145807000 0 0
1484573080.149420000 0 0
1484573080.148888000 0 0
1484573080.159318000 0 0
1484573080.160684000 0 0
1484573080.164070000 0 0
1484573080.158618000 0 0
1484573080.173259000 0 0
1484573080.173177000 0 0
1484573080.165978000 0 0
1484573080.179107000 0 0
1484573082.375942000 0 0
1484573082.380292000 0 0
1484573080.163218000 0 0
1484573082.403788000 0 0
1484573053.704667000 282 0
1484573086.946752000 0 0
1484573086.949729000 0 0
1484573087.012627000 0 0
1484573087.042329000 0 0
1484573087.040709000 0 0
1484573087.053173000 0 0
1484573087.049808000 0 0
1484573087.056274000 0 0
1484573087.058042000 0 0
1484573087.041439000 0 0
1484573087.058662000 0 0
1484573087.045834000 0 0
1484573053.828433000 1030 0
1484573053.817498000 5114 0
1484573098.708883000 0 0
1484573098.716089000 0 0
1484573098.727236000 0 0
1484573098.801829000 0 0
1484573098.831157000 0 0
1484573098.830217000 0 0
1484573098.841803000 0 0
1484573098.834642000 0 0
1484573098.846398000 0 0
1484573098.853199000 0 0
1484573098.853326000 0 0
1484573098.853469000 0 0
1484573098.857272000 0 0
1484573098.857478000 0 0
1484573098.859800000 0 0
1484573102.818045000 0 0
1484573102.824778000 0 0
1484573102.830363000 0 0
1484573102.835831000 0 0
1484573102.842572000 0 0
1484573102.850483000 0 0
1484573098.836905000 0 0
1484573102.915408000 0 571462
1484573103.300142000 0 0
1484573103.314707000 0 0
1484573103.317417000 0 0
1484573103.321369000 0 0
1484573103.325482000 0 0
1484573103.336995000 0 0
1484573103.340292000 0 0
1484573103.343733000 0 0
1484573103.407817000 0 0
1484573103.406259000 0 0
1484573104.628595000 0 474907
1484573104.679962000 0 0
1484573104.678547000 0 0
1484573105.855716000 0 0
1484573105.854421000 0 0
1484573107.854251000 0 0
1484573107.853222000 0 0
1484573107.826025000 0 987888
1484573108.121103000 0 0
1484573087.091392000 0 0
1484573098.818270000 515 0
1484573087.191776000 0 0
1484573053.848564000 7413 0
1484573053.852883000 6885 0
1484573117.307420000 0 0
1484573117.711623000 0 0
1484573053.845307000 4353 0
1484573053.859027000 1902 0
1484573053.863718000 1956 0
1484573098.808897000 2557 0
1484573053.820547000 1302 0
1484573053.835665000 3948 0
1484573053.842418000 1089 0
1484573053.856125000 1392 0
1484573098.890499000 0 0
1484573098.894146000 0 0
1484573117.315436000 202 0
1484573150.526043000 0 0
1484573168.493631000 0 0
1484573168.517519000 0 0
1484573168.533769000 0 0
1484573168.538132000 0 0
1484573168.521089000 0 0
1484573168.519913000 0 0
1484573168.578317000 0 0
1484573168.581537000 0 0
1484573168.588916000 0 0
1484573171.025013000 0 0
1484573171.030383000 0 0
1484573171.042352000 0 0
1484573171.941864000 0 0
1484573168.491928000 0 0
1484573173.845846000 0 0
1484573173.846148000 0 0
1484573168.515183000 282 0
1484573168.516471000 300 0
1484573171.961225000 2557 0
1484573171.968255000 434 0
1484573171.971852000 515 0
1484573171.978066000 1316 0
1484573171.981635000 363 0
1484573171.988964000 2471 0
1484573171.993210000 2295 0
1484573171.997183000 464 0
1484573172.000293000 634 0
1484573172.007071000 652 0
1484573172.055732000 0 0
1484573175.544338000 0 0
1484573175.548123000 0 0
1484573175.553478000 0 0
1484573175.559421000 0 0
1484573175.565998000 0 0
1484573175.570829000 0 0
1484573175.717266000 0 0
1484573175.721544000 0 0
1484573175.726304000 0 0
1484573175.731468000 0 0
1484573175.737366000 0 0
1484573175.809543000 0 0
1484573175.813626000 0 0
1484573175.591029000 0 0
1484573175.818432000 0 0
1484573175.794571000 464 0
1484573175.823339000 0 0
1484573175.801404000 634 0
1484573175.802870000 652 0
1484573175.829746000 0 0
1484573178.082152000 0 0
1484573178.087657000 0 0
1484573178.092243000 0 0
1484573178.097223000 0 0
1484573178.102363000 0 0
1484573178.108512000 0 0
1484573181.737979000 0 0
1484573181.743439000 0 0
1484573181.748609000 0 0
1484573181.753298000 0 0
1484573181.758301000 0 0
1484573181.763296000 0 0
1484573171.985039000 1451 0
1484573183.353517000 0 0
1484573183.359709000 0 0
1484573183.365438000 0 0
1484573183.370384000 0 0
1484573183.375909000 0 0
1484573183.536123000 0 0
1484573183.540943000 0 0
1484573183.546689000 0 0
1484573183.551349000 0 0
1484573183.556242000 0 0
1484573185.072934000 0 0
1484573185.077647000 0 0
1484573185.082428000 0 0
1484573185.087487000 0 0
1484573185.092507000 0 0
1484573185.272267000 0 0
1484573185.276821000 0 0
1484573185.281583000 0 0
1484573185.286658000 0 0
1484573185.292246000 0 0
1484573187.995268000 0 0
1484573188.000043000 0 0
1484573188.005519000 0 0
1484573188.012827000 0 0
1484573188.019639000 0 0
1484573188.025903000 0 0
1484573188.191574000 0 0
1484573175.522568000 363 0
1484573188.197918000 0 0
1484573175.849121000 0 0
1484573188.202904000 0 0
1484573188.211188000 0 0
1484573188.216780000 0 0
1484573188.222174000 0 0
1484573191.378261000 0 0
1484573191.383013000 0 0
1484573191.388209000 0 0
1484573191.393340000 0 0
1484573191.398895000 0 0
1484573191.616363000 0 0
1484573191.621043000 0 0
1484573191.626339000 0 0
1484573191.631047000 0 0
1484573191.637046000 0 0
1484573193.776709000 0 0
1484573193.782872000 0 0
1484573193.788697000 0 0
1484573193.793540000 0 0
1484573193.799007000 0 0
1484573193.993321000 0 0
1484573193.998006000 0 0
1484573194.002458000 0 0
1484573194.008038000 0 0
1484573194.013421000 0 0
1484573181.781312000 0 0
1484573206.104465000 0 0
1484573168.545049000 0 0
1484573206.173335000 0 0
1484573206.176550000 0 0
1484573206.180853000 0 0
1484573206.184743000 0 0
1484573206.188402000 0 0
1484573178.130349000 0 0
1484573206.100376000 0 0
1484573245.130198000 0 8718
1484573245.146053000 0 0
1484573245.143663000 0 0
1484573256.429799000 0 0
1484573256.437811000 0 0
1484573256.449914000 0 0
1484573256.471712000 0 0
1484573256.519623000 0 0
1484573256.574581000 0 0
1484573256.677162000 0 135712
1484573256.757046000 0 0
1484573256.447567000 571462 0
1484573256.470418000 447841 0
1484573256.519623000 232036 0
1484573256.435829000 792212 0
1484573256.574581000 388135 0
1484573256.616448000 836411 0
1484573258.768516000 0 890248
1484573286.966709000 0 0
1484573287.088656000 0 0
1484573287.114045000 0 364
1484573287.129555000 0 0
1484573287.127232000 0 0
1484573299.041854000 0 0
1484573299.090056000 0 0
1484573299.092758000 0 0
1484573299.097053000 0 0
1484573299.110880000 0 0
1484573299.113617000 0 0
1484573299.119587000 0 0
1484573299.127239000 0 0
1484573299.129668000 0 0
1484573299.132941000 0 0
1484573299.135799000 0 0
1484573299.138471000 0 0
1484573299.141194000 0 0
1484573299.143897000 0 0
1484573299.311230000 0 0
1484573299.315335000 0 0
1484573299.324574000 0 0
1484573309.102846000 0 0
1484573309.110526000 0 0
1484573309.121602000 0 0
1484573309.132904000 0 0
1484573287.096400000 5689 0
1484573323.232675000 0 234040
1484573323.348264000 0 0
1484573299.104957000 80 0
1484573299.184706000 200 0
1484573299.192317000 226 0
1484573299.199856000 189 0
1484573299.207422000 302 0
1484573299.213756000 182 0
1484573299.233467000 168 0
1484573299.332268000 398 0
1484573299.224858000 940 0
1484572883.439351000 591451 33830
1484573324.849968000 0 234600
1484573357.851241000 0 0
1484573362.957451000 0 0
1484573362.961933000 0 0
1484573362.970669000 0 0
1484573362.973572000 0 0
1484573362.978719000 0 0
1484573362.984549000 0 0
1484573366.432970000 0 0
1484573374.079664000 0 0
1484573374.083012000 0 0
1484573374.088452000 0 0
1484573374.090777000 0 0
1484573374.094182000 0 0
1484573374.098434000 0 0
1484573374.101055000 0 0
1484573374.104400000 0 0
1484573374.108307000 0 0
1484573374.112331000 0 0
1484573374.116297000 0 0
1484573374.120185000 0 0
1484573374.771695000 0 0
1484573357.939828000 0 464088
1484573377.432312000 0 0
1484573375.001037000 0 0
1484573362.967019000 80 0
1484573376.403942000 282 0
1484573425.681123000 0 0
1484573426.118778000 0 0
1484573484.552742000 282 0
1484573545.162842000 0 8718
1484573545.177981000 0 0
1484573545.176242000 0 0
1484573587.138236000 0 0
1484573587.143777000 5689 0
1484573366.438662000 595270 4845
1484573887.178763000 0 0
1484573887.184272000 5689 0
1484574136.912131000 0 8718
1484574136.923325000 0 0
1484574136.921673000 0 0
1484574153.115663000 0 0
1484574153.162535000 0 0
1484574153.167298000 0 0
1484574153.177440000 0 0
1484574168.454439000 0 0
1484574168.835100000 0 0
1484574153.185573000 282 0
1484574187.216388000 0 0
1484574187.222328000 5689 0
1484574363.431653000 0 0
1484574374.566519000 0 0
1484574374.569669000 0 0
1484574374.574321000 0 0
1484574374.579831000 0 0
1484574374.583152000 0 0
1484574374.587881000 0 0
1484574374.592170000 0 0
1484574374.596956000 0 0
1484574374.601157000 0 0
1484574378.811701000 0 0
1484574378.819192000 0 0
1484574378.821870000 0 0
1484574378.824398000 0 0
1484574378.828847000 0 0
1484574378.832129000 0 0
1484574378.836648000 0 0
1484574378.840796000 0 0
1484574378.844700000 0 0
1484574378.848540000 0 0
1484574378.852333000 0 0
1484574378.936000000 0 0
1484574378.940728000 0 0
1484574378.952204000 0 0
1484574387.781167000 0 0
1484574363.437116000 233 0
1484574399.783541000 0 0
1484574399.787559000 0 0
1484574399.794908000 0 0
1484574399.797746000 0 0
1484574399.802781000 0 0
1484574399.807774000 0 0
1484574405.840087000 0 0
1484574405.848310000 0 0
1484574405.851234000 0 0
1484574405.854081000 0 0
1484574405.858600000 0 0
1484574378.817475000 80 0
1484574378.961641000 398 0
1484566385.285608000 0 0
1484574415.839542000 0 0
1484574415.846707000 0 0
1484574415.858626000 0 0
1484574415.866981000 0 0
1484574436.950313000 0 8718
1484574436.963493000 0 0
1484574436.961683000 0 0
1484574457.904940000 0 0
1484574457.912243000 0 0
1484574478.384441000 0 0
1484574478.385619000 0 0
1484574478.386604000 0 0
1484574478.391554000 0 0
1484574478.393196000 0 0
1484574478.428812000 0 0
1484574478.429073000 0 0
1484574478.429024000 0 0
1484574478.429122000 0 0
1484574478.429075000 0 0
1484574480.799150000 0 0
1484574480.807932000 0 0
1484574480.810885000 0 0
1484574487.249855000 0 0
1484574488.474213000 0 0
1484574488.478944000 0 0
1484574488.489311000 0 0
1484574493.407799000 0 0
1484574493.410180000 0 0
1484574493.416239000 0 0
1484574493.414466000 0 0
1484574493.423681000 0 0
1484574493.421705000 0 0
1484574493.429777000 0 0
1484574493.427901000 0 0
1484574493.463964000 0 0
1484574493.461970000 0 0
1484574493.471145000 0 0
1484574493.469048000 0 0
1484574493.477584000 0 0
1484574493.475560000 0 0
1484574493.504001000 0 0
1484574493.505978000 0 0
1484574493.511917000 0 0
1484574493.509927000 0 0
1484574478.382247000 282 0
1484574487.255031000 5689 0
1484574488.498387000 570 0
1484574493.438703000 504 0
1484574493.484480000 504 0
1484574493.516138000 398 0
1484574533.115380000 0 0
1484574533.108945000 0 0
1484574533.119171000 0 0
1484574533.126959000 0 0
1484574533.131842000 0 0
1484574533.136039000 0 0
1484574533.138278000 0 0
1484574533.139672000 0 0
1484573377.485089000 0 0
1484574593.405887000 0 0
1484574593.409899000 0 0
1484574597.432168000 0 0
1484574601.760091000 0 0
1484574607.183323000 0 0
1484574607.187241000 0 0
1484574588.764210000 351 0
1484574588.834851000 339 0
1484574588.808717000 232 0
1484574589.040616000 218 0
1484574589.060664000 226 0
1484574589.079069000 240 0
1484574589.022944000 222 0
1484574588.989279000 249 0
1484574589.227044000 149 0
1484574589.783338000 691 0
1484574589.818224000 415 0
1484574589.848455000 222 0
1484574589.876497000 331 0
1484574589.907895000 166 0
1484574589.937447000 269 0
1484574589.956745000 287 0
1484574589.993216000 226 0
1484574590.084241000 214 0
1484574590.116606000 2718 0
1484574590.145942000 235 0
1484574593.418361000 80 0
1484574478.404567000 0 0
1484574631.719822000 0 0
1484574631.723997000 0 0
1484574643.728451000 0 0
1484574643.733023000 0 0
1484574653.719275000 0 0
1484574659.040290000 0 0
1484574659.044824000 0 0
1484574664.289212000 0 0
1484574671.536734000 0 0
1484574671.541153000 0 0
1484574653.722812000 80 0
1484574676.265467000 0 0
1484574683.360862000 0 0
1484574683.365126000 0 0
1484574691.033847000 0 0
1484574704.281104000 0 0
1484574704.285087000 0 0
1484562679.960155000 0 0
1484574737.003427000 0 8718
1484574737.014950000 0 0
1484574737.013326000 0 0
1484574410.167848000 0 0
1484574777.443389000 0 0
1484574779.753389000 0 0
1484574780.566488000 0 0
1484574787.293727000 0 0
1484574776.817910000 202 0
1484574777.029646000 0 0
1484574779.760936000 189 0
1484574787.296534000 5689 0
1484574883.214949000 0 0
1484574883.269890000 0 0
1484574883.274690000 0 0
1484574883.284364000 0 0
1484574884.323912000 0 0
1484574884.323010000 0 0
1484574884.326258000 0 0
1484574884.330025000 0 0
1484574884.333177000 0 0
1484574884.391514000 0 0
1484574884.391562000 0 0
1484574884.391686000 0 0
1484574884.391761000 0 0
1484574884.391811000 0 0
1484574883.294220000 282 0
1484574915.786962000 0 0
1484574915.792859000 0 0
1484574915.790632000 0 0
1484574915.795384000 0 0
1484574915.788059000 0 0
1484574915.825912000 0 0
1484574915.826012000 0 0
1484574915.825801000 0 0
1484574915.825961000 0 0
1484574915.826010000 0 0
1484574884.329011000 0 0
1484574977.713034000 0 0
1484574977.711906000 0 0
1484574977.718594000 0 0
1484574977.715624000 0 0
1484574977.719890000 0 0
1484574977.765115000 0 0
1484574977.764960000 0 0
1484574977.765171000 0 0
1484574977.765056000 0 0
1484574977.765322000 0 0
1484574977.732386000 0 0
1484574977.709632000 282 0
1484575037.043004000 0 8718
1484575037.056062000 0 0
1484575037.054461000 0 0
1484575048.413011000 0 0
1484575050.768476000 0 0
1484574775.194659000 0 0
1484575051.734589000 0 0
1484575051.743491000 0 0
1484575051.737941000 0 0
1484575051.739728000 0 0
1484575051.750211000 0 0
1484575051.761023000 0 0
1484575051.760965000 0 0
1484575051.831050000 0 0
1484575051.834956000 0 0
1484575051.843280000 0 0
1484575051.865923000 0 0
1484575051.870956000 0 0
1484575051.874973000 0 0
1484575051.878978000 0 0
1484575051.901407000 0 0
1484575051.903819000 0 0
1484575051.906492000 0 0
1484575051.909175000 0 0
1484575065.683601000 0 0
1484575065.689603000 0 0
1484575065.699853000 0 0
1484575065.707063000 0 0
1484575065.722652000 0 0
1484575065.726851000 0 0
1484575065.731135000 0 0
1484575065.744614000 0 0
1484575065.748882000 0 0
1484575065.761632000 0 0
1484575065.766090000 0 0
1484575065.770427000 0 0
1484575065.791086000 0 0
1484575065.795628000 0 0
1484575051.758990000 0 0
1484575087.328156000 0 0
1484575051.728648000 282 0
1484575051.851496000 570 0
1484575051.914056000 504 0
1484575051.887916000 504 0
1484575065.777603000 398 0
1484575087.333802000 5689 0
1484575099.548478000 652 0
1484575099.556473000 634 0
1484575099.588700000 1316 0
1484575099.561534000 8192 0
1484572599.937086000 0 0
1484575099.631368000 0 0
1484575099.640636000 0 0
1484575099.657142000 0 0
1484575099.666708000 0 0
1484575099.678308000 0 0
1484575099.684034000 2471 0
1484575099.976195000 0 0
1484548404.986280000 0 0
1484575100.093106000 0 0
1484575100.098196000 0 0
1484575100.101661000 0 0
1484575100.106637000 0 0
1484575100.111714000 0 0
1484575100.116728000 0 0
1484575100.121148000 0 0
1484575099.979060000 0 0
1484548406.362571000 0 0
1484575100.094865000 0 0
1484575100.590791000 0 0
1484575100.621276000 0 0
1484575099.966188000 0 0
1484575099.960908000 0 0
1484575109.888004000 0 0
1484575109.892755000 0 0
1484575109.903782000 0 0
1484575109.918803000 0 0
1484575109.923631000 0 0
1484575109.928119000 0 0
1484575109.932509000 0 0
1484575109.946861000 0 0
1484575109.951206000 0 0
1484575109.963843000 0 0
1484575109.968048000 0 0
1484575109.972568000 0 0
1484575109.977401000 0 0
1484575109.989651000 0 0
1484575109.994077000 0 0
1484575110.006969000 0 0
1484575110.011195000 0 0
1484575110.015624000 0 0
1484575110.019896000 0 0
1484575110.032385000 0 0
1484575110.036436000 0 0
1484575110.049418000 0 0
1484575110.053647000 0 0
1484575110.058186000 0 0
1484575110.062753000 0 0
1484575110.077106000 0 0
1484575110.081282000 0 0
1484575110.095337000 0 0
1484575110.099610000 0 0
1484575110.103972000 0 0
1484575110.108012000 0 0
1484575110.121188000 0 0
1484575110.125698000 0 0
1484575110.138244000 0 0
1484575110.142356000 0 0
1484575110.146715000 0 0
1484575110.151081000 0 0
1484575110.155384000 0 0
1484575110.175555000 0 0
1484575110.183122000 0 544
1484575110.191970000 0 0
1484575110.200095000 0 0
1484575110.198232000 0 0
1484575110.213135000 0 0
1484575110.209526000 0 0
1484575110.232634000 0 0
1484575110.236422000 0 0
1484575110.241251000 0 0
1484575110.245624000 0 0
1484575110.251817000 0 0
1484575110.259127000 0 0
1484575110.266553000 0 544
1484575110.275651000 0 0
1484575110.281922000 0 0
1484575110.294801000 0 0
1484575110.291147000 0 0
1484575110.305276000 0 0
1484575110.312080000 0 0
1484575110.319429000 0 544
1484575110.329562000 0 0
1484575110.336069000 0 0
1484575110.349048000 0 0
1484575110.345416000 0 0
1484575110.359018000 0 0
1484575110.365735000 0 0
1484575110.372600000 0 544
1484575110.381227000 0 0
1484575110.387008000 0 0
1484575110.401878000 0 0
1484575110.398130000 0 0
1484575110.413110000 0 0
1484575110.419531000 0 0
1484575110.426802000 0 544
1484575110.435581000 0 0
1484575110.441869000 0 0
1484575110.456326000 0 0
1484575110.452198000 0 0
1484575110.466967000 0 0
1484575110.473641000 0 0
1484575110.480688000 0 544
1484575110.490403000 0 0
1484575110.497305000 0 0
1484575110.511749000 0 0
1484575110.507708000 0 0
1484575110.522369000 0 0
1484575110.538722000 0 0
1484575113.177742000 0 0
1484575113.179608000 0 0
1484575099.826619000 14848 0
1484575099.832329000 2471 0
1484575099.855064000 0 0
1484575099.864515000 0 0
1484575099.896340000 14336 0
1484575099.920342000 93 0
1484575099.984119000 253 0
1484575099.987578000 249 0
1484575099.992268000 351 0
1484575099.996653000 186 0
1484575100.001354000 251 0
1484575100.005815000 225 0
1484575100.007956000 415 0
1484575100.010358000 235 0
1484575100.015329000 2223 0
1484575100.020859000 328 0
1484575100.027475000 235 0
1484575100.034613000 226 0
1484575100.041499000 346 0
1484575100.048057000 217 0
1484575100.055360000 269 0
1484575100.058946000 287 0
1484575100.064553000 229 0
1484575100.070308000 214 0
1484575100.075642000 181 0
1484575100.081720000 691 0
1484575100.086523000 240 0
1484575100.090955000 222 0
1484575100.116577000 203 0
1484575100.356610000 162 0
1484575100.373145000 234 0
1484575100.393661000 180 0
1484575100.536372000 224 0
1484575100.550530000 246 0
1484575100.570088000 233 0
1484575100.575136000 221 0
1484575100.580689000 235 0
1484575100.586705000 188 0
1484575100.588788000 166 0
1484575100.594816000 226 0
1484575100.598256000 202 0
1484575100.601777000 200 0
1484575100.605337000 168 0
1484575100.609104000 302 0
1484575100.612699000 940 0
1484575100.615042000 189 0
1484575100.618554000 182 0
1484575100.626088000 134 0
1484575100.637006000 134 0
1484575100.650830000 134 0
1484575100.655438000 144 0
1484575100.659868000 134 0
1484575100.664137000 134 0
1484575100.668259000 134 0
1484575100.673141000 144 0
1484575100.674872000 331 0
1484575100.680241000 127 0
1484575100.690939000 122 0
1484575100.698925000 122 0
1484575100.702430000 230 0
1484575100.706741000 149 0
1484575100.710462000 209 0
1484575100.714127000 226 0
1484575100.715875000 269 0
1484575100.719352000 217 0
1484575100.723093000 294 0
1484575100.727444000 233 0
1484575100.729631000 218 0
1484575100.733673000 226 0
1484575100.737831000 373 0
1484575100.742502000 232 0
1484575100.746346000 302 0
1484575100.750619000 820 0
1484575100.755019000 322 0
1484575101.039775000 133 0
1484575101.044884000 133 0
1484575101.049369000 134 0
1484575101.054023000 133 0
1484575101.058576000 133 0
1484575101.062372000 222 0
1484575101.065850000 222 0
1484575101.081140000 130 0
1484575101.085736000 1544 0
1484575101.090511000 1554 0
1484575101.095415000 1544 0
1484575101.100536000 7649 0
1484575101.104999000 513 0
1484575101.109039000 254 0
1484575101.111203000 339 0
1484575101.115982000 3161 0
1484575101.120285000 249 0
1484575101.124850000 2718 0
1484575101.130324000 226 0
1484575101.187483000 302 0
1484575101.192452000 241 0
1484575101.197121000 233 0
1484575101.202519000 1204 0
1484575110.161910000 129 0
1484575110.532464000 544 0
1484575110.535711000 544 0
1484575110.538847000 544 0
1484575110.542001000 544 0
1484575110.545618000 544 0
1484575110.548859000 544 0
1484575113.173388000 282 0
1484575099.905065000 634 0
1484575099.910622000 652 0
1484575099.619826000 8192 0
1484575113.244469000 1316 0
1484575113.880069000 0 0
1484575113.891638000 0 0
1484575113.895639000 0 0
1484575113.907280000 0 0
1484575113.911254000 0 0
1484575113.916451000 0 0
1484575113.956808000 0 0
1484575113.968591000 0 0
1484575113.972489000 0 0
1484575113.984181000 0 0
1484575099.628056000 2557 0
1484575099.638421000 434 0
1484575099.645540000 515 0
1484575099.664299000 363 0
1484575099.672675000 1451 0
1484575099.852352000 2295 0
1484575099.862052000 464 0
1484575115.087214000 0 0
1484575115.091762000 0 0
1484575115.097084000 0 0
1484575115.101354000 0 0
1484575115.106716000 0 0
1484575115.111361000 0 0
1484575115.116085000 0 0
1484575115.120894000 0 0
1484575115.125783000 0 0
1484575115.172353000 0 0
1484575113.920654000 544 0
1484575115.177908000 0 0
1484575115.186279000 0 0
1484575113.926875000 544 0
1484575115.192729000 0 0
1484575115.201933000 0 0
1484575113.933066000 544 0
1484575115.207616000 0 0
1484575115.215960000 0 0
1484575113.938892000 544 0
1484575115.221570000 0 0
1484575115.230398000 0 0
1484575113.945036000 544 0
1484575115.236275000 0 0
1484575115.244572000 0 0
1484575113.950827000 544 0
1484575115.249989000 0 0
1484575115.262527000 0 0
1484575115.261310000 0 0
1484575118.669708000 0 0
1484575118.679972000 0 0
1484575118.683236000 0 589
1484575118.689823000 0 0
1484575118.692916000 0 0
1484575118.695684000 0 0
1484575118.672840000 0 0
1484575118.698462000 0 0
1484575118.788227000 0 85
1484548382.155666000 2887680 16056320
1484575118.795507000 0 0
1484575118.805744000 0 109
1484575118.812922000 0 0
1484575118.832328000 0 144
1484575118.839357000 0 0
1484575118.886123000 0 175
1484575118.893983000 0 0
1484575118.901981000 0 0
1484548384.805707000 0 4096
1484575118.909545000 0 0
1484575118.913242000 0 0
1484575118.914369000 0 0
1484548384.802189000 0 0
1484575118.920479000 0 0
1484575118.922782000 0 0
1484575118.933418000 0 0
1484575118.936580000 0 0
1484575118.926250000 0 10
1484575118.947226000 0 0
1484575118.950953000 0 0
1484575118.916225000 0 0
1484575118.955650000 0 0
1484548383.547931000 22673 365886
1484548384.404228000 1225796 251962
1484575118.974416000 0 22675
1484575119.051855000 0 319
1484575119.054476000 0 204
1484575119.063761000 0 0
1484575119.137217000 0 0
1484548385.993383000 0 32768
1484575119.147016000 0 0
1484548385.989773000 57424 65648
1484575119.158399000 0 0
1484575119.163112000 0 0
1484575119.176751000 0 0
1484548385.973723000 0 4096
1484575119.186277000 0 0
1484575119.193113000 0 0
1484548385.969567000 0 0
1484575119.203325000 0 0
1484575119.209943000 0 0
1484575119.233809000 0 0
1484575119.239262000 0 23103
1484575119.268396000 0 0
1484575119.274804000 0 0
1484575119.217590000 0 0
1484575119.280692000 0 0
1484575119.355752000 0 0
1484548394.537292000 43949 9831
1484550699.989556000 1142516 34960
1484548394.952061000 631575 35711
1484548682.352510000 10626 2530
1484548682.456576000 39023 2255
1484548682.487128000 90485 473
1484548982.932209000 111510 1018
1484548982.968391000 7784 3784
1484575099.907385000 0 0
1484575099.912827000 0 0
1484548386.011593000 0 0
1484548385.981618000 0 0
1484548379.778219000 0 0
1484575134.134522000 0 0
1484575134.976673000 0 0
1484575135.000824000 0 0
1484575135.001920000 0 0
1484575135.013095000 0 0
1484575135.003014000 0 0
1484575135.017400000 0 0
1484575135.061891000 0 0
1484575135.061828000 0 0
1484575113.887309000 129 0
1484575113.902661000 129 0
1484575113.963904000 129 0
1484575113.979547000 129 0
1484575115.269043000 652 0
1484575115.293175000 634 0
1484575115.305883000 1316 0
1484575113.484909000 8192 0
1484575135.011929000 0 0
1484575134.986328000 0 0
1484575143.873411000 0 0
1484575143.890055000 0 0
1484575143.893143000 0 0
1484575143.902550000 0 0
1484575143.907516000 0 0
1484548382.949704000 163840 0
1484548384.789343000 7168 0
1484550362.924990000 65536 0
1484548380.728201000 4096 0
1484548380.185063000 69632 4096
1484548380.206278000 8192 4096
1484548385.978166000 557056 65536
1484548385.955500000 98304 0
1484560325.977820000 98304 0
1484548394.460696000 1400 0
1484575147.790220000 0 0
1484575147.797030000 0 0
1484575147.791465000 0 0
1484575147.796913000 0 0
1484575147.802654000 0 0
1484575147.861478000 0 0
1484575147.861297000 0 0
1484575147.862168000 0 0
1484575147.863011000 0 0
1484575147.864014000 0 0
1484575152.814972000 0 0
1484575152.823002000 0 0
1484548355.917455000 0 0
1484575147.808433000 0 0
1484575152.863715000 0 0
1484575152.868644000 0 0
1484575152.898233000 0 0
1484575152.904937000 0 0
1484575152.929430000 23211 0
1484575152.948336000 0 0
1484575152.960426000 0 0
1484575152.983746000 35409 0
1484575152.997166000 0 0
1484575153.001677000 0 0
1484575153.035502000 54813 0
1484575153.055548000 0 0
1484575153.060702000 0 0
1484575153.149374000 175279 0
1484575153.184186000 0 0
1484575153.191282000 0 0
1484575153.208455000 57185 0
1484575153.229149000 0 0
1484575153.236233000 0 0
1484575153.411106000 285320 0
1484575153.528878000 0 0
1484575153.554239000 0 0
1484575153.577422000 302299 0
1484575153.625475000 0 0
1484575153.637604000 0 0
1484575153.656525000 177665 0
1484575153.692098000 0 0
1484575153.711380000 0 0
1484575153.730086000 68253 0
1484575153.757217000 0 0
1484575153.765043000 0 0
1484575153.785816000 34593 0
1484575153.804346000 0 0
1484575153.812207000 0 0
1484575153.828314000 37795 0
1484575153.851838000 0 0
1484575135.066677000 4096 0
1484575153.863662000 0 0
1484575153.881991000 0 0
1484575153.870962000 27136 0
1484575153.894454000 0 0
1484575153.901620000 0 0
1484575153.917493000 435764 0
1484575153.967302000 0 0
1484575153.978184000 0 0
1484575154.017671000 0 0
1484575154.019007000 0 0
1484575154.024923000 0 0
1484575153.989446000 0 0
1484575155.837330000 0 0
