1484549117.100924000 0 0
1484549117.117439000 0 0
1484549117.123318000 0 0
1484549117.129561000 0 0
1484549117.135315000 0 0
1484549120.502611000 0 0
1484549120.540291000 0 0
1484549125.188623000 0 0
1484549125.192297000 0 0
1484549125.201098000 0 0
1484549127.956380000 0 0
1484549127.958804000 0 0
1484549127.964761000 0 0
1484549128.042734000 0 0
1484549128.045610000 0 0
1484549128.142696000 0 0
1484549129.529077000 0 0
1484549129.551565000 0 0
1484549129.613347000 0 0
1484549129.627131000 0 0
1484549129.647840000 0 0
1484549129.654684000 0 0
1484549129.657331000 0 0
1484549129.666699000 0 0
1484549129.716650000 0 0
1484549129.727561000 0 0
1484549129.729690000 0 0
1484549129.782149000 0 0
1484549129.851946000 0 0
1484549129.854245000 0 0
1484549129.868670000 0 0
1484549129.871537000 0 0
1484549129.920710000 0 0
1484549129.923336000 0 0
1484549129.925459000 0 0
1484549129.927734000 0 0
1484549129.938529000 0 0
1484549129.973331000 0 0
1484549121.208066000 111 0
1484549122.073211000 0 0
1484549129.602105000 0 0
1484549129.680138000 0 0
1484549129.692447000 0 0
1484549129.777016000 0 0
1484549129.867192000 0 0
1484549129.989500000 0 0
1484549130.005826000 0 0
1484549130.077787000 0 0
1484549130.007675000 0 0
1484549134.602286000 0 0
1484549129.580567000 129 0
1484549129.677377000 572 0
1484549129.687975000 129 0
1484549129.746835000 129 0
1484549129.864818000 129 0
1484549129.986925000 504 0
1484549130.002698000 129 0
1484549130.087135000 544 0
1484549130.091758000 0 0
1484549120.516601000 846 0
1484549135.926156000 0 0
1484549860.807239000 0 0
1484549860.811175000 282 0
1484549860.813413000 0 0
1484549881.914303000 0 0
1484549882.422202000 0 0
1484549882.457200000 0 0
1484549882.460367000 0 0
1484549882.469377000 0 0
1484549882.472119000 0 0
1484549882.768302000 0 0
1484549882.771870000 0 0
1484549881.917053000 282 0
1484549881.920268000 0 0
1484549882.476004000 572 0
1484549882.478436000 0 0
1484550244.896105000 0 0
1484550249.939032000 0 0
1484550249.943142000 0 0
1484550249.951519000 0 0
1484550249.954585000 0 0
1484550249.956798000 282 0
1484550249.959048000 0 0
1484550265.163358000 0 0
1484550265.166109000 282 0
1484550265.169057000 0 0
1484550292.394611000 0 0
1484550292.453281000 0 0
1484550292.456987000 0 0
1484550292.464703000 0 0
1484550292.467772000 0 0
1484550292.475017000 0 0
1484550292.477906000 0 0
1484550292.496510000 0 0
1484550292.498830000 0 0
1484550292.501720000 0 0
1484550292.504411000 0 0
1484550292.506508000 0 0
1484550292.518898000 0 0
1484550292.521474000 0 0
1484550292.529754000 0 0
1484550292.532138000 0 0
1484550292.534716000 0 0
1484550292.537110000 0 0
1484550292.561488000 0 0
1484550292.563715000 0 0
1484550292.400409000 282 0
1484550292.403812000 0 0
1484550292.470247000 572 0
1484550292.472752000 0 0
1484550292.487388000 504 0
1484550292.490803000 0 0
1484550292.510543000 504 0
1484550292.513005000 0 0
1484550292.550217000 398 0
1484550292.553446000 0 0
1484550326.905555000 0 0
1484550327.086682000 0 0
1484550327.781870000 0 0
1484550327.785876000 0 0
1484550327.793849000 0 0
1484550327.798306000 0 0
1484550327.800520000 398 0
1484550327.803183000 0 0
1484550327.805005000 282 0
1484550327.807264000 0 0
1484550588.077187000 0 0
1484550588.173532000 0 0
1484550588.157637000 0 0
1484550348.282767000 0 0
1484550627.699193000 0 0
1484550339.744925000 0 0
1484552011.804849000 0 0
1484552156.551310000 0 0
1484552156.583842000 0 0
1484552156.587821000 0 0
1484552156.596785000 0 0
1484552156.599799000 0 0
1484552156.604917000 398 0
1484552156.607405000 0 0
1484552595.291931000 0 0
1484550327.498184000 0 0
1484554820.750503000 0 0
1484554820.757603000 0 0
1484561722.797163000 0 0
1484561722.804328000 0 0
1484561926.464983000 0 0
1484561928.670316000 0 0
1484561929.196990000 0 0
1484568084.856301000 0 0
1484568084.863430000 0 0
1484568115.164509000 0 0
1484568115.202014000 0 0
1484568115.206665000 0 0
1484568115.215928000 0 0
1484568115.219263000 0 0
1484568115.231379000 282 0
1484568115.234129000 0 0
1484550632.423848000 0 0
1484550327.083402000 0 0
1484573065.260856000 0 0
1484573065.290412000 0 0
1484573065.286535000 0 0
1484573065.324254000 0 0
1484573065.343293000 0 0
1484573065.369835000 0 0
1484573065.372918000 0 0
1484573065.373490000 0 0
1484573065.371174000 0 0
1484573065.403300000 0 0
1484573065.406039000 0 0
1484573065.451350000 0 0
1484573065.409771000 0 0
1484573065.454274000 0 0
1484573065.460942000 0 0
1484573065.519898000 0 0
1484573065.530533000 0 0
1484573065.540194000 0 0
1484573065.549908000 0 0
1484573065.560545000 0 0
1484573065.571137000 0 0
1484573065.458186000 0 0
1484573065.581747000 0 0
1484573065.598605000 0 0
1484573065.608864000 0 0
1484573065.636407000 0 0
1484573065.647554000 0 0
1484573065.681166000 0 0
1484573065.698574000 0 0
1484573065.708201000 0 0
1484573065.717813000 0 0
1484573065.741204000 0 0
1484573065.763668000 0 0
1484573065.782101000 0 0
1484573065.811360000 0 0
1484573065.826024000 0 0
1484573065.835530000 0 0
1484573065.857921000 0 0
1484573065.717570000 0 0
1484573065.875700000 0 0
1484573065.896343000 0 0
1484573065.377042000 0 0
1484573065.906802000 0 0
1484573065.916151000 0 0
1484573065.924059000 0 0
1484573065.934270000 0 0
1484573066.206038000 0 0
1484573066.216956000 0 0
1484573066.338008000 0 0
1484573066.348224000 0 0
1484573066.362413000 0 0
1484573066.382066000 0 0
1484573066.395580000 0 0
1484573066.418498000 0 0
1484573066.428447000 0 0
1484573066.437582000 0 0
1484573066.447595000 0 0
1484573066.519888000 0 0
1484573066.362172000 0 0
1484573066.531544000 0 0
1484573066.556536000 0 0
1484573066.532349000 0 0
1484573066.574243000 0 0
1484573066.585813000 0 0
1484573066.605194000 0 0
1484573066.623685000 0 0
1484573066.638773000 0 0
1484573066.619975000 0 0
1484573066.654386000 0 0
1484573066.673720000 0 0
1484573066.705841000 0 0
1484573066.693227000 0 0
1484573066.715139000 0 0
1484573066.717634000 0 0
1484573066.720967000 0 0
1484573066.733587000 0 0
1484573066.732793000 0 0
1484573066.756339000 0 0
1484573066.757798000 0 0
1484573066.817561000 0 0
1484573066.821465000 0 0
1484573066.821402000 0 0
1484573066.825754000 0 0
1484573066.830950000 0 0
1484573066.830122000 0 0
1484573066.852940000 0 0
1484573066.863056000 0 0
1484573066.876186000 0 0
1484573066.889016000 0 0
1484573066.918992000 0 0
1484573066.936298000 0 0
1484573066.952715000 0 0
1484573066.961363000 0 0
1484573066.970073000 0 0
1484573066.988769000 0 0
1484573067.002810000 0 0
1484573067.043451000 0 0
1484573067.059482000 0 0
1484573065.224136000 0 0
1484573067.071812000 0 0
1484573067.096883000 0 0
1484573067.114284000 0 0
1484573067.139421000 0 0
1484573067.162567000 0 0
1484573067.170788000 0 0
1484573067.179804000 0 0
1484573067.189829000 0 0
1484573067.208634000 0 0
1484573067.434517000 0 0
1484573067.443952000 0 0
1484573067.587508000 0 0
1484573067.602033000 0 0
1484573067.624428000 0 0
1484573067.633203000 0 0
1484573067.645116000 0 0
1484573067.654735000 0 0
1484573067.681528000 0 0
1484573067.691369000 0 0
1484573067.705061000 0 0
1484573067.718409000 0 0
1484573067.817941000 0 0
1484573067.830639000 0 0
1484573067.852492000 0 0
1484573067.881607000 0 0
1484573067.903159000 0 0
1484573067.923747000 0 0
1484573067.946467000 0 0
1484573067.963290000 0 0
1484573067.979113000 0 0
1484573067.988339000 0 0
1484573067.996544000 0 0
1484573068.005441000 0 0
1484573068.021922000 0 0
1484573068.030671000 0 0
1484573068.038977000 0 0
1484573068.057343000 0 0
1484573068.065733000 0 0
1484573068.083048000 0 0
1484573068.091425000 0 0
1484573068.100085000 0 0
1484573068.108553000 0 0
1484573068.125946000 0 0
1484573068.134259000 0 0
1484573068.308975000 0 0
1484573068.458008000 0 0
1484573068.469428000 0 0
1484573068.487769000 0 0
1484573068.506440000 0 0
1484573068.523563000 0 0
1484573068.533742000 0 0
1484573068.555013000 0 0
1484573068.574595000 0 0
1484573068.598196000 0 0
1484573068.613237000 0 0
1484573068.624569000 0 0
1484573068.648809000 0 0
1484573068.673569000 0 0
1484573068.691725000 0 0
1484573068.718451000 0 0
1484573068.948425000 0 0
1484573068.965243000 0 0
1484573068.983326000 0 0
1484573069.001896000 0 0
1484573069.019529000 0 0
1484573069.046953000 0 0
1484573069.054436000 0 0
1484573069.073028000 0 0
1484573069.108238000 0 0
1484573069.132589000 0 0
1484573069.149696000 0 0
1484573069.176100000 0 0
1484573069.201239000 0 0
1484573069.223512000 0 0
1484573069.240599000 0 0
1484573069.253443000 0 0
1484573069.275058000 0 0
1484573069.287608000 0 0
1484573069.298029000 0 0
1484573069.351975000 0 0
1484573069.368282000 0 0
1484573069.380165000 0 0
1484573069.388623000 0 0
1484573069.390899000 0 0
1484573069.394587000 0 0
1484573069.403669000 0 0
1484573069.404215000 0 0
1484573069.407593000 0 0
1484573069.412220000 0 0
1484573069.421014000 0 0
1484573069.471614000 0 0
1484573069.486340000 0 0
1484573069.496159000 0 0
1484573069.505655000 0 0
1484573069.519471000 0 0
1484573069.542084000 0 0
1484573069.557042000 0 0
1484573069.566066000 0 0
1484573069.648103000 0 0
1484573069.659287000 0 0
1484573069.669089000 0 0
1484573069.705558000 0 0
1484573069.716878000 0 0
1484573065.276164000 0 0
1484573065.225016000 0 0
1484549128.047363000 0 0
1484573065.312674000 5654 0
1484573065.315673000 0 0
1484573065.338894000 204 0
1484573065.340817000 0 0
1484573065.361126000 145 0
1484573065.363670000 0 0
1484573065.391302000 140 0
1484573065.399940000 0 0
1484573065.408328000 261 0
1484573065.410569000 0 0
1484573065.457652000 118 0
1484573065.459745000 0 0
1484573065.526526000 146 0
1484573065.528848000 0 0
1484573065.545888000 215 0
1484573065.548554000 0 0
1484573065.566920000 150 0
1484573065.569676000 0 0
1484573065.594240000 194 0
1484573065.596991000 0 0
1484573065.631624000 124 0
1484573065.634668000 0 0
1484573065.665466000 143 0
1484573065.668127000 0 0
1484573065.704378000 133 0
1484573065.706933000 0 0
1484573065.736898000 161 0
1484573065.739331000 0 0
1484573065.777924000 127 0
1484573065.780637000 0 0
1484573065.821563000 140 0
1484573065.823868000 0 0
1484573065.853879000 123 0
1484573065.856561000 0 0
1484573065.892381000 124 0
1484573065.894855000 0 0
1484573065.912433000 155 0
1484573065.914676000 0 0
1484573065.930294000 130 0
1484573065.932491000 0 0
1484573066.213027000 115 0
1484573066.215402000 0 0
1484573066.344147000 145 0
1484573066.346861000 0 0
1484573066.378132000 112 0
1484573066.380659000 0 0
1484573066.414064000 129 0
1484573066.416956000 0 0
1484573066.433838000 155 0
1484573066.436144000 0 0
1484573066.465014000 112 0
1484573066.467320000 0 0
1484573066.552332000 114 0
1484573066.555063000 0 0
1484573065.469897000 190 0
1484573065.473987000 0 0
1484573065.536290000 137 0
1484573065.538849000 0 0
1484573065.556791000 185 0
1484573065.559288000 0 0
1484573065.577029000 185 0
1484573065.579480000 0 0
1484573065.605145000 132 0
1484573065.607611000 0 0
1484573065.642731000 130 0
1484573065.645773000 0 0
1484573065.694242000 143 0
1484573065.697113000 0 0
1484573065.713781000 197 0
1484573065.716278000 0 0
1484573065.759504000 147 0
1484573065.762245000 0 0
1484573065.807547000 153 0
1484573065.810064000 0 0
1484573065.831495000 152 0
1484573065.833858000 0 0
1484573065.871510000 147 0
1484573065.874233000 0 0
1484573065.903094000 150 0
1484573065.905407000 0 0
1484573065.920850000 283 0
1484573065.922790000 0 0
1484573066.201327000 338 0
1484573066.204533000 0 0
1484573066.331090000 4435 0
1484573066.334714000 0 0
1484573066.359061000 178 0
1484573066.361030000 0 0
1484573066.391836000 146 0
1484573066.393886000 0 0
1484573066.424163000 289 0
1484573066.426827000 0 0
1484573066.443748000 1885 0
1484573066.446501000 0 0
1484573066.526624000 222 0
1484573066.529285000 0 0
1484573066.568968000 164 0
1484573066.571281000 0 0
1484573066.579951000 1254 0
1484573066.582873000 0 0
1484573066.600152000 296 0
1484573066.602128000 0 0
1484573066.616382000 770 0
1484573066.618812000 0 0
1484573066.711245000 583 0
1484573066.713522000 0 0
1484573066.728076000 206 0
1484573066.732243000 0 0
1484573066.753024000 245 0
1484573066.754966000 0 0
1484573066.817472000 229 0
1484573066.820201000 0 0
1484573066.827494000 152 0
1484573066.829525000 0 0
1484573066.848145000 186 0
1484573066.851329000 0 0
1484573066.859284000 961 0
1484573066.861520000 0 0
1484573066.872951000 231 0
1484573066.874882000 0 0
1484573066.885860000 350 0
1484573066.887580000 0 0
1484573066.914941000 206 0
1484573066.917428000 0 0
1484573066.932586000 246 0
1484573066.934864000 0 0
1484573066.949025000 354 0
1484573066.951239000 0 0
1484573066.958138000 184 0
1484573066.959984000 0 0
1484573066.966091000 377 0
1484573066.968516000 0 0
1484573066.985448000 268 0
1484573066.987472000 0 0
1484573066.999129000 226 0
1484573067.001521000 0 0
1484573067.039449000 322 0
1484573067.042021000 0 0
1484573067.054937000 964 0
1484573067.057752000 0 0
1484573067.065875000 963 0
1484573067.070269000 0 0
1484573067.093785000 244 0
1484573067.095570000 0 0
1484573067.109566000 262 0
1484573067.112890000 0 0
1484573067.135689000 241 0
1484573067.137703000 0 0
1484573067.153602000 8598 0
1484573067.157536000 0 0
1484573067.167496000 253 0
1484573067.169429000 0 0
1484573067.176072000 1095 0
1484573067.178348000 0 0
1484573067.185448000 223 0
1484573067.188290000 0 0
1484573067.204906000 250 0
1484573067.207208000 0 0
1484573067.427040000 2199 0
1484573067.430400000 0 0
1484573067.440207000 346 0
1484573067.442570000 0 0
1484573067.583713000 279 0
1484573067.585976000 0 0
1484573067.598427000 188 0
1484573067.600510000 0 0
1484573067.615078000 1199 0
1484573067.618218000 0 0
1484573066.633971000 246 0
1484573066.635866000 0 0
1484573066.649504000 203 0
1484573066.651448000 0 0
1484573066.669865000 942 0
1484573066.672574000 0 0
1484573067.629629000 317 0
1484573067.631626000 0 0
1484573067.641341000 875 0
1484573067.643696000 0 0
1484573067.650831000 180 0
1484573067.653298000 0 0
1484573067.670648000 286 0
1484573067.673320000 0 0
1484573067.687417000 331 0
1484573067.689971000 0 0
1484573067.697178000 3957 0
1484573067.700162000 0 0
1484573067.714391000 280 0
1484573067.716320000 0 0
1484573067.814200000 170 0
1484573067.816496000 0 0
1484573067.827310000 225 0
1484573067.829406000 0 0
1484573067.848348000 290 0
1484573067.851070000 0 0
1484573067.867755000 2403 0
1484573067.870898000 0 0
1484573067.898698000 1167 0
1484573067.901594000 0 0
1484573067.919311000 984 0
1484573067.922188000 0 0
1484573067.942090000 914 0
1484573067.944893000 0 0
1484573067.959156000 328 0
1484573067.961660000 0 0
1484573067.975218000 764 0
1484573067.977638000 0 0
1484573067.984356000 274 0
1484573067.986781000 0 0
1484573067.993226000 156 0
1484573067.995179000 0 0
1484573068.001797000 1559 0
1484573068.004156000 0 0
1484573068.018424000 279 0
1484573068.020454000 0 0
1484573068.027210000 1388 0
1484573068.029560000 0 0
1484573068.035576000 226 0
1484573068.037620000 0 0
1484573068.053600000 1006 0
1484573068.055933000 0 0
1484573068.062166000 281 0
1484573068.064135000 0 0
1484573068.079009000 220 0
1484573068.081550000 0 0
1484573068.087952000 440 0
1484573068.090022000 0 0
1484573068.096151000 993 0
1484573068.098481000 0 0
1484573068.104890000 1131 0
1484573068.107172000 0 0
1484573068.122068000 1004 0
1484573068.124535000 0 0
1484573068.130770000 168 0
1484573068.132809000 0 0
1484573068.139862000 862 0
1484573068.142773000 0 0
1484573068.453757000 168 0
1484573068.456411000 0 0
1484573068.465164000 281 0
1484573068.467780000 0 0
1484573068.484198000 289 0
1484573068.486197000 0 0
1484573068.503087000 235 0
1484573068.505039000 0 0
1484573068.519606000 302 0
1484573068.522071000 0 0
1484573068.529717000 1500 0
1484573068.532596000 0 0
1484573068.550761000 1288 0
1484573068.553593000 0 0
1484573068.570364000 1370 0
1484573068.573161000 0 0
1484573068.590657000 4245 0
1484573068.593848000 0 0
1484573068.609605000 238 0
1484573068.611670000 0 0
1484573068.620267000 1431 0
1484573068.622990000 0 0
1484573068.637050000 226 0
1484573068.638974000 0 0
1484573068.668439000 302 0
1484573068.670837000 0 0
1484573068.687616000 134 0
1484573068.690069000 0 0
1484573068.713577000 134 0
1484573068.716043000 0 0
1484573068.943824000 134 0
1484573068.946888000 0 0
1484573068.960083000 144 0
1484573068.963586000 0 0
1484573068.979623000 134 0
1484573068.981944000 0 0
1484573068.998215000 134 0
1484573069.000504000 0 0
1484573069.015694000 134 0
1484573069.018051000 0 0
1484573069.037823000 5738 0
1484573069.042066000 0 0
1484573069.052838000 0 0
1484573069.069248000 405 0
1484573069.071608000 0 0
1484573069.104444000 311 0
1484573069.106840000 0 0
1484573069.128055000 851 0
1484573069.131024000 0 0
1484573069.146111000 339 0
1484573069.148104000 0 0
1484573069.167868000 4317 0
1484573069.171354000 0 0
1484573069.190478000 4127 0
1484573069.194043000 0 0
1484573069.219610000 166 0
1484573069.222032000 0 0
1484573069.230434000 737 0
1484573069.233166000 0 0
1484573069.250102000 217 0
1484573069.252077000 0 0
1484573069.270381000 234 0
1484573069.273047000 0 0
1484573069.282936000 779 0
1484573069.286218000 0 0
1484573069.294353000 241 0
1484573069.296449000 0 0
1484573069.316890000 61313 0
1484573069.325849000 0 0
1484573069.361126000 4186 0
1484573069.364546000 0 0
1484573069.375072000 1918 0
1484573069.378684000 0 0
1484573069.385432000 220 0
1484573069.387314000 0 0
1484573069.394981000 1263 0
1484573069.402125000 0 0
1484573069.408830000 308 0
1484573069.410861000 0 0
1484573069.413014000 282 0
1484573069.415105000 0 0
1484573069.417490000 450 0
1484573069.419440000 0 0
1484573069.444451000 138 0
1484573069.447485000 0 0
1484573069.482586000 137 0
1484573069.484961000 0 0
1484573069.492429000 142 0
1484573069.494777000 0 0
1484573069.501882000 142 0
1484573069.504190000 0 0
1484573069.515813000 259 0
1484573069.518091000 0 0
1484573069.537555000 1061 0
1484573069.540241000 0 0
1484573069.553399000 133 0
1484573069.555693000 0 0
1484573069.562348000 134 0
1484573069.564686000 0 0
1484573069.643352000 133 0
1484573069.646115000 0 0
1484573069.654956000 233 0
1484573069.656915000 0 0
1484573069.665402000 226 0
1484573069.667774000 0 0
1484573069.684720000 226 0
1484573069.687046000 0 0
1484573069.713114000 113 0
1484573069.715467000 0 0
1484573069.724446000 302 0
1484573069.726778000 0 0
