1484571920.307076000 0 0
1484571920.396125000 0 0
1484571920.450384000 0 80330
1484571920.465328000 0 0
1484571920.464778000 0 0
1484571921.327029000 0 0
1484571921.329954000 0 0
1484571921.337593000 0 0
1484571921.349235000 0 0
1484571921.351128000 0 0
1484571921.344945000 282 0
1484571921.362824000 934 0
1484571921.365460000 790 0
1484571921.368243000 567 0
1484571921.374215000 755 0
1484571921.369376000 34592 0
1484571921.386707000 34153 0
1484571923.299802000 0 0
1484571923.298770000 0 0
1484571923.310388000 934 0
1484571923.312200000 755 0
1484571923.312433000 790 0
1484571923.315996000 567 0
1484571923.314644000 34153 0
1484571923.317904000 34592 0
1484571923.560724000 0 32184
1484571923.573806000 0 0
1484571923.573122000 0 0
1484571923.583718000 0 0
1484571923.583037000 0 0
1484571931.445383000 0 0
1484571931.447917000 0 0
1484571938.599351000 0 32184
1484571938.612399000 0 0
1484571938.611705000 0 0
1484571938.620887000 0 0
1484571938.620180000 0 0
1484571941.541109000 0 0
1484571941.549640000 0 0
1484571953.636388000 0 32184
1484571953.649796000 0 0
1484571953.649077000 0 0
1484571953.659728000 0 0
1484571953.659005000 0 0
1484571941.556905000 0 0
1484571961.380802000 0 3252
1484571961.390171000 0 0
1484571961.389549000 0 0
1484571941.546701000 150 0
1484571941.558032000 29416 0
1484571968.675956000 0 32185
1484571968.689255000 0 0
1484571968.688542000 0 0
1484571968.697291000 0 0
1484571968.696569000 0 0
1484571983.723013000 0 32185
1484571983.736339000 0 0
1484571983.735574000 0 0
1484571983.745799000 0 0
1484571983.745096000 0 0
1484572002.211090000 0 32185
1484572002.229160000 0 0
1484572002.228381000 0 0
1484572002.239476000 0 0
1484572002.238688000 0 0
1484572017.279716000 0 32185
1484572017.294592000 0 0
1484572017.293735000 0 0
1484572017.303517000 0 0
1484572017.302758000 0 0
1484572032.328594000 0 32185
1484572032.345781000 0 0
1484572032.344704000 0 0
1484572032.356038000 0 0
1484572032.355028000 0 0
1484572190.971062000 0 32185
1484572190.984588000 0 0
1484572190.983360000 0 0
1484572190.993440000 0 0
1484572190.992759000 0 0
1484572206.482740000 0 18761
1484572206.492268000 0 0
1484572206.491699000 0 0
1484572208.952584000 0 32185
1484572208.967498000 0 0
1484572208.965934000 0 0
1484572208.977608000 0 0
1484572208.976880000 0 0
1484572220.442022000 0 80374
1484572220.457495000 0 0
1484572220.456787000 0 0
1484572304.990635000 0 32185
1484572305.005663000 0 0
1484572305.004254000 0 0
1484572305.015973000 0 0
1484572305.014937000 0 0
1484572320.011555000 0 32185
1484572320.027101000 0 0
1484572320.026314000 0 0
1484572320.037964000 0 0
1484572320.037026000 0 0
1484572335.071946000 0 32185
1484572335.085614000 0 0
1484572335.084737000 0 0
1484572335.094605000 0 0
1484572335.093241000 0 0
1484572350.129788000 0 32185
1484572350.143845000 0 0
1484572350.143196000 0 0
1484572350.151817000 0 0
1484572350.151296000 0 0
1484572365.166559000 0 32185
1484572365.179855000 0 0
1484572365.178929000 0 0
1484572365.188772000 0 0
1484572365.188068000 0 0
1484572477.639006000 0 32185
1484572477.652147000 0 0
1484572477.651189000 0 0
1484572477.660879000 0 0
1484572477.659918000 0 0
1484572492.686931000 0 32185
1484572492.699489000 0 0
1484572492.698827000 0 0
1484572492.707859000 0 0
1484572492.707131000 0 0
1484572506.493426000 0 18761
1484572506.502512000 0 0
1484572506.502085000 0 0
1484572507.725178000 0 32185
1484572507.738737000 0 0
1484572507.738120000 0 0
1484572507.747246000 0 0
1484572507.746533000 0 0
1484572520.491743000 0 80380
1484572520.507040000 0 0
1484572520.506377000 0 0
1484572522.812231000 0 32185
1484572522.826160000 0 0
1484572522.825235000 0 0
1484572522.836817000 0 0
1484572522.835813000 0 0
1484572537.869338000 0 32185
1484572537.884554000 0 0
1484572537.883256000 0 0
1484572537.896795000 0 0
1484572537.895523000 0 0
1484572552.927510000 0 32185
1484572552.944254000 0 0
1484572552.942858000 0 0
1484572552.954326000 0 0
1484572552.952924000 0 0
1484572567.983246000 0 32185
1484572567.998419000 0 0
1484572567.996969000 0 0
1484572568.008470000 0 0
1484572568.007072000 0 0
1484572583.040717000 0 32185
1484572583.055343000 0 0
1484572583.054442000 0 0
1484572583.063758000 0 0
1484572583.062831000 0 0
1484572598.091194000 0 32185
1484572598.104893000 0 0
1484572598.103877000 0 0
1484572598.114055000 0 0
1484572598.112969000 0 0
1484572613.137551000 0 32185
1484572613.150972000 0 0
1484572613.150343000 0 0
1484572613.158588000 0 0
1484572613.158022000 0 0
1484572628.201825000 0 32185
1484572628.216396000 0 0
1484572628.215568000 0 0
1484572628.226180000 0 0
1484572628.225379000 0 0
1484572643.274920000 0 32185
1484572643.288890000 0 0
1484572643.288047000 0 0
1484572643.297986000 0 0
1484572643.297151000 0 0
1484572658.332410000 0 32185
1484572658.346489000 0 0
1484572658.345541000 0 0
1484572658.355439000 0 0
1484572658.354655000 0 0
1484572673.385217000 0 32185
1484572673.400983000 0 0
1484572673.399716000 0 0
1484572673.411876000 0 0
1484572673.410712000 0 0
1484572688.456062000 0 32185
1484572688.470911000 0 0
1484572688.469616000 0 0
1484572688.480549000 0 0
1484572688.479340000 0 0
1484572703.517703000 0 32185
1484572703.531973000 0 0
1484572703.531177000 0 0
1484572703.540064000 0 0
1484572703.539347000 0 0
1484572719.500908000 0 32185
1484572719.515729000 0 0
1484572719.514517000 0 0
1484572719.526938000 0 0
1484572719.525705000 0 0
1484572741.146816000 0 32185
1484572741.160095000 0 0
1484572741.159385000 0 0
1484572741.168077000 0 0
1484572741.167451000 0 0
1484572756.202369000 0 32185
1484572756.216709000 0 0
1484572756.215883000 0 0
1484572756.227771000 0 0
1484572756.227038000 0 0
1484572771.271283000 0 32185
1484572771.284391000 0 0
1484572771.283494000 0 0
1484572771.293394000 0 0
1484572771.292479000 0 0
1484572806.524935000 0 18762
1484572806.537002000 0 0
1484572806.535708000 0 0
1484572820.544806000 0 80380
1484572820.559428000 0 0
1484572820.558818000 0 0
1484572925.832586000 0 32185
1484572925.845654000 0 0
1484572925.845056000 0 0
1484572925.855313000 0 0
1484572925.854598000 0 0
1484572941.097331000 0 32185
1484572941.112607000 0 0
1484572941.110900000 0 0
1484572941.121819000 0 0
1484572941.121173000 0 0
1484572956.178252000 0 32185
1484572956.194093000 0 0
1484572956.193421000 0 0
1484572956.204394000 0 0
1484572956.203673000 0 0
1484572971.248237000 0 32185
1484572971.262160000 0 0
1484572971.260988000 0 0
1484572971.271683000 0 0
1484572971.270225000 0 0
1484572986.315221000 0 32185
1484572986.329942000 0 0
1484572986.329190000 0 0
1484572986.339168000 0 0
1484572986.337530000 0 0
1484573001.388363000 0 32185
1484573001.401977000 0 0
1484573001.401380000 0 0
1484573001.410583000 0 0
1484573001.410023000 0 0
1484573016.472745000 0 32185
1484573016.486089000 0 0
1484573016.485354000 0 0
1484573016.494588000 0 0
1484573016.493869000 0 0
1484573031.537860000 0 32185
1484573031.553528000 0 0
1484573031.552668000 0 0
1484573031.565034000 0 0
1484573031.564096000 0 0
1484573046.607471000 0 32185
1484573046.622643000 0 0
1484573046.621762000 0 0
1484573046.634496000 0 0
1484573046.633121000 0 0
1484573061.659812000 0 32185
1484573061.676811000 0 0
1484573061.675892000 0 0
1484573061.686226000 0 0
1484573061.685277000 0 0
1484573076.720880000 0 32185
1484573076.737044000 0 0
1484573076.735699000 0 0
1484573076.745482000 0 0
1484573076.744802000 0 0
1484573091.790804000 0 32185
1484573091.803582000 0 0
1484573091.802848000 0 0
1484573091.813307000 0 0
1484573091.812603000 0 0
1484573106.540110000 0 18763
1484573106.552507000 0 0
1484573106.551770000 0 0
1484573106.833929000 0 32185
1484573106.849576000 0 0
1484573106.848887000 0 0
1484573106.862095000 0 0
1484573106.861256000 0 0
1484573120.568125000 0 80380
1484573120.583766000 0 0
1484573120.582919000 0 0
1484573121.906066000 0 32185
1484573121.922411000 0 0
1484573121.921538000 0 0
1484573121.933148000 0 0
1484573121.932304000 0 0
1484573136.968208000 0 32185
1484573136.982813000 0 0
1484573136.981795000 0 0
1484573136.993476000 0 0
1484573136.992208000 0 0
1484573179.869339000 0 32185
1484573179.883359000 0 0
1484573179.882314000 0 0
1484573179.895464000 0 0
1484573179.894395000 0 0
1484573228.983038000 0 32185
1484573228.999084000 0 0
1484573228.997797000 0 0
1484573229.009067000 0 0
1484573229.007890000 0 0
1484573249.401225000 0 32185
1484573249.416907000 0 0
1484573249.415626000 0 0
1484573249.426616000 0 0
1484573249.425389000 0 0
1484573264.463594000 0 32185
1484573264.478561000 0 0
1484573264.477818000 0 0
1484573264.489979000 0 0
1484573264.489166000 0 0
1484573279.529036000 0 32185
1484573279.544802000 0 0
1484573279.543390000 0 0
1484573279.554611000 0 0
1484573279.553253000 0 0
1484573294.591036000 0 32185
1484573294.606596000 0 0
1484573294.605410000 0 0
1484573294.617837000 0 0
1484573294.616600000 0 0
1484573309.642202000 0 32185
1484573309.655972000 0 0
1484573309.654983000 0 0
1484573309.664754000 0 0
1484573309.663716000 0 0
1484573324.692104000 0 32185
1484573324.708621000 0 0
1484573324.707729000 0 0
1484573324.720080000 0 0
1484573324.719252000 0 0
1484573339.762062000 0 32185
1484573339.775420000 0 0
1484573339.774540000 0 0
1484573339.783886000 0 0
1484573339.783093000 0 0
1484573354.810784000 0 32185
1484573354.826637000 0 0
1484573354.825343000 0 0
1484573354.836907000 0 0
1484573354.835620000 0 0
1484573369.875848000 0 32185
1484573369.891129000 0 0
1484573369.890143000 0 0
1484573369.899927000 0 0
1484573369.898985000 0 0
1484573384.932280000 0 32185
1484573384.947394000 0 0
1484573384.946010000 0 0
1484573384.957276000 0 0
1484573384.955874000 0 0
1484573399.990725000 0 32185
1484573400.005812000 0 0
1484573400.004890000 0 0
1484573400.013978000 0 0
1484573400.013220000 0 0
1484573406.553664000 0 18763
1484573406.565326000 0 0
1484573406.564368000 0 0
1484573415.046838000 0 32185
1484573415.062448000 0 0
1484573415.061261000 0 0
1484573415.071871000 0 0
1484573415.070700000 0 0
1484573420.587488000 0 80380
1484573420.604759000 0 0
1484573420.604200000 0 0
1484573430.105674000 0 32185
1484573430.120036000 0 0
1484573430.118719000 0 0
1484573430.129501000 0 0
1484573430.128263000 0 0
1484573449.217464000 0 32185
1484573449.233126000 0 0
1484573449.231714000 0 0
1484573449.243927000 0 0
1484573449.242520000 0 0
1484573464.292315000 0 32185
1484573464.305935000 0 0
1484573464.305121000 0 0
1484573464.315118000 0 0
1484573464.314227000 0 0
1484573479.342900000 0 32185
1484573479.360754000 0 0
1484573479.359419000 0 0
1484573479.371299000 0 0
1484573479.370034000 0 0
1484573494.400679000 0 32185
1484573494.415362000 0 0
1484573494.414428000 0 0
1484573494.423997000 0 0
1484573494.423268000 0 0
1484573509.448990000 0 32185
1484573509.464682000 0 0
1484573509.463396000 0 0
1484573509.475049000 0 0
1484573509.473777000 0 0
1484573524.532828000 0 32185
1484573524.547699000 0 0
1484573524.546475000 0 0
1484573524.558822000 0 0
1484573524.557638000 0 0
1484573539.593946000 0 32185
1484573539.608784000 0 0
1484573539.607374000 0 0
1484573539.618450000 0 0
1484573539.617148000 0 0
1484573554.649907000 0 32185
1484573554.663464000 0 0
1484573554.662735000 0 0
1484573554.672455000 0 0
1484573554.671723000 0 0
1484573569.722286000 0 32185
1484573569.736337000 0 0
1484573569.735318000 0 0
1484573569.745022000 0 0
1484573569.743950000 0 0
1484573575.542919000 0 0
1484573575.542112000 0 0
1484573575.549179000 0 10703
1484573575.552720000 0 212
1484573575.560568000 0 0
1484573575.559874000 0 0
1484573575.570651000 0 259
1484573575.578324000 0 0
1484573575.577769000 0 0
1484573575.587989000 0 3252
1484573575.596477000 0 0
1484573575.595726000 0 0
1484573575.604835000 0 288
1484573575.612673000 0 0
1484573575.611913000 0 0
1484573575.625844000 0 0
1484573575.636360000 0 0
1484573575.646419000 0 0
1484573575.650634000 0 29473
1484573575.670032000 0 0
1484573575.673464000 0 0
1484573575.677151000 0 0
1484573575.630555000 0 0
1484573575.679769000 0 0
1484573575.924427000 0 7977
1484573575.936152000 0 0
1484573575.934696000 0 0
1484573575.948364000 0 0
1484573665.522603000 0 0
1484573665.532232000 0 0
1484573665.536991000 0 3089
1484573665.546455000 0 0
1484573665.549676000 0 0
1484573665.553008000 0 0
1484573665.526117000 0 0
1484573665.556804000 0 0
1484573665.643207000 0 85
1484573665.650349000 0 0
1484573665.670353000 0 109
1484573665.677138000 0 0
1484573665.725688000 0 144
1484573665.727980000 0 0
1484573665.730798000 0 0
1484573665.732926000 0 0
1484573665.737462000 0 0
1484573665.739907000 0 0
1484573665.743453000 0 0
1484573665.752211000 0 0
1484573665.756877000 0 0
1484573665.774571000 0 0
1484573665.777884000 0 0
1484573665.780624000 0 0
1484573665.783298000 0 0
1484573665.786308000 0 0
1484573665.789454000 0 0
1484573665.755578000 0 194
1484573665.804591000 0 0
1484573665.808043000 0 0
1484573665.746126000 0 0
1484573665.811115000 0 0
1484573665.824385000 0 20542
1484573665.862982000 0 524
1484573665.865829000 0 175
1484573665.872657000 0 0
1484573665.878127000 0 0
1484573665.881183000 0 0
1484573665.884277000 0 204
1484573665.886460000 0 0
1484573665.888914000 0 0
1484573665.891724000 0 0
1484573665.900504000 0 0
1484573665.902993000 0 0
1484573665.908499000 0 0
1484573665.911772000 0 0
1484573665.917605000 0 0
1484573665.926966000 0 0
1484573665.930904000 0 36186
1484573665.953560000 0 0
1484573665.956884000 0 0
1484573665.920643000 0 0
1484573665.959605000 0 0
1484573666.051384000 0 0
1484573666.098296000 0 5
1484573666.104634000 0 0
1484573666.109038000 0 0
1484573665.771013000 2826 0
1484573693.770230000 2346 0
1484573693.775969000 0 2346
1484573699.808490000 0 0
1484573699.853299000 0 0
1484573699.856198000 0 0
1484573699.864975000 0 0
1484571923.317807000 0 0
