1484555839.517941000 0 0
1484555839.743170000 0 0
1484555839.762662000 0 0
1484555839.751652000 0 0
1484555839.767823000 0 0
1484555839.767906000 0 0
1484555839.777191000 0 0
1484555839.784870000 0 0
1484555839.786897000 0 0
1484555839.804405000 0 0
1484555839.805977000 0 0
1484555840.534872000 0 0
1484555840.541702000 0 0
1484555840.546885000 0 0
1484555840.551636000 0 0
1484555839.779895000 282 0
1484555839.668031000 0 0
1484555841.578024000 0 0
1484555841.592863000 0 0
1484555841.605992000 0 0
1484555841.622974000 0 0
1484555841.641693000 0 0
1484555841.654819000 0 0
1484555841.661755000 0 0
1484555841.674173000 0 0
1484555841.681699000 0 0
1484555841.704989000 0 0
1484555841.806927000 0 0
1484555841.911813000 0 0
1484555841.968011000 0 0
1484555841.975966000 0 0
1484555841.983024000 0 0
1484555841.987976000 0 0
1484555841.994919000 0 0
1484555842.028070000 0 0
1484555842.063675000 0 0
1484555842.338378000 0 0
1484555842.346109000 0 0
1484555842.353392000 0 0
1484555842.385175000 0 0
1484555842.400522000 0 0
1484555842.485659000 0 0
1484555842.500677000 0 0
1484555842.513796000 0 0
1484555842.511750000 0 0
1484555842.521129000 0 0
1484555842.564844000 0 0
1484555842.606161000 0 0
1484555842.613199000 0 0
1484555842.616958000 0 0
1484555842.652022000 0 0
1484555843.004893000 0 0
1484555843.024240000 0 0
1484555843.055548000 0 0
1484555843.117843000 0 0
1484555843.166939000 0 0
1484555843.220993000 0 0
1484555843.388053000 0 0
1484555843.444434000 0 0
1484555843.453335000 0 18830
1484555844.551604000 0 0
1484555844.556847000 0 0
1484555843.408071000 18830 0
1484555843.425033000 0 0
1484555844.566137000 0 0
1484555844.631736000 0 0
1484555844.891891000 0 0
1484555844.984894000 0 0
1484555844.993500000 0 2
1484555845.011704000 0 0
1484555845.017955000 0 0
1484555843.034108000 2 0
1484555844.961931000 0 0
1484555845.026146000 0 0
1484555845.746220000 1310720 0
1484555846.061505000 0 0
1484555846.245305000 0 0
1484555846.636564000 0 53
1484555844.759656000 288 0
1484555846.653088000 0 0
1484555846.753199000 0 0
1484555846.774315000 0 0
1484555846.837128000 0 0
1484555846.865004000 0 0
1484555846.882402000 0 90
1484555846.887041000 0 0
1484555846.861841000 0 0
1484555846.834891000 0 0
1484555846.895301000 0 0
1484555846.984818000 0 0
1484555846.921387000 0 0
1484555847.017942000 0 0
1484555846.972167000 0 4096
1484555847.033191000 0 0
1484555846.963674000 0 0
1484555847.052061000 0 0
1484555847.107933000 0 0
1484555847.481497000 0 0
1484555848.637503000 0 0
1484555846.690338000 26001 0
1484555848.635999000 0 0
1484555848.657964000 0 0
1484555848.675796000 0 0
1484555848.673000000 0 0
1484555848.702088000 0 27577
1484555848.723068000 0 0
1484555839.571070000 1087 0
1484555839.608087000 0 0
1484555855.368232000 0 0
1484555857.625837000 0 3608
1484555857.712111000 0 0
1484555846.251821000 0 0
1484555859.133828000 0 0
1484555847.088613000 0 4096
1484555859.147604000 0 0
1484555859.161222000 0 0
1484555847.075657000 0 0
1484555859.175123000 0 0
1484555849.135211000 2670 0
1484555858.219224000 3071 0
1484555846.950225000 40960 0
1484555863.752531000 0 243575
1484555863.793034000 0 0
1484555863.807004000 0 0
1484555841.615863000 10 0
1484555841.633075000 10 0
1484555841.648000000 111 0
1484555841.732031000 208 0
1484555841.931473000 29104 0
1484555842.093217000 16384 0
1484555842.349777000 11652 0
1484555842.628759000 185 0
1484555843.188853000 11331 0
1484555843.241079000 237211 0
1484555844.750859000 116 0
1484555844.926369000 2374 0
1484555845.054486000 309 0
1484555845.066617000 4853 0
1484555846.486871000 9049 0
1484555846.774361000 1251 0
1484555846.801498000 35011 0
1484555845.125126000 25 0
1484555846.826591000 29 0
1484555876.237772000 0 0
1484555876.264992000 0 0
1484555876.272017000 0 29185
1484555876.305518000 0 0
1484555876.313546000 0 0
1484555876.320726000 0 0
1484555876.247794000 0 0
1484555876.326013000 0 0
1484555878.846117000 0 262409
1484555878.892939000 0 0
1484555878.910943000 0 0
1484555880.926225000 0 2374
1484555880.942755000 0 0
1484555892.520891000 0 3608
1484555892.556668000 0 0
1484555893.951419000 0 263671
1484555893.991787000 0 0
1484555894.006807000 0 0
1484555899.651302000 0 0
1484555899.670048000 0 0
1484555899.682388000 0 0
1484555899.694371000 0 0
1484555899.732973000 0 66
1484555899.716570000 66 0
1484555899.751583000 0 0
1484555902.812399000 0 0
1484555902.890471000 0 137
1484555902.903116000 0 0
1484555902.828658000 137 0
1484555902.901565000 0 0
1484555902.937471000 0 0
1484555902.949894000 0 0
1484555902.973456000 0 0
1484555902.984124000 0 13992
1484555903.003958000 0 0
1484555903.001777000 0 0
1484555903.050056000 0 0
1484555903.059937000 0 0
1484555903.082178000 0 0
1484555903.106226000 0 0
1484555903.156326000 0 0
1484555903.198773000 0 0
1484555903.223668000 0 0
1484555903.242105000 0 0
1484555903.270241000 0 0
1484555903.287180000 0 0
1484555903.304366000 0 0
1484555903.323777000 0 0
1484555903.340850000 0 0
1484555903.366168000 0 0
1484555903.375356000 0 0
1484555903.384513000 0 0
1484555903.393514000 0 0
1484555903.400068000 0 0
1484555903.416516000 0 0
1484555903.441290000 0 0
1484555903.453514000 0 0
1484555903.460100000 0 0
1484555903.469919000 0 0
1484555903.481288000 0 0
1484555903.489905000 0 0
1484555903.499954000 0 0
1484555903.519016000 0 0
1484555903.525428000 0 0
1484555903.544813000 0 0
1484555903.555315000 0 0
1484555903.564395000 0 0
1484555903.614254000 0 0
1484555903.654249000 0 0
1484555903.664403000 0 0
1484555903.673395000 0 0
1484555903.707917000 0 0
1484555903.715440000 0 0
1484555903.724506000 0 0
1484555903.733357000 0 0
1484555903.739926000 0 0
1484555903.756507000 0 0
1484555903.780244000 0 0
1484555903.789941000 0 0
1484555903.800000000 0 0
1484555903.809940000 0 0
1484555903.816389000 0 0
1484555903.826430000 0 0
1484555903.835451000 0 0
1484555903.856045000 0 0
1484555903.865447000 0 0
1484555903.874488000 0 0
1484555903.884449000 0 0
1484555903.893613000 0 0
1484555903.900023000 0 0
1484555903.919365000 0 0
1484555903.929901000 0 0
1484555903.966835000 0 0
1484555903.975504000 0 0
1484555903.985407000 0 0
1484555903.994480000 0 0
1484555904.003361000 0 0
1484555904.010000000 0 0
1484555904.016392000 0 0
1484555904.025401000 0 0
1484555904.034526000 0 0
1484555904.043361000 0 0
1484555904.066894000 0 0
1484555904.075414000 0 0
1484555904.084536000 0 0
1484555904.095828000 0 0
1484555904.144145000 0 0
1484555904.154418000 0 0
1484555904.164453000 0 0
1484555904.172341000 0 0
1484555904.182422000 0 0
1484555904.190117000 0 0
1484555904.196364000 0 0
1484555904.205376000 0 0
1484555904.215030000 0 0
1484555904.224340000 0 0
1484555904.240609000 0 0
1484555904.246330000 0 0
1484555904.255351000 0 0
1484555904.271394000 0 0
1484555904.280391000 0 0
1484555904.286316000 0 0
1484555904.295337000 0 0
1484555904.313147000 0 0
1484555904.337092000 0 0
1484555904.345404000 0 0
1484555904.359466000 0 0
1484555904.371469000 0 0
1484555904.380107000 0 0
1484555904.395658000 0 0
1484555904.404371000 0 0
1484555904.413371000 0 0
1484555904.419945000 0 0
1484555904.426339000 0 0
1484555904.436349000 0 0
1484555904.453330000 0 0
1484555909.046919000 0 264735
1484555909.091987000 0 0
1484555909.109966000 0 0
1484555924.145788000 0 264815
1484555924.193757000 0 0
1484555924.191375000 0 0
1484555924.209926000 0 0
1484555924.206337000 0 0
1484555903.037583000 51 0
1484555939.253890000 0 264927
1484555939.298462000 0 0
1484555939.294288000 0 0
1484555939.318415000 0 0
1484555939.314206000 0 0
1484555954.354539000 0 267241
1484555954.401462000 0 0
1484555954.400057000 0 0
1484555954.418001000 0 0
1484555954.414103000 0 0
1484555969.469302000 0 269485
1484555969.511318000 0 0
1484555969.509894000 0 0
1484555969.527570000 0 0
1484555969.523945000 0 0
1484555984.573820000 0 271778
1484555984.622194000 0 0
1484555984.620433000 0 0
1484555984.643191000 0 0
1484555984.641979000 0 0
1484555999.687608000 0 273031
1484555999.730030000 0 0
1484555999.728636000 0 0
1484555999.748036000 0 0
1484555999.743606000 0 0
1484556014.791649000 0 273031
1484556014.836198000 0 0
1484556014.831550000 0 0
1484556014.852886000 0 0
1484556014.851516000 0 0
1484556029.892171000 0 273031
1484556029.935756000 0 0
1484556029.932414000 0 0
1484556029.956013000 0 0
1484556029.951623000 0 0
1484556060.038940000 0 273031
1484556060.084846000 0 0
1484556060.080075000 0 0
1484556060.101458000 0 0
1484556060.100194000 0 0
1484556075.145587000 0 276145
1484556075.189321000 0 0
1484556075.186953000 0 0
1484556075.206320000 0 0
1484556075.201936000 0 0
1484556079.752328000 0 5672
1484556079.786962000 0 0
1484556090.245041000 0 276647
1484556090.287169000 0 0
1484556090.285889000 0 0
1484556090.306175000 0 0
1484556090.304555000 0 0
1484556105.346183000 0 278880
1484556105.393536000 0 0
1484556105.388617000 0 0
1484556105.410026000 0 0
1484556105.407599000 0 0
1484556147.373517000 0 11652
1484556211.091049000 0 0
1484556211.115933000 0 0
1484556211.124299000 0 28904
1484556211.170798000 0 0
1484556211.177661000 0 0
1484556211.184388000 0 0
1484556211.096595000 0 0
1484556211.192670000 0 0
1484556211.250671000 0 0
1484556211.255438000 0 0
1484556211.260849000 0 0
1484556211.266305000 0 0
1484556211.280793000 0 0
1484556211.286315000 0 0
1484556211.304407000 0 0
1484556211.294442000 0 0
1484556211.276350000 0 0
1484556211.322308000 0 0
1484556211.323353000 0 0
1484556211.529865000 0 0
1484556211.534485000 0 0
1484556211.545500000 0 0
1484556211.543519000 0 0
1484556211.563365000 0 0
1484556211.567491000 0 0
1484556211.604620000 0 0
1484556211.617430000 0 0
1484556211.593510000 0 0
1484556211.627455000 0 0
1484556211.634773000 0 0
1484556211.642609000 0 0
1484556211.680829000 0 0
1484556211.640809000 0 0
1484556211.725539000 0 0
1484556211.751972000 0 0
1484556211.762424000 0 0
1484556211.666794000 0 4096
1484556211.771459000 0 0
1484556211.772847000 0 0
1484556211.658389000 0 0
1484556211.784477000 0 0
1484556211.785293000 0 0
1484556211.758302000 0 0
1484556211.791598000 0 0
1484556211.793558000 0 0
1484556211.804668000 0 0
1484556211.817420000 0 0
1484556211.820951000 0 0
1484556211.741553000 0 4096
1484556211.816366000 0 0
1484556211.832595000 0 0
1484556211.727492000 0 0
1484556211.852157000 0 0
1484556211.857647000 0 0
1484556211.870732000 0 0
1484556211.879376000 0 0
1484556211.891308000 0 0
1484556211.886363000 0 0
1484556211.905429000 0 0
1484556211.857845000 0 4096
1484556211.907388000 0 0
1484556211.914379000 0 0
1484556211.917604000 0 0
1484556211.925101000 0 0
1484556211.825486000 0 0
1484556211.920770000 0 0
1484556211.936613000 0 0
1484556211.950771000 0 0
1484556211.957961000 0 0
1484556211.965323000 0 0
1484556211.975425000 0 0
1484556211.982375000 0 0
1484556211.934589000 0 4096
1484556211.973372000 0 0
1484556211.405390000 0 0
1484556211.997592000 0 0
1484556212.003328000 0 0
1484556211.897397000 0 0
1484556212.015473000 0 0
1484556212.017622000 0 0
1484556212.040141000 0 0
1484556212.041330000 0 0
1484556212.043508000 0 0
1484556211.751976000 0 4096
1484556212.053606000 0 0
1484556211.742655000 0 0
1484556212.063286000 0 0
1484556212.067676000 0 0
1484556212.073408000 0 0
1484556212.010946000 0 0
1484556212.085364000 0 0
1484556212.016103000 0 4096
1484556212.102658000 0 0
1484556211.988021000 0 0
1484556212.120994000 0 0
1484556212.146302000 0 0
1484556212.146451000 0 0
1484556212.151518000 0 0
1484556212.184094000 0 0
1484556212.116771000 0 4096
1484556212.202594000 0 0
1484556212.108087000 0 0
1484556212.217368000 0 0
1484556212.136206000 0 4096
1484556212.221709000 0 0
1484556212.233569000 0 0
1484556212.118032000 0 0
1484556212.255647000 0 0
1484556212.317450000 0 0
1484556212.126703000 0 4096
1484556212.331844000 0 0
1484556212.081393000 0 0
1484556212.346618000 0 0
1484556223.347277000 0 0
1484556211.292914000 0 4096
1484556223.362473000 0 0
1484556223.372286000 0 0
1484556211.284165000 0 0
1484556223.384484000 0 0
1484556211.304488000 29 0
1484556211.554846000 70 0
1484556211.613559000 46 0
1484556211.703163000 52 0
1484556211.784699000 46 0
1484556211.647489000 45056 0
1484556211.830115000 46 0
1484556211.715328000 45056 0
1484556211.898567000 51 0
1484556211.935704000 57 0
1484556211.815106000 45056 0
1484556211.991847000 53 0
1484556211.883684000 45056 0
1484556211.694715000 524288 0
1484556211.979271000 45056 0
1484556212.099460000 45056 0
1484556212.109489000 45056 0
1484556212.071002000 618496 0
1484556211.265960000 45056 0
1484556249.802763000 0 280051
1484556249.849275000 0 0
1484556249.845367000 0 0
1484556249.869338000 0 0
1484556249.865380000 0 0
1484556264.909966000 0 284636
1484556264.953557000 0 0
1484556264.951132000 0 0
1484556264.970559000 0 0
1484556264.966134000 0 0
1484556280.029265000 0 287016
1484556280.074396000 0 0
1484556280.072046000 0 0
1484556280.092388000 0 0
1484556280.091097000 0 0
1484556295.039024000 0 288806
1484556295.082244000 0 0
1484556295.079907000 0 0
1484556295.099242000 0 0
1484556295.094871000 0 0
1484556322.950626000 0 0
1484556322.957388000 0 0
1484556322.967405000 0 0
1484556322.978534000 0 0
1484556323.209786000 0 4853
1484556323.222945000 0 0
1484556331.338860000 0 288834
1484556331.383894000 0 0
1484556331.381517000 0 0
1484556331.403894000 0 0
1484556331.402485000 0 0
1484556346.452207000 0 292379
1484556346.500755000 0 0
1484556346.498398000 0 0
1484556346.519764000 0 0
1484556346.517015000 0 0
1484556323.062958000 20591 0
1484556361.564048000 0 294784
1484556361.610637000 0 0
1484556361.608196000 0 0
1484556361.627635000 0 0
1484556361.623286000 0 0
1484556376.677022000 0 294784
1484556376.725707000 0 0
1484556376.721387000 0 0
1484556376.748519000 0 0
1484556376.746309000 0 0
1484556391.805986000 0 299296
1484556391.849330000 0 0
1484556391.846987000 0 0
1484556391.867355000 0 0
1484556391.861891000 0 0
1484556406.969371000 0 300604
1484556407.018189000 0 0
1484556407.016844000 0 0
1484556407.039225000 0 0
1484556407.031848000 0 0
1484556422.085582000 0 301351
1484556422.131047000 0 0
1484556422.128710000 0 0
1484556422.150089000 0 0
1484556422.147662000 0 0
1484556437.191134000 0 301379
1484556437.237904000 0 0
1484556437.235544000 0 0
1484556437.255955000 0 0
1484556437.254722000 0 0
1484556452.298903000 0 301379
1484556452.347765000 0 0
1484556452.345586000 0 0
1484556452.363328000 0 0
1484556452.359437000 0 0
1484556467.405969000 0 301379
1484556467.452968000 0 0
1484556467.449260000 0 0
1484556467.469661000 0 0
1484556467.468273000 0 0
1484556482.513290000 0 301353
1484556482.556485000 0 0
1484556482.554094000 0 0
1484556482.572394000 0 0
1484556482.569088000 0 0
1484556497.617313000 0 301381
1484556497.665478000 0 0
1484556497.664047000 0 0
1484556497.685364000 0 0
1484556497.682730000 0 0
1484556503.060212000 0 15763
1484556503.078292000 0 0
1484556503.075893000 0 0
1484556512.728135000 0 301381
1484556512.776208000 0 0
1484556512.773810000 0 0
1484556512.793214000 0 0
1484556512.788757000 0 0
1484556527.837396000 0 301381
1484556527.886080000 0 0
1484556527.883689000 0 0
1484556527.903307000 0 0
1484556527.901824000 0 0
1484556542.944111000 0 301381
1484556542.990647000 0 0
1484556542.986527000 0 0
1484556543.011932000 0 0
1484556543.006775000 0 0
1484556558.055985000 0 301381
1484556558.104780000 0 0
1484556558.102550000 0 0
1484556558.123789000 0 0
1484556558.121051000 0 0
1484556564.041848000 0 1251
1484556564.056722000 0 0
1484556564.055299000 0 0
1484556573.171403000 0 301382
1484556573.219940000 0 0
1484556573.216384000 0 0
1484556573.239826000 0 0
1484556573.236459000 0 0
1484556583.940565000 0 11652
1484556588.285892000 0 301382
1484556588.334503000 0 0
1484556588.333150000 0 0
1484556588.355500000 0 0
1484556588.354107000 0 0
1484556603.400466000 0 301382
1484556603.449000000 0 0
1484556603.445093000 0 0
1484556603.468932000 0 0
1484556603.463920000 0 0
1484556618.510555000 0 301813
1484556618.555296000 0 0
1484556618.552833000 0 0
1484556618.574220000 0 0
1484556618.572841000 0 0
1484556633.619262000 0 301763
1484556633.668012000 0 0
1484556633.663685000 0 0
1484556633.687999000 0 0
1484556633.683715000 0 0
1484556648.738569000 0 300649
1484556648.783939000 0 0
1484556648.781592000 0 0
1484556648.803937000 0 0
1484556648.802522000 0 0
1484556662.603566000 0 5672
1484556662.629393000 0 0
1484556663.878862000 0 300782
1484556663.927238000 0 0
1484556663.922422000 0 0
1484556663.957192000 0 0
1484556663.953533000 0 0
1484556667.721049000 0 0
1484556667.733110000 0 0
1484556679.053909000 0 301902
1484556679.110698000 0 0
1484556679.109445000 0 0
1484556679.133710000 0 0
1484556679.127553000 0 0
1484556684.649625000 0 237378
1484556684.689606000 0 0
1484556684.688244000 0 0
1484556694.217317000 0 316744
1484556694.267535000 0 0
1484556694.263170000 0 0
1484556694.289523000 0 0
1484556694.286910000 0 0
1484556709.341560000 0 323996
1484556709.390381000 0 0
1484556709.388117000 0 0
1484556709.408389000 0 0
1484556709.406514000 0 0
1484556724.461164000 0 327650
1484556724.509240000 0 0
1484556724.507849000 0 0
1484556724.525431000 0 0
1484556724.521823000 0 0
1484556739.576087000 0 327652
1484556739.628137000 0 0
1484556739.626786000 0 0
1484556739.646112000 0 0
1484556739.641692000 0 0
1484556754.699985000 0 335221
1484556754.747962000 0 0
1484556754.746571000 0 0
1484556754.765977000 0 0
1484556754.761564000 0 0
1484556769.819865000 0 334935
1484556769.867844000 0 0
1484556769.866465000 0 0
1484556769.885837000 0 0
1484556769.880728000 0 0
1484556784.944790000 0 334935
1484556784.997685000 0 0
1484556784.995436000 0 0
1484556785.015790000 0 0
1484556785.010392000 0 0
1484556816.010143000 0 335225
1484556816.062691000 0 0
1484556816.058303000 0 0
1484556816.077415000 0 0
1484556816.076026000 0 0
1484556876.152933000 0 335225
1484556876.205844000 0 0
1484556876.203453000 0 0
1484556876.231066000 0 0
1484556876.227695000 0 0
1484556933.630458000 0 11652
1484556936.271425000 0 335225
1484556936.323299000 0 0
1484556936.321126000 0 0
1484556936.340306000 0 0
1484556936.335950000 0 0
1484556952.424361000 0 335644
1484556952.473182000 0 0
1484556952.470924000 0 0
1484556952.490170000 0 0
1484556952.485926000 0 0
1484556967.539304000 0 337598
1484556967.590014000 0 0
1484556967.585876000 0 0
1484556967.610012000 0 0
1484556967.605806000 0 0
1484556982.661203000 0 499906
1484556982.750035000 0 0
1484556982.721562000 0 0
1484556982.777816000 0 0
1484556982.764572000 0 0
1484556997.848477000 0 105584
1484556997.880732000 0 0
1484556997.879491000 0 0
1484556997.900735000 0 0
1484556997.898010000 0 0
1484557012.948078000 0 105884
1484557012.978603000 0 0
1484557012.974246000 0 0
1484557013.000597000 0 0
1484557012.997585000 0 0
1484557046.932386000 0 106316
1484557046.966085000 0 0
1484557046.961927000 0 0
1484557046.986011000 0 0
1484557046.981864000 0 0
1484557062.031359000 0 106344
1484557062.065537000 0 0
1484557062.061299000 0 0
1484557062.089150000 0 0
1484557062.086531000 0 0
1484557077.133121000 0 106523
1484557077.167018000 0 0
1484557077.162968000 0 0
1484557077.185141000 0 0
1484557077.181812000 0 0
1484557103.242015000 0 16103
1484557103.298801000 0 0
1484557103.284998000 0 0
1484557106.095393000 0 106316
1484557106.128744000 0 0
1484557106.126427000 0 0
1484557106.145754000 0 0
1484557106.141406000 0 0
1484557121.190029000 0 105912
1484557121.218608000 0 0
1484557121.216239000 0 0
1484557121.233815000 0 0
1484557121.230207000 0 0
1484557136.274398000 0 106091
1484557136.308470000 0 0
1484557136.306256000 0 0
1484557136.328469000 0 0
1484557136.326168000 0 0
1484557151.375297000 0 106230
1484557151.406338000 0 0
1484557151.404948000 0 0
1484557151.422923000 0 0
1484557151.419011000 0 0
1484557211.047264000 0 106547
1484557211.074791000 0 0
1484557211.073415000 0 0
1484557211.092835000 0 0
1484557211.087666000 0 0
1484557224.623650000 0 3608
1484557224.645255000 0 0
1484557226.146605000 0 700952
1484557226.262653000 0 0
1484557226.258449000 0 0
1484557226.282789000 0 0
1484557226.278258000 0 0
1484557241.321210000 0 123749
1484557241.355580000 0 0
1484557241.353269000 0 0
1484557241.373515000 0 0
1484557241.372142000 0 0
1484557259.144582000 0 11652
1484557263.387530000 0 124035
1484557263.423354000 0 0
1484557263.422042000 0 0
1484557263.443322000 0 0
1484557263.440487000 0 0
1484557278.494669000 0 139939
1484557278.529230000 0 0
1484557278.524981000 0 0
1484557278.549215000 0 0
1484557278.545195000 0 0
1484557293.599851000 0 792774
1484557293.688752000 0 0
1484557293.684679000 0 0
1484557293.708779000 0 0
1484557293.704796000 0 0
1484557308.749543000 0 108931
1484557308.782923000 0 0
1484557308.780603000 0 0
1484557308.801912000 0 0
1484557308.798938000 0 0
1484557323.850813000 0 108931
1484557323.882813000 0 0
1484557323.880457000 0 0
1484557323.899771000 0 0
1484557323.895485000 0 0
1484557349.591901000 0 3608
1484557349.620187000 0 0
1484557352.730645000 0 993359
1484557352.837129000 0 0
1484557352.833254000 0 0
1484557352.857166000 0 0
1484557352.853183000 0 0
1484557367.899470000 0 110393
1484557367.936723000 0 0
1484557367.933131000 0 0
1484557367.956734000 0 0
1484557367.953012000 0 0
1484557383.007018000 0 111165
1484557383.040256000 0 0
1484557383.037987000 0 0
1484557383.059242000 0 0
1484557383.056734000 0 0
1484557386.247044000 0 5672
1484557386.278930000 0 0
1484557398.111272000 0 114147
1484557398.140114000 0 0
1484557398.137863000 0 0
1484557398.159130000 0 0
1484557398.156534000 0 0
1484557413.199965000 0 114175
1484557413.228976000 0 0
1484557413.227613000 0 0
1484557413.245329000 0 0
1484557413.241536000 0 0
1484557428.292061000 0 114176
1484557428.324879000 0 0
1484557428.321510000 0 0
1484557428.340820000 0 0
1484557428.339432000 0 0
1484557443.385302000 0 114973
1484557443.418697000 0 0
1484557443.416349000 0 0
1484557443.435690000 0 0
1484557443.431243000 0 0
1484557463.426763000 0 115002
1484557463.458528000 0 0
1484557463.456156000 0 0
1484557463.473899000 0 0
1484557463.470081000 0 0
1484557478.784456000 0 115561
1484557478.990550000 0 0
1484557478.838979000 0 0
1484557479.035367000 0 0
1484557479.029000000 0 0
1484557498.235205000 0 118276
1484557498.267205000 0 0
1484557498.264803000 0 0
1484557498.286228000 0 0
1484557498.283411000 0 0
1484557513.333522000 0 118849
1484557513.368110000 0 0
1484557513.364958000 0 0
1484557513.392462000 0 0
1484557513.387801000 0 0
1484557528.344053000 0 118849
1484557528.376922000 0 0
1484557528.374540000 0 0
1484557528.391974000 0 0
1484557528.388643000 0 0
1484557532.257174000 0 0
1484557532.268163000 0 0
1484557543.488743000 0 119000
1484557543.536796000 0 0
1484557543.532127000 0 0
1484557543.557789000 0 0
1484557543.554450000 0 0
1484557558.508576000 0 120340
1484557558.537646000 0 0
1484557558.535223000 0 0
1484557558.557650000 0 0
1484557558.555083000 0 0
1484557560.514812000 0 11652
1484557573.611870000 0 127863
1484557573.650779000 0 0
1484557573.645262000 0 0
1484557573.673567000 0 0
1484557573.667381000 0 0
1484557588.741300000 0 131857
1484557588.776410000 0 0
1484557588.772068000 0 0
1484557588.801394000 0 0
1484557588.796307000 0 0
1484557603.853805000 0 132106
1484557603.884236000 0 0
1484557603.882895000 0 0
1484557603.903250000 0 0
1484557603.900324000 0 0
1484557641.755732000 0 134185
1484557641.793894000 0 0
1484557641.791547000 0 0
1484557641.813906000 0 0
1484557641.810796000 0 0
1484557656.879212000 0 133197
1484557656.912761000 0 0
1484557656.910419000 0 0
1484557656.928252000 0 0
1484557656.924334000 0 0
1484557671.974219000 0 137929
1484557672.004624000 0 0
1484557672.002250000 0 0
1484557672.021621000 0 0
1484557672.020253000 0 0
1484557687.072625000 0 140734
1484557687.107328000 0 0
1484557687.102107000 0 0
1484557687.127423000 0 0
1484557687.123062000 0 0
1484557702.178234000 0 143374
1484557702.212349000 0 0
1484557702.209498000 0 0
1484557702.230351000 0 0
1484557702.228951000 0 0
1484557703.237758000 0 16298
1484557703.260344000 0 0
1484557703.257546000 0 0
1484557717.284364000 0 145869
1484557717.321212000 0 0
1484557717.318947000 0 0
1484557717.340256000 0 0
1484557717.337387000 0 0
1484557732.389110000 0 146839
1484557732.421076000 0 0
1484557732.419924000 0 0
1484557732.452074000 0 0
1484557732.450786000 0 0
1484557747.608742000 0 147382
1484557747.646968000 0 0
1484557747.639782000 0 0
1484557747.668945000 0 0
1484557747.666642000 0 0
1484557762.726190000 0 151168
1484557762.758988000 0 0
1484557762.757400000 0 0
1484557762.776812000 0 0
1484557762.772410000 0 0
1484557777.829676000 0 152011
1484557777.864808000 0 0
1484557777.860286000 0 0
1484557777.880663000 0 0
1484557777.879233000 0 0
1484557792.956493000 0 156129
1484557793.004384000 0 0
1484557792.995038000 0 0
1484557793.026541000 0 0
1484557793.025114000 0 0
1484557808.085036000 0 162275
1484557808.117390000 0 0
1484557808.116060000 0 0
1484557808.135404000 0 0
1484557808.131054000 0 0
1484557880.728717000 0 11652
1484557887.452695000 0 164462
1484557887.487706000 0 0
1484557887.485339000 0 0
1484557887.512688000 0 0
1484557887.508335000 0 0
1484557902.564517000 0 164586
1484557902.601146000 0 0
1484557902.596192000 0 0
1484557902.617552000 0 0
1484557902.616151000 0 0
1484558003.249797000 0 16298
1484558003.274648000 0 0
1484558003.269102000 0 0
1484558371.787922000 0 0
1484558371.799845000 0 0
1484558371.824492000 0 0
1484558371.833317000 0 0
1484558371.840940000 0 0
1484558371.848426000 0 0
1484558371.854300000 0 0
1484558371.862255000 0 0
1484558371.868921000 0 0
1484558371.874264000 0 0
1484558371.882902000 0 0
1484558371.890055000 0 0
1484558371.894035000 0 0
1484558371.900798000 0 0
1484558371.905241000 0 0
1484558371.910995000 0 0
1484558371.794227000 0 0
1484558371.922943000 0 0
1484558707.365420000 0 16298
1484558707.383277000 0 0
1484558707.380876000 0 0
1484558713.538730000 0 165620
1484558713.573397000 0 0
1484558713.570251000 0 0
1484558713.591261000 0 0
1484558713.589819000 0 0
1484558728.643238000 0 166265
1484558728.682091000 0 0
1484558728.679754000 0 0
1484558728.701118000 0 0
1484558728.697803000 0 0
1484559007.383822000 0 16298
1484559007.403596000 0 0
1484559007.401414000 0 0
1484559015.510036000 0 11652
1484560794.800945000 0 16298
1484560794.821858000 0 0
1484560794.819530000 0 0
1484560859.587517000 0 167529
1484560859.622306000 0 0
1484560859.621029000 0 0
1484560859.641286000 0 0
1484560859.639933000 0 0
1484560874.777382000 0 167607
1484560874.811181000 0 0
1484560874.808825000 0 0
1484560874.831189000 0 0
1484560874.829713000 0 0
1484561094.815854000 0 16298
1484561094.832240000 0 0
1484561094.830837000 0 0
1484561158.648319000 0 11652
1484561673.335462000 0 0
1484561673.447605000 0 0
1484561673.456407000 0 0
1484561673.469488000 0 0
1484561673.485860000 0 0
1484561673.495486000 0 0
1484561673.543485000 0 16298
1484561673.559221000 0 0
1484561673.556815000 0 0
1484561673.604588000 0 0
1484561673.612776000 0 0
1484561673.624623000 0 0
1484561673.635564000 0 0
1484561677.060272000 0 168591
1484561677.096272000 0 0
1484561677.094168000 0 0
1484561677.115195000 0 0
1484561677.113028000 0 0
1484561678.506373000 0 0
1484561678.512477000 0 0
1484561684.057118000 0 3608
1484561684.132804000 0 0
1484561673.345653000 1087 0
1484561673.364536000 0 0
1484561673.397558000 0 0
1484561692.183984000 0 390432
1484561692.236082000 0 0
1484561692.234684000 0 0
1484561692.255063000 0 0
1484561692.253661000 0 0
1484561673.480340000 282 0
1484561673.630675000 10 0
1484561673.641818000 10 0
1484561955.256918000 0 581355
1484561955.327777000 0 0
1484561955.326382000 0 0
1484561955.345792000 0 0
1484561955.341438000 0 0
1484561970.405073000 0 171016
1484561970.438650000 0 0
1484561970.437315000 0 0
1484561970.455659000 0 0
1484561970.451341000 0 0
1484561973.549723000 0 16300
1484561973.568620000 0 0
1484561973.566270000 0 0
1484561974.431756000 0 11652
1484561985.547634000 0 172047
1484561985.613419000 0 0
1484561985.607331000 0 0
1484561985.697558000 0 0
1484561985.684312000 0 0
1484562000.764101000 0 172047
1484562000.798405000 0 0
1484562000.795992000 0 0
1484562000.817540000 0 0
1484562000.815185000 0 0
1484562171.382759000 0 132316
1484562171.411899000 0 0
1484562171.410575000 0 0
1484562171.428043000 0 0
1484562171.424488000 0 0
1484562273.566377000 0 16300
1484562273.585132000 0 0
1484562273.580659000 0 0
1484562282.856073000 0 11652
1484563355.717995000 0 0
1484563355.730003000 0 0
1484565588.872406000 0 16300
1484565588.892308000 0 0
1484565588.890834000 0 0
1484565590.575691000 0 0
1484565590.704995000 0 0
1484565590.714673000 0 0
1484565590.731722000 0 0
1484565590.752707000 0 0
1484565590.763684000 0 0
1484565591.413779000 0 0
1484565591.423746000 0 0
1484565591.440406000 0 0
1484565591.453732000 0 0
1484565594.837304000 0 133300
1484565594.873241000 0 0
1484565594.871925000 0 0
1484565594.891423000 0 0
1484565594.886818000 0 0
1484565595.774629000 0 0
1484565595.781691000 0 0
1484565596.403535000 0 3608
1484565596.433953000 0 0
1484565590.590028000 1087 0
1484565590.606692000 0 0
1484565590.640567000 0 0
1484565609.960551000 0 136086
1484565609.993112000 0 0
1484565609.991761000 0 0
1484565610.009516000 0 0
1484565610.005779000 0 0
1484565590.745186000 282 0
1484565591.447797000 10 0
1484565591.462552000 10 0
1484565625.063475000 0 135520
1484565625.094012000 0 0
1484565625.091921000 0 0
1484565625.110993000 0 0
1484565625.109794000 0 0
1484565640.163026000 0 135972
1484565640.194845000 0 0
1484565640.192621000 0 0
1484565640.218716000 0 0
1484565640.214490000 0 0
1484565655.272961000 0 136000
1484565655.303733000 0 0
1484565655.302388000 0 0
1484565655.323751000 0 0
1484565655.322407000 0 0
1484565670.404657000 0 136792
1484565670.457777000 0 0
1484565670.453228000 0 0
1484565670.477761000 0 0
1484565670.474279000 0 0
1484565685.549646000 0 136804
1484565685.591452000 0 0
1484565685.590154000 0 0
1484565685.611451000 0 0
1484565685.610267000 0 0
1484565888.877841000 0 16303
1484565888.896710000 0 0
1484565888.894344000 0 0
1484565892.102568000 0 11652
1484565920.297499000 0 137284
1484565920.335416000 0 0
1484565920.333005000 0 0
1484565920.353422000 0 0
1484565920.351187000 0 0
1484565934.514432000 0 2374
1484565934.536308000 0 0
1484565934.533193000 0 0
1484565935.321267000 0 137296
1484565935.354297000 0 0
1484565935.351955000 0 0
1484565935.372356000 0 0
1484565935.370911000 0 0
1484566008.583932000 0 137284
1484566008.618073000 0 0
1484566008.614400000 0 0
1484566008.638144000 0 0
1484566008.634425000 0 0
1484566023.698692000 0 136928
1484566023.734530000 0 0
1484566023.732283000 0 0
1484566023.760546000 0 0
1484566023.759324000 0 0
1484566030.734690000 0 2374
1484566030.760485000 0 0
1484566030.751233000 0 0
1484566163.554826000 0 136943
1484566163.588329000 0 0
1484566163.586123000 0 0
1484566163.608343000 0 0
1484566163.606138000 0 0
1484566178.696144000 0 136943
1484566178.730179000 0 0
1484566178.727791000 0 0
1484566178.753195000 0 0
1484566178.748780000 0 0
1484566186.736254000 0 2374
1484566186.757130000 0 0
1484566186.754923000 0 0
1484566188.883938000 0 16304
1484566188.905098000 0 0
1484566188.903502000 0 0
1484566217.480406000 0 11652
1484566343.369634000 0 136958
1484566343.401791000 0 0
1484566343.400378000 0 0
1484566343.419763000 0 0
1484566343.415404000 0 0
1484566358.469605000 0 136959
1484566358.501663000 0 0
1484566358.500281000 0 0
1484566358.518016000 0 0
1484566358.514186000 0 0
1484566367.538936000 0 2374
1484566367.553544000 0 0
1484566367.552355000 0 0
1484566373.569759000 0 136960
1484566373.602495000 0 0
1484566373.601242000 0 0
1484566373.620535000 0 0
1484566373.618142000 0 0
1484566388.688497000 0 136960
1484566388.721376000 0 0
1484566388.719077000 0 0
1484566388.740406000 0 0
1484566388.737860000 0 0
1484566409.868103000 0 136937
1484566409.930195000 0 0
1484566409.927288000 0 0
1484566409.991212000 0 0
1484566409.971775000 0 0
1484566425.188007000 0 136937
1484566425.221055000 0 0
1484566425.218675000 0 0
1484566425.239078000 0 0
1484566425.236682000 0 0
1484566524.268484000 0 136965
1484566524.300203000 0 0
1484566524.295891000 0 0
1484566524.319224000 0 0
1484566524.317820000 0 0
1484566539.359297000 0 136965
1484566539.396077000 0 0
1484566539.394817000 0 0
1484566539.416084000 0 0
1484566539.413493000 0 0
1484566554.474873000 0 136966
1484566554.506963000 0 0
1484566554.504569000 0 0
1484566554.523986000 0 0
1484566554.519518000 0 0
1484566569.583127000 0 136966
1484566569.616811000 0 0
1484566569.614516000 0 0
1484566569.633843000 0 0
1484566569.629432000 0 0
1484566584.718914000 0 137435
1484566584.783833000 0 0
1484566584.758300000 0 0
1484566584.886681000 0 0
1484566584.884420000 0 0
1484566640.961479000 0 11652
1484566651.204401000 0 137463
1484566651.239662000 0 0
1484566651.234772000 0 0
1484566651.259670000 0 0
1484566651.255704000 0 0
1484566666.322134000 0 137464
1484566666.352981000 0 0
1484566666.351726000 0 0
1484566666.372990000 0 0
1484566666.369911000 0 0
1484566681.420112000 0 137435
1484566681.454854000 0 0
1484566681.452478000 0 0
1484566681.475855000 0 0
1484566681.473507000 0 0
1484566758.638815000 0 138017
1484566758.673196000 0 0
1484566758.670825000 0 0
1484566758.700224000 0 0
1484566758.697223000 0 0
1484566773.753853000 0 138045
1484566773.791089000 0 0
1484566773.788817000 0 0
1484566773.811088000 0 0
1484566773.808770000 0 0
1484566788.856846000 0 138017
1484566788.896965000 0 0
1484566788.898002000 0 16304
1484566788.890582000 0 0
1484566788.918933000 0 0
1484566788.918981000 0 0
1484566788.916309000 0 0
1484566788.917608000 0 0
1484567028.945417000 0 138595
1484567028.984892000 0 0
1484567028.982498000 0 0
1484567029.008921000 0 0
1484567029.004457000 0 0
1484567044.009527000 0 138607
1484567044.058502000 0 0
1484567044.054343000 0 0
1484567044.112813000 0 0
1484567044.100428000 0 0
1484567054.979539000 0 11652
1484567088.898409000 0 16304
1484567088.919392000 0 0
1484567088.917807000 0 0
1484567268.607204000 0 138623
1484567268.646890000 0 0
1484567268.636749000 0 0
1484567268.672043000 0 0
1484567268.667601000 0 0
1484567276.393176000 0 3608
1484567276.425545000 0 0
1484567283.562770000 0 765872
1484567283.647758000 0 0
1484567283.645393000 0 0
1484567283.671691000 0 0
1484567283.667357000 0 0
1484567291.212991000 0 2374
1484567291.242786000 0 0
1484567291.238467000 0 0
1484567298.733784000 0 139749
1484567298.764607000 0 0
1484567298.763347000 0 0
1484567298.781214000 0 0
1484567298.777221000 0 0
1484567322.594570000 0 140055
1484567322.626424000 0 0
1484567322.625149000 0 0
1484567322.645406000 0 0
1484567322.643404000 0 0
1484567335.252417000 0 3608
1484567335.280758000 0 0
1484567338.401197000 0 1159457
1484567338.525322000 0 0
1484567338.522956000 0 0
1484567338.551302000 0 0
1484567338.546921000 0 0
1484567353.611156000 0 142446
1484567353.651176000 0 0
1484567353.644821000 0 0
1484567353.674155000 0 0
1484567353.671795000 0 0
1484567368.861663000 0 143857
1484567368.921046000 0 0
1484567368.899834000 0 0
1484567369.012029000 0 0
1484567368.964659000 0 0
1484567383.873272000 0 144072
1484567383.904892000 0 0
1484567383.903478000 0 0
1484567383.930994000 0 0
1484567383.929326000 0 0
1484567398.990910000 0 145363
1484567399.038383000 0 0
1484567399.021392000 0 0
1484567399.058361000 0 0
1484567399.054467000 0 0
1484567414.124129000 0 145365
1484567414.157948000 0 0
1484567414.154471000 0 0
1484567414.177922000 0 0
1484567414.173634000 0 0
1484567429.238660000 0 145365
1484567429.271507000 0 0
1484567429.269140000 0 0
1484567429.289517000 0 0
1484567429.285183000 0 0
1484567444.352489000 0 146463
1484567444.387078000 0 0
1484567444.383110000 0 0
1484567444.407071000 0 0
1484567444.403022000 0 0
1484567459.450772000 0 146505
1484567459.483256000 0 0
1484567459.480863000 0 0
1484567459.500253000 0 0
1484567459.498868000 0 0
1484567474.551352000 0 146438
1484567474.583147000 0 0
1484567474.581901000 0 0
1484567474.603126000 0 0
1484567474.600887000 0 0
1484567489.652493000 0 146438
1484567489.690027000 0 0
1484567489.687654000 0 0
1484567489.709049000 0 0
1484567489.706243000 0 0
1484567507.476346000 0 11652
1484567507.701940000 0 146438
1484567507.739893000 0 0
1484567507.737481000 0 0
1484567507.758927000 0 0
1484567507.757484000 0 0
1484567522.812140000 0 146421
1484567522.849727000 0 0
1484567522.847382000 0 0
1484567522.867852000 0 0
1484567522.865402000 0 0
1484567537.941904000 0 148947
1484567538.044356000 0 0
1484567537.985219000 0 0
1484567538.066612000 0 0
1484567538.061191000 0 0
1484567553.117794000 0 148947
1484567553.148488000 0 0
1484567553.147157000 0 0
1484567553.165473000 0 0
1484567553.161071000 0 0
1484567568.207508000 0 148031
1484567568.267376000 0 0
1484567568.250013000 0 0
1484567568.303573000 0 0
1484567568.290946000 0 0
1484567583.429160000 0 148225
1484567583.467254000 0 0
1484567583.464822000 0 0
1484567583.485313000 0 0
1484567583.483673000 0 0
1484567624.478000000 0 149717
1484567624.508882000 0 0
1484567624.506477000 0 0
1484567624.526866000 0 0
1484567624.524465000 0 0
1484567639.571632000 0 145734
1484567639.604766000 0 0
1484567639.603351000 0 0
1484567639.620915000 0 0
1484567639.617346000 0 0
1484567688.911310000 0 16307
1484567688.932366000 0 0
1484567688.930854000 0 0
1484567696.364477000 0 146946
1484567696.396261000 0 0
1484567696.393871000 0 0
1484567696.419924000 0 0
1484567696.415861000 0 0
1484567711.474777000 0 147572
1484567711.506136000 0 0
1484567711.504750000 0 0
1484567711.526157000 0 0
1484567711.524757000 0 0
1484567815.304301000 0 11652
1484568001.513829000 0 16307
1484568001.533753000 0 0
1484568001.532016000 0 0
1484568486.838956000 0 16307
1484568486.861709000 0 0
1484568486.858193000 0 0
1484568490.442930000 0 150386
1484568490.483730000 0 0
1484568490.480291000 0 0
1484568490.507455000 0 0
1484568490.503254000 0 0
1484568505.650794000 0 148915
1484568505.683569000 0 0
1484568505.682318000 0 0
1484568505.703581000 0 0
1484568505.702161000 0 0
1484568786.850246000 0 16307
1484568786.871276000 0 0
1484568786.869709000 0 0
1484568790.134656000 0 11652
1484570378.759267000 0 0
1484570378.771291000 0 0
1484572392.518235000 0 16307
1484572392.538328000 0 0
1484572392.534055000 0 0
1484572744.938185000 0 16307
1484572744.953384000 0 0
1484572744.951008000 0 0
1484572749.608038000 0 149358
1484572749.902397000 0 0
1484572749.817640000 0 0
1484572750.076977000 0 0
1484572750.014162000 0 0
1484572765.274379000 0 150783
1484572765.311296000 0 0
1484572765.309542000 0 0
1484572765.328255000 0 0
1484572765.324507000 0 0
1484573045.016112000 0 16307
1484573045.035106000 0 0
1484573045.033714000 0 0
1484573050.369450000 0 11652
1484573267.755803000 0 153473
1484573267.796094000 0 0
1484573267.793052000 0 0
1484573267.814090000 0 0
1484573267.809741000 0 0
1484573282.798204000 0 3608
1484573282.834814000 0 0
1484573282.903232000 0 128959
1484573282.935962000 0 0
1484573282.933658000 0 0
1484573282.953020000 0 0
1484573282.948512000 0 0
1484573298.004437000 0 129984
1484573298.035854000 0 0
1484573298.033522000 0 0
1484573298.054839000 0 0
1484573298.052100000 0 0
1484573304.159047000 0 2459
1484573304.174797000 0 0
1484573304.173471000 0 0
1484573313.107954000 0 133597
1484573313.144854000 0 0
1484573313.143385000 0 0
1484573313.161150000 0 0
1484573313.157282000 0 0
1484573328.111773000 0 133646
1484573328.145628000 0 0
1484573328.143506000 0 0
1484573328.163614000 0 0
1484573328.161314000 0 0
1484573343.215582000 0 135970
1484573343.250224000 0 0
1484573343.245113000 0 0
1484573343.270330000 0 0
1484573343.265191000 0 0
1484573358.323503000 0 135970
1484573358.353336000 0 0
1484573358.351865000 0 0
1484573358.372369000 0 0
1484573358.370260000 0 0
1484573373.422483000 0 138326
1484573373.454214000 0 0
1484573373.451837000 0 0
1484573373.471224000 0 0
1484573373.466891000 0 0
1484573388.519872000 0 140586
1484573388.553103000 0 0
1484573388.550685000 0 0
1484573388.572094000 0 0
1484573388.569614000 0 0
1484573401.316171000 0 16308
1484573401.331985000 0 0
1484573401.330751000 0 0
1484573403.620910000 0 143108
1484573403.653967000 0 0
1484573403.650901000 0 0
1484573403.672976000 0 0
1484573403.670596000 0 0
1484573418.634298000 0 143060
1484573418.668061000 0 0
1484573418.664575000 0 0
1484573418.688095000 0 0
1484573418.684485000 0 0
1484573430.829738000 0 122
1484573430.847710000 0 0
1484573430.844874000 0 73569
1484573430.843514000 0 0
1484573430.874765000 0 0
1484573430.875419000 0 146
1484573430.872369000 0 0
1484573430.893741000 0 0
1484573430.898494000 0 0
1484573430.891316000 0 0
1484573430.910479000 0 0
1484573430.973864000 0 181
1484573430.998593000 0 0
1484573431.008057000 0 0
1484573430.990325000 0 0
1484555846.046668000 0 32768
1484573431.019312000 0 0
1484555846.042245000 0 50480080
1484573431.051044000 0 11652
1484573431.054850000 0 212
1484573431.060342000 0 0
1484573431.065356000 0 0
1484573431.071744000 0 0
1484573431.069442000 0 0
1484573431.098799000 0 259
1484573431.113250000 0 0
1484573431.110962000 0 0
1484573431.135144000 0 2374
1484573431.152780000 0 0
1484573431.150956000 0 0
1484573431.168109000 0 0
1484555843.096053000 0 32768
1484573431.178618000 0 288
1484573431.180302000 0 0
1484555843.087519000 4096 21124920
1484573431.191742000 0 0
1484573431.189366000 0 0
1484573431.199124000 0 0
1484573431.204316000 0 0
1484573431.470130000 0 0
1484555846.826867000 0 32768
1484573431.480317000 0 0
1484555846.817531000 0 575224
1484573431.499139000 0 0
1484573431.503316000 0 0
1484573431.518170000 0 0
1484573431.548736000 0 0
1484573431.558623000 0 28965
1484573431.600046000 0 0
1484573431.608013000 0 0
1484573431.613149000 0 0
1484573431.524420000 0 0
1484573431.621336000 0 0
1484573431.678756000 0 7148
1484573431.698785000 0 0
1484573431.694342000 0 0
1484573431.718272000 0 0
1484555855.417069000 8192 61440
1484555842.751403000 22528 0
1484555842.127660000 593920 4096
1484555842.319881000 16384 4096
1484555846.023265000 262144 14712832
1484555843.080277000 389120 4874240
1484555846.797254000 376832 94208
1484555844.685654000 65536 0
1484573432.601102000 0 0
1484573432.662175000 0 0
1484573432.671010000 0 0
1484573432.687988000 0 0
1484555842.533554000 0 0
1484555847.037177000 0 0
1484555846.844554000 0 0
1484555841.667571000 0 0
1484573432.697444000 282 0
