1484553338.619360000 0 0
1484553338.630276000 0 0
1484553338.642467000 0 0
1484553338.652145000 0 0
1484553338.661994000 0 0
1484553340.119883000 282 0
1484553340.759815000 0 0
1484553340.762785000 0 0
1484553340.770700000 0 0
1484553340.781459000 0 0
1484553340.863122000 0 0
1484553340.865323000 0 0
1484553340.969390000 0 0
1484553341.013213000 0 0
1484553341.015786000 0 0
1484553341.177710000 0 0
1484553341.180802000 0 0
1484553341.197459000 0 0
1484553341.200195000 0 0
1484553341.202890000 0 0
1484553341.205679000 0 0
1484553340.902319000 0 0
1484553341.272052000 0 0
1484553341.714238000 0 0
1484553341.717404000 0 0
1484553341.720256000 0 0
1484553348.171321000 0 0
1484553349.997724000 0 0
1484553350.000361000 0 0
1484553341.163366000 566 0
1484553341.157351000 175 0
1484553341.175688000 129 0
1484553341.216299000 129 0
1484553341.219156000 504 0
1484553341.218606000 464 0
1484553341.278809000 544 0
1484553341.184075000 1796 0
1484553350.006722000 398 0
1484553340.730075000 282 0
1484553795.086000000 0 0
1484553795.572955000 0 0
1484553795.576535000 0 0
1484553795.583636000 0 0
1484553795.607594000 0 0
1484553795.632343000 0 0
1484553795.640707000 0 0
1484553795.663552000 0 0
1484553795.671325000 0 0
1484553795.674858000 0 0
1484553795.683267000 0 0
1484553795.787139000 0 0
1484553795.867669000 0 0
1484553795.946663000 0 0
1484553795.951070000 0 0
1484553795.955373000 0 0
1484553795.959721000 0 0
1484553795.963063000 0 0
1484553796.005135000 0 0
1484553796.061233000 0 0
1484553796.160111000 0 0
1484553796.165214000 0 0
1484553796.168989000 0 0
1484553796.173680000 0 0
1484553796.200439000 0 0
1484553796.207371000 0 0
1484553796.264032000 0 0
1484553796.284052000 0 0
1484553796.286858000 0 0
1484553796.296291000 0 0
1484553796.317877000 0 0
1484553796.321733000 0 0
1484553796.325216000 0 0
1484553796.365206000 0 0
1484553796.508559000 0 0
1484553796.514082000 0 0
1484553796.522664000 0 0
1484553796.587026000 0 0
1484553796.631005000 0 0
1484553796.672889000 0 0
1484553796.823030000 0 0
1484553796.860620000 0 0
1484553796.864691000 0 18830
1484553797.098151000 0 0
1484553797.102706000 0 0
1484553796.847705000 18830 0
1484553796.853997000 0 0
1484553797.106881000 0 0
1484553797.188207000 0 0
1484553797.364794000 0 0
1484553797.396132000 0 0
1484553797.399996000 0 2
1484553797.407609000 0 0
1484553797.410703000 0 0
1484553796.519051000 2 0
1484553797.387055000 0 0
1484553797.413766000 0 0
1484553797.762402000 1245184 0
1484553798.358162000 0 0
1484553798.595631000 0 0
1484553798.783716000 0 0
1484553798.813666000 0 53
1484553797.315151000 288 0
1484553798.822907000 0 0
1484553798.966739000 0 0
1484553798.992174000 0 0
1484553799.000626000 0 0
1484553799.007551000 0 0
1484553799.011933000 0 0
1484553799.014750000 0 0
1484553798.997584000 0 0
1484553798.991021000 0 0
1484553799.065760000 0 90
1484553799.075299000 0 0
1484553799.074878000 0 0
1484553799.087673000 0 0
1484553799.066995000 0 4096
1484553799.094977000 0 0
1484553799.061354000 0 0
1484553799.103482000 0 0
1484553799.119658000 0 0
1484553799.087132000 0 0
1484553799.207540000 0 0
1484553799.471572000 0 0
1484553799.508468000 0 0
1484553800.808177000 0 0
1484553798.889544000 259292 0
1484553800.807612000 0 0
1484553800.840952000 0 0
1484553800.857850000 0 0
1484553800.854637000 0 0
1484553800.874059000 0 260226
1484553800.906734000 0 0
1484553811.126406000 0 0
1484553799.114621000 0 4096
1484553811.135803000 0 0
1484553811.140849000 0 0
1484553799.111317000 0 0
1484553811.148472000 0 0
1484553798.602034000 0 0
1484553798.621307000 11871 0
1484553815.960797000 0 484313
1484553816.015748000 0 0
1484553816.024538000 0 0
1484553795.588969000 10 0
1484553795.626858000 10 0
1484553795.637322000 111 0
1484553795.711252000 208 0
1484553795.907867000 40969 0
1484553796.088408000 16384 0
1484553796.172810000 8792 0
1484553796.333125000 185 0
1484553796.653857000 8376 0
1484553796.699424000 237211 0
1484553797.319167000 116 0
1484553797.382071000 2464 0
1484553797.479385000 3384 0
1484553797.490662000 309 0
1484553798.988925000 29 0
1484553798.992877000 35011 0
1484553799.040384000 1251 0
1484553797.586681000 25 0
1484553800.932790000 3901 0
1484553828.503992000 0 0
1484553828.518501000 0 0
1484553828.535339000 0 0
1484553828.540659000 0 41049
1484553828.569746000 0 0
1484553828.575712000 0 0
1484553828.580307000 0 0
1484553828.510463000 0 0
1484553828.584620000 0 0
1484553831.064681000 0 484341
1484553831.116703000 0 0
1484553831.125411000 0 0
1484553808.040936000 410 0
1484553834.101253000 0 0
1484553834.481344000 0 0
1484553834.484873000 0 0
1484553834.492994000 0 0
1484553834.801693000 0 0
1484553834.806053000 0 0
1484553799.057503000 40960 0
1484553846.157137000 0 261897
1484553846.191968000 0 0
1484553846.201644000 0 0
1484553853.369604000 0 0
1484553853.383032000 0 0
1484553853.401290000 0 0
1484553853.409742000 0 0
1484553853.435113000 0 66
1484553853.425353000 66 0
1484553853.442276000 0 0
1484553856.426346000 0 0
1484553856.450166000 0 137
1484553856.459629000 0 0
1484553856.433360000 137 0
1484553856.458318000 0 0
1484553856.473348000 0 0
1484553856.498133000 0 13064
1484553856.508044000 0 0
1484553856.506991000 0 0
1484553856.533123000 0 0
1484553856.537166000 0 0
1484553856.548196000 0 0
1484553856.557170000 0 0
1484553856.565988000 0 0
1484553856.575199000 0 0
1484553856.583296000 0 0
1484553856.597286000 0 0
1484553856.617794000 0 0
1484553856.622468000 0 0
1484553856.626700000 0 0
1484553856.639772000 0 0
1484553856.644337000 0 0
1484553856.671086000 0 0
1484553856.676642000 0 0
1484553856.682224000 0 0
1484553856.687889000 0 0
1484553856.693638000 0 0
1484553856.698962000 0 0
1484553856.715062000 0 0
1484553856.720165000 0 0
1484553856.725614000 0 0
1484553856.746930000 0 0
1484553856.752203000 0 0
1484553856.758102000 0 0
1484553856.769164000 0 0
1484553856.777215000 0 0
1484553856.797675000 0 0
1484553856.803292000 0 0
1484553856.810533000 0 0
1484553856.816237000 0 0
1484553856.821722000 0 0
1484553856.826392000 0 0
1484553856.831222000 0 0
1484553856.835538000 0 0
1484553856.840416000 0 0
1484553856.856863000 0 0
1484553856.872980000 0 0
1484553856.877278000 0 0
1484553856.899574000 0 0
1484553856.904030000 0 0
1484553856.912737000 0 0
1484553856.919996000 0 0
1484553856.928300000 0 0
1484553856.936125000 0 0
1484553856.944092000 0 0
1484553856.951351000 0 0
1484553856.974594000 0 0
1484553856.999733000 0 0
1484553857.006910000 0 0
1484553857.015234000 0 0
1484553857.022516000 0 0
1484553857.030220000 0 0
1484553857.042610000 0 0
1484553857.070173000 0 0
1484553857.078094000 0 0
1484553857.122015000 0 0
1484553857.129506000 0 0
1484553857.142612000 0 0
1484553857.274827000 0 0
1484553857.282639000 0 0
1484553857.302114000 0 0
1484553857.310263000 0 0
1484553857.321826000 0 0
1484553857.336223000 0 0
1484553857.344414000 0 0
1484553857.352354000 0 0
1484553857.360279000 0 0
1484553857.367131000 0 0
1484553857.373081000 0 0
1484553857.379082000 0 0
1484553857.384896000 0 0
1484553857.398948000 0 0
1484553857.404828000 0 0
1484553857.410659000 0 0
1484553857.427103000 0 0
1484553857.444555000 0 0
1484553857.598563000 0 0
1484553857.606638000 0 0
1484553857.660070000 0 0
1484553857.670001000 0 0
1484553857.739036000 0 0
1484553857.755510000 0 0
1484553857.771521000 0 0
1484553857.780819000 0 0
1484553857.800122000 0 0
1484553857.817023000 0 0
1484553857.836055000 0 0
1484553857.840525000 0 0
1484553857.844390000 0 0
1484553857.852431000 0 0
1484553857.862032000 0 0
1484553857.871143000 0 0
1484553857.878254000 0 0
1484553857.891569000 0 0
1484553857.897425000 0 0
1484553857.901854000 0 0
1484553857.905837000 0 0
1484553857.909732000 0 0
1484553857.913709000 0 0
1484553857.917427000 0 0
1484553857.920925000 0 0
1484553857.935931000 0 0
1484553857.947199000 0 0
1484553857.981907000 0 0
1484553857.986051000 0 0
1484553857.994970000 0 0
1484553857.999181000 0 0
1484553858.002750000 0 0
1484553858.006268000 0 0
1484553858.018087000 0 0
1484553858.044567000 0 0
1484553858.049188000 0 0
1484553858.054495000 0 0
1484553861.223249000 0 261981
1484553861.254102000 0 0
1484553861.262110000 0 0
1484553795.569822000 846 0
1484553834.496457000 566 0
1484553876.429305000 0 262010
1484553876.462051000 0 0
1484553876.461153000 0 0
1484553876.470714000 0 0
1484553876.469855000 0 0
1484553856.529407000 51 0
1484553891.599204000 0 484470
1484553891.653896000 0 0
1484553891.651936000 0 0
1484553891.665585000 0 0
1484553891.663637000 0 0
1484553907.219012000 0 484442
1484553907.273792000 0 0
1484553907.271940000 0 0
1484553907.284768000 0 0
1484553907.282926000 0 0
1484553922.316363000 0 574607
1484553922.376635000 0 0
1484553922.374977000 0 0
1484553922.387444000 0 0
1484553922.385519000 0 0
1484553937.431738000 0 262413
1484553937.469147000 0 0
1484553937.467194000 0 0
1484553937.480909000 0 0
1484553937.479221000 0 0
1484553961.261384000 0 262441
1484553961.294350000 0 0
1484553961.292630000 0 0
1484553961.306091000 0 0
1484553961.304173000 0 0
1484553976.341365000 0 262441
1484553976.375546000 0 0
1484553976.373912000 0 0
1484553976.386980000 0 0
1484553976.385072000 0 0
1484553997.892153000 0 262441
1484553997.922603000 0 0
1484553997.921778000 0 0
1484553997.930239000 0 0
1484553997.929493000 0 0
1484554012.965441000 0 262413
1484554012.999240000 0 0
1484554012.997571000 0 0
1484554013.011059000 0 0
1484554013.009153000 0 0
1484554019.193477000 0 0
1484554019.199542000 0 0
1484554019.582094000 0 0
1484554028.039818000 0 281493
1484554028.072560000 0 0
1484554028.071540000 0 0
1484554028.081935000 0 0
1484554028.080915000 0 0
1484554019.594942000 282 0
1484554043.127110000 0 487211
1484554043.181672000 0 0
1484554043.180368000 0 0
1484554043.191698000 0 0
1484554043.190163000 0 0
1484554058.253209000 0 263893
1484554058.285260000 0 0
1484554058.283902000 0 0
1484554058.295064000 0 0
1484554058.293687000 0 0
1484554085.730472000 0 263893
1484554085.764014000 0 0
1484554085.762985000 0 0
1484554085.775533000 0 0
1484554085.774597000 0 0
1484554099.575433000 0 8746
1484554111.910478000 0 263921
1484554111.942905000 0 0
1484554111.941918000 0 0
1484554111.953563000 0 0
1484554111.951900000 0 0
1484554126.999334000 0 263921
1484554127.032916000 0 0
1484554127.031470000 0 0
1484554127.043993000 0 0
1484554127.042031000 0 0
1484554142.093163000 0 263893
1484554142.126275000 0 0
1484554142.125054000 0 0
1484554142.137502000 0 0
1484554142.135542000 0 0
1484554171.908408000 0 263893
1484554171.941434000 0 0
1484554171.940224000 0 0
1484554171.951877000 0 0
1484554171.950007000 0 0
1484554176.657528000 0 0
1484554176.689642000 0 0
1484554176.692458000 0 0
1484554176.700834000 0 0
1484554176.704203000 282 0
1484554205.137091000 0 264169
1484554205.171870000 0 0
1484554205.170375000 0 0
1484554205.186557000 0 0
1484554205.185037000 0 0
1484554220.230634000 0 265041
1484554220.264450000 0 0
1484554220.262972000 0 0
1484554220.276650000 0 0
1484554220.275137000 0 0
1484554235.164566000 0 0
1484554238.134522000 0 265214
1484554238.168025000 0 0
1484554238.166032000 0 0
1484554238.180342000 0 0
1484554238.178476000 0 0
1484554243.624122000 0 5672
1484554243.666278000 0 0
1484554253.231727000 0 265545
1484554253.267380000 0 0
1484554253.265652000 0 0
1484554253.278772000 0 0
1484554253.277084000 0 0
1484554268.311925000 0 265545
1484554268.346027000 0 0
1484554268.344046000 0 0
1484554268.358396000 0 0
1484554268.356453000 0 0
1484554276.584897000 0 3384
1484554276.595171000 0 0
1484554276.594136000 0 0
1484554320.214635000 0 265517
1484554320.247990000 0 0
1484554320.246332000 0 0
1484554320.259199000 0 0
1484554320.257282000 0 0
1484554335.304511000 0 266038
1484554335.338666000 0 0
1484554335.337010000 0 0
1484554335.350217000 0 0
1484554335.348367000 0 0
1484554350.384137000 0 266622
1484554350.416099000 0 0
1484554350.415071000 0 0
1484554350.425101000 0 0
1484554350.424074000 0 0
1484554365.452629000 0 266622
1484554365.486588000 0 0
1484554365.485323000 0 0
1484554365.496724000 0 0
1484554365.495575000 0 0
1484554380.543044000 0 267180
1484554380.576868000 0 0
1484554380.575167000 0 0
1484554380.588795000 0 0
1484554380.586693000 0 0
1484554395.613101000 0 267180
1484554395.646161000 0 0
1484554395.645105000 0 0
1484554395.656240000 0 0
1484554395.655203000 0 0
1484554398.187329000 0 237378
1484554398.216354000 0 0
1484554398.215475000 0 0
1484554404.533770000 0 8746
1484554456.567482000 0 14828
1484554456.578785000 0 0
1484554456.577522000 0 0
1484554539.328424000 0 0
1484554539.340465000 0 0
1484554539.351858000 0 0
1484554539.356157000 0 41051
1484554539.380986000 0 0
1484554539.384482000 0 0
1484554539.387225000 0 0
1484554539.335316000 0 0
1484554539.390126000 0 0
1484554539.444570000 0 0
1484554539.447843000 0 0
1484554539.447913000 0 0
1484554539.451302000 0 0
1484554539.455806000 0 0
1484554539.460592000 0 0
1484554539.471524000 0 0
1484554539.469968000 0 0
1484554539.567193000 0 0
1484554539.574436000 0 0
1484554539.578178000 0 0
1484554539.582281000 0 0
1484554539.592012000 0 0
1484554539.606564000 0 0
1484554539.677914000 0 0
1484554539.585517000 0 0
1484554539.454703000 0 0
1484554539.779360000 0 0
1484554539.854591000 0 0
1484554539.860399000 0 0
1484554539.875167000 0 0
1484554539.883259000 0 0
1484554539.866938000 0 0
1484554539.892736000 0 0
1484554539.975261000 0 0
1484554540.004199000 0 0
1484554539.981438000 0 0
1484554540.088077000 0 0
1484554540.084453000 0 0
1484554540.091836000 0 0
1484554540.092149000 0 0
1484554539.660506000 0 4096
1484554540.098978000 0 0
1484554540.099993000 0 0
1484554539.652903000 0 0
1484554540.111312000 0 0
1484554540.097077000 0 0
1484554540.116632000 0 0
1484554540.118337000 0 0
1484554540.118970000 0 0
1484554540.070181000 0 4096
1484554540.124007000 0 0
1484554540.125438000 0 0
1484554540.063718000 0 0
1484554540.134961000 0 0
1484554540.122590000 0 0
1484554540.163872000 0 0
1484554540.166910000 0 0
1484554540.167286000 0 0
1484554540.172381000 0 0
1484554540.170962000 0 0
1484554540.194047000 0 0
1484554540.199292000 0 0
1484554540.202008000 0 0
1484554540.206247000 0 0
1484554540.216768000 0 0
1484554540.223625000 0 0
1484554540.193430000 0 4096
1484554540.204751000 0 0
1484554540.235258000 0 0
1484554540.235132000 0 0
1484554540.241902000 0 0
1484554540.183003000 0 0
1484554540.249503000 0 0
1484554539.867222000 0 4096
1484554540.254489000 0 0
1484554540.254332000 0 0
1484554540.259907000 0 0
1484554540.251558000 0 0
1484554540.268379000 0 0
1484554539.860531000 0 0
1484554540.272059000 0 0
1484554540.274974000 0 0
1484554540.284696000 0 0
1484554540.299104000 0 0
1484554540.303388000 0 0
1484554540.272290000 0 4096
1484554540.314945000 0 0
1484554540.255296000 0 0
1484554540.330296000 0 0
1484554540.347475000 0 0
1484554540.154913000 0 4096
1484554540.355349000 0 0
1484554540.150629000 0 0
1484554540.366664000 0 0
1484554540.278258000 0 0
1484554540.377774000 0 0
1484554540.381583000 0 0
1484554540.388750000 0 0
1484554540.398720000 0 0
1484554540.386998000 0 0
1484554540.416156000 0 0
1484554540.426740000 0 0
1484554540.424446000 0 0
1484554540.428502000 0 0
1484554540.386715000 0 4096
1484554540.436196000 0 0
1484554540.443296000 0 0
1484554540.379801000 0 0
1484554540.449915000 0 0
1484554540.206328000 0 4096
1484554540.452529000 0 0
1484554540.455007000 0 0
1484554540.458455000 0 0
1484554540.433498000 0 0
1484554539.850783000 0 0
1484554540.201509000 0 0
1484554540.466954000 0 0
1484554540.470197000 0 0
1484554540.473097000 0 0
1484554540.408309000 0 4096
1484554540.475573000 0 0
1484554540.480363000 0 0
1484554540.481246000 0 0
1484554540.484812000 0 0
1484554540.401896000 0 0
1484554540.488947000 0 0
1484554540.418307000 0 4096
1484554540.490618000 0 0
1484554540.491015000 0 0
1484554540.493187000 0 0
1484554540.473843000 0 0
1484554540.497798000 0 0
1484554540.409219000 0 0
1484554540.509298000 0 0
1484554540.515194000 0 0
1484554540.468112000 0 4096
1484554540.523521000 0 0
1484554540.453325000 0 0
1484554540.535063000 0 0
1484554540.539837000 0 0
1484554540.556491000 0 0
1484554540.531890000 0 4096
1484554540.565282000 0 0
1484554540.522921000 0 0
1484554540.576525000 0 0
1484554551.612393000 0 0
1484554539.562591000 0 4096
1484554551.621957000 0 0
1484554551.628010000 0 0
1484554539.470812000 0 0
1484554551.637541000 0 0
1484554539.561853000 29 0
1484554539.740141000 46 0
1484554539.888980000 46 0
1484554540.073659000 60 0
1484554540.111011000 52 0
1484554539.599494000 397312 0
1484554540.004858000 40960 0
1484554540.157971000 42 0
1484554540.183004000 46 0
1484554540.227425000 66 0
1484554540.175867000 45056 0
1484554540.261651000 57 0
1484554539.826770000 524288 0
1484554540.240675000 45056 0
1484554540.142038000 524288 0
1484554540.372441000 53 0
1484554540.408218000 53 0
1484554540.371392000 45056 0
1484554540.461766000 51 0
1484554540.187916000 655360 0
1484554540.393607000 45056 0
1484554540.398492000 45056 0
1484554540.444143000 45056 0
1484554540.516339000 45056 0
1484554539.455710000 45056 0
1484554637.552178000 0 1251
1484554637.567218000 0 0
1484554637.565278000 0 0
1484554704.617066000 0 8746
1484554726.834569000 0 0
1484554727.455199000 0 0
1484554727.459434000 0 0
1484554727.490984000 0 0
1484554727.707481000 0 0
1484554727.730426000 0 0
1484554727.748796000 0 0
1484554727.762891000 0 0
1484554727.770597000 0 0
1484554727.773844000 0 0
1484554727.779629000 0 0
1484554727.837988000 0 0
1484554727.894547000 0 0
1484554727.975221000 0 0
1484554728.087880000 0 0
1484554728.091068000 0 0
1484554728.093986000 0 0
1484554728.096819000 0 0
1484554728.099569000 0 0
1484554728.133590000 0 0
1484554728.154408000 0 0
1484554728.157539000 0 0
1484554728.380672000 0 0
1484554728.387659000 0 0
1484554728.537895000 0 0
1484554728.652594000 0 0
1484554728.672496000 0 0
1484554728.692110000 0 0
1484554728.837475000 0 0
1484554728.876032000 0 0
1484554728.880616000 0 18830
1484554729.181920000 0 0
1484554729.186392000 0 0
1484554728.862916000 18830 0
1484554728.869197000 0 0
1484554729.190442000 0 0
1484554729.244176000 0 8376
1484554729.370191000 0 0
1484554729.374813000 0 0
1484554728.683081000 8374 0
1484554729.378867000 0 0
1484554729.389917000 0 0
1484554729.397746000 0 0
1484554729.395872000 0 0
1484554729.522796000 0 0
1484554729.544154000 0 1544
1484554729.554078000 0 0
1484554729.607290000 0 0
1484554729.824486000 0 0
1484554729.867752000 0 0
1484554729.993411000 0 0
1484554730.146765000 0 0
1484554730.353673000 0 0
1484554730.356333000 0 0
1484554730.865089000 0 0
1484554730.892817000 0 0
1484554730.935621000 0 0
1484554730.943554000 0 0
1484554730.941231000 0 0
1484554730.951449000 0 0
1484554730.957337000 0 0
1484554730.960581000 0 0
1484554730.963479000 0 0
1484554730.966806000 0 0
1484554730.955580000 0 0
1484554730.983636000 0 0
1484554730.987071000 0 0
1484554730.992787000 0 0
1484554730.991015000 0 0
1484554730.997988000 0 0
1484554731.063810000 0 0
1484554731.088536000 0 0
1484554731.091377000 0 0
1484554731.094735000 0 0
1484554731.098303000 0 0
1484554731.101210000 0 0
1484554731.104438000 0 0
1484554731.107010000 0 0
1484554731.109828000 0 0
1484554731.112643000 0 0
1484554731.619609000 0 0
1484554732.127504000 0 0
1484554732.172193000 0 0
1484554732.191843000 0 0
1484554732.242084000 524288 0
1484554732.637328000 0 0
1484554732.715606000 0 0
1484554732.739554000 0 0
1484554732.761627000 0 0
1484554732.972900000 0 0
1484554732.977323000 0 2
1484554732.986236000 0 0
1484554732.989204000 0 0
1484554732.198009000 2 0
1484554732.963105000 0 0
1484554732.992078000 0 0
1484554733.233695000 0 53
1484554729.528864000 204 0
1484554733.242060000 0 0
1484554733.880913000 0 0
1484554733.897994000 0 0
1484554740.152857000 0 70160
1484554740.244146000 0 0
1484554740.315107000 0 987888
1484554741.306046000 0 0
1484554728.656226000 0 0
1484554727.451746000 282 0
1484554727.495869000 10 0
1484554727.718469000 10 0
1484554727.746125000 111 0
1484554727.800662000 208 0
1484554727.926574000 26612 0
1484554750.380534000 0 0
1484554751.218778000 0 70160
1484554751.251529000 0 0
1484554727.991765000 16384 0
1484554728.100746000 319 0
1484554728.418724000 337 0
1484554728.667712000 5739 0
1484554728.715632000 208620 0
1484554729.538550000 3072 0
1484554729.852356000 110148 0
1484554729.879343000 8 0
1484554730.003728000 504 0
1484554730.065988000 7636 0
1484554730.157681000 5477 0
1484554730.869545000 179 0
1484554731.043914000 340 0
1484554731.624632000 478 0
1484554732.141422000 27 0
1484554733.261247000 7495 0
1484554730.285585000 25 0
1484554733.324603000 9833 0
1484554733.362290000 55 0
1484554756.583250000 0 15140
1484554756.594905000 0 0
1484554756.593540000 0 0
1484554760.864839000 0 5477
1484554760.875691000 0 0
1484554751.431636000 0 1119704
1484554762.629329000 0 0
1484553658.613369000 0 0
1484554785.529697000 0 0
1484554785.546975000 0 0
1484554785.561510000 0 0
1484554785.570110000 0 0
1484554785.638329000 0 2606
1484554785.623861000 2606 0
1484554785.647361000 0 0
1484554788.603405000 0 0
1484554788.635170000 0 137
1484554788.644639000 0 0
1484554788.615195000 137 0
1484554788.643366000 0 0
1484554788.662172000 0 0
1484554788.705903000 0 6797
1484554788.715527000 0 0
1484554788.714344000 0 0
1484554778.775661000 0 234600
1484554790.735918000 0 0
1484554788.735492000 51 0
1484554790.843854000 0 234600
1484554799.427300000 0 0
1484554856.073387000 0 0
1484554731.085541000 1674 13138
1484554851.370752000 0 825240
1484554859.301131000 0 0
1484554856.091714000 1499 3240
1484554870.176261000 0 135712
1484554870.218961000 0 0
1484554870.530984000 0 234600
1484554873.279502000 0 0
1484554875.407508000 0 135712
1484554875.451453000 0 0
1484554875.745209000 0 267376
1484554881.058833000 0 0
1484554870.166574000 0 10675
1484554882.308736000 0 135712
1484554882.371912000 0 0
1484554887.457853000 0 267944
1484554897.450189000 0 0
1484554907.801906000 0 135712
1484554907.846196000 0 0
1484554856.216341000 0 16471
1484554912.028610000 0 135712
1484554912.073393000 0 0
1484554969.510187000 0 7636
1484554969.520692000 0 0
1484554969.519822000 0 0
1484554978.737327000 0 0
1484554978.805465000 0 0
1484554978.821738000 0 0
1484554978.826086000 0 26550
1484554978.846840000 0 0
1484554978.851614000 0 0
1484554978.855877000 0 0
1484554978.811848000 0 0
1484554978.859454000 0 0
1484554979.166004000 0 0
1484554979.174915000 0 0
1484555004.677168000 0 8746
1484555029.983040000 0 135712
1484555030.023166000 0 0
1484555030.052075000 0 135712
1484555030.087638000 0 0
1484555030.093595000 0 0
1484555030.105787000 1844 1936
1484555030.117586000 0 0
1484555030.113227000 0 135712
1484555030.158844000 0 0
1484555030.259869000 3256 3352
1484555031.644006000 0 478
1484555031.656976000 0 0
1484555033.882546000 0 319
1484555056.615141000 0 15143
1484555056.627484000 0 0
1484555056.626029000 0 0
1484555088.767447000 0 7098
1484555088.777943000 0 0
1484555088.776635000 0 0
1484555211.085873000 0 208787
1484555211.113818000 0 0
1484555211.112235000 0 0
1484554882.297785000 0 16608
1484554912.071363000 0 3208
1484554731.123312000 1917 19651
1484555304.743077000 0 8746
1484555330.285132000 0 0
1484555330.299753000 3767 3863
1484555330.315759000 0 0
1484555330.344920000 0 0
1484555330.362723000 1935 2031
1484555330.376153000 0 0
1484555330.407069000 171170 3336
1484555330.336945000 4126 0
1484555356.639406000 0 15143
1484555356.651320000 0 0
1484555356.650184000 0 0
1484555388.801599000 0 8224
1484555388.812290000 0 0
1484555388.810947000 0 0
1484555604.770070000 0 8746
1484555630.473786000 0 0
1484555630.484869000 4126 0
1484555656.666259000 0 15143
1484555656.679689000 0 0
1484555656.678247000 0 0
1484555688.822531000 0 8224
1484555688.834799000 0 0
1484555688.833199000 0 0
1484555904.810473000 0 8746
1484555930.503273000 0 0
1484555930.508477000 4126 0
1484555956.698482000 0 15143
1484555956.711233000 0 0
1484555956.709846000 0 0
1484555988.846061000 0 8227
1484555988.857645000 0 0
1484555988.856257000 0 0
1484556230.526090000 0 0
1484556234.853301000 0 8746
1484556230.530984000 4126 0
1484556334.173195000 0 15143
1484556334.173329000 0 8227
1484556334.186087000 0 0
1484556334.186134000 0 0
1484556334.184846000 0 0
1484556334.184621000 0 0
1484556530.549684000 0 0
1484556534.899870000 0 8746
1484556530.557054000 4126 0
1484556634.193219000 0 8227
1484556634.204887000 0 0
1484556634.203394000 0 0
1484556634.211221000 0 15143
1484556634.221374000 0 0
1484556634.220412000 0 0
1484556830.575313000 0 0
1484556834.196585000 0 267630
1484556834.229294000 0 0
1484556834.228076000 0 0
1484556834.239478000 0 0
1484556834.238115000 0 0
1484556835.116298000 0 8746
1484556830.580049000 4126 0
1484556841.044997000 0 0
1484556849.275863000 0 267961
1484556849.308073000 0 0
1484556849.307156000 0 0
1484556849.317002000 0 0
1484556849.315936000 0 0
1484556864.357988000 0 267994
1484556864.392733000 0 0
1484556864.390692000 0 0
1484556864.405732000 0 0
1484556864.403882000 0 0
1484556841.061480000 282 0
1484556879.443828000 0 268630
1484556879.476914000 0 0
1484556879.475605000 0 0
1484556879.488562000 0 0
1484556879.487097000 0 0
1484556894.534109000 0 268676
1484556894.568714000 0 0
1484556894.567034000 0 0
1484556894.580592000 0 0
1484556894.578756000 0 0
1484556905.185162000 0 5672
1484556905.201482000 0 0
1484556909.605663000 0 269165
1484556909.637494000 0 0
1484556909.636674000 0 0
1484556909.648613000 0 0
1484556909.647803000 0 0
1484556924.689949000 0 269823
1484556924.726130000 0 0
1484556924.724324000 0 0
1484556924.739452000 0 0
1484556924.737630000 0 0
1484556934.222772000 0 8227
1484556934.224982000 0 15150
1484556934.233882000 0 0
1484556934.237167000 0 0
1484556934.232429000 0 0
1484556934.235672000 0 0
1484557005.917217000 0 269851
1484557005.950334000 0 0
1484557005.948916000 0 0
1484557005.961062000 0 0
1484557005.959621000 0 0
1484557021.030166000 0 269823
1484557021.062439000 0 0
1484557021.061486000 0 0
1484557021.071729000 0 0
1484557021.070694000 0 0
1484557036.106483000 0 270753
1484557036.138435000 0 0
1484557036.137556000 0 0
1484557036.147270000 0 0
1484557036.146399000 0 0
1484557051.189689000 0 270786
1484557051.224708000 0 0
1484557051.222999000 0 0
1484557051.235999000 0 0
1484557051.234269000 0 0
1484557129.887402000 0 0
1484557129.898903000 0 0
1484557130.597748000 0 0
1484557130.334433000 0 529024
1484557130.618670000 0 0
1484557143.932085000 0 8746
1484557130.604913000 4126 0
1484557219.291521000 0 270792
1484557219.326719000 0 0
1484557219.325847000 0 0
1484557219.337263000 0 0
1484557219.335289000 0 0
1484557234.363575000 0 270792
1484557234.400409000 0 0
1484557234.398281000 0 0
1484557234.412499000 0 0
1484557234.410547000 0 0
1484557249.456980000 0 270791
1484557249.492103000 0 0
1484557249.490427000 0 0
1484557249.503445000 0 0
1484557249.501806000 0 0
1484557264.541352000 0 270791
1484557264.576508000 0 0
1484557264.574643000 0 0
1484557264.589005000 0 0
1484557264.587330000 0 0
1484557279.629428000 0 270791
1484557279.665835000 0 0
1484557279.663721000 0 0
1484557279.679566000 0 0
1484557279.677819000 0 0
1484557294.748092000 0 270791
1484557294.783369000 0 0
1484557294.781420000 0 0
1484557294.796581000 0 0
1484557294.794620000 0 0
1484557309.846281000 0 270791
1484557309.884316000 0 0
1484557309.882364000 0 0
1484557309.898130000 0 0
1484557309.896204000 0 0
1484557324.942644000 0 270791
1484557324.976679000 0 0
1484557324.975273000 0 0
1484557324.986988000 0 0
1484557324.985645000 0 0
1484557340.028473000 0 270666
1484557340.060897000 0 0
1484557340.059780000 0 0
1484557340.070942000 0 0
1484557340.069869000 0 0
1484557430.622672000 0 0
1484557430.627838000 4126 0
1484557465.066973000 0 8746
1484557534.263669000 0 8227
1484557534.264049000 0 15151
1484557534.275852000 0 0
1484557534.277017000 0 0
1484557534.274592000 0 0
1484557534.275671000 0 0
1484557730.645828000 0 0
1484557730.650414000 4126 0
1484557765.148443000 0 8746
1484557834.290424000 0 8227
1484557834.294056000 0 15151
1484557834.302045000 0 0
1484557834.300780000 0 0
1484557834.309577000 0 0
1484557834.308157000 0 0
1484558030.672447000 0 0
1484558030.680207000 4126 0
1484558065.188173000 0 8746
1484558134.332280000 0 15151
1484558134.333202000 0 8227
1484558134.410927000 0 0
1484558134.410975000 0 0
1484558134.408741000 0 0
1484558134.409015000 0 0
1484558330.766659000 0 0
1484558330.774297000 4126 0
1484558365.234911000 0 8746
1484558630.792311000 0 0
1484558630.800149000 4126 0
1484558665.273609000 0 8746
1484558668.469202000 0 8227
1484558668.472141000 0 15151
1484558668.480102000 0 0
1484558668.482232000 0 0
1484558668.479273000 0 0
1484558668.481402000 0 0
1484558927.477234000 0 270602
1484558927.510838000 0 0
1484558927.509602000 0 0
1484558927.521654000 0 0
1484558927.520443000 0 0
1484558930.237132000 0 529024
1484558930.366906000 0 0
1484558930.818621000 0 0
1484558942.559809000 0 494639
1484558942.614630000 0 0
1484558942.613172000 0 0
1484558942.626479000 0 0
1484558942.624474000 0 0
1484558930.823893000 4126 0
1484558957.687198000 0 860806
1484558957.774581000 0 0
1484558957.772826000 0 0
1484558957.786541000 0 0
1484558957.784605000 0 0
1484558965.313249000 0 8746
1484558968.506416000 0 8227
1484558968.513834000 0 15151
1484558968.518230000 0 0
1484558968.517133000 0 0
1484558968.526418000 0 0
1484558968.525227000 0 0
1484558972.833429000 0 272012
1484558972.867775000 0 0
1484558972.866110000 0 0
1484558972.880109000 0 0
1484558972.878173000 0 0
1484558987.924410000 0 272619
1484558987.961162000 0 0
1484558987.959224000 0 0
1484558987.975357000 0 0
1484558987.973350000 0 0
1484559003.017270000 0 273254
1484559003.051127000 0 0
1484559003.049688000 0 0
1484559003.061265000 0 0
1484559003.059829000 0 0
1484559018.109131000 0 273891
1484559018.142980000 0 0
1484559018.141434000 0 0
1484559018.153356000 0 0
1484559018.151849000 0 0
1484559033.197211000 0 275806
1484559033.230978000 0 0
1484559033.229763000 0 0
1484559033.242721000 0 0
1484559033.241309000 0 0
1484559048.293192000 0 277082
1484559048.328690000 0 0
1484559048.327155000 0 0
1484559048.339745000 0 0
1484559048.338045000 0 0
1484559063.390044000 0 277828
1484559063.424825000 0 0
1484559063.423525000 0 0
1484559063.435343000 0 0
1484559063.433684000 0 0
1484559078.479364000 0 277829
1484559078.515386000 0 0
1484559078.513412000 0 0
1484559078.528164000 0 0
1484559078.526382000 0 0
1484559093.572314000 0 277829
1484559093.607360000 0 0
1484559093.605714000 0 0
1484559093.619487000 0 0
1484559093.617552000 0 0
1484559108.651929000 0 277881
1484559108.685593000 0 0
1484559108.684271000 0 0
1484559108.695366000 0 0
1484559108.694234000 0 0
1484559230.841743000 0 0
1484559230.849323000 4126 0
1484559265.354679000 0 8746
1484559268.530212000 0 8227
1484559268.537018000 0 15151
1484559268.542873000 0 0
1484559268.541402000 0 0
1484559268.551776000 0 0
1484559268.550074000 0 0
1484559521.058242000 0 0
1484559521.063333000 0 0
1484559530.867120000 0 0
1484559530.872032000 4126 0
1484559565.467533000 0 8746
1484559592.501158000 0 0
1484559592.524635000 0 0
1484559592.528233000 0 0
1484559592.531444000 0 0
1484559592.534599000 0 0
1484559592.541175000 0 0
1484559592.543984000 0 0
1484559592.548980000 0 0
1484559592.569053000 0 0
1484559592.572443000 0 0
1484559592.575945000 0 0
1484559592.583298000 0 0
1484559592.591890000 0 0
1484559592.601471000 0 0
1484559592.606044000 0 0
1484559592.627136000 0 0
1484559592.505096000 0 0
1484559592.637530000 0 0
1484559830.890758000 0 0
1484559830.895787000 4126 0
1484559865.515464000 0 8746
1484560130.913720000 0 0
1484560130.920645000 4126 0
1484560165.550657000 0 8746
1484560430.938168000 0 0
1484560430.942804000 4126 0
1484560465.582258000 0 8746
1484560730.302486000 0 266816
1484560730.409358000 0 0
1484560730.469148000 0 561800
1484560730.595539000 0 0
1484560730.960949000 0 0
1484560730.965080000 4126 0
1484560765.617754000 0 8746
1484561030.982468000 0 0
1484557129.894021000 1615 10287
1484561030.987219000 4126 0
1484561095.651026000 0 8746
1484561331.005999000 0 0
1484561331.013266000 4126 0
1484561395.692587000 0 8746
1484561631.031651000 0 0
1484561631.036800000 4126 0
1484561695.734285000 0 8746
1484561931.055237000 0 0
1484561931.060198000 4126 0
1484561995.778829000 0 8746
1484562231.078906000 0 0
1484562231.083805000 4126 0
1484562295.824411000 0 8746
1484562312.676597000 0 15153
1484562312.688394000 0 0
1484562312.687505000 0 0
1484562312.882184000 0 8228
1484562312.895407000 0 0
1484562312.894001000 0 0
1484562494.216780000 0 278127
1484562494.253418000 0 0
1484562494.251804000 0 0
1484562494.266843000 0 0
1484562494.264856000 0 0
1484562509.314016000 0 277366
1484562509.348755000 0 0
1484562509.347130000 0 0
1484562509.360493000 0 0
1484562509.358566000 0 0
1484562524.410493000 0 277934
1484562524.444138000 0 0
1484562524.442844000 0 0
1484562524.454857000 0 0
1484562524.453392000 0 0
1484562531.102135000 0 0
1484562540.401249000 0 277905
1484562540.435609000 0 0
1484562540.434240000 0 0
1484562540.446722000 0 0
1484562540.445239000 0 0
1484562531.107009000 4126 0
1484562559.697340000 0 277932
1484562559.731862000 0 0
1484562559.730896000 0 0
1484562559.743637000 0 0
1484562559.741701000 0 0
1484562574.784286000 0 277933
1484562574.822201000 0 0
1484562574.820374000 0 0
1484562574.836551000 0 0
1484562574.834549000 0 0
1484562595.889044000 0 8746
1484562612.715496000 0 15154
1484562612.730425000 0 0
1484562612.728498000 0 0
1484562612.909819000 0 8228
1484562612.921660000 0 0
1484562612.920214000 0 0
1484562658.101398000 0 278028
1484562658.136298000 0 0
1484562658.134740000 0 0
1484562658.147952000 0 0
1484562658.145953000 0 0
1484562661.559007000 0 5672
1484562661.576259000 0 0
1484562673.191385000 0 278366
1484562673.229344000 0 0
1484562673.227564000 0 0
1484562673.240590000 0 0
1484562673.239382000 0 0
1484562688.279156000 0 279320
1484562688.312962000 0 0
1484562688.311788000 0 0
1484562688.322902000 0 0
1484562688.321457000 0 0
1484562703.362036000 0 278862
1484562703.396436000 0 0
1484562703.395605000 0 0
1484562703.406467000 0 0
1484562703.405624000 0 0
1484562718.456192000 0 279311
1484562718.491482000 0 0
1484562718.489975000 0 0
1484562718.503355000 0 0
1484562718.501909000 0 0
1484562733.536795000 0 279311
1484562733.572813000 0 0
1484562733.570833000 0 0
1484562733.585399000 0 0
1484562733.583493000 0 0
1484562748.628539000 0 279311
1484562748.664392000 0 0
1484562748.662454000 0 0
1484562748.677466000 0 0
1484562748.675551000 0 0
1484562831.125486000 0 0
1484562831.129890000 4126 0
1484562878.207273000 0 279311
1484562878.241073000 0 0
1484562878.239895000 0 0
1484562878.252025000 0 0
1484562878.250747000 0 0
1484562893.836661000 0 279317
1484562893.870771000 0 0
1484562893.869740000 0 0
1484562893.880672000 0 0
1484562893.879673000 0 0
1484562895.910796000 0 8746
1484562908.912144000 0 280119
1484562908.946833000 0 0
1484562908.945925000 0 0
1484562908.957496000 0 0
1484562908.955960000 0 0
1484562912.737110000 0 15157
1484562912.748342000 0 0
1484562912.747081000 0 0
1484562912.941470000 0 8228
1484562912.953220000 0 0
1484562912.951857000 0 0
1484562924.011906000 0 280617
1484562924.048064000 0 0
1484562924.046148000 0 0
1484562924.061736000 0 0
1484562924.059777000 0 0
1484562939.109733000 0 280617
1484562939.144384000 0 0
1484562939.143089000 0 0
1484562939.155313000 0 0
1484562939.153827000 0 0
1484562954.200973000 0 280589
1484562954.236104000 0 0
1484562954.234383000 0 0
1484562954.247290000 0 0
1484562954.245581000 0 0
1484563100.236168000 0 280595
1484563100.272372000 0 0
1484563100.270396000 0 0
1484563100.285770000 0 0
1484563100.283888000 0 0
1484563115.309108000 0 280595
1484563115.342840000 0 0
1484563115.341790000 0 0
1484563115.353160000 0 0
1484563115.351639000 0 0
1484563130.397558000 0 280594
1484563130.432693000 0 0
1484563130.431393000 0 0
1484563130.444615000 0 0
1484563130.443274000 0 0
1484563131.146192000 0 0
1484563145.491818000 0 280594
1484563145.527394000 0 0
1484563145.525800000 0 0
1484563145.539018000 0 0
1484563145.537134000 0 0
1484563131.153167000 4126 0
1484563160.589132000 0 280594
1484563160.624763000 0 0
1484563160.623095000 0 0
1484563160.636679000 0 0
1484563160.634778000 0 0
1484563175.686789000 0 280594
1484563175.723209000 0 0
1484563175.721285000 0 0
1484563175.735146000 0 0
1484563175.733183000 0 0
1484563190.766205000 0 280556
1484563190.800279000 0 0
1484563190.799375000 0 0
1484563190.811817000 0 0
1484563190.809869000 0 0
1484563195.968112000 0 8746
1484563205.867041000 0 281024
1484563205.900985000 0 0
1484563205.899836000 0 0
1484563205.911147000 0 0
1484563205.909838000 0 0
1484563212.748514000 0 15157
1484563212.759384000 0 0
1484563212.758304000 0 0
1484563212.964648000 0 8228
1484563212.977494000 0 0
1484563212.975694000 0 0
1484563220.938946000 0 281487
1484563220.975200000 0 0
1484563220.974093000 0 0
1484563220.985702000 0 0
1484563220.983970000 0 0
1484563236.029960000 0 281894
1484563236.064194000 0 0
1484563236.062914000 0 0
1484563236.074975000 0 0
1484563236.073179000 0 0
1484563251.115470000 0 281922
1484563251.148960000 0 0
1484563251.148075000 0 0
1484563251.158165000 0 0
1484563251.157315000 0 0
1484563266.218353000 0 281922
1484563266.253476000 0 0
1484563266.252269000 0 0
1484563266.265901000 0 0
1484563266.263945000 0 0
1484563417.725018000 0 281928
1484563417.759004000 0 0
1484563417.758104000 0 0
1484563417.769971000 0 0
1484563417.769113000 0 0
1484563431.170987000 0 0
1484563432.791403000 0 281928
1484563432.826717000 0 0
1484563432.824796000 0 0
1484563432.839641000 0 0
1484563432.837722000 0 0
1484563447.880340000 0 281927
1484563447.915259000 0 0
1484563447.913340000 0 0
1484563447.926994000 0 0
1484563447.924989000 0 0
1484563431.178214000 4126 0
1484563462.970635000 0 281927
1484563463.006372000 0 0
1484563463.004692000 0 0
1484563463.019415000 0 0
1484563463.017463000 0 0
1484563478.062510000 0 281927
1484563478.099546000 0 0
1484563478.097618000 0 0
1484563478.112304000 0 0
1484563478.110383000 0 0
1484563493.152339000 0 281927
1484563493.186908000 0 0
1484563493.185704000 0 0
1484563493.198328000 0 0
1484563493.196983000 0 0
1484563496.075208000 0 8746
1484563508.236424000 0 281927
1484563508.271640000 0 0
1484563508.269887000 0 0
1484563508.282777000 0 0
1484563508.280800000 0 0
1484563512.784921000 0 15157
1484563512.797471000 0 0
1484563512.795890000 0 0
1484563512.987930000 0 8228
1484563513.000638000 0 0
1484563512.998954000 0 0
1484563523.321434000 0 281927
1484563523.353903000 0 0
1484563523.352544000 0 0
1484563523.362569000 0 0
1484563523.360691000 0 0
1484563538.406076000 0 281810
1484563538.444386000 0 0
1484563538.442436000 0 0
1484563538.458163000 0 0
1484563538.456068000 0 0
1484563731.196359000 0 0
1484563731.203459000 4126 0
1484563796.136988000 0 8746
1484563812.816093000 0 15160
1484563812.827756000 0 0
1484563812.826230000 0 0
1484563813.018710000 0 8228
1484563813.029821000 0 0
1484563813.028507000 0 0
1484564031.221837000 0 0
1484564031.227349000 4126 0
1484564096.192728000 0 8746
1484564112.845330000 0 15160
1484564112.856171000 0 0
1484564112.854926000 0 0
1484564113.033257000 0 8228
1484564113.046123000 0 0
1484564113.044523000 0 0
1484564331.245750000 0 0
1484564331.250891000 4126 0
1484564396.231203000 0 8746
1484564412.873926000 0 15161
1484564412.885187000 0 0
1484564412.883924000 0 0
1484564413.060293000 0 8228
1484564413.074218000 0 0
1484564413.072403000 0 0
1484564631.269642000 0 0
1484564631.274294000 4126 0
1484564696.281243000 0 8746
1484564930.353019000 0 791232
1484564930.554440000 0 0
1484564931.292349000 0 0
1484564931.297646000 4126 0
1484564996.325229000 0 8746
1484565175.694683000 0 15161
1484565175.706139000 0 0
1484565175.705281000 0 0
1484565176.029153000 0 8231
1484565176.041308000 0 0
1484565176.040229000 0 0
1484565191.904512000 0 0
1484565193.481777000 0 0
1484565193.482201000 0 0
1484565193.487972000 0 0
1484565193.486197000 0 0
1484565193.499491000 0 0
1484565193.497790000 0 0
1484565193.507768000 282 0
1484565193.508734000 398 0
1484565231.314746000 0 0
1484565231.320031000 4126 0
1484565191.605494000 0 0
1484565296.357210000 0 8746
1484565475.729627000 0 15161
1484565475.741761000 0 0
1484565475.740366000 0 0
1484565476.061728000 0 8231
1484565476.073232000 0 0
1484565476.071826000 0 0
1484565531.338189000 0 0
1484565531.346233000 4126 0
1484565596.390429000 0 8746
1484565703.298986000 0 0
1484565703.304496000 0 0
1484565801.842056000 0 15161
1484565801.853998000 0 0
1484565801.852671000 0 0
1484565831.364774000 0 0
1484565831.369596000 4126 0
1484565896.436486000 0 8746
1484565992.191171000 0 8231
1484565992.202510000 0 0
1484565992.201584000 0 0
1484566131.388570000 0 0
1484566131.393310000 4126 0
1484566226.494353000 0 8746
1484566291.882209000 0 15161
1484566291.894710000 0 0
1484566291.893227000 0 0
1484566292.221982000 0 8231
1484566292.235399000 0 0
1484566292.233893000 0 0
1484566431.410974000 0 0
1484566431.416830000 4126 0
1484566526.523676000 0 8746
1484566730.487574000 0 725680
1484566730.680657000 0 0
1484566731.433974000 0 0
1484566731.438066000 4126 0
1484566856.574571000 0 8746
1484567031.454453000 0 0
1484567031.458227000 4126 0
1484567156.614858000 0 8746
1484567331.474636000 0 0
1484567331.479988000 4126 0
1484567456.643467000 0 8746
1484567631.498576000 0 0
1484567631.503479000 4126 0
1484567756.877668000 0 8746
1484567930.544522000 0 791232
1484567930.791960000 0 0
1484567931.521922000 0 0
1484567931.527007000 4126 0
1484568086.741522000 0 8746
1484568231.545798000 0 0
1484568231.551084000 4126 0
1484568386.789750000 0 8746
1484568531.570202000 0 0
1484568531.575029000 4126 0
1484568686.829590000 0 8746
1484568810.513058000 0 15161
1484568810.525756000 0 0
1484568810.524325000 0 0
1484568810.797762000 0 8231
1484568810.809132000 0 0
1484568810.807923000 0 0
1484568831.593917000 0 0
1484568831.601338000 4126 0
1484568986.876149000 0 8746
1484569110.537556000 0 15161
1484569110.550506000 0 0
1484569110.548577000 0 0
1484569110.827031000 0 8231
1484569110.838196000 0 0
1484569110.836814000 0 0
1484569130.634378000 0 725680
1484569130.822549000 0 0
1484569131.617905000 0 0
1484569131.621185000 4126 0
1484569286.921709000 0 8746
1484569410.564066000 0 15161
1484569410.576181000 0 0
1484569410.575012000 0 0
1484569410.860068000 0 8231
1484569410.872035000 0 0
1484569410.870678000 0 0
1484569431.635944000 0 0
1484561031.356822000 0 16163
1484569431.640673000 4126 0
1484569586.973132000 0 8746
1484569594.616045000 0 0
1484569594.621138000 0 0
1484569594.630677000 0 0
1484569594.648955000 0 0
1484569594.652237000 0 0
1484569594.638265000 566 0
1484569594.658547000 282 0
1484569710.592307000 0 15161
1484569710.604284000 0 0
1484569710.603000000 0 0
1484569710.888121000 0 8231
1484569710.899990000 0 0
1484569710.898725000 0 0
1484569731.658473000 0 0
1484569731.664063000 4126 0
1484569887.009839000 0 8746
1484570031.682326000 0 0
1484570031.687187000 4126 0
1484570163.701478000 0 15161
1484570163.713644000 0 0
1484570163.712134000 0 0
1484570163.935691000 0 8231
1484570163.947865000 0 0
1484570163.946580000 0 0
1484570183.390602000 0 0
1484570183.452700000 0 0
1484570183.457107000 0 0
1484570183.466120000 0 0
1484570183.472813000 0 0
1484570183.505218000 0 0
1484570183.508238000 0 0
1484570183.511751000 0 0
1484570183.514240000 0 0
1484570187.062295000 0 8746
1484570183.388078000 282 0
1484570183.470669000 566 0
1484570183.485403000 504 0
1484570183.521634000 504 0
1484570215.106384000 0 0
1484570215.109662000 0 0
1484570215.112977000 0 0
1484570278.310559000 0 0
1484570287.713392000 0 0
1484553834.810159000 0 0
1484570287.724746000 0 0
1484570298.891043000 0 0
1484570298.894544000 0 0
1484570298.900196000 0 0
1484570331.705675000 0 0
1484570315.614345000 282 0
1484570331.710544000 4126 0
1484570407.240923000 0 0
1484570412.099559000 0 0
1484570412.124025000 0 0
1484570412.127455000 0 0
1484570412.136642000 0 0
1484570412.141035000 282 0
1484570438.285276000 0 0
1484570463.727797000 0 15161
1484570463.741440000 0 0
1484570463.739920000 0 0
1484570463.963329000 0 8231
1484570463.975127000 0 0
1484570463.973831000 0 0
1484570487.120064000 0 8746
1484570564.235720000 0 0
1484570596.495682000 0 0
1484570631.728369000 0 0
1484570631.733679000 4126 0
1484570763.759843000 0 15161
1484570763.771791000 0 0
1484570763.770632000 0 0
1484570763.984680000 0 8231
1484570763.997503000 0 0
1484570763.995822000 0 0
1484570817.154646000 0 8746
1484570930.654104000 0 266816
1484570930.787798000 0 0
1484570930.869607000 0 496248
1484570930.996498000 0 0
1484570931.751829000 0 0
1484570931.759019000 4126 0
1484571063.787090000 0 15161
1484571063.802901000 0 0
1484571063.801496000 0 0
1484571064.019398000 0 8231
1484571064.031964000 0 0
1484571064.030262000 0 0
1484571117.196966000 0 8746
1484571231.776394000 0 0
1484571231.780459000 4126 0
1484571363.820012000 0 15161
1484571363.832484000 0 0
1484571363.831130000 0 0
1484571364.042402000 0 8231
1484571364.054280000 0 0
1484571364.053017000 0 0
1484571417.242432000 0 8746
1484571531.829368000 0 0
1484571531.833844000 4126 0
1484571663.841280000 0 15161
1484571663.853531000 0 0
1484571663.852061000 0 0
1484571664.072309000 0 8231
1484571664.082954000 0 0
1484571664.081713000 0 0
1484571717.285595000 0 8746
1484571831.851851000 0 0
1484571831.856742000 4126 0
1484572005.569385000 0 0
1484572005.576563000 0 0
1484572017.332765000 0 8746
1484572040.758115000 0 8231
1484572040.764608000 0 15161
1484572040.769139000 0 0
1484572040.768040000 0 0
1484572040.776893000 0 0
1484572040.776018000 0 0
1484572131.874387000 0 0
1484572131.881141000 4126 0
1484572214.387345000 0 281908
1484572214.422313000 0 0
1484572214.421011000 0 0
1484572214.434663000 0 0
1484572214.432750000 0 0
1484572229.470193000 0 281919
1484572229.504963000 0 0
1484572229.503577000 0 0
1484572229.515640000 0 0
1484572229.514287000 0 0
1484572233.265191000 0 5672
1484572233.282995000 0 0
1484572244.557425000 0 282320
1484572244.592894000 0 0
1484572244.591414000 0 0
1484572244.604067000 0 0
1484572244.602520000 0 0
1484572259.639935000 0 282348
1484572259.675847000 0 0
1484572259.674943000 0 0
1484572259.687330000 0 0
1484572259.685944000 0 0
1484572274.753447000 0 282873
1484572274.788135000 0 0
1484572274.787125000 0 0
1484572274.796968000 0 0
1484572274.796099000 0 0
1484572289.864353000 0 282845
1484572289.898152000 0 0
1484572289.896890000 0 0
1484572289.908907000 0 0
1484572289.907096000 0 0
1484572304.963424000 0 282845
1484572305.000777000 0 0
1484572304.998850000 0 0
1484572305.013148000 0 0
1484572305.011169000 0 0
1484572317.374749000 0 8746
1484572320.071406000 0 283268
1484572320.104441000 0 0
1484572320.103575000 0 0
1484572320.112885000 0 0
1484572320.112034000 0 0
1484572335.161288000 0 283329
1484572335.195686000 0 0
1484572335.194455000 0 0
1484572335.205261000 0 0
1484572335.204092000 0 0
1484572350.250704000 0 284162
1484572350.285271000 0 0
1484572350.283927000 0 0
1484572350.296219000 0 0
1484572350.294805000 0 0
1484572365.333676000 0 284227
1484572365.368817000 0 0
1484572365.367481000 0 0
1484572365.378243000 0 0
1484572365.377055000 0 0
1484572380.429443000 0 284228
1484572380.463641000 0 0
1484572380.462435000 0 0
1484572380.474572000 0 0
1484572380.473373000 0 0
1484572395.518832000 0 284227
1484572395.554572000 0 0
1484572395.553187000 0 0
1484572395.565083000 0 0
1484572395.563686000 0 0
1484572410.613048000 0 284227
1484572410.647318000 0 0
1484572410.646062000 0 0
1484572410.658884000 0 0
1484572410.657437000 0 0
1484572425.706104000 0 284227
1484572425.742404000 0 0
1484572425.740924000 0 0
1484572425.755339000 0 0
1484572425.753413000 0 0
1484572431.898993000 0 0
1484572440.893428000 0 284228
1484572440.927860000 0 0
1484572440.926929000 0 0
1484572440.939920000 0 0
1484572440.937996000 0 0
1484572431.906666000 4126 0
1484572510.048448000 0 15161
1484572510.060256000 0 0
1484572510.058948000 0 0
1484572513.577762000 0 8231
1484572513.590048000 0 0
1484572513.588323000 0 0
1484572536.756627000 0 284234
1484572536.790642000 0 0
1484572536.789459000 0 0
1484572536.800918000 0 0
1484572536.799687000 0 0
1484572548.964323000 0 234040
1484572549.059336000 0 0
1484572551.844282000 0 284234
1484572551.878466000 0 0
1484572551.876942000 0 0
1484572551.891761000 0 0
1484572551.890267000 0 0
1484572559.011559000 0 234600
1484572562.007300000 0 0
1484572566.935695000 0 284233
1484572566.972142000 0 0
1484572566.970319000 0 0
1484572566.985027000 0 0
1484572566.983089000 0 0
1484572582.028128000 0 284233
1484572582.064234000 0 0
1484572582.062518000 0 0
1484572582.076937000 0 0
1484572582.075204000 0 0
1484572597.114092000 0 284233
1484572597.150465000 0 0
1484572597.148585000 0 0
1484572597.162401000 0 0
1484572597.160439000 0 0
1484572592.183317000 0 267944
1484572605.511797000 0 0
1484572612.202960000 0 284233
1484572612.239530000 0 0
1484572612.237534000 0 0
1484572612.251440000 0 0
1484572612.249474000 0 0
1484572617.437269000 0 8746
1484572627.289328000 0 284233
1484572627.326003000 0 0
1484572627.324347000 0 0
1484572627.337628000 0 0
1484572627.335667000 0 0
1484572642.375571000 0 284233
1484572642.413124000 0 0
1484572642.411189000 0 0
1484572642.424984000 0 0
1484572642.423048000 0 0
1484572657.467096000 0 284095
1484572657.502883000 0 0
1484572657.501419000 0 0
1484572657.515039000 0 0
1484572657.513155000 0 0
1484572730.673222000 0 463472
1484572730.821130000 0 0
1484572730.884571000 0 496248
1484572731.002406000 0 0
1484572731.923452000 0 0
1484572731.927028000 4126 0
1484572808.602083000 0 284669
1484572808.638260000 0 0
1484572808.636904000 0 0
1484572808.650408000 0 0
1484572808.648484000 0 0
1484572810.068206000 0 15161
1484572810.081036000 0 0
1484572810.079778000 0 0
1484572813.603826000 0 8231
1484572813.615967000 0 0
1484572813.613569000 0 0
1484572849.790824000 0 284623
1484572849.826155000 0 0
1484572849.824839000 0 0
1484572849.836602000 0 0
1484572849.835182000 0 0
1484572917.479199000 0 8746
1484572926.706774000 0 284543
1484572926.742866000 0 0
1484572926.741370000 0 0
1484572926.753432000 0 0
1484572926.752020000 0 0
1484573031.942221000 0 0
1484573031.949389000 4126 0
1484573110.099575000 0 15161
1484573110.114287000 0 0
1484573110.112977000 0 0
1484573113.636756000 0 8231
1484573113.648128000 0 0
1484573113.646892000 0 0
1484573217.549828000 0 8746
1484573332.003599000 0 0
1484573332.008489000 4126 0
1484573410.131901000 0 15161
1484573410.144366000 0 0
1484573410.142934000 0 0
1484573413.666969000 0 8231
1484573413.678185000 0 0
1484573413.676941000 0 0
1484573517.777513000 0 8746
1484573632.026527000 0 0
1484573632.031122000 4126 0
1484573786.562659000 0 0
1484573786.602897000 0 0
1484573786.605784000 0 0
1484573786.613839000 0 0
1484573786.620197000 282 0
1484573847.683585000 0 8746
1484573932.048737000 0 0
1484573940.170527000 0 15161
1484573940.182887000 0 0
1484573940.181534000 0 0
1484573940.453603000 0 8231
1484573940.464014000 0 0
1484573940.463142000 0 0
1484573932.053349000 4126 0
1484574147.740600000 0 8746
1484574232.071700000 0 0
1484574240.193378000 0 15161
1484574240.207333000 0 0
1484574240.205542000 0 0
1484574240.484130000 0 8231
1484574240.495284000 0 0
1484574240.493974000 0 0
1484574232.078802000 4126 0
1484574376.485265000 0 122
1484574376.495643000 0 0
1484574376.494689000 0 20598
1484574376.494600000 0 0
1484574376.505809000 0 0
1484574376.504767000 0 0
1484574376.512694000 0 146
1484574376.513785000 0 0
1484574376.519549000 0 0
1484574376.521196000 0 0
1484574376.520266000 0 0
1484574376.606486000 0 193
1484574376.617635000 0 0
1484574376.615948000 0 0
1484574376.692752000 0 228
1484574376.701688000 0 0
1484574376.700635000 0 0
1484574376.708021000 0 0
1484553798.350632000 0 32768
1484574376.715001000 0 0
1484553798.345686000 0 38796736
1484574376.728736000 0 0
1484574376.731367000 0 0
1484574376.784232000 0 8746
1484574376.789586000 0 259
1484574376.800665000 0 0
1484574376.798986000 0 0
1484553799.466226000 0 0
1484574376.825228000 0 288
1484574376.832062000 0 0
1484553796.565591000 0 32768
1484574376.838171000 0 0
1484574376.840491000 0 0
1484574376.836920000 0 0
1484553796.562154000 90456 64440960
1484574376.850805000 0 0
1484574376.853753000 0 0
1484553796.555190000 6029312 42827776
1484574376.922798000 0 0
1484553798.860529000 0 32768
1484574376.930626000 0 0
1484553798.857566000 0 1854184
1484574376.940354000 0 0
1484574376.943452000 0 0
1484574376.948744000 0 0
1484574376.957691000 0 0
1484574376.969736000 0 0
1484574376.974017000 0 41112
1484574376.999120000 0 0
1484574377.003596000 0 0
1484574377.007249000 0 0
1484574376.952500000 0 0
1484574377.010831000 0 0
1484574377.050751000 0 6431
1484574377.060973000 0 0
1484574377.059665000 0 0
1484574377.071271000 0 0
1484574381.613248000 0 0
1484574381.624461000 0 0
1484574381.628328000 0 179
1484574381.637739000 0 0
1484574381.643397000 0 0
1484574381.647556000 0 0
1484574381.616795000 0 0
1484574381.651556000 0 0
1484555271.073423000 0 13672
1484574381.673890000 0 0
1484574381.678270000 0 0
1484574381.690085000 0 0
1484574381.727314000 0 70160
1484574381.758391000 0 0
1484574382.295099000 0 85
1484574382.317117000 0 0
1484574382.337044000 0 109
1484574382.345648000 0 0
1484574382.416590000 0 144
1484574382.423621000 0 0
1484574382.435089000 0 0
1484554732.630042000 0 32768
1484574382.442546000 0 0
1484554732.625922000 0 3208
1484574382.451360000 0 0
1484574382.453998000 0 0
1484574382.550375000 0 0
1484574382.568397000 0 0
1484574382.574887000 0 0
1484574382.581346000 0 0
1484574382.587545000 0 0
1484574382.593754000 0 0
1484574382.600142000 0 0
1484574382.615771000 0 0
1484574382.572909000 0 340
1484574382.635388000 0 0
1484574382.639662000 0 0
1484574382.556794000 0 0
1484574382.643536000 0 0
1484554730.906907000 27629 291582
1484569431.759060000 0 19521
1484554732.055228000 354585 177318
1484574381.699127000 0 2899
1484574382.664326000 0 27671
1484574382.730640000 0 319
1484574382.734231000 0 175
1484574382.744166000 0 0
1484574382.767362000 0 204
1484574382.778537000 0 0
1484574382.796141000 0 0
1484554733.939211000 0 32768
1484574382.803464000 0 0
1484554733.933829000 114888 229608
1484574382.813515000 0 0
1484574382.816487000 0 0
1484574382.824489000 0 0
1484554733.921800000 0 4096
1484574382.831984000 0 0
1484574382.836758000 0 0
1484554733.917655000 0 0
1484574382.844707000 0 0
1484574382.850395000 0 0
1484574382.866115000 0 0
1484574382.872720000 0 26610
1484574382.896836000 0 0
1484574382.901191000 0 0
1484574382.854799000 0 0
1484574382.905077000 0 0
1484574382.959617000 0 0
1484553798.867360000 0 0
1484553795.668411000 0 0
1484554733.963555000 0 0
1484554733.930680000 0 0
1484554727.768914000 0 0
1484554235.384544000 167936 65536
1484553796.376929000 23552 0
1484553798.333243000 1212416 11403264
1484553796.110681000 610304 4096
1484553796.133476000 16384 4096
1484553798.848497000 1343488 425984
1484553797.251363000 4096 0
1484553354.067958000 0 0
1484553349.454337000 0 0
1484553348.805436000 0 0
1484574401.484257000 0 0
1484574401.538543000 0 0
1484574401.555329000 0 0
1484574401.560015000 0 0
1484574401.586181000 0 0
1484574401.600927000 0 0
1484574401.623895000 0 0
1484574401.925154000 0 0
1484574402.015398000 0 0
1484574402.030626000 0 0
1484574402.101581000 0 0
1484574402.472909000 0 0
1484574402.234019000 0 0
1484574402.476249000 0 0
1484574402.484476000 0 0
1484574402.488669000 0 0
1484574402.501824000 0 0
1484574402.505242000 0 0
1484574402.508532000 0 0
1484574402.520253000 0 0
1484574402.489915000 0 0
1484574401.542013000 0 0
1484574401.410708000 0 0
1484574401.408920000 0 0
1484554729.630304000 2502656 12713984
1484554732.615602000 8192 4096
1484554730.399865000 20480 0
1484574382.610850000 1916 0
1484574382.621430000 2371 0
1484554978.767446000 65536 0
1484554728.554347000 4096 0
1484554728.035209000 86016 4096
1484554728.053255000 8192 4096
1484554733.923498000 1409024 131072
1484554733.906605000 98304 0
1484554732.785479000 24946 0
1484554732.752985000 11264 0
1484554732.734754000 7740 0
1484574402.243925000 0 0
1484574401.799212000 0 0
1484574408.026945000 0 0
1484574408.028165000 0 0
1484553340.867702000 0 0
1484574402.492598000 398 0
1484574402.498498000 282 0
1484574401.576114000 175 0
1484574401.600696000 202 0
1484574401.639601000 128 0
1484574401.665759000 152 0
1484574401.689280000 121 0
1484574401.723380000 142 0
1484574401.741149000 204 0
1484574401.767622000 175 0
1484574401.842183000 128 0
1484574401.877551000 233 0
1484574401.897118000 206 0
1484574401.911623000 188 0
1484574401.934605000 156 0
1484574401.957444000 105 0
1484574401.990494000 203 0
1484574401.616746000 42 0
1484574401.649932000 112 0
1484574401.672392000 157 0
1484574401.708492000 117 0
1484574401.732797000 126 0
1484574401.757655000 121 0
1484574401.809388000 139 0
1484574401.854894000 135 0
1484574401.889219000 115 0
1484574401.905396000 118 0
1484574401.923161000 226 0
1484574401.943906000 152 0
1484574401.964592000 174 0
1484574402.003600000 226 0
1484574402.012177000 197 0
1484574402.033016000 219 0
1484574402.050518000 118 0
1484574402.080671000 138 0
1484574402.108038000 126 0
1484574402.130944000 122 0
1484574402.155782000 188 0
1484574402.175229000 160 0
1484574402.201854000 120 0
1484574402.027577000 106 0
1484574402.041747000 175 0
1484574402.068186000 226 0
1484574402.095661000 302 0
1484574402.117773000 134 0
1484574402.143916000 134 0
1484574402.163381000 134 0
1484574402.192025000 144 0
1484574402.209363000 134 0
1484574402.218886000 134 0
1484574402.229060000 134 0
1484574402.251001000 291 0
1484574402.264766000 110 0
1484574402.289422000 174 0
1484574402.301662000 114 0
1484574402.311292000 136 0
1484574402.336364000 200 0
1484574402.368931000 227 0
1484574402.377541000 200 0
1484574402.390332000 138 0
1484574402.407823000 150 0
1484574402.427837000 152 0
1484574402.441562000 172 0
1484574402.447604000 158 0
1484574402.458552000 140 0
1484574402.472606000 128 0
1484574402.512258000 127 0
1484574402.545026000 122 0
1484574402.569438000 122 0
1484574402.582023000 170 0
1484574402.591424000 165 0
1484574402.605133000 165 0
1484574402.636396000 114 0
1484574402.658473000 253 0
1484574402.664031000 119 0
1484574402.677715000 150 0
1484574402.693564000 133 0
1484574402.704574000 133 0
1484574402.711940000 134 0
1484574402.735458000 133 0
1484574402.754155000 133 0
1484574402.767035000 107 0
1484574402.783834000 165 0
1484574402.794901000 175 0
1484574402.808368000 226 0
1484574402.817456000 113 0
1484574402.832047000 302 0
1484574402.846894000 46 0
1484574402.862887000 143 0
