1484552987.320372000 0 0
1484552987.326029000 0 0
1484552987.331543000 0 0
1484552987.336779000 0 0
1484552987.340909000 0 0
1484552988.013866000 0 0
1484552988.141867000 282 0
1484552993.971952000 0 0
1484552993.974628000 0 0
1484552993.982715000 0 0
1484552997.568824000 0 0
1484552997.571497000 0 0
1484552997.577830000 0 0
1484552997.586050000 0 0
1484552997.626023000 0 0
1484552997.825308000 0 0
1484552997.825414000 0 0
1484552998.893297000 0 0
1484552998.896018000 0 0
1484552992.632831000 122 0
1484552999.044007000 0 0
1484552997.907214000 1506 0
1484552998.063851000 1464 0
1484552998.074856000 465 0
1484552999.051075000 0 0
1484552998.087495000 1385 0
1484552998.115531000 721 0
1484552999.056265000 0 0
1484552993.858071000 282 0
1484552999.060609000 0 0
1484552998.049065000 6376094 0
1484552998.103307000 1313 0
1484552999.030610000 402 0
1484552999.091462000 0 0
1484552999.229636000 1506 0
1484552999.245872000 1464 0
1484552999.698767000 465 0
1484552999.947451000 1385 0
1484552999.955607000 721 0
1484552999.084879000 504 0
1484552999.111150000 16896 0
1484552999.158622000 13824 0
1484552999.217479000 21504 0
1484552999.232104000 0 0
1484552999.248226000 0 0
1484552999.433225000 14336 0
1484552999.678985000 14848 0
1484552999.704913000 0 0
1484552999.926115000 8192 0
1484552999.950027000 0 0
1484552999.959624000 0 0
1484553000.024493000 14848 0
1484552999.041893000 4096 0
1484553019.701377000 282 0
1484553056.555484000 0 0
1484553057.606505000 0 0
1484553057.622231000 0 0
1484553057.631289000 0 0
1484553057.644275000 0 0
1484553057.658075000 0 0
1484553057.660882000 0 0
1484553057.667407000 0 0
1484553057.671447000 0 0
1484553057.678965000 0 0
1484553057.813159000 0 0
1484553057.841760000 0 0
1484553058.138617000 0 0
1484553058.320631000 0 0
1484553058.529963000 0 0
1484553058.533918000 0 0
1484553058.537877000 0 0
1484553058.541868000 0 0
1484553058.545167000 0 0
1484553058.586009000 0 0
1484553058.642118000 0 0
1484553058.647296000 0 0
1484553059.009990000 0 0
1484553059.026940000 0 0
1484553059.272271000 0 0
1484553060.043961000 0 0
1484553060.211993000 0 0
1484553060.338821000 0 0
1484553060.508326000 0 0
1484553060.632904000 0 0
1484553060.639211000 0 18830
1484553060.913540000 0 0
1484553060.919317000 0 0
1484553060.606697000 18830 0
1484553060.618786000 0 0
1484553060.924291000 0 0
1484553061.278648000 0 0
1484553061.375886000 0 0
1484553061.859529000 0 0
1484553061.898388000 0 0
1484553062.034934000 0 0
1484553062.184924000 0 0
1484553062.513053000 0 0
1484553062.516224000 0 0
1484553062.969016000 0 0
1484553062.982127000 0 0
1484553063.005767000 0 0
1484553063.032482000 0 0
1484553063.002992000 0 0
1484553063.040650000 0 0
1484553063.069575000 0 0
1484553063.073833000 0 0
1484553063.080358000 0 0
1484553063.085218000 0 0
1484553063.089847000 0 0
1484553063.095066000 0 0
1484553063.100581000 0 0
1484553063.060533000 0 0
1484553063.109756000 0 0
1484553063.114906000 0 0
1484553063.120850000 0 0
1484553063.127123000 0 0
1484553064.131847000 0 0
1484553064.203750000 524288 0
1484553064.603959000 0 0
1484553064.656819000 0 0
1484553064.665814000 0 0
1484553064.684282000 0 0
1484553065.280879000 0 0
1484553065.284909000 0 2
1484553065.296058000 0 0
1484553065.299422000 0 0
1484553064.672982000 2 0
1484553065.270651000 0 0
1484553065.302664000 0 0
1484553065.339952000 0 53
1484553061.264727000 204 0
1484553065.348932000 0 0
1484553065.723907000 0 0
1484553065.741863000 0 0
1484553066.127151000 0 0
1484553066.383844000 0 0
1484553066.423617000 0 0
1484553066.556006000 0 0
1484553066.585056000 0 0
1484553060.048330000 0 0
1484553074.290617000 0 0
1484553074.364470000 2744 4287
1484553076.849606000 0 0
1484553077.698111000 0 0
1484553077.718636000 0 0
1484553077.731633000 0 0
1484553077.739496000 0 0
1484553077.756203000 0 0
1484553077.761106000 0 0
1484553077.782925000 0 0
1484553077.788139000 0 0
1484553077.791341000 0 0
1484553077.797679000 0 0
1484553077.919661000 0 0
1484553077.964328000 0 0
1484553078.061013000 0 0
1484553078.066558000 0 0
1484553078.070793000 0 0
1484553078.076274000 0 0
1484553078.079717000 0 0
1484553078.114684000 0 0
1484553078.193066000 0 0
1484553078.440401000 0 0
1484553078.445061000 0 0
1484553078.447955000 0 0
1484553078.469652000 0 0
1484553078.499184000 0 0
1484553078.519144000 0 0
1484553078.620312000 0 0
1484553078.625080000 0 0
1484553078.628904000 0 0
1484553078.635328000 0 0
1484553078.680046000 0 0
1484553078.694150000 0 0
1484553078.698003000 0 0
1484553078.757638000 0 0
1484553079.532812000 0 0
1484553079.545173000 0 0
1484553079.553381000 0 0
1484553079.599618000 0 0
1484553079.621479000 0 0
1484553079.666775000 0 0
1484553079.817717000 0 0
1484553079.944746000 0 0
1484553079.949922000 0 18830
1484553080.253450000 0 0
1484553080.259050000 0 0
1484553079.918875000 18830 0
1484553079.930423000 0 0
1484553080.263883000 0 0
1484553080.317115000 0 0
1484553080.444542000 0 0
1484553080.470884000 0 0
1484553080.475529000 0 2
1484553080.483754000 0 0
1484553080.486822000 0 0
1484553079.550994000 2 0
1484553080.459644000 0 0
1484553080.490822000 0 0
1484553081.522383000 131072 0
1484553081.556416000 0 0
1484553081.689318000 0 0
1484553081.760156000 0 0
1484553081.763543000 0 0
1484553081.777061000 0 0
1484553081.793189000 0 0
1484553081.803609000 0 53
1484553080.376279000 241 0
1484553081.813282000 0 0
1484553081.780062000 0 0
1484553081.810948000 0 0
1484553081.775727000 0 0
1484553081.857250000 0 0
1484553081.868705000 0 0
1484553081.850653000 0 4096
1484553081.876231000 0 0
1484553081.846962000 0 0
1484553081.886984000 0 0
1484553081.890667000 0 0
1484553081.894851000 0 0
1484553081.904255000 0 0
1484553081.929643000 0 90
1484553081.937175000 0 0
1484553081.947909000 0 0
1484553057.638115000 10 0
1484553057.655732000 122 0
1484553057.741585000 208 0
1484553058.120044000 33634 0
1484553058.257214000 4431 0
1484553058.334499000 16384 0
1484553058.492569000 319 0
1484553059.094754000 497 0
1484553060.196942000 14736 0
1484553060.238063000 8416 0
1484553060.363385000 208620 0
1484553061.294565000 3072 0
1484553061.888015000 68742 0
1484553061.913784000 8 0
1484553062.041919000 504 0
1484553062.123819000 7636 0
1484553062.265519000 6083 0
1484553062.978673000 803 0
1484553074.392010000 0 0
1484553089.393372000 0 0
1484553063.395844000 10 0
1484553064.137024000 373 0
1484553064.849150000 1766 0
1484553065.384878000 9188 0
1484553062.334756000 29 0
1484553065.418932000 9833 0
1484553065.631902000 560 0
1484553093.027651000 0 6083
1484553093.037496000 0 0
1484553093.935760000 0 0
1484553081.899652000 0 4096
1484553093.946415000 0 0
1484553093.952405000 0 0
1484553081.895376000 0 0
1484553093.963389000 0 0
1484553081.694442000 0 0
1484553081.713041000 10887 0
1484553057.602989000 564 0
1484553077.736933000 10 0
1484553077.750623000 10 0
1484553077.759117000 122 0
1484553077.847427000 208 0
1484553078.013135000 21476 0
1484553078.222080000 16384 0
1484553078.442530000 771 0
1484553078.706214000 185 0
1484553079.645533000 8416 0
1484553079.692321000 237211 0
1484553080.374270000 116 0
1484553080.454928000 2036 0
1484553080.771845000 309 0
1484553080.821332000 4556 0
1484553081.773678000 29 0
1484553081.880318000 36522 0
1484553081.899323000 1251 0
1484553081.051642000 29 0
1484553084.208643000 55 0
1484553109.902438000 0 0
1484553111.685059000 0 0
1484553111.701780000 0 0
1484553111.706892000 0 21556
1484553111.726105000 0 0
1484553111.731556000 0 0
1484553111.735662000 0 0
1484553111.689781000 0 0
1484553111.739941000 0 0
1484553090.433250000 85 0
1484553116.238670000 0 0
1484553116.247580000 0 0
1484553116.256286000 0 0
1484553116.261408000 0 0
1484553116.285313000 0 66
1484553116.278874000 66 0
1484553116.292280000 0 0
1484553119.837560000 0 0
1484553119.878554000 0 137
1484553119.889958000 0 0
1484553119.849485000 137 0
1484553119.887857000 0 0
1484553119.905616000 0 0
1484553119.933255000 0 0
1484553119.935866000 0 0
1484553119.977915000 0 65625
1484553119.992714000 0 0
1484553119.991985000 0 0
1484553081.841701000 40960 0
1484553109.909210000 8416 0
1484553135.761588000 0 0
1484553135.772291000 0 0
1484553135.786998000 0 0
1484553135.794106000 0 0
1484553135.823575000 0 66
1484553135.813997000 66 0
1484553135.831880000 0 0
1484553138.860884000 0 0
1484553138.900046000 0 137
1484553138.909625000 0 0
1484553138.883560000 137 0
1484553138.908485000 0 0
1484553138.922519000 0 0
1484553138.930511000 0 0
1484553138.946193000 0 0
1484553138.950995000 0 14693
1484553138.961392000 0 0
1484553138.959989000 0 0
1484553138.977607000 0 0
1484553138.986065000 0 0
1484553139.071195000 0 0
1484553139.082795000 0 0
1484553139.117696000 0 0
1484553139.146695000 0 0
1484553139.165459000 0 0
1484553139.271901000 0 0
1484553139.303691000 0 0
1484553139.341391000 0 0
1484553139.372119000 0 0
1484553139.390102000 0 0
1484553139.399240000 0 0
1484553139.417176000 0 0
1484553139.436601000 0 0
1484553139.443377000 0 0
1484553139.458203000 0 0
1484553139.475168000 0 0
1484553139.484955000 0 0
1484553139.492891000 0 0
1484553139.500428000 0 0
1484553139.508298000 0 0
1484553139.525615000 0 0
1484553139.544913000 0 0
1484553139.560898000 0 0
1484553139.581299000 0 0
1484553139.588163000 0 0
1484553139.595742000 0 0
1484553139.605905000 0 0
1484553139.613842000 0 0
1484553139.627000000 0 0
1484553139.634994000 0 0
1484553139.657737000 0 0
1484553139.665188000 0 0
1484553139.671817000 0 0
1484553139.679599000 0 0
1484553139.696392000 0 0
1484553139.707641000 0 0
1484553139.715388000 0 0
1484553139.724908000 0 0
1484553139.733055000 0 0
1484553139.742807000 0 0
1484553139.751023000 0 0
1484553139.764845000 0 0
1484553139.792789000 0 0
1484553139.798346000 0 0
1484553139.804028000 0 0
1484553139.808840000 0 0
1484553139.814535000 0 0
1484553139.832069000 0 0
1484553139.849451000 0 0
1484553139.854503000 0 0
1484553139.863610000 0 0
1484553139.870422000 0 0
1484553139.875169000 0 0
1484553139.880371000 0 0
1484553139.892027000 0 0
1484553140.253308000 0 0
1484553140.261595000 0 0
1484553140.281003000 0 0
1484553140.294647000 0 0
1484553140.303149000 0 0
1484553140.321790000 0 0
1484553140.338457000 0 0
1484553140.347082000 0 0
1484553140.354160000 0 0
1484553140.361728000 0 0
1484553140.374299000 0 0
1484553140.383824000 0 0
1484553140.404884000 0 0
1484553140.426275000 0 0
1484553140.552072000 0 0
1484553140.563297000 0 0
1484553140.594017000 0 0
1484553140.603542000 0 0
1484553140.617073000 0 0
1484553140.623100000 0 0
1484553140.639383000 0 0
1484553140.649514000 0 0
1484553140.669416000 0 0
1484553140.680578000 0 0
1484553140.694697000 0 0
1484553140.701226000 0 0
1484553140.707836000 0 0
1484553140.714464000 0 0
1484553140.723925000 0 0
1484553140.736234000 0 0
1484553140.742901000 0 0
1484553140.750834000 0 0
1484553140.758237000 0 0
1484553140.767744000 0 0
1484553140.777043000 0 0
1484553140.785376000 0 0
1484553140.793185000 0 0
1484553140.800946000 0 0
1484553140.816752000 0 0
1484553140.902508000 0 0
1484553140.908788000 0 0
1484553141.031394000 0 0
1484553141.051558000 0 0
1484553141.074521000 0 0
1484553141.082808000 0 0
1484553141.097220000 0 0
1484553141.110039000 0 0
1484553141.118106000 0 0
1484553141.125111000 0 0
1484553141.133940000 0 0
1484553141.141920000 0 0
1484553141.209758000 0 0
1484553141.235962000 0 0
1484553141.244552000 0 0
1484553141.256528000 0 0
1484553141.263421000 0 0
1484553141.270301000 0 0
1484553141.276681000 0 0
1484553141.376887000 0 0
1484553141.386818000 0 0
1484553141.394056000 0 0
1484553141.403345000 0 0
1484553141.465838000 0 0
1484553141.495798000 0 0
1484553119.930721000 5 0
1484553120.019258000 51 0
1484553139.062562000 51 0
1484553361.817323000 0 0
1484553361.834865000 3338 3430
1484553361.847147000 0 0
1484553361.864417000 0 0
1484553361.886220000 40029 3265
1484553361.906923000 0 0
1484553364.165658000 0 367
1484553364.181564000 0 0
1484553364.179660000 0 0
1484553366.573914000 0 319
1484553361.858162000 5011 0
1484553422.643224000 0 208787
1484553422.670290000 0 0
1484553422.669463000 0 0
1484553559.489252000 0 0
1484553559.492558000 0 0
1484553559.496252000 0 0
1484553559.499066000 0 0
1484553559.643523000 0 0
1484553559.783069000 0 4556
1484553559.795301000 0 0
1484553559.794331000 0 0
1484553559.639574000 3078 0
1484553559.732541000 763 0
1484553661.138692000 0 7636
1484553661.151268000 0 0
1484553661.149480000 0 0
1484553662.365855000 0 0
1484553662.381276000 0 0
1484553662.511002000 0 0
1484553662.522162000 12817 627
1484553681.374190000 0 237378
1484553681.403472000 0 0
1484553681.402630000 0 0
1484553662.372979000 5011 0
1484553720.116476000 0 70372
1484553720.131697000 0 0
1484553720.130347000 0 0
1484553739.039051000 0 16166
1484553739.054289000 0 0
1484553739.052264000 0 0
1484553920.522094000 0 1251
1484553920.533978000 0 0
1484553920.532528000 0 0
1484553962.557436000 0 0
1484553979.906642000 0 771
1484553962.563174000 5011 0
1484554020.182502000 0 70421
1484554020.198841000 0 0
1484554020.197941000 0 0
1484554039.077873000 0 16166
1484554039.090862000 0 0
1484554039.088977000 0 0
1484554262.586976000 0 0
1484554262.594829000 5011 0
1484554320.284240000 0 70441
1484554320.300964000 0 0
1484554320.299348000 0 0
1484554339.106871000 0 16190
1484554339.118868000 0 0
1484554339.117117000 0 0
1484554562.618255000 0 0
1484554562.625484000 5011 0
1484554620.346181000 0 70452
1484554620.363063000 0 0
1484554620.361799000 0 0
1484554639.144386000 0 16212
1484554639.155554000 0 0
1484554639.154214000 0 0
1484554862.687268000 0 0
1484554862.691698000 5011 0
1484554920.424343000 0 70466
1484554920.438322000 0 0
1484554920.437502000 0 0
1484554939.181335000 0 16213
1484554939.193979000 0 0
1484554939.192592000 0 0
1484555031.333202000 0 0
1484555035.966876000 0 0
1484555035.973499000 0 0
1484555031.340607000 8416 0
1484555162.717830000 0 0
1484553064.944242000 773492 17209
1484555162.725114000 5011 0
1484555220.498876000 0 70549
1484555220.514227000 0 0
1484555220.512861000 0 0
1484555239.218787000 0 16341
1484555239.230234000 0 0
1484555239.228905000 0 0
1484555462.753946000 0 0
1484555462.759304000 5011 0
1484555520.574369000 0 70555
1484555520.591764000 0 0
1484555520.590471000 0 0
1484555539.264317000 0 16341
1484555539.278981000 0 0
1484555539.277251000 0 0
1484555762.791275000 0 0
1484555762.796308000 5011 0
1484555820.642435000 0 70557
1484555820.660169000 0 0
1484555820.658838000 0 0
1484555839.302678000 0 16349
1484555839.317442000 0 0
1484555839.315028000 0 0
1484556034.161428000 0 0
1484556046.250051000 0 0
1484556058.324651000 0 0
1484556062.821382000 0 0
1484556070.411207000 0 0
1484556082.510191000 0 0
1484556062.825467000 5011 0
1484556094.609832000 0 0
1484556106.715273000 0 0
1484556118.813444000 0 0
1484556120.703288000 0 70575
1484556120.718319000 0 0
1484556120.717420000 0 0
1484556139.318038000 0 16349
1484556139.329988000 0 0
1484556139.329089000 0 0
1484556034.169307000 8416 0
1484556362.850425000 0 0
1484556362.858188000 5011 0
1484556420.780948000 0 70790
1484556420.797426000 0 0
1484556420.796509000 0 0
1484556439.356067000 0 16357
1484556439.370958000 0 0
1484556439.369578000 0 0
1484556662.924657000 0 0
1484556662.928409000 5011 0
1484556720.854582000 0 71252
1484556720.870739000 0 0
1484556720.869924000 0 0
1484556729.105264000 0 0
1484556729.108313000 0 0
1484556729.112599000 0 0
1484556729.118218000 0 0
1484556739.399251000 0 16357
1484556739.414035000 0 0
1484556739.411982000 0 0
1484556962.965075000 0 0
1484556964.402100000 0 373
1484556964.416128000 0 0
1484556964.414672000 0 0
1484556962.971795000 5011 0
1484557020.933297000 0 71779
1484557020.949112000 0 0
1484557020.947806000 0 0
1484557039.431298000 0 16374
1484557039.444662000 0 0
1484557039.443002000 0 0
1484557061.601322000 0 0
1484557061.650998000 0 0
1484557061.656706000 0 0
1484557061.667664000 0 0
1484557070.365184000 0 0
1484557072.495517000 0 0
1484557072.640248000 0 0
1484557061.676503000 282 0
1484557070.370043000 143360 0
1484557072.669565000 0 0
1484557072.672759000 0 0
1484557072.673162000 0 0
1484557072.681289000 0 0
1484557072.689826000 0 0
1484557072.738711000 0 0
1484557072.741139000 0 0
1484557072.741466000 0 0
1484557072.744493000 0 0
1484557072.748905000 0 0
1484557072.751080000 0 0
1484557072.753663000 0 0
1484557072.756405000 0 0
1484557072.759098000 0 0
1484557072.761644000 0 0
1484557072.764199000 0 0
1484557072.778423000 0 0
1484557072.781018000 0 0
1484557072.783615000 0 0
1484557073.848384000 0 0
1484557073.873839000 0 0
1484557073.891853000 0 0
1484557073.892250000 0 0
1484557073.892533000 0 0
1484557073.892813000 0 0
1484557073.896109000 0 0
1484557073.896669000 0 0
1484557073.896869000 0 0
1484557073.899004000 0 0
1484557073.900248000 0 0
1484557073.899987000 0 0
1484557073.901871000 0 0
1484557073.902954000 0 0
1484557073.903819000 0 0
1484557073.904727000 0 0
1484557073.905546000 0 0
1484557073.907061000 0 0
1484557073.910209000 0 0
1484557073.913173000 0 0
1484557073.916124000 0 0
1484557073.920257000 0 0
1484557073.923997000 0 0
1484557074.590677000 0 0
1484557074.596647000 0 0
1484557074.602622000 0 0
1484557074.608558000 0 0
1484557074.614172000 0 0
1484557075.150871000 0 0
1484557075.165077000 0 0
1484557075.193187000 0 0
1484557075.193122000 0 0
1484557075.193351000 0 0
1484557075.193235000 0 0
1484557075.197723000 0 0
1484557075.201211000 0 0
1484557075.205382000 0 0
1484557075.208823000 0 0
1484557075.212243000 0 0
1484557075.216511000 0 0
1484557075.220779000 0 0
1484557075.224459000 0 0
1484557075.228041000 0 0
1484557075.231447000 0 0
1484557075.234918000 0 0
1484557075.238425000 0 0
1484557076.923654000 0 0
1484557075.148961000 0 0
1484557076.988076000 0 0
1484557073.857178000 0 0
1484557078.774369000 0 0
1484557078.777568000 0 0
1484557078.788600000 0 0
1484557078.791295000 0 0
1484557078.794022000 0 0
1484557078.806505000 0 0
1484557078.809773000 0 0
1484557078.812480000 0 0
1484557084.266244000 0 0
1484557084.307727000 0 0
1484557084.308036000 0 0
1484557084.308084000 0 0
1484557084.308296000 0 0
1484557084.311316000 0 0
1484557084.312370000 0 0
1484557084.312778000 0 0
1484557084.314309000 0 0
1484557084.315043000 0 0
1484557084.316811000 0 0
1484557084.318618000 0 0
1484557084.318723000 0 0
1484557084.322231000 0 0
1484557084.322388000 0 0
1484557084.325953000 0 0
1484557084.329848000 0 0
1484557084.333193000 0 0
1484557084.336362000 0 0
1484557084.339354000 0 0
1484557084.342636000 0 0
1484557084.345535000 0 0
1484557085.803511000 0 0
1484557085.841616000 0 0
1484557085.841286000 0 0
1484557085.841473000 0 0
1484557085.841857000 0 0
1484557085.846626000 0 0
1484557085.850591000 0 0
1484557085.854591000 0 0
1484557085.858317000 0 0
1484557085.861899000 0 0
1484557085.865497000 0 0
1484557085.869270000 0 0
1484557085.874022000 0 0
1484557085.877363000 0 0
1484557085.880621000 0 0
1484557085.883846000 0 0
1484557085.887132000 0 0
1484557088.164933000 0 0
1484557085.804841000 0 0
1484557088.238912000 0 0
1484557089.370828000 0 0
1484557089.375311000 0 0
1484557089.380942000 0 0
1484557089.383981000 0 0
1484557089.388607000 0 0
1484557089.389556000 0 0
1484557089.422881000 0 0
1484557089.422733000 0 0
1484557089.423015000 0 0
1484557089.422743000 0 0
1484557089.428887000 0 0
1484557089.432537000 0 0
1484557089.436544000 0 0
1484557089.440157000 0 0
1484557090.463712000 0 0
1484557090.466867000 0 0
1484557090.528325000 0 0
1484557090.568117000 0 0
1484557090.564302000 0 0
1484557090.589977000 0 0
1484557090.596598000 0 0
1484557090.620696000 0 0
1484557090.616559000 0 0
1484557090.825872000 0 0
1484557091.924277000 0 0
1484557091.937960000 0 0
1484557091.977036000 868352 0
1484557072.687407000 402 0
1484557072.761489000 504 0
1484557072.731015000 504 0
1484557073.857383000 1786 0
1484557073.862418000 1751 0
1484557073.867892000 474 0
1484557114.470004000 0 0
1484557072.749527000 282 0
1484557156.257081000 0 0
1484557156.260624000 0 0
1484557156.658697000 0 0
1484557157.001138000 0 0
1484557157.324763000 0 0
1484557157.323257000 0 0
1484557157.379556000 0 0
1484557157.425238000 0 0
1484557157.429971000 0 0
1484557157.439307000 0 0
1484557157.555815000 0 0
1484557157.559627000 0 0
1484557156.264338000 0 0
1484557157.719354000 0 0
1484557157.722074000 0 0
1484557157.725934000 0 0
1484557157.728757000 0 0
1484557157.734361000 0 0
1484557157.740675000 0 0
1484557157.738458000 0 0
1484557157.758819000 0 0
1484557157.759433000 0 0
1484557157.754343000 0 0
1484557157.767333000 0 0
1484557154.350303000 15186 0
1484557157.447315000 282 0
1484557157.855486000 0 0
1484557157.852251000 0 0
1484557157.863112000 0 0
1484557157.907593000 0 0
1484557157.917314000 0 0
1484557157.948718000 0 0
1484557157.946987000 0 0
1484557158.041630000 0 0
1484557158.044713000 0 0
1484557158.048805000 0 0
1484557158.048831000 0 0
1484557158.052671000 0 0
1484557158.055130000 0 0
1484557158.057504000 0 0
1484557158.059909000 0 0
1484557158.068096000 0 0
1484557158.169034000 0 0
1484557158.167364000 0 0
1484557158.176379000 0 0
1484557158.216727000 0 0
1484557158.219616000 0 0
1484557158.226202000 0 0
1484557158.267730000 0 0
1484557158.266129000 0 0
1484557158.270723000 0 0
1484557158.278243000 0 0
1484557158.278425000 0 0
1484557158.278623000 0 0
1484557158.278805000 0 0
1484557158.281638000 0 0
1484557158.291240000 0 0
1484557084.261264000 0 0
1484557160.928937000 0 0
1484557160.949929000 0 0
1484557160.951295000 0 0
1484557160.952123000 0 0
1484557160.953542000 0 0
1484557160.953683000 0 0
1484557160.968880000 0 0
1484557160.980011000 0 0
1484557160.924980000 0 0
1484557162.919801000 0 0
1484557162.926874000 0 0
1484557162.927190000 0 0
1484557162.927292000 0 0
1484557162.927359000 0 0
1484557162.930164000 0 0
1484557162.934858000 0 0
1484557162.944538000 0 0
1484557152.997965000 242166 0
1484557157.687430000 304880 0
1484557239.032330000 0 0
1484557239.199945000 0 0
1484557239.219196000 0 0
1484557239.224922000 0 33574
1484557239.251746000 0 0
1484557239.257159000 0 0
1484557239.262169000 0 0
1484557239.206794000 0 0
1484557239.267415000 0 0
1484557239.531011000 0 0
1484557239.552896000 0 0
1484557239.558816000 0 21416
1484557239.581668000 0 0
1484557239.588968000 0 0
1484557239.594273000 0 0
1484557239.537965000 0 0
1484557239.601293000 0 0
1484557239.676778000 0 0
1484557239.705208000 0 0
1484557239.712048000 0 0
1484557239.723008000 0 0
1484557239.727715000 0 0
1484557239.738106000 0 0
1484557239.744676000 0 0
1484557239.749569000 0 0
1484557239.757016000 0 0
1484557239.785870000 0 0
1484557239.899613000 0 0
1484557239.930219000 0 0
1484557239.942238000 0 0
1484557239.939961000 0 0
1484557239.969684000 0 0
1484557239.973792000 0 0
1484557239.979131000 0 0
1484557239.736313000 0 0
1484557239.984256000 0 0
1484557239.984064000 0 0
1484557239.989360000 0 0
1484557239.992640000 0 0
1484557240.002795000 0 0
1484557240.007872000 0 0
1484557240.006618000 0 0
1484557240.014340000 0 0
1484557240.029372000 0 0
1484557240.007531000 0 4096
1484557240.038611000 0 0
1484557240.003793000 0 0
1484557240.049041000 0 0
1484557251.763796000 0 0
1484557239.736122000 0 4096
1484557251.775026000 0 0
1484557251.782837000 0 0
1484557239.729632000 0 0
1484557251.792551000 0 0
1484557262.997820000 0 0
1484557239.763567000 29 0
1484557239.957114000 63 0
1484557239.994627000 45056 0
1484557239.716268000 45056 0
1484557263.005518000 5011 0
1484557321.005887000 0 75555
1484557321.022144000 0 0
1484557321.021336000 0 0
1484557339.472104000 0 16682
1484557339.484093000 0 0
1484557339.482724000 0 0
1484557517.304067000 0 0
1484557563.033298000 0 0
1484557563.041576000 5011 0
1484557621.085529000 0 75556
1484557621.100819000 0 0
1484557621.099961000 0 0
1484557639.507615000 0 16682
1484557639.520975000 0 0
1484557639.519570000 0 0
1484557842.555794000 0 0
1484557842.671000000 0 0
1484557842.676908000 0 0
1484557842.682118000 0 0
1484557842.705085000 0 0
1484557842.765946000 0 0
1484557842.800608000 0 0
1484557842.814292000 0 0
1484557842.825812000 0 0
1484557842.842363000 0 0
1484557842.846306000 0 0
1484557842.850098000 0 0
1484557842.858674000 0 0
1484557842.862594000 0 0
1484557842.865827000 0 0
1484557842.868963000 0 0
1484557842.559138000 0 0
1484557842.877056000 0 0
1484557862.787628000 0 0
1484557862.795093000 0 0
1484557863.069724000 0 0
1484557863.074923000 5011 0
1484558146.006339000 0 16819
1484558146.167588000 0 0
1484558146.165540000 0 0
1484558147.947009000 0 75596
1484558148.056418000 0 0
1484558148.054632000 0 0
1484558163.183630000 0 0
1484558163.196386000 5011 0
1484558445.951192000 0 16819
1484558445.964119000 0 0
1484558445.962516000 0 0
1484558447.964242000 0 75601
1484558447.980595000 0 0
1484558447.979793000 0 0
1484558449.629683000 0 0
1484558449.635474000 0 0
1484558463.295874000 0 0
1484558463.302087000 5011 0
1484558745.993210000 0 16819
1484558746.006668000 0 0
1484558746.004651000 0 0
1484558748.044536000 0 75601
1484558748.061298000 0 0
1484558748.060278000 0 0
1484558763.326582000 0 0
1484558763.334633000 5011 0
1484559046.029114000 0 16819
1484559046.043557000 0 0
1484559046.041316000 0 0
1484559048.109682000 0 75602
1484559048.126705000 0 0
1484559048.125359000 0 0
1484559063.362885000 0 0
1484559063.370569000 5011 0
1484559269.222153000 0 0
1484557162.930980000 0 0
1484559273.356903000 0 0
1484559273.362265000 0 0
1484559273.393895000 0 0
1484559273.394983000 0 0
1484559273.396256000 0 0
1484559273.397245000 0 0
1484559273.400088000 0 0
1484559273.401494000 0 0
1484559273.397306000 0 0
1484559273.413610000 0 0
1484559273.432697000 0 0
1484559273.436151000 0 0
1484559273.438072000 0 0
1484559273.440740000 0 0
1484559273.449680000 0 0
1484559273.470992000 0 0
1484559275.357968000 0 0
1484559275.378663000 0 0
1484559275.379935000 0 0
1484559275.381303000 0 0
1484559275.382086000 0 0
1484559275.382727000 0 0
1484559275.395696000 0 0
1484559275.407960000 0 0
1484559273.389101000 152052 0
1484559273.456248000 282 0
1484559305.019690000 0 0
1484559307.156825000 0 0
1484559307.162173000 0 0
1484559307.174587000 0 0
1484559307.184543000 0 0
1484559307.198053000 0 0
1484559307.200504000 0 0
1484559307.203042000 0 0
1484559307.205670000 0 0
1484559307.217437000 0 0
1484559307.220206000 0 0
1484559307.232253000 0 0
1484559307.234810000 0 0
1484559307.237200000 0 0
1484559307.303295000 0 0
1484559307.312552000 0 0
1484559305.036540000 8416 0
1484559307.182042000 402 0
1484559307.191473000 504 0
1484559307.210779000 504 0
1484559307.224665000 282 0
1484559307.277510000 402 0
1484559363.401067000 0 0
1484559363.405072000 5011 0
1484559486.294727000 0 16820
1484559486.307944000 0 0
1484559486.306282000 0 0
1484559488.320467000 0 75657
1484559488.336237000 0 0
1484559488.335402000 0 0
1484559663.430716000 0 0
1484559663.438534000 5011 0
1484559786.331261000 0 16820
1484559786.343167000 0 0
1484559786.341447000 0 0
1484559788.398127000 0 75657
1484559788.414821000 0 0
1484559788.413685000 0 0
1484559956.862925000 0 0
1484559957.019579000 0 0
1484559957.023751000 0 0
1484559957.078075000 0 0
1484559957.082293000 0 0
1484557157.683150000 0 0
1484559957.029389000 0 489901
1484559957.171073000 0 0
1484559957.179674000 0 0
1484559957.185357000 0 0
1484559957.191476000 0 0
1484559957.154458000 0 0
1484559957.195981000 0 0
1484559957.162983000 0 0
1484559958.035987000 0 0
1484559958.038583000 0 0
1484559958.055279000 0 0
1484559958.055770000 0 0
1484559958.056296000 0 0
1484559958.058323000 0 0
1484559958.064578000 0 0
1484559958.074545000 0 0
1484559958.078454000 0 0
1484559960.039612000 0 0
1484559960.060736000 0 0
1484559960.061145000 0 0
1484559960.061701000 0 0
1484559960.062111000 0 0
1484559960.063821000 0 0
1484559960.071859000 0 0
1484559960.086112000 0 0
1484559962.051818000 0 0
1484559963.465962000 0 0
1484559957.207148000 256050 0
1484559963.471388000 5011 0
1484560076.666714000 0 0
1484560076.711904000 0 0
1484560076.717408000 0 0
1484560076.759131000 0 0
1484560076.764471000 0 0
1484560076.764644000 0 0
1484560076.766797000 0 0
1484560076.802316000 0 0
1484560076.802635000 0 0
1484560076.806130000 0 0
1484560076.805173000 0 0
1484560076.814226000 0 0
1484560076.815356000 0 0
1484557090.623963000 0 0
1484560078.503191000 0 0
1484560078.506636000 0 0
1484560078.605732000 0 0
1484560078.586264000 0 0
1484560078.646539000 0 0
1484560086.368799000 0 16820
1484560086.382486000 0 0
1484560086.381088000 0 0
1484560088.461605000 0 75657
1484560088.478951000 0 0
1484560088.477953000 0 0
1484560078.490139000 489901 0
1484560078.582690000 489901 0
1484560076.820600000 282 0
1484560076.822139000 402 0
1484560112.367808000 0 0
1484560112.375261000 0 0
1484560112.397130000 1943 2029
1484560112.468656000 0 0
1484560112.471765000 0 0
1484560112.474759000 0 0
1484559275.354225000 0 0
1484560113.416703000 0 0
1484560113.422875000 0 0
1484560113.451569000 0 0
1484560113.452287000 0 0
1484560113.453004000 0 0
1484560113.453603000 0 0
1484560113.455612000 0 0
1484560113.467548000 0 0
1484560113.482050000 0 0
1484560115.930459000 2029 4350
1484560113.416398000 0 0
1484560116.963194000 0 0
1484560116.986975000 0 0
1484560116.988076000 0 0
1484560116.989568000 0 0
1484560116.990524000 0 0
1484560116.990717000 0 0
1484560116.999344000 0 0
1484560117.013194000 0 0
1484560117.562398000 2233 2319
1484560117.577537000 2319 10209
1484560117.605724000 2660 5612
1484560116.959581000 0 0
1484560118.959389000 0 0
1484560118.980601000 0 0
1484560118.982149000 0 0
1484560118.982862000 0 0
1484560118.984136000 0 0
1484560118.984686000 0 0
1484560118.997135000 0 0
1484560119.058300000 0 0
1484560119.063276000 0 0
1484560118.955203000 0 0
1484560120.954801000 0 0
1484560120.977616000 0 0
1484560120.978582000 0 0
1484560120.979523000 0 0
1484560120.980035000 0 0
1484560120.981686000 0 0
1484560120.991071000 0 0
1484560121.004054000 0 0
1484560120.950613000 0 0
1484560122.952985000 0 0
1484560122.973173000 0 0
1484560122.974726000 0 0
1484560122.975618000 0 0
1484560122.977031000 0 0
1484560122.977834000 0 0
1484560122.989818000 0 0
1484560123.002671000 0 0
1484560113.451103000 426670 0
1484560263.544387000 0 0
1484560263.551765000 5011 0
1484560386.408989000 0 16820
1484560386.423235000 0 0
1484560386.421136000 0 0
1484560388.527495000 0 75657
1484560388.544193000 0 0
1484560388.542817000 0 0
1484560563.579948000 0 0
1484560563.588033000 5011 0
1484560746.498069000 0 0
1484560746.498147000 0 0
1484560863.615983000 0 0
1484560863.624078000 5011 0
1484561163.652543000 0 0
1484561163.660269000 5011 0
1484561463.688007000 0 0
1484561463.695381000 5011 0
1484561763.722338000 0 0
1484561763.729777000 5011 0
1484562063.799915000 0 0
1484562063.806804000 5011 0
1484562363.834599000 0 0
1484562363.842487000 5011 0
1484562663.869956000 0 0
1484562663.877662000 5011 0
1484562963.905705000 0 0
1484562963.915469000 5011 0
1484563263.943549000 0 0
1484563263.950618000 5011 0
1484563563.979002000 0 0
1484563563.987734000 5011 0
1484563780.036726000 0 0
1484563782.877787000 0 0
1484563783.325632000 0 0
1484563783.332001000 0 0
1484563783.825399000 0 0
1484563783.855938000 0 0
1484563783.879015000 0 0
1484563783.897730000 0 0
1484563783.910532000 0 0
1484563864.055524000 0 0
1484563864.058668000 5011 0
1484564044.809698000 0 75742
1484564044.827037000 0 0
1484564044.825681000 0 0
1484564049.766108000 0 16823
1484564049.779026000 0 0
1484564049.777370000 0 0
1484564164.084725000 0 0
1484564164.090273000 5011 0
1484564464.118189000 0 0
1484564464.123573000 5011 0
1484564764.151582000 0 0
1484564764.159267000 5011 0
1484565064.187308000 0 0
1484565064.194803000 5011 0
1484565231.873192000 0 0
1484565231.879401000 0 0
1484565364.222312000 0 0
1484565364.228423000 5011 0
1484565664.309181000 0 0
1484565664.314623000 5011 0
1484565964.342008000 0 0
1484565964.349764000 5011 0
1484566264.377567000 0 0
1484566264.382864000 5011 0
1484566564.410706000 0 0
1484566564.415937000 5011 0
1484566864.443138000 0 0
1484566864.448173000 5011 0
1484567164.476342000 0 0
1484567164.483968000 5011 0
1484567464.511757000 0 0
1484567464.517853000 5011 0
1484567645.073840000 0 75805
1484567645.089920000 0 0
1484567645.089051000 0 0
1484567649.993409000 0 16824
1484567650.006213000 0 0
1484567650.004362000 0 0
1484567764.543300000 0 0
1484567764.548623000 5011 0
1484568064.575606000 0 0
1484568064.584685000 5011 0
1484568364.612782000 0 0
1484568364.620788000 5011 0
1484568664.648536000 0 0
1484568664.657122000 5011 0
1484568964.684805000 0 0
1484568964.692879000 5011 0
1484569264.772581000 0 0
1484569264.780757000 5011 0
1484569309.741370000 0 0
1484569309.751607000 0 0
1484569310.800778000 0 16824
1484569310.814109000 0 0
1484569310.812296000 0 0
1484569311.199574000 0 75829
1484569311.215811000 0 0
1484569311.215005000 0 0
1484569564.809483000 0 0
1484569564.815067000 5011 0
1484569829.670357000 0 16824
1484569829.684218000 0 0
1484569829.682498000 0 0
1484569830.042871000 0 75829
1484569830.061196000 0 0
1484569830.059842000 0 0
1484569845.747576000 0 0
1484569845.752148000 0 0
1484569845.760608000 0 0
1484569845.769992000 0 0
1484569845.783263000 0 0
1484569845.785750000 0 0
1484569845.788612000 0 0
1484569845.791764000 0 0
1484569845.802684000 0 0
1484569845.805344000 0 0
1484569845.819124000 0 0
1484569845.822093000 0 0
1484569845.824930000 0 0
1484569845.838707000 0 0
1484569845.841640000 0 0
1484569864.842668000 0 0
1484569845.767684000 402 0
1484569845.776513000 504 0
1484569845.797044000 504 0
1484569845.810878000 282 0
1484569845.830403000 402 0
1484569864.848157000 5011 0
1484569915.945594000 0 0
1484569915.949101000 0 0
1484569915.957618000 0 0
1484569915.964181000 0 0
1484569915.985482000 0 0
1484569915.990796000 0 0
1484569915.995607000 0 0
1484569916.017170000 0 0
1484569916.022772000 0 0
1484569916.043662000 0 0
1484569916.048881000 0 0
1484569916.072825000 0 0
1484569916.077567000 0 0
1484569915.831675000 358381 0
1484569915.961243000 402 0
1484569915.970630000 504 0
1484569916.002632000 504 0
1484569916.027657000 282 0
1484569916.056098000 402 0
1484569916.350994000 0 0
1484569916.726167000 0 0
1484569916.769032000 0 0
1484569916.779311000 0 0
1484569916.839212000 0 0
1484569916.844480000 0 0
1484569916.848819000 0 0
1484569916.856177000 0 0
1484569916.861193000 0 0
1484569916.865767000 0 0
1484569916.870536000 0 0
1484569916.875352000 0 0
1484569916.905346000 0 0
1484569918.633039000 0 358869
1484569918.674798000 0 0
1484569918.673833000 0 0
1484569973.916741000 0 0
1484570129.719668000 0 16825
1484570129.730747000 0 0
1484570129.729668000 0 0
1484570130.117011000 0 76888
1484570130.133942000 0 0
1484570130.132998000 0 0
1484570164.936242000 0 0
1484570165.246092000 0 367
1484570165.260500000 0 0
1484570165.258654000 0 0
1484570164.958210000 5011 0
1484570430.069974000 0 16828
1484570430.084637000 0 0
1484570430.082599000 0 0
1484570430.176152000 0 76907
1484570430.193844000 0 0
1484570430.192650000 0 0
1484570464.998977000 0 0
1484570465.004391000 5011 0
1484570730.026309000 0 16830
1484570730.038898000 0 0
1484570730.037237000 0 0
1484570730.247890000 0 76945
1484570730.264442000 0 0
1484570730.263441000 0 0
1484570765.028125000 0 0
1484570765.035570000 5011 0
1484571030.063619000 0 16830
1484571030.076348000 0 0
1484571030.074808000 0 0
1484571030.330611000 0 76947
1484571030.349030000 0 0
1484571030.347689000 0 0
1484571065.108081000 0 0
1484571065.114690000 5011 0
1484571354.105629000 0 0
1484571354.110996000 0 0
1484571365.141934000 0 0
1484571365.148171000 5011 0
1484571455.244128000 0 76995
1484571455.260060000 0 0
1484571455.259289000 0 0
1484571455.980579000 0 16835
1484571455.994615000 0 0
1484571455.993291000 0 0
1484571665.177840000 0 0
1484571665.185657000 5011 0
1484571755.324975000 0 77004
1484571755.340854000 0 0
1484571755.339983000 0 0
1484571756.018244000 0 16835
1484571756.031866000 0 0
1484571756.030562000 0 0
1484571965.214233000 0 0
1484571965.220424000 5011 0
1484572180.003375000 0 16835
1484572180.014886000 0 0
1484572180.013962000 0 0
1484572182.864221000 0 77004
1484572182.880492000 0 0
1484572182.879712000 0 0
1484572265.248632000 0 0
1484572265.257971000 5011 0
1484572431.471003000 0 0
1484572479.974202000 0 16836
1484572479.987536000 0 0
1484572479.986031000 0 0
1484572482.944585000 0 77006
1484572482.959888000 0 0
1484572482.959025000 0 0
1484560122.948231000 0 0
1484572543.041756000 0 0
1484572543.047304000 0 0
1484572543.074324000 0 0
1484572543.074843000 0 0
1484572543.075278000 0 0
1484572543.075871000 0 0
1484572543.079143000 0 0
1484572543.145015000 0 0
1484572543.154978000 0 0
1484572543.158486000 0 0
1484572543.181305000 0 0
1484572543.195652000 0 0
1484572543.198696000 0 0
1484572543.207450000 0 0
1484572543.214745000 0 0
1484572543.227103000 0 0
1484572545.039039000 0 0
1484572545.060290000 0 0
1484572545.061516000 0 0
1484572545.063113000 0 0
1484572545.063866000 0 0
1484572545.066020000 0 0
1484572545.079710000 0 0
1484572545.094867000 0 0
1484572545.035232000 0 0
1484572547.037736000 0 0
1484572547.058331000 0 0
1484572547.058585000 0 0
1484572547.059399000 0 0
1484572547.060060000 0 0
1484572547.061152000 0 0
1484572547.070590000 0 0
1484572547.085990000 0 0
1484572543.073236000 256002 0
1484572565.285925000 0 0
1484572543.214543000 282 0
1484572565.290971000 5011 0
1484572780.009975000 0 16850
1484572780.022907000 0 0
1484572780.021366000 0 0
1484572783.013088000 0 77014
1484572783.031594000 0 0
1484572783.030247000 0 0
1484572865.362338000 0 0
1484572865.369496000 5011 0
1484573080.039793000 0 16851
1484573080.051967000 0 0
1484573080.050704000 0 0
1484573083.057917000 0 77027
1484573083.074183000 0 0
1484573083.073222000 0 0
1484573165.397060000 0 0
1484573165.402293000 5011 0
1484573380.058656000 0 16852
1484573380.071373000 0 0
1484573380.070369000 0 0
1484573383.103312000 0 77056
1484573383.119523000 0 0
1484573383.118597000 0 0
1484573465.425829000 0 0
1484573465.432688000 5011 0
1484573680.105550000 0 16852
1484573680.120645000 0 0
1484573680.118666000 0 0
1484573683.171057000 0 77056
1484573683.189100000 0 0
1484573683.188156000 0 0
1484573765.459077000 0 0
1484573765.466186000 5011 0
1484573980.139097000 0 16852
1484573980.152628000 0 0
1484573980.150835000 0 0
1484573983.257008000 0 77057
1484573983.275303000 0 0
1484573983.273753000 0 0
1484574065.494594000 0 0
1484574065.502574000 5011 0
1484574365.530209000 0 0
1484574365.537586000 5011 0
1484574421.038780000 0 16860
1484574421.050881000 0 0
1484574421.049312000 0 0
1484574425.022033000 0 77057
1484574425.038149000 0 0
1484574425.037046000 0 0
1484574665.619435000 0 0
1484574665.625927000 5011 0
1484574721.080947000 0 16874
1484574721.095208000 0 0
1484574721.093407000 0 0
1484574725.083607000 0 77060
1484574725.098808000 0 0
1484574725.097720000 0 0
1484574965.652339000 0 0
1484574965.657805000 5011 0
1484575021.099796000 0 16881
1484575021.112300000 0 0
1484575021.110672000 0 0
1484575025.150249000 0 77061
1484575025.165114000 0 0
1484575025.164297000 0 0
1484575265.683056000 0 0
1484575265.688470000 5011 0
1484575321.133243000 0 16881
1484575321.145043000 0 0
1484575321.143804000 0 0
1484575325.201132000 0 77091
1484575325.216830000 0 0
1484575325.215922000 0 0
1484575565.717159000 0 0
1484575565.724293000 5011 0
1484575621.170423000 0 16881
1484575621.182381000 0 0
1484575621.180651000 0 0
1484575625.270840000 0 77092
1484575625.286551000 0 0
1484575625.285488000 0 0
1484575738.666272000 0 0
1484575738.689902000 0 0
1484575767.299725000 0 0
1484575767.308358000 0 0
1484575865.751869000 0 0
1484575865.758469000 5011 0
1484575925.337394000 0 77104
1484575925.352845000 0 0
1484575925.351558000 0 0
1484576071.729330000 0 16881
1484576071.742757000 0 0
1484576071.740551000 0 0
1484576165.786353000 0 0
1484576165.790876000 5011 0
1484576373.574154000 0 0
1484576373.575221000 0 0
1484576465.863144000 0 0
1484576465.868734000 5011 0
1484576765.895547000 0 0
1484576765.901521000 5011 0
1484577065.928444000 0 0
1484577065.933297000 5011 0
1484577125.239430000 0 0
1484577125.239531000 0 0
1484577128.362635000 0 16881
1484577128.371532000 0 0
1484577128.370672000 0 0
1484577128.792436000 0 77120
1484577128.806837000 0 0
1484577128.805936000 0 0
1484577365.958477000 0 0
1484577365.963337000 5011 0
1484577665.993419000 0 0
1484577665.998266000 5011 0
1484577726.286010000 0 0
1484577726.292291000 0 0
1484577966.025807000 0 0
1484577966.031653000 5011 0
1484577995.403502000 0 0
1484577995.421768000 0 0
1484577995.482047000 0 16881
1484577995.492652000 0 0
1484577995.491273000 0 0
1484577995.900945000 0 77128
1484577995.914927000 0 0
1484577995.913925000 0 0
1484578025.148779000 0 0
1484578025.155387000 1786 0
1484578025.161126000 1751 0
1484578025.166313000 474 0
1484578025.253661000 0 0
1484578025.259564000 0 0
1484578025.289174000 0 0
1484578025.292816000 0 0
1484578025.302192000 0 0
1484557089.374228000 0 0
1484578025.336669000 0 0
1484578025.339675000 0 0
1484578025.342621000 0 0
1484578025.345481000 0 0
1484578025.348191000 0 0
1484578025.351202000 0 0
1484578025.354771000 0 0
1484578025.357425000 0 0
1484578025.360315000 0 0
1484578025.364485000 0 0
1484578025.367583000 0 0
1484578025.368820000 0 0
1484578025.370385000 0 0
1484578025.370698000 0 0
1484578025.373002000 0 0
1484578025.375189000 0 0
1484578025.375320000 0 0
1484578025.377532000 0 0
1484578025.380541000 0 0
1484578025.383758000 0 0
1484578025.386234000 0 0
1484578025.389326000 0 0
1484578025.391915000 0 0
1484578025.307907000 282 0
1484578026.880145000 0 0
1484578026.886061000 0 0
1484578026.892218000 0 0
1484578026.898091000 0 0
1484578026.903361000 0 0
1484578026.908084000 0 0
1484578026.913609000 0 0
1484578026.919673000 0 0
1484578026.925688000 0 0
1484578026.931757000 0 0
1484578026.936865000 0 0
1484578026.941160000 0 0
1484578027.892317000 0 0
1484578027.898102000 0 0
1484578027.903833000 0 0
1484578027.908960000 0 0
1484578027.914602000 0 0
1484578027.920596000 0 0
1484578027.926505000 0 0
1484578028.683601000 0 0
1484578028.699694000 0 0
1484578028.734160000 0 0
1484578028.734589000 0 0
1484578028.734400000 0 0
1484578028.734761000 0 0
1484578028.739379000 0 0
1484578028.742716000 0 0
1484578028.746091000 0 0
1484578028.749033000 0 0
1484578028.752101000 0 0
1484578028.755282000 0 0
1484578028.758878000 0 0
1484578028.762279000 0 0
1484578028.765153000 0 0
1484578028.768036000 0 0
1484578028.770945000 0 0
1484578028.774096000 0 0
1484578030.522447000 0 0
1484578030.531239000 0 0
1484572547.034093000 0 0
1484578030.550769000 0 0
1484578030.551545000 0 0
1484578030.552649000 0 0
1484578030.559279000 0 0
1484578030.566889000 0 0
1484578030.575084000 0 0
1484578030.583701000 0 0
1484578032.381223000 0 0
1484578032.384084000 0 0
1484578032.386437000 0 0
1484578032.390852000 0 0
1484578032.451022000 0 0
1484578032.447988000 0 0
1484578032.459700000 0 0
1484578032.455954000 0 0
1484578032.545020000 0 0
1484578032.541746000 0 0
1484578032.556718000 0 0
1484578032.552616000 0 0
1484578032.593739000 0 0
1484578032.587184000 0 0
1484578032.712391000 0 0
1484578032.707799000 0 0
1484578033.073445000 0 0
1484578033.076089000 0 0
1484578032.976202000 0 0
1484578037.265579000 0 0
1484578033.094304000 266240 0
1484578028.680945000 0 0
1484578131.136185000 0 0
1484578131.143550000 0 0
1484578131.167954000 0 0
1484578131.168333000 0 0
1484578131.168901000 0 0
1484578131.170301000 0 0
1484578131.177642000 0 0
1484578131.180432000 0 0
1484578131.185494000 0 0
1484578131.137956000 0 0
1484578133.153734000 0 0
1484578133.175174000 0 0
1484578133.175869000 0 0
1484578133.177190000 0 0
1484578133.177820000 0 0
1484578133.185900000 0 0
1484578133.150205000 0 0
1484578135.152716000 0 0
1484578135.173033000 0 0
1484578135.173590000 0 0
1484578135.175037000 0 0
1484578135.175686000 0 0
1484578135.191075000 0 0
1484578135.655655000 0 0
1484578135.647070000 0 0
1484578135.658481000 0 0
1484578135.707626000 0 0
1484578135.710069000 0 0
1484578135.710196000 0 0
1484578135.718133000 0 0
1484578135.718381000 0 0
1484578135.720975000 0 0
1484578135.726913000 0 0
1484578135.769652000 0 0
1484578135.771992000 0 0
1484578135.783064000 0 0
1484578135.785639000 0 0
1484578135.788081000 0 0
1484578135.790517000 0 0
1484578137.328967000 0 0
1484578138.274915000 0 0
1484578140.469534000 0 0
1484578137.331932000 0 0
1484578141.546929000 0 0
1484578142.849399000 0 0
1484578140.458355000 0 0
1484578144.270697000 0 0
1484578141.534047000 0 0
1484578145.906565000 0 0
1484578142.842911000 0 0
1484578137.332831000 1786 0
1484578137.339230000 1751 0
1484578137.344906000 474 0
1484578033.121687000 0 90112
1484578154.676223000 0 0
1484578135.148486000 0 0
1484578154.682824000 0 0
1484578154.704940000 0 0
1484578154.705797000 0 0
1484578154.707702000 0 0
1484578154.710406000 0 0
1484578154.708118000 0 0
1484578154.719946000 0 0
1484578154.725289000 0 0
1484578154.730349000 0 0
1484578135.625683000 282 0
1484578135.723569000 402 0
1484578135.725298000 402 0
1484578135.732604000 504 0
1484578135.795026000 504 0
1484578137.378400000 0 0
1484578137.378581000 0 0
1484578137.378903000 0 0
1484578178.227017000 0 0
1484578178.238939000 0 0
1484578178.241959000 0 0
1484578178.245302000 0 0
1484578178.249791000 0 0
1484578178.253800000 0 0
1484578178.259739000 0 0
1484578178.263317000 0 0
1484578178.272660000 0 0
1484578178.275884000 0 0
1484578178.279919000 0 0
1484578178.284083000 0 0
1484578178.287103000 0 0
1484578178.291647000 0 0
1484578178.295359000 0 0
1484578178.306588000 0 0
1484578144.262778000 0 0
1484578145.901978000 0 0
1484578155.935951000 0 0
1484578178.350976000 0 0
1484578178.351824000 0 0
1484578178.347347000 0 0
1484578178.358895000 0 0
1484578178.359255000 0 0
1484578178.356990000 0 0
1484578178.403132000 0 0
1484578178.416330000 0 0
1484578178.412984000 0 0
1484578178.599966000 0 0
1484578178.651395000 0 368656
1484578178.792701000 0 0
1484578178.917045000 0 0
1484578178.958015000 0 0
1484578178.963213000 0 0
1484578178.988694000 0 0
1484575738.693308000 0 0
1484578179.009384000 0 0
1484578179.013181000 0 0
1484578179.048195000 0 0
1484578185.925476000 0 0
1484578030.528651000 0 0
1484578185.975964000 0 0
1484578185.976199000 0 0
1484578185.976455000 0 0
1484578185.980690000 0 0
1484578185.984297000 0 0
1484578185.987443000 0 0
1484578185.990609000 0 0
1484578185.993727000 0 0
1484578185.996784000 0 0
1484578186.000238000 0 0
1484578186.004033000 0 0
1484578186.007027000 0 0
1484578186.010879000 0 0
1484578186.013699000 0 0
1484578186.016438000 0 0
1484578178.725568000 368656 0
1484578266.113876000 0 0
1484578266.119520000 5011 0
1484578295.521068000 0 16882
1484578295.533192000 0 0
1484578295.531091000 0 0
1484578295.948641000 0 77173
1484578295.964037000 0 0
1484578295.962671000 0 0
1484578302.458847000 0 0
1484578302.465319000 0 0
1484578302.475300000 0 0
1484578302.485248000 0 0
1484578302.503720000 0 0
1484578302.508044000 0 0
1484578302.512259000 0 0
1484578302.516245000 0 0
1484578302.531993000 0 0
1484578302.535444000 0 0
1484578302.553141000 0 0
1484578302.556548000 0 0
1484578302.559593000 0 0
1484578302.574424000 0 0
1484578302.577099000 0 0
1484578302.702996000 0 0
1484578302.715052000 0 0
1484578302.717413000 0 0
1484578306.565988000 0 0
1484578307.826943000 0 0
1484578302.480942000 402 0
1484578302.490243000 504 0
1484578302.520098000 504 0
1484578302.539132000 282 0
1484578302.563240000 402 0
1484578307.846324000 1506 0
1484578307.861646000 1464 0
1484578307.882058000 465 0
1484578307.939470000 721 0
1484578307.908314000 1385 0
1484578307.924294000 1313 0
1484578308.161844000 0 0
1484578309.086431000 0 2096
1484578309.098773000 0 0
1484578309.096568000 0 0
1484578309.105186000 0 0
1484578309.111653000 0 0
1484578309.115892000 0 0
1484578309.120129000 0 0
1484578309.124695000 0 0
1484578309.130289000 0 0
1484578309.193776000 0 1382114
1484578309.390472000 0 0
1484578310.137942000 0 0
1484578310.136744000 0 0
1484578310.135520000 0 0
1484578310.156509000 0 0
1484578310.132799000 282 0
1484578312.129794000 0 0
1484578312.131155000 0 0
1484578312.132352000 0 0
1484578310.264910000 16896 0
1484578310.293193000 13824 0
1484578310.308624000 1313 0
1484578310.332228000 21504 0
1484578310.344618000 0 0
1484578310.350017000 0 0
1484578310.406267000 14336 0
1484578310.534698000 14848 0
1484578310.554890000 0 0
1484578310.774351000 8192 0
1484578310.840073000 0 0
1484578310.864391000 0 0
1484578310.894242000 14848 0
1484578310.244110000 4096 0
1484578312.186771000 1313 0
1484578314.144305000 0 0
1484578314.141660000 0 0
1484578314.143068000 0 0
1484578312.192941000 4096 0
1484578314.200091000 1313 0
1484578316.322984000 0 0
1484578310.342141000 1506 0
1484578310.347679000 1464 0
1484578310.551492000 465 0
1484578310.835686000 1385 0
1484578310.857618000 721 0
1484578566.145683000 0 0
1484578566.150041000 5011 0
1484578595.563874000 0 16882
1484578595.576135000 0 0
1484578595.574096000 0 0
1484578596.021180000 0 77173
1484578596.037442000 0 0
1484578596.036203000 0 0
1484578763.366893000 0 122
1484578763.374572000 0 0
1484578763.373626000 0 0
1484578763.390332000 0 146
1484578763.397112000 0 0
1484578763.396160000 0 0
1484578763.404710000 0 181
1484578763.410916000 0 0
1484578763.409855000 0 0
1484578763.418521000 0 212
1484578763.425240000 0 0
1484578763.424187000 0 0
1484578763.575560000 0 0
1484553081.550331000 0 32768
1484578763.582182000 0 0
1484553081.547437000 33112 1224800
1484578763.591138000 0 0
1484578763.596211000 0 0
1484578763.636916000 0 2036
1484578763.647915000 0 0
1484578763.646268000 0 0
1484578763.659665000 0 771
1484578763.660326000 0 241
1484578763.669958000 0 0
1484578763.668435000 0 0
1484578763.733705000 0 0
1484553079.581029000 0 32768
1484578763.740232000 0 0
1484553079.576824000 28672 98440
1484578763.747545000 0 0
1484578763.750601000 0 0
1484578763.775721000 0 0
1484553081.787672000 0 4096
1484578763.782465000 0 0
1484578763.787544000 0 0
1484553081.784279000 0 0
1484578763.794326000 0 0
1484578763.799342000 0 0
1484578763.815093000 0 0
1484578763.819191000 0 21476
1484578763.836249000 0 0
1484578763.841388000 0 0
1484578763.845444000 0 0
1484578763.804202000 0 0
1484578763.848641000 0 0
1484578763.917283000 0 6953
1484578763.926625000 0 0
1484578763.925192000 0 0
1484578763.935163000 0 0
1484578764.612548000 0 0
1484578154.683241000 0 0
1484578185.966414000 0 0
1484557092.062962000 0 1089536
1484560078.492447000 0 0
1484553082.568136000 0 0
1484553081.794614000 0 0
1484553077.786266000 0 0
1484553089.431675000 98304 0
1484553078.786684000 65536 0
1484553078.329922000 102400 4096
1484553078.341543000 8192 4096
1484553081.539007000 131072 98304
1484553079.569671000 1212416 65536
1484553081.775051000 98304 0
1484553080.341334000 65536 0
1484578821.925950000 0 359590
1484578821.965347000 0 0
1484578821.964382000 0 0
1484578822.018093000 0 0
1484578822.065733000 0 0
1484578822.070115000 0 0
1484578822.078767000 0 0
1484578822.729963000 0 0
1484578822.732846000 0 0
1484578822.735129000 0 0
1484578822.741952000 0 0
1484578822.750564000 0 0
1484578822.752787000 0 0
1484578822.754894000 0 0
1484578822.756908000 0 0
1484578822.766345000 0 0
1484578822.768373000 0 0
1484578822.770411000 0 0
1484578822.778803000 0 0
1484578822.781067000 0 0
1484578836.490921000 0 0
1484578836.495502000 0 0
1484578841.246860000 0 0
1484578841.257455000 0 0
1484578841.260626000 0 803
1484578841.266846000 0 0
1484578841.269660000 0 0
1484578841.272038000 0 0
1484578841.250106000 0 0
1484578841.274666000 0 0
1484553074.407554000 0 11759
1484578841.311251000 0 0
1484578841.315816000 0 0
1484578841.327678000 0 0
1484578842.131332000 0 85
1484578842.137640000 0 0
1484578842.153862000 0 109
1484578842.159806000 0 0
1484578842.202268000 0 144
1484578842.209146000 0 0
1484578842.219667000 0 0
1484553064.593674000 0 4096
1484578842.226638000 0 0
1484578842.230693000 0 0
1484553064.587551000 0 0
1484578842.236977000 0 0
1484578842.300345000 0 0
1484578842.322075000 0 0
1484578842.327342000 0 10
1484578842.340767000 0 0
1484578842.346676000 0 0
1484578842.307056000 0 0
1484578842.351517000 0 0
1484553063.018343000 28102 260672
1484555163.031046000 0 563272
1484553662.410362000 620037 79884
1484578841.336243000 0 5504
1484578842.370141000 0 28168
1484578842.488883000 0 319
1484578842.494662000 0 175
1484578842.503153000 0 0
1484578842.524283000 0 204
1484578842.533565000 0 0
1484578842.543345000 0 0
1484553066.622860000 0 32768
1484578842.549955000 0 0
1484553066.619122000 57448 98520
1484578842.557724000 0 0
1484578842.561165000 0 0
1484578842.570693000 0 0
1484553066.594574000 0 4096
1484578842.577619000 0 0
1484578842.582641000 0 0
1484553066.591386000 0 0
1484578842.599998000 0 0
1484578842.607387000 0 0
1484578842.630240000 0 0
1484578842.634981000 0 33633
1484578842.669119000 0 0
1484578842.675050000 0 0
1484578842.614191000 0 0
1484578842.679976000 0 0
1484578842.787349000 0 0
1484578842.831529000 0 5
1484578842.869111000 0 0
1484578842.873599000 0 0
1484557157.906279000 0 165
1484553061.722741000 327680 0
1484553064.572405000 98304 0
1484553062.535655000 28672 0
1484557239.175823000 65536 0
1484553059.595763000 4096 0
1484553058.452020000 69632 4096
1484553058.475739000 16384 4096
1484553066.605096000 1245184 65536
1484553066.579696000 98304 0
1484553066.461936000 63890 0
1484553362.062194000 1121965 3859
1484553066.411688000 45851 0
1484553066.243688000 15133 0
1484578842.982124000 0 0
1484578842.985115000 0 0
1484578842.989411000 0 0
1484578842.996956000 0 0
1484578843.027119000 0 0
1484578843.029709000 0 0
1484578843.036073000 0 0
1484578843.095030000 0 0
1484578843.091961000 0 0
1484578843.101589000 0 0
1484578843.167376000 0 0
1484578843.163672000 0 0
1484578843.172778000 0 0
1484578843.257710000 0 0
1484578843.255235000 0 0
1484557157.329451000 0 0
1484578844.467994000 0 0
1484578844.472167000 0 0
1484578844.481105000 0 0
1484552997.589332000 0 0
1484578822.084630000 564 0
1484559957.211082000 0 0
1484578822.739717000 402 0
1484578822.745563000 504 0
1484578822.760887000 504 0
1484578822.772699000 402 0
1484553066.642125000 0 0
1484553066.601150000 0 0
1484553057.665536000 0 0
