1484576611.113797000 0 0
1484576611.134342000 0 0
1484576611.140558000 0 0
1484576611.158124000 0 0
1484576611.184137000 0 0
1484576611.823380000 282 0
1484576611.915268000 282 0
1484576612.041115000 0 0
1484576612.044885000 0 0
1484576612.053410000 0 0
1484576612.059861000 0 0
1484576612.062245000 0 0
1484576612.097758000 0 0
1484576612.208196000 0 0
1484576612.037816000 282 0
1484576612.164654000 1739 0
1484576612.175092000 1485 0
1484576612.215450000 213 0
1484576612.224494000 129 0
1484576612.233039000 0 0
1484576612.236313000 0 0
1484576612.256312000 0 0
1484576612.259184000 0 0
1484576612.261652000 0 0
1484576612.268598000 0 0
1484576612.147461000 0 0
1484576612.305154000 0 0
1484576612.320668000 0 0
1484576612.339012000 0 0
1484576612.340736000 0 0
1484576612.343223000 0 0
1484576612.240348000 104 0
1484576612.257037000 129 0
1484576612.268211000 282 0
1484576612.284045000 111 0
1484576612.297077000 572 0
1484576612.299603000 129 0
1484576612.308433000 544 0
1484576612.374137000 504 0
1484576612.404419000 1739 0
1484576612.251139000 1683 0
1484576612.417134000 0 0
1484576622.799265000 0 0
1484576622.826143000 0 0
1484576622.828633000 0 0
1484576622.836253000 0 0
1484576622.842415000 0 0
1484576622.840803000 0 0
1484576622.882139000 0 0
1484576623.280875000 0 0
1484576623.283295000 0 0
1484576623.286212000 0 0
1484576612.283826000 538 0
1484576623.103166000 0 0
1484576624.950042000 0 0
1484576626.478176000 0 0
1484576640.595839000 0 0
1484576626.503439000 229 0
1484576626.519733000 216 0
1484576626.535645000 172 0
1484576626.564411000 226 0
1484576627.366326000 0 0
1484576626.576770000 208 0
1484576627.390516000 0 0
1484576626.587694000 302 0
1484576627.413960000 0 0
1484576626.604952000 185 0
1484576627.614324000 0 0
1484576626.934331000 0 0
1484576622.787460000 104 0
1484576623.314785000 398 0
1484576625.081137000 80 0
1484576625.100004000 638 0
1484576625.118695000 84 0
1484576625.159438000 208 0
1484576625.179120000 1295 0
1484576625.209221000 175 0
1484576625.217486000 281 0
1484576625.244477000 181 0
1484576625.256060000 576 0
1484576625.268460000 220 0
1484576625.301818000 291 0
1484576625.338386000 488 0
1484576625.378999000 199 0
1484576625.390292000 1873 0
1484576625.413391000 2385 0
1484576625.439604000 178 0
1484576625.449991000 208 0
1484576625.465292000 284 0
1484576625.481498000 197 0
1484576625.494188000 210 0
1484576625.510081000 187 0
1484576625.536477000 160 0
1484576625.554900000 258 0
1484576625.579073000 119 0
1484576625.590591000 337 0
1484576625.606264000 210 0
1484576625.622521000 209 0
1484576625.637761000 165 0
1484576625.714520000 228 0
1484576625.743288000 544 0
1484576625.754968000 307 0
1484576625.767025000 202 0
1484576625.774454000 230 0
1484576625.791430000 196 0
1484576627.326609000 0 0
1484576623.317394000 282 0
1484576627.286635000 0 0
1484576627.184086000 0 0
1484576626.491293000 175 0
1484576717.362233000 282 0
1484577378.845337000 0 0
1484577378.894142000 0 0
1484577378.897367000 0 0
1484577378.905604000 0 0
1484577379.130230000 0 0
1484577379.135068000 0 0
1484577357.600204000 564 0
1484577378.911732000 572 0
1484576624.959302000 0 0
1484578284.155394000 0 0
1484578284.251521000 0 0
1484578284.255219000 0 0
1484578284.264294000 0 0
1484578284.273811000 0 0
1484578284.426508000 0 0
1484578284.439165000 0 0
1484578284.441572000 0 0
1484578284.827644000 0 0
1484578296.875902000 0 0
1484578282.952438000 213 0
1484578284.169236000 0 0
1484578284.270771000 282 0
1484578284.184495000 0 0
1484578284.446353000 398 0
1484578433.675588000 0 0
1484578433.887709000 282 0
1484578433.949579000 0 0
1484578433.986258000 0 0
1484578433.997243000 0 0
1484578434.014555000 0 0
1484578434.037016000 0 0
1484578434.052547000 0 0
1484578434.104023000 0 0
1484578434.193810000 0 0
1484578434.202158000 0 0
1484578434.383287000 0 0
1484578434.428613000 0 0
1484578434.468374000 0 0
1484578434.517754000 0 0
1484578434.617460000 0 0
1484578434.620889000 0 0
1484578434.624025000 0 0
1484578434.627348000 0 0
1484578434.629885000 0 0
1484578434.655555000 0 0
1484578434.708582000 0 0
1484578434.713041000 0 0
1484578434.809179000 0 0
1484578434.874507000 0 0
1484578435.012721000 0 0
1484578435.046327000 0 0
1484578435.049311000 0 18830
1484578435.431471000 0 0
1484578435.436075000 0 0
1484578435.031995000 18830 0
1484578435.039464000 0 0
1484578435.440053000 0 0
1484578434.304716000 208 0
1484578435.527600000 0 230
1484578435.541382000 0 497
1484578435.548264000 0 0
1484578435.551014000 0 0
1484578435.553738000 0 0
1484578435.559807000 0 0
1484578435.564737000 0 0
1484578435.563499000 0 0
1484578435.608948000 0 0
1484578435.797482000 0 0
1484578435.820771000 0 0
1484578435.904981000 0 12029
1484578436.135417000 0 0
1484578436.140055000 0 0
1484578435.834921000 8376 0
1484578436.144417000 0 0
1484578436.154324000 0 0
1484578436.161563000 0 0
1484578436.159723000 0 0
1484578436.301382000 0 0
1484578436.369271000 0 0
1484578436.574836000 0 53
1484578436.307603000 204 0
1484578436.582102000 0 0
1484578436.621309000 0 7636
1484578434.830729000 7636 0
1484578436.630049000 0 0
1484578436.655500000 0 0
1484578436.864200000 0 0
1484578437.149955000 0 0
1484578437.153083000 0 0
1484578437.418683000 0 0
1484578437.441924000 0 0
1484578437.462516000 0 0
1484578437.585505000 0 0
1484578437.444886000 0 0
1484578437.589276000 0 0
1484578437.599892000 0 0
1484578437.602465000 0 0
1484578437.612196000 0 0
1484578437.614753000 0 0
1484578437.617463000 0 0
1484578437.629372000 0 0
1484578437.631921000 0 0
1484578437.598214000 0 0
1484578437.635572000 0 0
1484578438.050782000 0 0
1484578438.136318000 0 0
1484578438.209863000 0 0
1484578438.217623000 0 0
1484578438.282338000 524288 0
1484578438.677632000 0 0
1484578438.694555000 0 0
1484578438.823430000 0 0
1484578440.271104000 0 0
1484578440.279812000 0 0
1484578440.304020000 0 0
1484578440.323296000 0 0
1484578440.343495000 0 0
1484578440.355470000 0 0
1484578440.367365000 0 0
1484578440.378704000 0 0
1484578440.389398000 0 0
1484578440.398894000 0 0
1484578440.408165000 0 0
1484578440.416999000 0 0
1484578440.426049000 0 0
1484578440.435120000 0 0
1484578440.455529000 0 0
1484578440.465157000 0 0
1484578440.480337000 0 0
1484578440.491842000 0 0
1484578440.503347000 0 0
1484578440.514125000 0 0
1484578440.523599000 0 0
1484578440.533323000 0 0
1484578440.543051000 0 0
1484578440.552806000 0 0
1484578440.562312000 0 0
1484578440.572003000 0 0
1484578440.589518000 0 0
1484578440.599143000 0 0
1484578440.608714000 0 0
1484578440.618251000 0 0
1484578440.627667000 0 0
1484578440.637289000 0 0
1484578440.647065000 0 0
1484578440.656712000 0 0
1484578440.666226000 0 0
1484578440.675553000 0 0
1484578440.684746000 0 0
1484578440.707287000 0 0
1484578440.716858000 0 0
1484578440.726220000 0 0
1484578440.735438000 0 0
1484578440.744965000 0 0
1484578440.754322000 0 0
1484578440.763946000 0 0
1484578440.773566000 0 0
1484578440.783225000 0 0
1484578440.809267000 0 0
1484578440.819228000 0 0
1484578440.828969000 0 0
1484578440.853536000 0 0
1484578440.863134000 0 0
1484578440.873455000 0 0
1484578440.884591000 0 0
1484578440.895729000 0 0
1484578440.907240000 0 0
1484578440.918684000 0 0
1484578440.937245000 0 0
1484578440.959151000 0 0
1484578440.969775000 0 0
1484578440.980064000 0 0
1484578440.990578000 0 0
1484578441.001221000 0 0
1484578441.012206000 0 0
1484578441.023091000 0 0
1484578441.034048000 0 0
1484578441.044884000 0 0
1484578441.055562000 0 0
1484578441.066216000 0 0
1484578441.076574000 0 0
1484578441.086932000 0 0
1484578441.097317000 0 0
1484578441.108015000 0 0
1484578441.118618000 0 0
1484578441.129348000 0 0
1484578441.140186000 0 0
1484578441.150941000 0 0
1484578441.161485000 0 0
1484578441.172288000 0 0
1484578441.183134000 0 0
1484578441.194189000 0 0
1484578441.204973000 0 0
1484578441.215373000 0 0
1484578441.226376000 0 0
1484578441.237218000 0 0
1484578441.248223000 0 0
1484578441.258702000 0 0
1484578441.269384000 0 0
1484578441.297270000 0 0
1484578441.307842000 0 0
1484578441.318667000 0 0
1484578441.329016000 0 0
1484578441.339824000 0 0
1484578441.350743000 0 0
1484578441.361310000 0 0
1484578441.372168000 0 0
1484578441.382981000 0 0
1484578441.394034000 0 0
1484578441.404890000 0 0
1484578441.415624000 0 0
1484578441.426606000 0 0
1484578441.437016000 0 0
1484578441.447635000 0 0
1484578441.458532000 0 0
1484578441.469370000 0 0
1484578441.480095000 0 0
1484578441.490766000 0 0
1484578441.501977000 0 0
1484578441.512718000 0 0
1484578441.523454000 0 0
1484578441.534192000 0 0
1484578441.544524000 0 0
1484578441.555106000 0 0
1484578441.565699000 0 0
1484578441.576380000 0 0
1484578441.586695000 0 0
1484578441.597572000 0 0
1484578441.608023000 0 0
1484578441.618564000 0 0
1484578441.629103000 0 0
1484578441.639513000 0 0
1484578441.665294000 0 0
1484578441.675846000 0 0
1484578441.686831000 0 0
1484578441.697849000 0 0
1484578441.709508000 0 0
1484578441.720102000 0 0
1484578441.730329000 0 0
1484578441.740819000 0 0
1484578441.751549000 0 0
1484578441.762049000 0 0
1484578441.772588000 0 0
1484578441.782950000 0 0
1484578441.793598000 0 0
1484578441.804191000 0 0
1484578441.814727000 0 0
1484578441.825155000 0 0
1484578441.835945000 0 0
1484578441.846542000 0 0
1484578441.857100000 0 0
1484578441.867612000 0 0
1484578441.878124000 0 0
1484578441.888469000 0 0
1484578441.899345000 0 0
1484578441.910116000 0 0
1484578441.920242000 0 0
1484578441.931032000 0 0
1484578441.958083000 0 0
1484578441.988942000 0 0
1484578442.000456000 0 0
1484578442.011579000 0 0
1484578442.022960000 0 0
1484578442.034242000 0 0
1484578442.045054000 0 0
1484578442.055808000 0 0
1484578442.066455000 0 0
1484578442.077973000 0 0
1484578442.088775000 0 0
1484578442.099656000 0 0
1484578442.109962000 0 0
1484578442.120293000 0 0
1484578442.130762000 0 0
1484578442.141227000 0 0
1484578442.151502000 0 0
1484578442.162296000 0 0
1484578442.173159000 0 0
1484578442.183674000 0 0
1484578442.194469000 0 0
1484578442.205197000 0 0
1484578442.215647000 0 0
1484578442.226199000 0 0
1484578442.244129000 0 0
1484578442.255229000 0 0
1484578442.265773000 0 0
1484578442.276128000 0 0
1484578442.286871000 0 0
1484578442.297381000 0 0
1484578442.307618000 0 0
1484578442.318614000 0 0
1484578442.329063000 0 0
1484578442.339399000 0 0
1484578442.350053000 0 0
1484578442.360415000 0 0
1484578442.371227000 0 0
1484578442.381459000 0 0
1484578442.392519000 0 0
1484578442.403684000 0 0
1484578442.414872000 0 0
1484578442.425423000 0 0
1484578442.436230000 0 0
1484578442.447158000 0 0
1484578442.457833000 0 0
1484578442.468486000 0 0
1484578442.479448000 0 0
1484578442.490738000 0 0
1484578442.501848000 0 0
1484578442.513241000 0 0
1484578442.524480000 0 0
1484578442.535265000 0 0
1484578442.558953000 0 0
1484578442.570264000 0 0
1484578442.593203000 0 0
1484578442.604706000 0 0
1484578442.615036000 0 0
1484578442.625648000 0 0
1484578442.637980000 0 0
1484578442.649185000 0 0
1484578442.660344000 0 0
1484578442.671357000 0 0
1484578442.682506000 0 0
1484578442.693509000 0 0
1484578442.704943000 0 0
1484578442.715966000 0 0
1484578442.726896000 0 0
1484578442.753787000 0 0
1484578442.765777000 0 0
1484578442.777388000 0 0
1484578442.788976000 0 0
1484578442.799493000 0 0
1484578442.810325000 0 0
1484578442.820838000 0 0
1484578442.831561000 0 0
1484578442.842470000 0 0
1484578442.853056000 0 0
1484578442.863509000 0 0
1484578442.874229000 0 0
1484578442.884710000 0 0
1484578442.895362000 0 0
1484578442.906322000 0 0
1484578442.917132000 0 0
1484578442.927740000 0 0
1484578442.938345000 0 0
1484578442.949294000 0 0
1484578442.959622000 0 0
1484578442.970275000 0 0
1484578442.981074000 0 0
1484578442.991695000 0 0
1484578443.002458000 0 0
1484578443.026171000 0 0
1484578443.036792000 0 0
1484578443.049063000 0 0
1484578443.059884000 0 0
1484578443.080290000 0 0
1484578443.090576000 0 0
1484578443.101224000 0 0
1484578443.111479000 0 0
1484578443.122234000 0 0
1484578443.132790000 0 0
1484578443.161828000 0 0
1484578443.172668000 0 0
1484578443.183358000 0 0
1484578443.194921000 0 0
1484578443.216630000 0 0
1484578443.228016000 0 0
1484578443.239305000 0 0
1484578443.250636000 0 0
1484578443.261630000 0 0
1484578443.273050000 0 0
1484578443.283652000 0 0
1484578443.294399000 0 0
1484578443.305276000 0 0
1484578443.316370000 0 0
1484578443.327473000 0 0
1484578443.338730000 0 0
1484578443.349705000 0 0
1484578443.360529000 0 0
1484578443.371078000 0 0
1484578443.381472000 0 0
1484578443.392673000 0 0
1484578443.403992000 0 0
1484578443.415261000 0 0
1484578443.426311000 0 0
1484578443.436052000 0 0
1484578443.447109000 0 0
1484578443.457920000 0 0
1484578443.469000000 0 0
1484578443.480293000 0 0
1484578443.491519000 0 0
1484578443.502671000 0 0
1484578443.513608000 0 0
1484578443.524276000 0 0
1484578443.535083000 0 0
1484578443.546151000 0 0
1484578443.556985000 0 0
1484578443.567691000 0 0
1484578443.578474000 0 0
1484578443.589644000 0 0
1484578443.600573000 0 0
1484578443.611151000 0 0
1484578443.621480000 0 0
1484578443.632007000 0 0
1484578443.642572000 0 0
1484578443.653232000 0 0
1484578443.664082000 0 0
1484578443.674553000 0 0
1484578443.693325000 0 0
1484578443.704214000 0 0
1484578443.714406000 0 0
1484578443.724847000 0 0
1484578443.735657000 0 0
1484578443.746481000 0 0
1484578443.757279000 0 0
1484578443.767992000 0 0
1484578443.778485000 0 0
1484578443.789282000 0 0
1484578443.800101000 0 0
1484578443.810486000 0 0
1484578443.821451000 0 0
1484578443.832157000 0 0
1484578443.842526000 0 0
1484578443.866274000 0 0
1484578443.877299000 0 0
1484578443.888115000 0 0
1484578443.899003000 0 0
1484578443.909657000 0 0
1484578443.920270000 0 0
1484578443.931204000 0 0
1484578443.942157000 0 0
1484578443.952603000 0 0
1484578443.963446000 0 0
1484578443.974162000 0 0
1484578443.984712000 0 0
1484578443.995201000 0 0
1484578444.005892000 0 0
1484578444.016480000 0 0
1484578444.034213000 0 0
1484578444.045072000 0 0
1484578444.055471000 0 0
1484578444.065976000 0 0
1484578444.076547000 0 0
1484578444.086932000 0 0
1484578444.097640000 0 0
1484578444.109023000 0 0
1484578444.120096000 0 0
1484578444.130628000 0 0
1484578444.141659000 0 0
1484578444.152456000 0 0
1484578444.163175000 0 0
1484578444.173881000 0 0
1484578444.184464000 0 0
1484578444.195006000 0 0
1484578444.205286000 0 0
1484578444.215548000 0 0
1484578444.226304000 0 0
1484578444.236991000 0 0
1484578444.247506000 0 0
1484578444.258113000 0 0
1484578444.268868000 0 0
1484578444.279625000 0 0
1484578444.290200000 0 0
1484578444.301165000 0 0
1484578444.312066000 0 0
1484578444.322785000 0 0
1484578444.333158000 0 0
1484578444.344154000 0 0
1484578444.354550000 0 0
1484578444.377124000 0 0
1484578444.388404000 0 0
1484578444.399590000 0 0
1484578444.410439000 0 0
1484578444.421778000 0 0
1484578444.433139000 0 0
1484578444.444227000 0 0
1484578444.455157000 0 0
1484578444.466074000 0 0
1484578444.477343000 0 0
1484578444.488366000 0 0
1484578444.499305000 0 0
1484578444.510174000 0 0
1484578444.520507000 0 0
1484578444.531297000 0 0
1484578444.542060000 0 0
1484578444.552396000 0 0
1484578444.562766000 0 0
1484578444.573456000 0 0
1484578444.596935000 0 0
1484578444.608052000 0 0
1484578444.618689000 0 0
1484578444.629480000 0 0
1484578444.640522000 0 0
1484578444.651316000 0 0
1484578444.662460000 0 0
1484578444.673390000 0 0
1484578444.684156000 0 0
1484578444.695048000 0 0
1484578444.705731000 0 0
1484578444.716286000 0 0
1484578444.726951000 0 0
1484578444.737816000 0 0
1484578444.748556000 0 0
1484578444.759217000 0 0
1484578444.770002000 0 0
1484578444.780739000 0 0
1484578444.791361000 0 0
1484578444.802016000 0 0
1484578444.812899000 0 0
1484578444.835076000 0 0
1484578444.847489000 0 0
1484578444.856937000 0 0
1484578444.867242000 0 0
1484578444.878599000 0 0
1484578444.881846000 0 0
1484578444.891113000 0 0
1484578444.890770000 0 0
1484578444.901991000 0 0
1484578444.912139000 0 0
1484578444.923021000 0 0
1484578444.933676000 0 0
1484578444.944406000 0 0
1484578444.954979000 0 0
1484578444.965652000 0 0
1484578444.976623000 0 0
1484578444.987505000 0 0
1484578444.998241000 0 0
1484578445.008806000 0 0
1484578445.019414000 0 0
1484578445.030533000 0 0
1484578445.041310000 0 0
1484578445.052453000 0 0
1484578445.063532000 0 0
1484578445.074653000 0 0
1484578445.085821000 0 0
1484578445.096762000 0 0
1484578445.107902000 0 0
1484578445.119105000 0 0
1484578445.130420000 0 0
1484578445.141777000 0 0
1484578445.152492000 0 0
1484578445.163326000 0 0
1484578445.174247000 0 0
1484578445.185132000 0 0
1484578445.196098000 0 0
1484578445.206859000 0 0
1484578445.217175000 0 0
1484578445.227443000 0 0
1484578445.238175000 0 0
1484578445.248710000 0 0
1484578445.259421000 0 0
1484578445.270129000 0 0
1484578445.280431000 0 0
1484578445.290688000 0 0
1484578445.301217000 0 0
1484578445.311520000 0 0
1484578445.322306000 0 0
1484578445.333030000 0 0
1484578445.343469000 0 0
1484578445.366965000 0 0
1484578445.378913000 0 0
1484578445.389756000 0 0
1484578445.400794000 0 0
1484578445.421673000 0 0
1484578445.432847000 0 0
1484578445.443766000 0 0
1484578445.454488000 0 0
1484578445.465258000 0 0
1484578445.475671000 0 0
1484578445.486452000 0 0
1484578445.497294000 0 0
1484578445.507918000 0 0
1484578445.518512000 0 0
1484578445.529273000 0 0
1484578445.540538000 0 0
1484578445.551451000 0 0
1484578445.571587000 0 0
1484578445.581978000 0 0
1484578445.592532000 0 0
1484578445.603262000 0 0
1484578445.613992000 0 0
1484578445.624468000 0 0
1484578445.635258000 0 0
1484578445.645839000 0 0
1484578445.656735000 0 0
1484578445.667402000 0 0
1484578445.677750000 0 0
1484578445.688407000 0 0
1484578445.699194000 0 0
1484578445.709620000 0 0
1484578445.720329000 0 0
1484578445.731103000 0 0
1484578445.741878000 0 0
1484578445.752043000 0 0
1484578445.762695000 0 0
1484578445.773451000 0 0
1484578445.798989000 0 0
1484578445.810091000 0 0
1484578445.821000000 0 0
1484578445.846297000 0 0
1484578445.858230000 0 0
1484578445.869095000 0 0
1484578445.879922000 0 0
1484578445.890457000 0 0
1484578445.901315000 0 0
1484578445.912285000 0 0
1484578445.922564000 0 0
1484578445.933494000 0 0
1484578445.944146000 0 0
1484578445.954593000 0 0
1484578445.965488000 0 0
1484578445.976387000 0 0
1484578445.987163000 0 0
1484578446.008079000 0 0
1484578446.018763000 0 0
1484578446.029535000 0 0
1484578446.040379000 0 0
1484578446.051556000 0 0
1484578446.062908000 0 0
1484578446.073875000 0 0
1484578446.085073000 0 0
1484578446.095553000 0 0
1484578446.106701000 0 0
1484578446.117415000 0 0
1484578446.128130000 0 0
1484578446.138810000 0 0
1484578446.149500000 0 0
1484578446.160455000 0 0
1484578446.171178000 0 0
1484578446.181951000 0 0
1484578446.192460000 0 0
1484578446.203132000 0 0
1484578446.213629000 0 0
1484578446.224937000 0 0
1484578446.235624000 0 0
1484578446.246712000 0 0
1484578446.257433000 0 0
1484578446.268083000 0 0
1484578446.278850000 0 0
1484578446.289695000 0 0
1484578446.300382000 0 0
1484578446.311011000 0 0
1484578446.321804000 0 0
1484578446.332324000 0 0
1484578446.343074000 0 0
1484578446.353830000 0 0
1484578446.364406000 0 0
1484578446.374965000 0 0
1484578446.385637000 0 0
1484578446.406082000 0 0
1484578446.417386000 0 0
1484578446.429159000 0 0
1484578446.440630000 0 0
1484578446.452115000 0 0
1484578446.463550000 0 0
1484578446.474659000 0 0
1484578446.486030000 0 0
1484578446.497276000 0 0
1484578446.508303000 0 0
1484578446.519276000 0 0
1484578446.530049000 0 0
1484578446.541158000 0 0
1484578446.551465000 0 0
1484578446.561764000 0 0
1484578446.571909000 0 0
1484578446.582758000 0 0
1484578446.593194000 0 0
1484578446.603926000 0 0
1484578446.614579000 0 0
1484578446.625422000 0 0
1484578446.635950000 0 0
1484578446.647094000 0 0
1484578446.658246000 0 0
1484578446.669323000 0 0
1484578446.692322000 0 0
1484578446.703382000 0 0
1484578446.714366000 0 0
1484578446.725249000 0 0
1484578446.736304000 0 0
1484578446.753659000 0 0
1484578446.763884000 0 0
1484578446.774506000 0 0
1484578446.785191000 0 0
1484578446.795940000 0 0
1484578446.806691000 0 0
1484578446.816989000 0 0
1484578446.827845000 0 0
1484578446.838886000 0 0
1484578446.850267000 0 0
1484578446.861228000 0 0
1484578446.871852000 0 0
1484578446.882550000 0 0
1484578446.893387000 0 0
1484578446.904395000 0 0
1484578446.915599000 0 0
1484578446.926655000 0 0
1484578446.937591000 0 0
1484578446.948635000 0 0
1484578446.959246000 0 0
1484578446.970139000 0 0
1484578446.981471000 0 0
1484578446.991895000 0 0
1484578447.002628000 0 0
1484578447.013538000 0 0
1484578447.024379000 0 0
1484578447.035184000 0 0
1484578447.046074000 0 0
1484578447.056885000 0 0
1484578447.067340000 0 0
1484578447.078067000 0 0
1484578447.088356000 0 0
1484578447.099291000 0 0
1484578447.110521000 0 0
1484578447.122007000 0 0
1484578447.133119000 0 0
1484578447.144514000 0 0
1484578447.155630000 0 0
1484578447.166555000 0 0
1484578447.177193000 0 0
1484578447.188459000 0 0
1484578447.199522000 0 0
1484578447.210756000 0 0
1484578447.221548000 0 0
1484578447.233181000 0 0
1484578447.244284000 0 0
1484578447.255424000 0 0
1484578447.266813000 0 0
1484578447.277870000 0 0
1484578447.288760000 0 0
1484578447.300043000 0 0
1484578447.311262000 0 0
1484578447.322137000 0 0
1484578447.332886000 0 0
1484578447.343529000 0 0
1484578447.354409000 0 0
1484578447.365142000 0 0
1484578447.375953000 0 0
1484578447.405000000 0 0
1484578447.417071000 0 0
1484578447.428575000 0 0
1484578447.440308000 0 0
1484578447.451943000 0 0
1484578447.463545000 0 0
1484578447.474936000 0 0
1484578447.486439000 0 0
1484578447.507741000 0 0
1484578447.519590000 0 0
1484578447.531216000 0 0
1484578447.543200000 0 0
1484578447.554913000 0 0
1484578447.566270000 0 0
1484578447.577363000 0 0
1484578447.588266000 0 0
1484578447.599093000 0 0
1484578447.610181000 0 0
1484578447.621369000 0 0
1484578447.632383000 0 0
1484578447.642852000 0 0
1484578447.653322000 0 0
1484578447.664430000 0 0
1484578447.675287000 0 0
1484578447.685940000 0 0
1484578447.696555000 0 0
1484578447.707299000 0 0
1484578447.718105000 0 0
1484578447.728499000 0 0
1484578447.739024000 0 0
1484578447.749659000 0 0
1484578447.760379000 0 0
1484578447.771312000 0 0
1484578447.782234000 0 0
1484578447.793334000 0 0
1484578447.804047000 0 0
1484578447.814218000 0 0
1484578447.825027000 0 0
1484578447.835958000 0 0
1484578447.859484000 0 0
1484578447.870423000 0 0
1484578447.881222000 0 0
1484578447.892042000 0 0
1484578447.902685000 0 0
1484578447.913892000 0 0
1484578447.924661000 0 0
1484578447.935160000 0 0
1484578447.945923000 0 0
1484578447.956641000 0 0
1484578447.967102000 0 0
1484578447.977890000 0 0
1484578447.988588000 0 0
1484578447.998871000 0 0
1484578448.009734000 0 0
1484578448.020512000 0 0
1484578448.031275000 0 0
1484578448.042113000 0 0
1484578448.052893000 0 0
1484578448.064030000 0 0
1484578448.075189000 0 0
1484578448.086380000 0 0
1484578448.097228000 0 0
1484578448.107482000 0 0
1484578448.118242000 0 0
1484578448.129141000 0 0
1484578448.139805000 0 0
1484578448.151023000 0 0
1484578448.161844000 0 0
1484578448.172858000 0 0
1484578448.183417000 0 0
1484578448.194403000 0 0
1484578448.205165000 0 0
1484578448.216527000 0 0
1484578448.242304000 0 0
1484578448.254401000 0 0
1484578448.266068000 0 0
1484578448.277902000 0 0
1484578448.289301000 0 0
1484578448.300891000 0 0
1484578448.312187000 0 0
1484578448.323846000 0 0
1484578448.335100000 0 0
1484578448.346670000 0 0
1484578448.358223000 0 0
1484578448.369382000 0 0
1484578448.380983000 0 0
1484578448.392688000 0 0
1484578448.404073000 0 0
1484578448.415537000 0 0
1484578435.801464000 0 0
1484578448.425872000 0 0
1484578448.445004000 0 0
1484578448.455980000 0 0
1484578448.466492000 0 0
1484578448.477347000 0 0
1484578448.488188000 0 0
1484578448.499015000 0 0
1484578448.509449000 0 0
1484578448.520336000 0 0
1484578448.531106000 0 0
1484578448.541822000 0 0
1484578448.552570000 0 0
1484578448.563163000 0 0
1484578448.573657000 0 0
1484578448.584402000 0 0
1484578448.594948000 0 0
1484578448.605647000 0 0
1484578448.616671000 0 0
1484578448.627409000 0 0
1484578448.638055000 0 0
1484578448.648547000 0 0
1484578448.659373000 0 0
1484578448.670435000 0 0
1484578448.681437000 0 0
1484578448.692118000 0 0
1484578448.717298000 0 0
1484578448.728899000 0 0
1484578448.740325000 0 0
1484578448.751431000 0 0
1484578448.762532000 0 0
1484578448.773498000 0 0
1484578448.784320000 0 0
1484578448.795361000 0 0
1484578448.806343000 0 0
1484578448.817241000 0 0
1484578448.828116000 0 0
1484578448.839195000 0 0
1484578448.850111000 0 0
1484578448.860999000 0 0
1484578448.871565000 0 0
1484578448.882357000 0 0
1484578448.893201000 0 0
1484578448.904132000 0 0
1484578448.914827000 0 0
1484578448.925948000 0 0
1484578448.936738000 0 0
1484578448.947883000 0 0
1484578448.958635000 0 0
1484578448.969175000 0 0
1484578448.979877000 0 0
1484578448.990410000 0 0
1484578449.016948000 0 0
1484578449.028202000 0 0
1484578449.039591000 0 0
1484578449.051710000 0 0
1484578449.063539000 0 0
1484578449.074744000 0 0
1484578449.085774000 0 0
1484578449.096577000 0 0
1484578449.107769000 0 0
1484578449.119063000 0 0
1484578449.130452000 0 0
1484578449.141714000 0 0
1484578449.152856000 0 0
1484578449.164256000 0 0
1484578449.175401000 0 0
1484578449.186785000 0 0
1484578449.197621000 0 0
1484578449.208563000 0 0
1484578449.219414000 0 0
1484578449.230373000 0 0
1484578449.241003000 0 0
1484578449.251851000 0 0
1484578449.262725000 0 0
1484578449.273010000 0 0
1484578449.283572000 0 0
1484578449.294602000 0 0
1484578449.305001000 0 0
1484578449.315831000 0 0
1484578449.326621000 0 0
1484578449.336965000 0 0
1484578449.347334000 0 0
1484578449.358019000 0 0
1484578449.368380000 0 0
1484578449.379223000 0 0
1484578449.389742000 0 0
1484578449.400473000 0 0
1484578449.411201000 0 0
1484578449.422077000 0 0
1484578449.432535000 0 0
1484578449.443223000 0 0
1484578449.453567000 0 0
1484578449.464356000 0 0
1484578449.490322000 0 0
1484578449.501755000 0 0
1484578449.512663000 0 0
1484578449.523475000 0 0
1484578449.534195000 0 0
1484578449.545323000 0 0
1484578449.556324000 0 0
1484578449.580029000 0 0
1484578449.591500000 0 0
1484578449.602618000 0 0
1484578449.613427000 0 0
1484578449.624489000 0 0
1484578449.635368000 0 0
1484578449.646108000 0 0
1484578449.656526000 0 0
1484578449.667370000 0 0
1484578449.678078000 0 0
1484578449.688499000 0 0
1484578449.699218000 0 0
1484578449.710205000 0 0
1484578449.720955000 0 0
1484578449.731509000 0 0
1484578449.742387000 0 0
1484578449.753241000 0 0
1484578449.764017000 0 0
1484578449.774723000 0 0
1484578449.785576000 0 0
1484578449.796564000 0 0
1484578449.807192000 0 0
1484578449.818073000 0 0
1484578449.828906000 0 0
1484578449.839893000 0 0
1484578449.850493000 0 0
1484578449.861246000 0 0
1484578449.872164000 0 0
1484578449.882705000 0 0
1484578449.893345000 0 0
1484578449.904311000 0 0
1484578449.915028000 0 0
1484578449.925959000 0 0
1484578449.936454000 0 0
1484578449.947399000 0 0
1484578449.958188000 0 0
1484578449.968565000 0 0
1484578449.979384000 0 0
1484578449.989954000 0 0
1484578450.000689000 0 0
1484578450.011727000 0 0
1484578450.022732000 0 0
1484578450.033094000 0 0
1484578450.043682000 0 0
1484578450.054760000 0 0
1484578450.065405000 0 0
1484578450.076514000 0 0
1484578450.086925000 0 0
1484578450.097312000 0 0
1484578450.107922000 0 0
1484578450.118569000 0 0
1484578450.142348000 0 0
1484578450.153662000 0 0
1484578450.164392000 0 0
1484578450.174933000 0 0
1484578450.184975000 0 0
1484578450.195841000 0 0
1484578450.206911000 0 0
1484578450.217669000 0 0
1484578450.228648000 0 0
1484578450.239432000 0 0
1484578450.250244000 0 0
1484578450.261233000 0 0
1484578450.272250000 0 0
1484578450.283427000 0 0
1484578450.294621000 0 0
1484578450.305998000 0 0
1484578450.317008000 0 0
1484578450.327880000 0 0
1484578450.338241000 0 0
1484578450.348740000 0 0
1484578450.359405000 0 0
1484578450.370695000 0 0
1484578450.381510000 0 0
1484578450.392676000 0 0
1484578450.403544000 0 0
1484578450.414314000 0 0
1484578450.425124000 0 0
1484578450.435888000 0 0
1484578450.446561000 0 0
1484578450.457048000 0 0
1484578450.467744000 0 0
1484578450.478587000 0 0
1484578450.489015000 0 0
1484578450.499822000 0 0
1484578450.510912000 0 0
1484578450.521731000 0 0
1484578450.532510000 0 0
1484578450.542708000 0 0
1484578450.552967000 0 0
1484578450.563843000 0 0
1484578450.574568000 0 0
1484578450.585134000 0 0
1484578450.595919000 0 0
1484578450.606588000 0 0
1484578450.617064000 0 0
1484578450.628071000 0 0
1484578450.638940000 0 0
1484578450.649699000 0 0
1484578450.660356000 0 0
1484578450.670927000 0 0
1484578450.681442000 0 0
1484578450.692030000 0 0
1484578450.703130000 0 0
1484578450.713731000 0 0
1484578450.724245000 0 0
1484578450.734963000 0 0
1484578450.745449000 0 0
1484578450.756186000 0 0
1484578450.766772000 0 0
1484578450.777596000 0 0
1484578450.787981000 0 0
1484578450.798181000 0 0
1484578450.808946000 0 0
1484578450.819904000 0 0
1484578450.830655000 0 0
1484578450.841018000 0 0
1484578450.851659000 0 0
1484578450.862351000 0 0
1484578450.872750000 0 0
1484578450.883168000 0 0
1484578450.893853000 0 0
1484578450.904253000 0 0
1484578450.914984000 0 0
1484578450.925366000 0 0
1484578450.935944000 0 0
1484578450.946574000 0 0
1484578450.957325000 0 0
1484578450.968175000 0 0
1484578450.978552000 0 0
1484578450.989129000 0 0
1484578451.008239000 0 0
1484578451.018797000 0 0
1484578451.029458000 0 0
1484578451.040396000 0 0
1484578451.051404000 0 0
1484578451.061684000 0 0
1484578451.072595000 0 0
1484578451.083276000 0 0
1484578451.093942000 0 0
1484578451.104314000 0 0
1484578451.115454000 0 0
1484578451.125936000 0 0
1484578451.136362000 0 0
1484578451.147335000 0 0
1484578451.158007000 0 0
1484578451.168192000 0 0
1484578451.178593000 0 0
1484578451.189336000 0 0
1484578451.199948000 0 0
1484578451.210433000 0 0
1484578451.221002000 0 0
1484578451.231314000 0 0
1484578451.242331000 0 0
1484578451.253252000 0 0
1484578451.263936000 0 0
1484578451.274226000 0 0
1484578451.285117000 0 0
1484578451.295966000 0 0
1484578451.306551000 0 0
1484578451.317141000 0 0
1484578451.328082000 0 0
1484578451.338586000 0 0
1484578451.349194000 0 0
1484578451.359345000 0 0
1484578451.370173000 0 0
1484578451.381398000 0 0
1484578451.392168000 0 0
1484578451.402438000 0 0
1484578451.413248000 0 0
1484578451.423600000 0 0
1484578451.434045000 0 0
1484578451.444603000 0 0
1484578451.456829000 0 0
1484578451.467459000 0 0
1484578451.478267000 0 0
1484578451.489147000 0 0
1484578451.499972000 0 0
1484578451.510838000 0 0
1484578451.521503000 0 0
1484578451.531963000 0 0
1484578451.542512000 0 0
1484578451.553213000 0 0
1484578451.563834000 0 0
1484578451.574449000 0 0
1484578451.584979000 0 0
1484578451.595284000 0 0
1484578451.606437000 0 0
1484578451.616895000 0 0
1484578451.640403000 0 0
1484578451.651112000 0 0
1484578451.661857000 0 0
1484578451.672681000 0 0
1484578451.683531000 0 0
1484578451.694358000 0 0
1484578451.704874000 0 0
1484578451.733537000 0 0
1484578451.744142000 0 0
1484578451.754452000 0 0
1484578451.765228000 0 0
1484578451.776003000 0 0
1484578451.786442000 0 0
1484578451.804040000 0 0
1484578451.814817000 0 0
1484578451.836186000 0 0
1484578451.847156000 0 0
1484578451.865917000 0 0
1484578451.877442000 0 0
1484578451.899095000 0 0
1484578451.910679000 0 0
1484578451.922122000 0 0
1484578451.933537000 0 0
1484578451.945149000 0 0
1484578451.956493000 0 0
1484578451.974749000 0 0
1484578451.986205000 0 0
1484578452.003133000 0 0
1484578452.013895000 0 0
1484578452.029676000 0 0
1484578452.040284000 0 0
1484578452.051042000 0 0
1484578452.061455000 0 0
1484578452.072164000 0 0
1484578452.082574000 0 0
1484578452.097605000 0 0
1484578452.108718000 0 0
1484578452.132622000 0 0
1484578452.142911000 0 0
1484578452.153639000 0 0
1484578452.164673000 0 0
1484578452.186388000 0 0
1484578452.197606000 0 0
1484578452.215458000 0 0
1484578452.226619000 0 0
1484578452.237754000 0 0
1484578452.248908000 0 0
1484578452.259858000 0 0
1484578452.270825000 0 0
1484578452.281868000 0 0
1484578452.292736000 0 0
1484578452.315248000 0 0
1484578452.336169000 0 0
1484578452.346620000 0 0
1484578452.404986000 0 0
1484578452.416466000 0 0
1484578452.427863000 0 0
1484578452.447640000 0 0
1484578452.462416000 0 0
1484578452.473901000 0 0
1484578452.485545000 0 0
1484578452.497105000 0 0
1484578452.508509000 0 0
1484578452.519581000 0 0
1484578452.530872000 0 0
1484578452.546935000 0 0
1484578452.561937000 0 0
1484578452.578892000 0 0
1484578452.595082000 0 0
1484578452.619478000 0 0
1484578452.631016000 0 0
1484578452.654506000 0 0
1484578452.665162000 0 0
1484578452.676215000 0 0
1484578452.686803000 0 0
1484578452.697598000 0 0
1484578452.714168000 0 0
1484578452.731287000 0 0
1484578452.742260000 0 0
1484578452.752999000 0 0
1484578452.763877000 0 0
1484578452.774790000 0 0
1484578452.785590000 0 0
1484578452.796563000 0 0
1484578452.807018000 0 0
1484578452.830011000 0 0
1484578452.841265000 0 0
1484578452.851589000 0 0
1484578452.869727000 0 0
1484578452.888309000 0 0
1484578452.892907000 0 0
1484578452.899238000 0 0
1484578452.905775000 0 0
1484578452.915393000 0 1386
1484578452.933213000 0 0
1484578453.319943000 0 0
1484578453.333641000 0 0
1484578453.337682000 0 2
1484578453.344188000 0 0
1484578453.347682000 0 0
1484578453.350655000 0 0
1484578438.223870000 2 0
1484578453.323158000 0 0
1484578453.353660000 0 0
1484578454.228046000 0 0
1484578454.247329000 0 0
1484578457.155164000 0 0
1484578458.043760000 0 0
1484578458.066309000 0 0
1484578458.082788000 0 0
1484578458.110477000 0 0
1484578434.002308000 10 0
1484578434.033387000 111 0
1484578434.461619000 22438 0
1484578434.479378000 4431 0
1484578434.532617000 16384 0
1484578434.602252000 365 0
1484578434.897108000 208620 0
1484578435.581342000 497 0
1484578435.815445000 7420 0
1484578436.317025000 3072 0
1484578436.609841000 7495 0
1484578436.334102000 25 0
1484578436.677836000 504 0
1484578436.882140000 5577 0
1484578437.438305000 915 0
1484578437.663931000 10 0
1484578437.973986000 9833 0
1484578438.055788000 371 0
1484578438.152334000 497 0
1484578467.426644000 0 5577
1484578467.438450000 0 0
1484578467.436776000 0 0
1484578444.895445000 282 0
1484578453.000792000 27 0
1484578453.509630000 55 0
1484578492.616946000 0 0
1484578492.631669000 0 0
1484578492.654264000 0 0
1484578492.663373000 0 0
1484578492.694470000 0 66
1484578492.702189000 0 0
1484578492.685972000 66 0
1484578492.701205000 0 0
1484578494.080237000 0 0
1484578495.665740000 0 0
1484578495.702778000 0 137
1484578495.711864000 0 0
1484578495.682320000 137 0
1484578495.710303000 0 0
1484578495.723781000 0 0
1484578495.764655000 0 9985
1484578495.773732000 0 0
1484578495.772624000 0 0
1484578519.913765000 0 0
1484578495.795474000 51 0
1484578521.238176000 0 0
1484578519.946611000 245683 4230
1484578521.255718000 1359 0
1484578707.314650000 0 0
1484578707.439833000 0 0
1484578707.467129000 2301 5311
1484578707.318801000 245894 1817
1484578738.099720000 0 371
1484578738.111695000 0 0
1484578738.110015000 0 0
1484578754.253794000 0 365
1484578786.503917000 0 0
1484578786.548674000 0 0
1484578786.567902000 0 0
1484578786.572068000 0 22143
1484578786.592828000 0 0
1484578786.598386000 0 0
1484578786.602357000 0 0
1484578786.554227000 0 0
1484578786.605696000 0 0
1484578786.652409000 0 0
1484578786.674579000 0 0
1484578795.846236000 0 10285
1484578795.855719000 0 0
1484578795.854510000 0 0
1484578798.091612000 0 208787
1484578798.116030000 0 0
1484579004.071677000 0 0
1484576624.604833000 0 0
1484579036.389582000 0 7636
1484579036.399176000 0 0
1484579036.397974000 0 0
1484578714.204310000 247074 3987
1484579095.896841000 0 11411
1484579095.905458000 0 0
1484579095.904337000 0 0
1484579395.941885000 0 11411
1484579395.951280000 0 0
1484579395.949943000 0 0
1484579603.372601000 0 0
1484579682.781690000 0 0
1484579682.786563000 0 0
1484579682.795991000 0 0
1484579695.989182000 0 11414
1484579695.997969000 0 0
1484579695.996849000 0 0
1484579682.800637000 282 0
1484579745.461097000 0 0
1484579745.523209000 0 0
1484579745.525833000 0 0
1484579745.534152000 0 0
1484579745.540388000 0 0
1484579745.588236000 0 0
1484579745.594464000 0 0
1484579745.592195000 0 0
1484579745.613107000 0 0
1484579745.609389000 0 0
1484579745.823398000 0 0
1484579745.826026000 0 0
1484579745.966478000 0 0
1484579745.969578000 0 0
1484579745.971906000 0 0
1484579745.974580000 0 0
1484579746.012922000 0 0
1484579746.022892000 0 162
1484579746.102962000 0 0
1484579746.151362000 0 0
1484579746.153426000 0 0
1484579746.155860000 0 0
1484579746.163227000 0 0
1484579746.165423000 0 0
1484579746.167555000 0 0
1484579746.172764000 0 0
1484579738.708548000 16684 0
1484579739.830891000 213 0
1484579745.538163000 282 0
1484579746.321568000 0 0
1484579746.319075000 0 0
1484579746.331095000 0 0
1484579746.443701000 0 0
1484579746.440616000 0 0
1484579747.038201000 0 0
1484579747.036594000 0 0
1484579749.048234000 0 0
1484579749.046610000 0 0
1484579747.080926000 1739 0
1484579747.094827000 1683 0
1484579747.075516000 538 0
1484579745.525343000 0 0
1484579742.448619000 16801 0
1484579746.003190000 16777 0
1484579749.096812000 1739 0
1484579749.099945000 1683 0
1484579790.865055000 0 0
1484579790.868186000 0 0
1484579790.899870000 0 0
1484579790.903024000 0 0
1484579790.903435000 0 0
1484579790.902798000 0 0
1484579790.910776000 0 0
1484579790.910882000 0 0
1484579790.910930000 0 0
1484579790.913729000 0 0
1484579790.915198000 0 0
1484579790.915354000 0 0
1484579790.917770000 0 0
1484579790.926312000 0 0
1484579790.928608000 0 0
1484579790.930936000 0 0
1484579790.936349000 0 0
1484579790.950302000 0 0
1484579790.953001000 0 0
1484579790.955393000 0 0
1484579790.960474000 0 0
1484579791.049684000 0 0
1484579791.046785000 0 0
1484579791.054815000 0 0
1484579791.150505000 0 0
1484579791.146634000 0 0
1484579754.921119000 0 0
1484579791.932624000 0 0
1484579791.934174000 0 0
1484579791.970351000 538 0
1484579791.974908000 1739 0
1484579791.987387000 1683 0
1484579801.569904000 0 0
1484579801.575170000 0 0
1484579801.584143000 0 0
1484579801.739277000 0 0
1484579801.741646000 0 0
1484579801.727008000 0 0
1484579801.743927000 0 0
1484579801.750210000 0 0
1484579801.748976000 0 0
1484579801.826534000 0 0
1484579801.828856000 0 0
1484579801.831743000 0 0
1484579801.834469000 0 0
1484579801.682337000 0 0
1484579801.589978000 572 0
1484579801.818113000 504 0
1484579801.838291000 504 0
1484579801.838997000 129 0
1484579801.875893000 287 0
1484579801.901367000 70 0
1484579801.933705000 685 0
1484579801.946356000 504 0
1484579801.978322000 81 0
1484579802.048281000 0 0
1484579802.068203000 0 0
1484579746.000226000 0 0
1484579807.457046000 0 0
1484579807.462246000 0 0
1484579807.476234000 0 0
1484579807.481049000 0 0
1484579807.486979000 0 0
1484579807.491780000 0 0
1484579807.496443000 0 0
1484579807.500737000 0 0
1484579807.505359000 0 0
1484579807.531601000 0 0
1484579807.537037000 0 0
1484579807.554092000 0 0
1484579807.559261000 0 0
1484579807.563936000 0 0
1484579808.826863000 0 0
1484579802.066001000 0 0
1484579808.855832000 12796 0
1484579809.812218000 0 0
1484579809.812650000 0 0
1484579809.845112000 0 0
1484579809.848643000 0 0
1484579802.061370000 8806 0
1484579802.070799000 0 0
1484579818.994694000 0 0
1484579818.993310000 0 0
1484579819.047802000 0 0
1484579809.828102000 0 0
1484579820.281875000 0 0
1484579827.026105000 0 0
1484579827.369655000 0 0
1484579827.368331000 0 0
1484579827.392938000 0 0
1484579827.411245000 0 0
1484579827.073524000 483656 0
1484579827.415823000 0 0
1484579827.425163000 0 0
1484579827.428035000 0 0
1484579827.431222000 0 0
1484579827.945492000 0 0
1484579827.956400000 0 0
1484579827.961388000 0 0
1484579827.968761000 0 0
1484579827.978031000 0 0
1484579827.981657000 0 0
1484579827.989934000 0 0
1484579830.443372000 0 0
1484579830.459900000 0 0
1484579830.473313000 0 0
1484579830.471839000 0 0
1484579830.472189000 0 0
1484579831.873985000 0 0
1484579830.990929000 65536 0
1484579832.140738000 0 0
1484579832.142793000 0 0
1484579832.163510000 0 0
1484579832.167310000 0 0
1484579832.179222000 0 0
1484579832.460835000 0 0
1484579832.470898000 0 0
1484579832.484794000 0 0
1484579832.483219000 0 0
1484579834.588542000 0 0
1484579834.592031000 0 0
1484579832.150857000 0 0
1484579834.613700000 0 0
1484579834.617691000 0 0
1484579827.061945000 32768 0
1484579835.508251000 65536 0
1484579837.499261000 0 0
1484579837.502748000 0 0
1484579837.510979000 0 0
1484579837.525130000 0 0
1484579837.526940000 0 0
1484579837.529197000 0 0
1484579837.532422000 0 0
1484579836.616675000 0 0
1484579837.515603000 572 0
1484579837.526151000 282 0
1484579837.541273000 0 0
1484579837.539695000 0 0
1484579837.553924000 0 0
1484579837.550750000 0 0
1484579837.590900000 0 0
1484579837.582995000 0 0
1484579837.537143000 516424 0
1484579837.622233000 0 0
1484579837.619079000 0 0
1484579837.623442000 0 0
1484579854.747545000 0 0
1484579854.761284000 0 0
1484579854.806306000 0 0
1484579854.820314000 0 0
1484579827.376569000 0 0
1484579855.845160000 0 0
1484579855.871962000 0 0
1484579855.876647000 0 0
1484579855.881157000 0 0
1484579855.886233000 0 0
1484579855.895865000 0 0
1484579855.916540000 0 0
1484579857.496646000 0 0
1484579827.422908000 0 22528
1484579857.550359000 31620 0
1484579857.602666000 13076 0
1484579857.756829000 0 0
1484579857.757768000 0 0
1484579857.783419000 0 0
1484579857.786104000 0 0
1484579858.031480000 0 0
1484579858.039763000 0 0
1484579858.045081000 0 0
1484579858.056757000 0 0
1484579858.061916000 0 0
1484579858.073011000 0 0
1484579861.946380000 0 0
1484579880.992416000 0 0
1484579880.983540000 0 0
1484579866.860482000 47111 0
1484579876.560948000 9728 0
1484579878.089226000 42068 0
1484579880.979758000 572 0
1484579880.988240000 129 0
1484579880.993045000 287 0
1484579880.995924000 70 0
1484579880.998948000 685 0
1484579881.001181000 504 0
1484579881.003258000 504 0
1484579881.005698000 504 0
1484579881.008206000 81 0
1484579881.038899000 0 0
1484579857.767410000 0 0
1484579882.154898000 0 0
1484579883.225047000 0 0
1484579883.434249000 0 0
1484579883.434857000 0 0
1484579883.458095000 0 0
1484579883.461505000 0 0
1484579883.473304000 0 0
1484579885.217189000 0 0
1484579885.215801000 0 0
1484579883.440613000 0 0
1484579886.299218000 0 0
1484579864.223877000 26578 0
1484579865.817260000 29460 0
1484579891.309981000 0 0
1484579891.314877000 0 0
1484579891.320044000 0 0
1484579891.895837000 0 0
1484579892.120902000 0 0
1484579892.123763000 0 0
1484579892.141924000 0 0
1484579892.144718000 0 0
1484579894.576393000 0 0
1484579894.593644000 11005 0
1484579894.835660000 0 0
1484579894.840705000 0 0
1484579894.853399000 0 0
1484579894.857303000 0 0
1484579896.629184000 0 0
1484579896.631368000 0 0
1484579896.639330000 0 0
1484579896.642541000 0 0
1484579896.644630000 0 0
1484579896.646788000 0 0
1484579896.652199000 0 0
1484579896.658634000 0 0
1484579896.656452000 0 0
1484579896.665615000 0 0
1484579896.662751000 0 0
1484579896.677257000 0 0
1484579896.675255000 0 0
1484579896.684360000 0 0
1484579896.681241000 0 0
1484579896.697568000 0 0
1484579896.692706000 0 0
1484579896.708071000 0 0
1484579896.705460000 0 0
1484579896.879542000 0 0
1484579896.881885000 0 0
1484579897.019865000 0 0
1484579897.023227000 0 0
1484579897.025969000 0 0
1484579897.031322000 0 0
1484579897.033833000 0 0
1484579897.037478000 0 0
1484579896.313190000 0 0
1484579897.125971000 0 162
1484579897.177811000 0 0
1484579897.180495000 0 0
1484579897.239493000 0 0
1484579897.241957000 0 0
1484579897.244356000 0 0
1484579897.248397000 0 0
1484579897.250256000 0 0
1484579897.257785000 0 0
1484579897.259854000 0 0
1484579897.261878000 0 0
1484579897.263927000 0 0
1484579897.265880000 0 0
1484579897.271236000 0 0
1484579896.885330000 282 0
1484579897.028697000 572 0
1484579897.409359000 0 0
1484579897.407174000 0 0
1484579897.421529000 0 0
1484579897.423343000 0 0
1484579897.427027000 0 0
1484579897.539994000 0 0
1484579897.537498000 0 0
1484579898.129524000 0 0
1484579898.140992000 0 0
1484579898.148470000 0 0
1484579898.153333000 0 0
1484579898.157891000 0 0
1484579898.167822000 0 0
1484579898.170976000 0 0
1484579898.174506000 0 0
1484579898.187021000 0 0
1484579898.187678000 0 0
1484579898.189879000 0 0
1484579898.189002000 0 0
1484579900.142381000 0 0
1484579900.157696000 0 0
1484579900.164588000 0 0
1484579900.171249000 0 0
1484579900.176071000 0 0
1484579900.190322000 0 0
1484579900.194717000 0 0
1484579900.199730000 0 0
1484579900.217834000 0 0
1484579900.219809000 0 0
1484579900.217914000 0 0
1484579900.218858000 0 0
1484579902.155794000 0 0
1484579902.166399000 0 0
1484579902.176623000 0 0
1484579902.178206000 0 0
1484579896.640534000 0 0
1484579896.293488000 168273 0
1484579897.106833000 15101 0
1484579954.292550000 0 0
1484579954.295528000 0 0
1484579954.298868000 0 0
1484579954.326622000 0 0
1484579954.330198000 0 0
1484579954.338426000 0 0
1484579954.341690000 0 0
1484579954.346533000 0 0
1484579954.349761000 0 0
1484579954.358593000 0 0
1484579954.360976000 0 0
1484579954.366248000 0 0
1484579954.368290000 0 0
1484579954.369848000 0 0
1484579954.375438000 0 0
1484579954.422475000 0 0
1484579954.425203000 0 0
1484579897.103267000 0 0
1484579954.415913000 0 15323
1484579954.441314000 0 0
1484579954.452789000 0 0
1484579954.431724000 0 0
1484579954.455974000 0 0
1484579954.436698000 0 0
1484579954.363965000 572 0
1484579954.476221000 0 0
1484579954.477309000 0 0
1484579954.473431000 0 0
1484579954.484365000 0 0
1484579954.486372000 0 0
1484579954.488166000 0 0
1484579954.490320000 0 0
1484579954.493982000 0 0
1484579954.497843000 0 0
1484579954.505792000 0 0
1484579954.507837000 0 0
1484579954.509896000 0 0
1484579954.513091000 0 0
1484579954.515448000 0 0
1484579954.520756000 0 0
1484579954.533765000 0 0
1484579954.535988000 0 0
1484579954.536822000 0 0
1484579954.537632000 0 0
1484579954.539486000 0 0
1484579954.539696000 0 0
1484579954.540869000 0 0
1484579954.543404000 0 0
1484579954.547803000 0 0
1484579954.549936000 0 0
1484579954.552092000 0 0
1484579954.554081000 0 0
1484579954.556876000 0 0
1484579954.562279000 0 0
1484579954.581876000 0 0
1484579954.579857000 0 0
1484579954.636954000 0 0
1484579954.633564000 0 0
1484579954.641579000 0 0
1484579954.740377000 0 0
1484579954.737356000 0 0
1484579906.179134000 0 0
1484579955.426791000 0 0
1484579955.439408000 0 0
1484579955.446147000 0 0
1484579955.450522000 0 0
1484579955.455310000 0 0
1484579955.464369000 0 0
1484579955.467750000 0 0
1484579955.471520000 0 0
1484579955.483397000 0 0
1484579955.485231000 0 0
1484579955.482887000 0 0
1484579955.484108000 0 0
1484579954.465036000 0 0
1484579955.520030000 5631 0
1484579957.439726000 0 0
1484579957.455256000 0 0
1484579957.460490000 0 0
1484579957.466047000 0 0
1484579957.469864000 0 0
1484579957.479966000 0 0
1484579957.483402000 0 0
1484579957.487134000 0 0
1484579957.500558000 0 0
1484579957.504175000 0 0
1484579957.501499000 0 0
1484579957.502517000 0 0
1484579958.228232000 0 0
1484579958.239461000 0 0
1484579958.249200000 0 0
1484579958.252198000 0 0
1484579894.854621000 0 0
1484579958.267305000 0 0
1484579959.456292000 0 0
1484579959.465743000 0 0
1484579959.476262000 0 0
1484579959.476411000 0 0
1484579959.475313000 0 0
1484579959.961717000 0 0
1484579960.005358000 0 0
1484579960.007502000 0 0
1484579959.993543000 12553 0
1484579960.022964000 0 0
1484579960.026656000 0 0
1484579961.642379000 0 0
1484579961.644932000 0 0
1484579961.647191000 0 0
1484579961.649525000 0 0
1484579961.651633000 0 0
1484579961.657644000 0 0
1484579961.664597000 0 0
1484579961.662473000 0 0
1484579961.671664000 0 0
1484579961.668611000 0 0
1484579961.682925000 0 0
1484579961.680847000 0 0
1484579961.689908000 0 0
1484579961.686950000 0 0
1484579961.701990000 0 0
1484579961.698931000 0 0
1484579961.711956000 0 0
1484579961.709396000 0 0
1484579961.877606000 0 0
1484579961.880163000 0 0
1484579962.020985000 0 0
1484579962.024175000 0 0
1484579962.026638000 0 0
1484579962.031344000 0 0
1484579962.033601000 0 0
1484579962.036854000 0 0
1484579961.368627000 0 0
1484579962.100903000 0 162
1484579962.156393000 0 0
1484579962.158649000 0 0
1484579962.214006000 0 0
1484579962.216181000 0 0
1484579962.218620000 0 0
1484579962.222468000 0 0
1484579962.224743000 0 0
1484579962.232139000 0 0
1484579962.234171000 0 0
1484579962.236314000 0 0
1484579962.238218000 0 0
1484579962.240228000 0 0
1484579962.245813000 0 0
1484579961.883720000 282 0
1484579962.029155000 572 0
1484579962.388775000 0 0
1484579962.386554000 0 0
1484579962.399574000 0 0
1484579962.401416000 0 0
1484579962.404990000 0 0
1484579962.518885000 0 0
1484579962.516650000 0 0
1484579963.108623000 0 0
1484579963.125915000 0 0
1484579963.133983000 0 0
1484579963.137894000 0 0
1484579963.141651000 0 0
1484579963.152073000 0 0
1484579963.154922000 0 0
1484579963.157942000 0 0
1484579963.166951000 0 0
1484579963.168889000 0 0
1484579963.167708000 0 0
1484579963.166538000 0 0
1484579965.121034000 0 0
1484579965.137434000 0 0
1484579965.144304000 0 0
1484579965.151059000 0 0
1484579965.155890000 0 0
1484579965.170398000 0 0
1484579965.174867000 0 0
1484579965.179663000 0 0
1484579965.198979000 0 0
1484579965.199402000 0 0
1484579965.201044000 0 0
1484579965.202193000 0 0
1484579967.134858000 0 0
1484579967.144058000 0 0
1484579967.155069000 0 0
1484579967.156409000 0 0
1484579954.462408000 153886 0
1484579956.065765000 0 0
1484579961.350640000 177995 0
1484579962.081788000 16649 0
1484579985.619521000 0 0
1484579961.638126000 0 0
1484579996.025057000 0 11414
1484579996.035361000 0 0
1484579996.033978000 0 0
1484580098.354872000 0 0
1484580098.357620000 0 0
1484580098.388718000 0 0
1484580098.392237000 0 0
1484580098.400715000 0 0
1484580098.406839000 0 0
1484580098.411107000 0 0
1484580098.414909000 0 0
1484580098.416952000 0 0
1484580098.418940000 0 0
1484580098.419234000 0 0
1484580098.420622000 0 0
1484580098.421598000 0 0
1484580098.423813000 0 0
1484580098.423934000 0 0
1484580098.425935000 0 0
1484580098.427596000 0 0
1484580098.427811000 0 0
1484580098.435803000 0 0
1484580098.437909000 0 0
1484580098.440227000 0 0
1484580098.442843000 0 0
1484580098.447169000 0 0
1484580098.450132000 0 0
1484580098.456882000 0 0
1484580098.472010000 0 0
1484580098.470136000 0 0
1484580098.490626000 0 0
1484580098.488019000 0 0
1484580098.496500000 0 0
1484580098.503416000 0 0
1484580098.505369000 0 0
1484580098.507416000 0 0
1484580098.509986000 0 0
1484580098.514204000 0 0
1484580098.516789000 0 0
1484580098.523869000 0 0
1484580098.404431000 572 0
1484580098.553205000 0 0
1484580098.550925000 0 0
1484580098.558412000 0 0
1484580098.658867000 0 0
1484580098.655537000 0 0
1484579985.622383000 0 0
1484580099.004337000 0 0
1484580099.020505000 0 0
1484580099.028919000 0 0
1484580099.033289000 0 0
1484580099.037402000 0 0
1484580099.047967000 0 0
1484580099.051700000 0 0
1484580099.055717000 0 0
1484580099.068665000 0 0
1484580099.067831000 0 0
1484580099.069890000 0 0
1484580099.068686000 0 0
1484579962.078528000 0 0
1484580101.456089000 0 0
1484580101.465510000 0 0
1484580101.479655000 0 0
1484580101.478151000 0 0
1484580105.298508000 0 0
1484580105.311087000 0 0
1484579960.020344000 0 0
1484580105.322577000 0 0
1484580105.326678000 0 0
1484580105.367508000 0 0
1484580106.664067000 0 0
1484580106.670499000 129 0
1484580106.675617000 287 0
1484580106.678692000 70 0
1484580106.681215000 685 0
1484580106.683191000 504 0
1484580106.685542000 504 0
1484580106.688855000 504 0
1484580106.665120000 0 0
1484580106.691759000 81 0
1484580106.722581000 0 0
1484579892.128282000 0 0
1484580107.501995000 0 0
1484580108.677740000 0 0
1484580099.080585000 80661 0
1484580099.154982000 0 0
1484579801.691540000 0 0
1484580210.617681000 0 0
1484580210.621374000 0 0
1484580210.630715000 0 0
1484580210.637932000 0 0
1484580210.830174000 0 0
1484580210.844186000 0 0
1484580210.846853000 0 0
1484580211.262466000 0 0
1484580210.634888000 282 0
1484580210.799595000 0 0
1484580210.851068000 398 0
1484580209.822605000 213 0
1484580210.550280000 0 0
1484580239.937953000 0 0
1484580296.076721000 0 11414
1484580296.085407000 0 0
1484580296.084230000 0 0
1484580437.698169000 0 0
1484580437.702254000 1359 0
1484580596.127947000 0 11415
1484580596.136403000 0 0
1484580596.135237000 0 0
1484580945.783528000 0 11415
1484580945.793139000 0 0
1484580945.791925000 0 0
1484581245.827109000 0 11415
1484581245.836202000 0 0
1484581245.834927000 0 0
1484582675.120628000 0 11415
1484582675.129291000 0 0
1484582675.128125000 0 0
1484582975.155960000 0 11415
1484582975.164771000 0 0
1484582975.163477000 0 0
1484583193.159420000 0 0
1484583193.226218000 0 0
1484583193.229861000 0 0
1484583193.238942000 0 0
1484583193.247992000 0 0
1484583193.407716000 0 0
1484583193.424376000 0 0
1484583193.428198000 0 0
1484583193.934440000 0 0
1484583193.169191000 213 0
1484583193.177468000 0 0
1484583213.480477000 0 0
1484583213.485747000 0 0
1484583193.244998000 282 0
1484583193.433032000 398 0
1484583256.337492000 0 0
1484583257.167179000 0 0
1484583275.213210000 0 11415
1484583275.223726000 0 0
1484583275.222181000 0 0
1484583257.172677000 248038 0
1484583256.342189000 1359 0
1484583307.154893000 0 0
1484580210.697346000 0 0
1484583347.535995000 0 0
1484583409.255967000 0 0
1484583409.316430000 0 0
1484583409.319937000 0 0
1484583409.329190000 0 0
1484583409.337182000 0 0
1484583409.920969000 0 0
1484583431.446507000 0 0
1484583409.261227000 213 0
1484583409.333858000 282 0
1484583362.965255000 0 0
1484583575.235061000 0 11415
1484583575.245852000 0 0
1484583575.244544000 0 0
1484583518.953236000 0 0
1484583815.751141000 0 0
1484583853.192287000 0 0
1484583853.257964000 0 0
1484583853.261749000 0 0
1484583853.270690000 0 0
1484583853.278025000 0 0
1484583853.196960000 213 0
1484583853.274863000 282 0
1484583853.701634000 0 0
1484583875.263029000 0 11415
1484583875.271731000 0 0
1484583875.270697000 0 0
1484583910.086044000 0 0
1484583962.389450000 0 0
1484583995.436470000 0 0
1484584023.721975000 0 0
1484584066.337187000 0 0
1484584157.872514000 0 0
1484584163.207641000 0 0
1484584172.417120000 0 0
1484584175.311720000 0 11415
1484584175.321347000 0 0
1484584175.319680000 0 0
1484584177.620474000 0 0
1484584186.117482000 0 0
1484584208.436483000 0 0
1484584248.946349000 0 0
1484584248.957116000 0 0
1484584249.024670000 0 0
1484584249.028392000 0 0
1484584249.037430000 0 0
1484584249.045565000 0 0
1484584249.168226000 0 0
1484584249.183045000 0 0
1484584249.185522000 0 0
1484584249.588672000 0 0
1484584265.774831000 0 0
1484584248.962280000 213 0
1484584249.042169000 282 0
1484584249.188222000 398 0
1484584348.354518000 0 0
1484584348.358389000 213 0
1484584475.357313000 0 11416
1484584475.366893000 0 0
1484584475.365683000 0 0
1484584775.394749000 0 11416
1484584775.403828000 0 0
1484584775.402471000 0 0
1484585075.430164000 0 11416
1484585075.440496000 0 0
1484585075.439105000 0 0
1484585375.454875000 0 11416
1484585375.464985000 0 0
1484585375.463730000 0 0
1484585723.630548000 0 11416
1484585723.639079000 0 0
1484585723.638223000 0 0
1484586023.663648000 0 11416
1484586023.673372000 0 0
1484586023.672077000 0 0
1484586707.840171000 0 11416
1484586707.849655000 0 0
1484586707.848278000 0 0
1484586710.978141000 0 0
1484586710.989746000 0 0
1484586711.063328000 0 0
1484586711.067206000 0 0
1484586711.081018000 0 0
1484586711.089022000 0 0
1484586711.255697000 0 0
1484586711.270210000 0 0
1484586711.272502000 0 0
1484586711.689080000 0 0
1484586710.994613000 213 0
1484586711.085643000 282 0
1484586711.006704000 0 0
1484586711.274878000 398 0
1484586758.556720000 0 0
1484586950.999077000 282 0
1484587007.213543000 0 0
1484587007.890188000 0 11418
1484587007.900114000 0 0
1484587007.898745000 0 0
1484587008.040935000 0 0
1484587008.044774000 248038 0
1484587007.217652000 1359 0
1484587307.934497000 0 11418
1484587307.943700000 0 0
1484587307.942492000 0 0
1484587769.745139000 0 0
1484587769.828817000 0 0
1484587769.832645000 0 0
1484587769.842002000 0 0
1484587769.849506000 0 0
1484587769.961952000 0 0
1484587769.975899000 0 0
1484587769.978081000 0 0
1484587770.440866000 0 0
1484587769.175968000 213 0
1484587769.758741000 0 0
1484587767.196567000 104 0
1484587769.846566000 282 0
1484587769.980810000 398 0
1484587804.153975000 0 0
1484587873.847093000 0 11418
1484587873.857328000 0 0
1484587873.855733000 0 0
1484588173.862071000 0 11418
1484588173.871298000 0 0
1484588173.870237000 0 0
1484588473.908736000 0 11421
1484588473.917572000 0 0
1484588473.916342000 0 0
1484588566.892690000 0 0
1484588566.969945000 0 0
1484588566.972961000 0 0
1484588566.981050000 0 0
1484588567.034425000 0 0
1484588567.048192000 0 0
1484588567.050476000 0 0
1484576624.742489000 0 0
1484588565.962893000 104 0
1484588566.901029000 0 0
1484588566.984374000 282 0
1484588567.052907000 398 0
1484588773.962454000 0 11421
1484588773.971906000 0 0
1484588773.970476000 0 0
1484589075.398421000 0 11421
1484589075.407296000 0 0
1484589075.406423000 0 0
1484589375.436139000 0 11421
1484589375.445655000 0 0
1484589375.444455000 0 0
1484589822.981352000 0 0
1484589822.986996000 0 0
1484589952.697152000 0 11421
1484589952.705968000 0 0
1484589952.704729000 0 0
1484589970.656544000 0 0
1484589970.659978000 0 0
1484589970.663118000 0 0
1484589970.667010000 0 0
1484589970.670719000 0 0
1484589970.680939000 0 0
1484589970.684426000 0 0
1484590252.725126000 0 11421
1484590252.733183000 0 0
1484590252.732428000 0 0
1484590552.761502000 0 11421
1484590552.771424000 0 0
1484590552.770156000 0 0
1484590852.797871000 0 11421
1484590852.806238000 0 0
1484590852.805265000 0 0
1484591152.853951000 0 11421
1484591152.862225000 0 0
1484591152.861051000 0 0
1484591452.890166000 0 11421
1484591452.899445000 0 0
1484591452.898013000 0 0
1484591612.059781000 0 0
1484591612.138714000 0 0
1484591612.142586000 0 0
1484591612.151659000 0 0
1484591612.159367000 0 0
1484591612.279749000 0 0
1484591612.293598000 0 0
1484591612.296141000 0 0
1484591612.761556000 0 0
1484591610.981120000 213 0
1484591612.073293000 0 0
1484591612.156144000 282 0
1484591612.067138000 0 0
1484591612.298852000 398 0
1484591752.937417000 0 11421
1484591752.947620000 0 0
1484591752.946143000 0 0
1484591863.110857000 0 0
1484591863.171083000 0 0
1484591863.174675000 0 0
1484591863.183396000 0 0
1484591863.190740000 0 0
1484591863.550506000 0 0
1484591863.116017000 213 0
1484591863.187757000 282 0
1484591898.501644000 0 0
1484592052.973190000 0 11421
1484592052.983083000 0 0
1484592052.981463000 0 0
1484592139.246859000 0 0
1484592140.074337000 0 0
1484592140.078392000 248038 0
1484592139.250711000 1359 0
1484592352.999040000 0 11422
1484592353.013054000 0 0
1484592353.012027000 0 0
1484592449.693035000 0 0
1484592449.703775000 0 0
1484592449.780326000 0 0
1484592449.784133000 0 0
1484592449.793278000 0 0
1484592449.801039000 0 0
1484592449.927987000 0 0
1484592449.942875000 0 0
1484592449.945236000 0 0
1484592450.219905000 0 0
1484592449.708946000 213 0
1484592449.797829000 282 0
1484592449.947521000 398 0
1484592653.054938000 0 11422
1484592653.063793000 0 0
1484592653.062503000 0 0
1484592759.480533000 0 0
1484592759.484697000 1359 0
1484588592.701169000 0 0
1484592897.696575000 0 0
1484592897.754049000 0 0
1484592897.757795000 0 0
1484592897.766753000 0 0
1484592897.774630000 0 0
1484592898.161485000 0 0
1484592897.701290000 213 0
1484592897.771357000 282 0
1484592897.712829000 0 0
1484592926.709329000 0 0
1484592926.769803000 0 0
1484592926.772962000 0 0
1484592926.781595000 0 0
1484592926.785720000 0 0
1484592927.122101000 0 0
1484592926.714519000 213 0
1484592953.106209000 0 11422
1484592953.114826000 0 0
1484592953.113548000 0 0
1484593000.909088000 0 0
1484593000.975394000 0 0
1484593000.978824000 0 0
1484593000.987886000 0 0
1484593000.995471000 0 0
1484593001.396358000 0 0
1484593011.409798000 0 0
1484593000.914756000 213 0
1484593000.992376000 282 0
1484593253.158578000 0 11422
1484593253.167074000 0 0
1484593253.165882000 0 0
1484594486.248691000 0 0
1484594486.477695000 0 0
1484594486.552641000 0 0
1484594486.555205000 0 0
1484594486.610203000 0 0
1484594486.620317000 0 0
1484594486.629756000 0 0
1484594486.639141000 0 0
1484595578.986983000 0 11422
1484595578.994917000 0 0
1484595578.993747000 0 0
1484595583.534517000 0 0
1484595583.546080000 0 0
1484595583.603469000 0 0
1484595583.607422000 0 0
1484595583.616620000 0 0
1484595583.625995000 0 0
1484595583.729947000 0 0
1484595583.745466000 0 0
1484595583.747768000 0 0
1484595584.175306000 0 0
1484595583.551248000 213 0
1484595583.622952000 282 0
1484595583.750515000 398 0
1484595652.873104000 0 0
1484595667.141875000 0 0
1484595693.704664000 0 0
1484595693.766055000 0 0
1484595693.769856000 0 0
1484595693.779016000 0 0
1484595693.786550000 0 0
1484595694.170403000 0 0
1484595693.709626000 213 0
1484595693.783476000 282 0
1484595879.038759000 0 11422
1484595879.048457000 0 0
1484595879.046874000 0 0
1484595885.094732000 0 0
1484595885.105147000 0 0
1484596179.082247000 0 11422
1484596179.091575000 0 0
1484596179.090263000 0 0
1484596479.121915000 0 11422
1484596479.130768000 0 0
1484596479.129507000 0 0
1484596774.175647000 0 0
1484596774.255751000 0 0
1484596774.259738000 0 0
1484596774.269062000 0 0
1484596774.278401000 0 0
1484596774.424533000 0 0
1484596774.439249000 0 0
1484596774.442164000 0 0
1484596774.865458000 0 0
1484596779.149795000 0 11422
1484596779.158636000 0 0
1484596779.157332000 0 0
1484596773.236987000 213 0
1484596774.189111000 0 0
1484596774.275152000 282 0
1484596774.418018000 0 0
1484596774.446691000 398 0
1484597079.181906000 0 11422
1484597079.191247000 0 0
1484597079.190036000 0 0
1484597379.213995000 0 11422
1484597379.230381000 0 0
1484597379.227399000 0 0
1484597679.263335000 0 11422
1484597679.272151000 0 0
1484597679.270844000 0 0
1484597760.742068000 0 0
1484597769.005207000 0 0
1484597760.746407000 213 0
1484597878.159439000 0 0
1484597906.061256000 0 0
1484597906.144244000 0 0
1484597906.148026000 0 0
1484597906.157170000 0 0
1484597906.164348000 0 0
1484597906.292382000 0 0
1484597906.306106000 0 0
1484597906.308591000 0 0
1484597906.646309000 0 0
1484597906.068545000 213 0
1484597906.077047000 0 0
1484597921.927125000 0 0
1484597906.161566000 282 0
1484597906.310804000 398 0
1484597979.313796000 0 11422
1484597979.323019000 0 0
1484597979.321780000 0 0
1484598052.735726000 0 0
1484598052.717749000 0 0
1484598052.738903000 0 0
1484598052.747149000 0 0
1484598052.751691000 0 0
1484598052.740998000 0 0
1484598052.750271000 282 0
1484598107.761942000 0 0
1484598107.821558000 0 0
1484598107.824991000 0 0
1484598107.834058000 0 0
1484598107.841216000 0 0
1484598108.271743000 0 0
1484598107.766654000 213 0
1484598107.838415000 282 0
1484598279.360829000 0 11422
1484598279.369720000 0 0
1484598279.368442000 0 0
1484598591.491388000 0 11422
1484598591.500315000 0 0
1484598591.499025000 0 0
1484599736.534407000 0 11422
1484599736.543148000 0 0
1484599736.541833000 0 0
1484599759.800630000 0 0
1484599760.639766000 0 0
1484599760.644818000 248038 0
1484599759.805716000 1359 0
1484599992.670359000 0 0
1484599992.777647000 0 0
1484599992.782211000 1222 1832
1484599996.968111000 0 0
1484599996.981854000 0 0
1484599996.984655000 0 915
1484599996.992054000 0 0
1484599996.995422000 0 0
1484599996.998120000 0 0
1484599996.971692000 0 0
1484599997.000799000 0 0
1484599997.086208000 0 85
1484599997.092583000 0 0
1484599997.113636000 0 109
1484599997.119276000 0 0
1484599997.166195000 0 144
1484599997.170169000 0 0
1484578438.670412000 0 4096
1484599997.175537000 0 0
1484599997.173191000 0 0
1484599997.178829000 0 0
1484578438.666351000 0 0
1484599997.182953000 0 0
1484599997.191462000 0 0
1484599997.202260000 0 0
1484599997.206352000 0 0
1484599997.209052000 0 0
1484599997.211083000 0 0
1484599997.213341000 0 0
1484599997.204965000 0 10
1484599997.250451000 0 0
1484599997.253548000 0 0
1484599997.194478000 0 0
1484599997.257021000 0 0
1484578437.493244000 539212 132861
1484599992.674866000 248038 6135
1484599997.271320000 0 539537
1484599997.356265000 0 365
1484599997.361246000 0 175
1484599997.368633000 0 0
1484599997.385773000 0 204
1484599997.394982000 0 0
1484578454.292626000 0 32768
1484599997.394144000 0 0
1484599997.400571000 0 0
1484578454.288327000 0 65648
1484599997.407066000 0 0
1484599997.410004000 0 0
1484599997.417919000 0 0
1484578454.261068000 0 4096
1484599997.422482000 0 0
1484599997.425940000 0 0
1484578454.256575000 0 0
1484599997.430405000 0 0
1484599997.434622000 0 0
1484599997.449375000 0 0
1484599997.453069000 0 22204
1484599997.473048000 0 0
1484599997.476396000 0 0
1484599997.438699000 0 0
1484599997.479843000 0 0
1484599997.515739000 0 0
1484578458.096014000 45640 1641
1484578438.081642000 311125 152411
1484579004.102745000 2488485 54140
1484578436.403705000 327680 0
1484578438.657605000 8192 0
1484578437.163462000 24576 0
1484599997.240403000 3038 0
1484578786.534032000 65536 0
1484578435.623226000 4096 0
1484578434.558477000 69632 4096
1484578434.584757000 8192 4096
1484578454.275145000 557056 65536
1484578454.244728000 98304 0
1484578494.104667000 65536 0
1484578458.078829000 4361 0
1484578458.062226000 4962 0
1484600000.152782000 0 0
1484588567.890718000 0 0
1484586711.139069000 0 0
1484583815.900662000 0 0
1484576622.879819000 0 0
1484600006.839525000 0 0
1484600006.846151000 0 0
1484600006.849024000 0 0
1484600006.851844000 0 0
1484600006.855164000 0 0
1484600006.858330000 0 0
1484600006.843371000 0 0
1484600007.424843000 0 0
1484600007.427423000 0 0
1484600007.434931000 0 0
1484600006.813873000 0 0
1484600006.814932000 0 0
1484576612.075021000 0 0
1484578454.319921000 0 0
1484578454.269640000 0 0
1484578434.056556000 0 0
