1484552376.043632000 0 0
1484552376.048838000 0 0
1484552376.053770000 0 0
1484552376.058076000 0 0
1484552376.062253000 0 0
1484552376.636818000 282 0
1484552377.148657000 0 0
1484552377.151389000 0 0
1484552377.159833000 0 0
1484552377.845499000 0 0
1484552377.848233000 0 0
1484552377.853472000 0 0
1484552377.880499000 0 0
1484552377.961616000 0 0
1484552377.965858000 0 0
1484552377.968861000 0 0
1484552377.990273000 0 0
1484552378.002823000 0 0
1484552378.005997000 0 0
1484552378.006046000 0 0
1484552378.008916000 0 0
1484552378.011267000 0 0
1484552378.019188000 0 0
1484552378.021647000 0 0
1484552378.024067000 0 0
1484552378.026104000 0 0
1484552377.905138000 0 0
1484552378.028521000 0 0
1484552377.114058000 150 0
1484552377.923703000 1316 0
1484552377.956713000 2741 0
1484552377.968850000 462 0
1484552377.983307000 566 0
1484552377.992751000 245 0
1484552378.000297000 504 0
1484552378.017645000 230 0
1484552378.020530000 504 0
1484552378.047021000 398 0
1484552377.934183000 1321 0
1484552377.948841000 1348 0
1484552378.006551000 1324 0
1484552376.929544000 282 0
1484552378.314244000 282 0
1484552378.751470000 167660 0
1484552378.978383000 1316 0
1484552383.256022000 0 0
1484552383.258205000 0 0
1484552383.679018000 0 335
1484552383.693108000 0 0
1484552383.700092000 335 0
1484552383.707758000 335 0
1484552382.859572000 245 0
1484552383.274102000 0 0
1484552383.672309000 0 0
1484552383.694846000 490 0
1484552383.724494000 0 335
1484552383.721175000 0 245
1484552383.732001000 0 0
1484552379.007261000 95 0
1484552379.029768000 1316 0
1484552379.079201000 0 0
1484552379.129563000 0 0
1484552383.261224000 398 0
1484552383.263517000 282 0
1484552378.173642000 4096 0
1484552384.558627000 0 0
1484552385.805986000 0 0
1484552385.804937000 0 0
1484552387.802732000 0 0
1484552387.801612000 0 0
1484552385.849507000 167660 0
1484552385.871030000 1321 0
1484552386.177917000 1348 0
1484552386.181486000 1324 0
1484552379.065297000 2741 0
1484552379.092262000 462 0
1484552383.735438000 0 0
1484552383.738958000 245 0
1484552400.676595000 0 0
1484552400.683340000 0 0
1484552406.306917000 0 0
1484552387.847246000 167660 0
1484552387.868969000 1321 0
1484552387.875742000 1348 0
1484552387.879413000 1324 0
1484552383.751219000 4096 0
1484552399.529854000 282 0
1484552400.679475000 245 0
1484552426.467355000 0 0
1484552438.099905000 0 0
1484552448.259710000 0 0
1484552470.260237000 0 0
1484552544.314399000 0 0
1484552578.224640000 0 0
1484552605.374764000 0 0
1484552620.249878000 0 0
1484552640.897267000 0 0
1484552651.104796000 0 0
1484552701.224400000 0 0
1484552745.126030000 0 0
1484552758.673410000 0 0
1484552759.158322000 0 0
1484552759.223172000 0 0
1484552759.240798000 0 0
1484552759.250774000 0 0
1484552759.269276000 0 0
1484552759.287794000 0 0
1484552759.292519000 0 0
1484552759.301606000 0 0
1484552759.305775000 0 0
1484552759.316360000 0 0
1484552759.417352000 0 0
1484552759.474468000 0 0
1484552759.501343000 0 0
1484552759.542661000 0 0
1484552759.666785000 0 0
1484552759.669938000 0 0
1484552759.673045000 0 0
1484552759.676272000 0 0
1484552759.679360000 0 0
1484552759.716032000 0 0
1484552759.739667000 0 0
1484552759.744076000 0 0
1484552759.783424000 0 0
1484552759.788266000 0 0
1484552759.885848000 0 0
1484552760.067901000 0 0
1484552760.142925000 0 0
1484552760.187104000 0 0
1484552760.323251000 0 0
1484552760.356407000 0 0
1484552760.360192000 0 18830
1484552760.534132000 0 0
1484552760.537352000 0 0
1484552760.342942000 18830 0
1484552760.349650000 0 0
1484552760.540209000 0 0
1484552760.616979000 0 0
1484552760.804013000 0 0
1484552760.993503000 0 0
1484552761.018542000 0 0
1484552761.072365000 0 0
1484552761.543358000 0 0
1484552761.727950000 0 0
1484552761.730655000 0 0
1484552762.201053000 0 0
1484552762.217791000 0 0
1484552762.221767000 0 0
1484552762.268438000 0 0
1484552762.220497000 0 0
1484552762.275338000 0 0
1484552762.288335000 0 0
1484552762.293232000 0 0
1484552762.299401000 0 0
1484552762.304290000 0 0
1484552762.320311000 0 0
1484552762.325605000 0 0
1484552762.285498000 0 0
1484552762.335145000 0 0
1484552762.341159000 0 0
1484552762.345746000 0 0
1484552762.367179000 0 0
1484552762.372481000 0 0
1484552762.377392000 0 0
1484552762.382666000 0 0
1484552762.388031000 0 0
1484552762.393002000 0 0
1484552762.398120000 0 0
1484552762.402923000 0 0
1484552762.407958000 0 0
1484552762.364441000 0 0
1484552762.420798000 0 0
1484552762.426935000 0 0
1484552762.431493000 0 0
1484552762.444350000 0 0
1484552762.519991000 0 0
1484552762.517019000 0 0
1484552762.527424000 0 0
1484552762.573997000 0 0
1484552762.579307000 0 0
1484552762.585633000 0 0
1484552762.570404000 0 0
1484552762.594163000 0 0
1484552762.653641000 0 0
1484552762.736369000 0 0
1484552762.741849000 0 0
1484552762.748062000 0 0
1484552763.185495000 0 0
1484552763.667521000 0 0
1484552763.702422000 0 0
1484552763.717248000 0 0
1484552764.094303000 524288 0
1484552764.287973000 0 0
1484552764.368974000 0 0
1484552764.484934000 0 0
1484552764.512503000 0 0
1484552764.529763000 0 0
1484552764.776197000 0 0
1484552764.780525000 0 2
1484552764.789317000 0 0
1484552764.792274000 0 0
1484552763.724060000 2 0
1484552764.765193000 0 0
1484552764.795488000 0 0
1484552764.834717000 0 53
1484552760.727540000 204 0
1484552764.843960000 0 0
1484552765.715820000 0 0
1484552765.733452000 0 0
1484552760.075535000 0 0
1484552782.246996000 0 0
1484552782.251954000 0 0
1484552782.277271000 0 0
1484552782.281098000 0 0
1484552782.292535000 0 0
1484552759.154756000 282 0
1484552759.247386000 10 0
1484552759.257091000 10 0
1484552759.283751000 131 0
1484552759.341731000 208 0
1484552759.494341000 27026 0
1484552759.516084000 4431 0
1484552759.555652000 16384 0
1484552759.643017000 216 0
1484552759.809685000 337 0
1484552760.124437000 10386 0
1484552760.161717000 8416 0
1484552760.214680000 208620 0
1484552760.723391000 32768 0
1484552761.011941000 18996 0
1484552761.024737000 8 0
1484552761.350807000 504 0
1484552761.499697000 7642 0
1484552761.556147000 5717 0
1484552762.214469000 1119 0
1484552762.649503000 238 0
1484552763.200858000 964 0
1484552763.673684000 27 0
1484552764.379749000 27 0
1484552764.878569000 9134 0
1484552761.576772000 25 0
1484552764.929490000 9833 0
1484552764.956328000 1594 0
1484552792.220802000 0 5717
1484552792.232650000 0 0
1484552797.282810000 0 0
1484552797.721619000 0 0
1484552798.158457000 0 0
1484552816.881599000 0 0
1484552816.899911000 0 0
1484552816.916691000 0 0
1484552816.926195000 0 0
1484552816.967686000 0 66
1484552816.953510000 66 0
1484552816.977438000 0 0
1484552820.030039000 0 0
1484552820.234124000 0 136
1484552820.246611000 0 0
1484552820.206111000 136 0
1484552820.244326000 0 0
1484552820.261709000 0 0
1484552820.301984000 0 6911
1484552820.313485000 0 0
1484552820.311902000 0 0
1484552764.395619000 49976 0
1484552797.300824000 2341 0
1484552797.736000000 2332 0
1484552798.215297000 2797 0
1484552836.738093000 0 0
1484552820.327148000 51 0
1484552873.588834000 0 0
1484552901.663441000 0 0
1484552915.624493000 0 0
1484552915.796737000 622280 5100
1484552976.228448000 0 0
1484552976.233883000 0 0
1484552976.383523000 0 0
1484552976.578620000 0 0
1484552976.580952000 0 0
1484552976.588537000 0 0
1484552976.465046000 0 0
1484552976.378716000 0 0
1484552984.087724000 0 0
1484552984.091574000 0 0
1484552984.255572000 0 0
1484552984.261210000 0 0
1484552984.259081000 0 0
1484552984.269999000 0 0
1484552984.264688000 0 0
1484552984.273767000 0 0
1484552984.275764000 0 0
1484552984.280013000 0 0
1484552984.282009000 0 0
1484552984.286296000 0 0
1484552984.288641000 0 0
1484552984.292164000 0 0
1484552984.053148000 0 0
1484552984.053019000 0 0
1484552984.056336000 0 0
1484552984.054993000 0 0
1484552987.627329000 0 0
1484552987.673861000 0 0
1484552987.678673000 0 0
1484552987.687789000 0 0
1484552987.699873000 0 0
1484552987.718105000 0 0
1484552987.721785000 0 0
1484552987.725432000 0 0
1484552987.729060000 0 0
1484552987.743671000 0 0
1484552987.747415000 0 0
1484552987.757793000 0 0
1484552987.761834000 0 0
1484552987.774687000 0 0
1484552987.778714000 0 0
1484552983.930517000 0 0
1484552994.316577000 0 0
1484552984.181439000 286 0
1484552984.277904000 177 0
1484552984.288299000 219 0
1484552984.316589000 147 0
1484552984.368047000 153 0
1484552984.395010000 152 0
1484552984.424737000 147 0
1484552984.431889000 146 0
1484552984.458197000 204 0
1484552984.465178000 324 0
1484552984.478893000 118 0
1484552984.486434000 218 0
1484552984.503800000 182 0
1484552984.530340000 283 0
1484552984.541319000 304 0
1484552984.546151000 260 0
1484552984.555955000 225 0
1484552984.572894000 270 0
1484552984.581159000 222 0
1484552984.585844000 314 0
1484552984.598244000 237 0
1484552984.606027000 279 0
1484552984.668210000 218 0
1484552984.681301000 186 0
1484552984.691727000 137 0
1484552984.715491000 269 0
1484552984.730364000 261 0
1484552984.739343000 226 0
1484552984.744500000 302 0
1484552984.752963000 134 0
1484552984.765093000 134 0
1484552984.781644000 134 0
1484552984.787103000 144 0
1484552984.804714000 134 0
1484552984.816440000 134 0
1484552984.824404000 134 0
1484552984.831089000 134 0
1484552984.847350000 190 0
1484552984.863154000 185 0
1484552984.870050000 185 0
1484552984.881846000 230 0
1484552984.887567000 162 0
1484552984.962201000 178 0
1484552984.974707000 138 0
1484552984.983286000 137 0
1484552985.123120000 142 0
1484552985.132570000 142 0
1484552985.140355000 254 0
1484552985.156810000 225 0
1484552985.177078000 196 0
1484552984.302230000 198 0
1484552985.186767000 133 0
1484552984.351239000 275 0
1484552985.206009000 134 0
1484552985.215232000 133 0
1484552984.334464000 226 0
1484552984.386181000 302 0
1484552984.414445000 279 0
1484552984.445416000 3939 0
1484552984.511398000 6937 0
1484552976.601579000 564 0
1484552987.696281000 566 0
1484552987.708236000 504 0
1484552987.735380000 504 0
1484552976.596422000 796 0
1484553060.976737000 0 0
1484553061.030307000 0 0
1484553061.041789000 22339 1955
1484553061.078550000 0 0
1484553061.105969000 0 0
1484553061.150371000 6143 2121
1484553061.168603000 0 4339
1484553061.180677000 0 0
1484553061.196351000 6349 2349
1484553061.213077000 0 0
1484553061.229314000 1757 1849
1484553061.243226000 0 0
1484553061.256114000 5607 1607
1484553061.273560000 0 0
1484553061.290483000 8738 642
1484553061.309267000 0 0
1484553061.338753000 0 0
1484553061.386171000 0 0
1484553061.590417000 1944 2040
1484553063.240621000 0 964
1484553063.253934000 0 0
1484553063.252340000 0 0
1484553065.744419000 0 216
1484553060.999612000 6305 0
1484553115.103874000 0 0
1484553122.411894000 0 208787
1484553122.437709000 0 0
1484553122.436847000 0 0
1484553131.735893000 0 0
1484553191.874128000 0 0
1484553191.923100000 0 0
1484553191.947735000 0 0
1484553191.954249000 0 27106
1484553191.980401000 0 0
1484553191.986967000 0 0
1484553191.991936000 0 0
1484553191.929653000 0 0
1484553191.996887000 0 0
1484553192.404802000 0 0
1484553235.800687000 0 0
1484553356.536803000 0 0
1484553361.040153000 0 0
1484553361.065667000 0 7642
1484553361.076172000 0 0
1484553361.075218000 0 0
1484553361.637593000 0 0
1484553361.655136000 0 0
1484553361.673737000 2734 2826
1484553361.687607000 0 0
1484553361.700611000 1590 1682
1484553361.644722000 6305 0
1484553420.408105000 0 8342
1484553420.421714000 0 0
1484553420.419777000 0 0
1484553477.540062000 0 0
1484552762.730458000 2342 17874
1484552937.709508000 623530 5807
1484553598.259177000 0 0
1484553661.738029000 0 0
1484553661.745418000 6305 0
1484553710.448066000 0 0
1484553710.452299000 0 0
1484553710.461046000 0 0
1484553717.087208000 0 0
1484553720.456526000 0 8342
1484553720.468361000 0 0
1484553720.466807000 0 0
1484553735.394180000 0 0
1484553710.467746000 282 0
1484553776.578466000 0 0
1484553796.748812000 0 0
1484553804.645243000 0 0
1484553850.736246000 0 0
1484553850.740293000 0 0
1484553850.748294000 0 0
1484553850.756908000 0 0
1484553850.773200000 0 0
1484553850.776235000 0 0
1484553850.779345000 0 0
1484553850.783119000 0 0
1484553850.797068000 0 0
1484553850.800177000 0 0
1484553850.807691000 0 0
1484553850.811115000 0 0
1484553850.814482000 0 0
1484553850.828120000 0 0
1484553850.830700000 0 0
1484553864.464076000 0 0
1484553824.185572000 564 0
1484553850.754608000 566 0
1484553850.763608000 504 0
1484553850.789401000 504 0
1484553850.820581000 398 0
1484553922.352637000 0 0
1484553961.776588000 0 0
1484553961.779290000 6305 0
1484554006.846979000 0 0
1484554007.267646000 0 0
1484554007.690840000 0 0
1484554020.507253000 0 8345
1484554020.519659000 0 0
1484554020.518064000 0 0
1484554006.854418000 2341 0
1484554007.275368000 2332 0
1484554007.699820000 2797 0
1484554043.172003000 0 0
1484554163.953102000 0 0
1484554261.805718000 0 0
1484554284.886576000 0 0
1484554261.813856000 6305 0
1484554320.546760000 0 8345
1484554320.558323000 0 0
1484554320.556889000 0 0
1484553361.046747000 49976 0
1484554405.715412000 0 0
1484554526.767305000 0 0
1484554561.160826000 0 0
1484554561.845673000 0 0
1484554561.850908000 6305 0
1484554620.599631000 0 8345
1484554620.611226000 0 0
1484554620.609672000 0 0
1484554647.774436000 0 0
1484554768.985867000 0 0
1484554861.896205000 0 0
1484554861.903111000 6305 0
1484554889.735626000 0 0
1484554920.621693000 0 8345
1484554920.633259000 0 0
1484554920.631919000 0 0
1484555010.484519000 0 0
1484555131.257638000 0 0
1484555161.933498000 0 0
1484555161.939324000 6305 0
1484555220.668829000 0 8345
1484555220.679967000 0 0
1484555220.678433000 0 0
1484555252.090674000 0 0
1484555373.108224000 0 0
1484555461.975925000 0 0
1484555461.983817000 6305 0
1484555494.154022000 0 0
1484555520.714444000 0 8345
1484555520.726779000 0 0
1484555520.725251000 0 0
1484555615.105356000 0 0
1484555735.956436000 0 0
1484555762.030635000 0 0
1484555762.036094000 6305 0
1484555820.755071000 0 8345
1484555820.772203000 0 0
1484555820.770400000 0 0
1484555856.680696000 0 0
1484555977.699240000 0 0
1484556062.105312000 0 0
1484556062.109871000 6305 0
1484556098.447528000 0 0
1484554561.173249000 49976 0
1484556106.594500000 0 0
1484556107.422534000 0 0
1484556107.844759000 0 0
1484556109.518551000 0 0
1484556128.696294000 0 0
1484556128.701023000 0 0
1484556128.713478000 0 0
1484556128.728663000 0 0
1484556128.752818000 0 0
1484556128.757894000 0 0
1484556128.762921000 0 0
1484556128.768953000 0 0
1484556128.792250000 0 0
1484556128.797394000 0 0
1484556128.822496000 0 0
1484556128.827530000 0 0
1484556128.832965000 0 0
1484556128.859978000 0 0
1484556128.864694000 0 0
1484556128.585884000 89585 0
1484556128.723181000 566 0
1484556128.739754000 504 0
1484556128.777925000 504 0
1484556128.806490000 282 0
1484556128.841703000 398 0
1484556128.986846000 0 0
1484556129.293535000 0 0
1484556129.297925000 0 0
1484556129.300839000 0 0
1484556129.436495000 0 0
1484556129.442536000 0 0
1484556129.640276000 0 0
1484556129.642875000 0 0
1484556129.647626000 0 0
1484556129.655734000 0 0
1484556129.658861000 0 0
1484556129.662287000 0 0
1484556129.672866000 0 0
1484556129.675392000 0 0
1484556129.683904000 0 0
1484556129.686563000 0 0
1484556131.002712000 0 90210
1484556131.027981000 0 0
1484556131.026242000 0 0
1484556106.602256000 2341 0
1484556107.430671000 2332 0
1484556107.852490000 2797 0
1484556109.524877000 624802 6286
1484556129.301715000 282 0
1484556129.645576000 566 0
1484556129.650197000 504 0
1484556129.665805000 504 0
1484556129.677991000 398 0
1484556219.112478000 0 0
1484556267.637194000 0 8345
1484556267.649663000 0 0
1484556267.648060000 0 0
1484556339.820406000 0 0
1484556138.503805000 0 0
1484556361.215659000 0 0
1484556362.156442000 0 0
1484556369.961102000 0 0
1484556369.999493000 0 0
1484556370.003006000 0 0
1484556370.011329000 0 0
1484556374.154158000 0 0
1484556387.136521000 0 0
1484556362.161765000 6305 0
1484556370.015288000 282 0
1484556424.152276000 0 0
1484556482.594988000 0 0
1484556567.685379000 0 8345
1484556567.699311000 0 0
1484556567.697141000 0 0
1484556606.735097000 0 0
1484556662.196226000 0 0
1484556134.625629000 626290 4993
1484556662.200854000 6305 0
1484556361.220961000 49976 0
1484556727.390375000 0 0
1484556839.995156000 0 0
1484556840.020086000 0 0
1484556840.453736000 0 0
1484556840.874740000 0 0
1484556848.143310000 0 0
1484556840.000108000 49976 0
1484556840.027718000 2341 0
1484556840.461837000 2332 0
1484556867.728885000 0 8345
1484556867.740794000 0 0
1484556867.739405000 0 0
1484556840.882731000 2797 0
1484556961.288645000 0 0
1484556962.230735000 0 0
1484556969.176524000 0 0
1484556962.238028000 6305 0
1484557089.888777000 0 0
1484557167.774682000 0 8345
1484557167.787196000 0 0
1484557167.785707000 0 0
1484557210.702087000 0 0
1484557262.281533000 0 0
1484557262.285843000 6305 0
1484557331.538471000 0 0
1484557452.400989000 0 0
1484557467.808935000 0 8345
1484557467.823983000 0 0
1484557467.821763000 0 0
1484557562.324172000 0 0
1484557573.298648000 0 0
1484557562.329789000 6305 0
1484557694.364285000 0 0
1484557815.100976000 0 0
1484557862.389835000 0 0
1484557862.392890000 6305 0
1484556961.294899000 49976 0
1484557935.927249000 0 0
1484558056.637061000 0 0
1484558069.752093000 0 8345
1484558069.785709000 0 0
1484558069.783256000 0 0
1484558161.293075000 0 0
1484558162.430519000 0 0
1484558177.357565000 0 0
1484558162.450738000 6305 0
1484558298.076361000 0 0
1484558369.566104000 0 8345
1484558369.578958000 0 0
1484558369.577148000 0 0
1484558418.775852000 0 0
1484558418.781558000 245 0
1484558462.523989000 0 0
1484558462.529311000 6305 0
1484558539.517791000 0 0
1484558660.232091000 0 0
1484558669.605406000 0 8345
1484558669.617075000 0 0
1484558669.615560000 0 0
1484558762.574865000 0 0
1484558780.957826000 0 0
1484558762.580802000 6305 0
1484558901.695163000 0 0
1484558969.653767000 0 8346
1484558969.667608000 0 0
1484558969.665387000 0 0
1484558986.568096000 0 0
1484558986.989896000 0 0
1484558987.413424000 0 0
1484558991.704423000 0 0
1484558991.712479000 627510 3273
1484558986.575655000 2341 0
1484558986.998850000 2332 0
1484558987.422494000 2797 0
1484559022.626048000 0 0
1484558161.308892000 49976 0
1484559062.614205000 0 0
1484559062.619768000 6305 0
1484559098.230793000 0 0
1484559098.236751000 0 0
1484559143.371723000 0 0
1484559264.078164000 0 0
1484559269.699367000 0 8346
1484559269.711247000 0 0
1484559269.709687000 0 0
1484559361.346490000 0 0
1484559362.656683000 0 0
1484559002.681200000 628761 5848
1484559385.242662000 0 0
1484559362.664531000 6305 0
1484559505.964992000 0 0
1484559569.754332000 0 8346
1484559569.769328000 0 0
1484559569.767048000 0 0
1484559626.645136000 0 0
1484559662.732040000 0 0
1484559662.740248000 6305 0
1484559706.291788000 0 0
1484559706.389541000 0 0
1484559706.395079000 0 0
1484559706.406088000 0 0
1484559706.419121000 0 0
1484559706.543020000 0 0
1484559706.545845000 0 0
1484559709.184895000 0 0
1484559709.198963000 0 0
1484559709.202716000 0 0
1484559706.319495000 0 0
1484559706.415029000 282 0
1484559706.310274000 230 0
1484559709.209171000 398 0
1484559747.900582000 0 0
1484559868.577555000 0 0
1484559869.789211000 0 8346
1484559869.800933000 0 0
1484559869.799701000 0 0
1484559877.107993000 0 0
1484559877.345896000 0 0
1484559877.375972000 0 0
1484559877.380321000 0 0
1484559877.388887000 0 0
1484559877.399234000 0 0
1484559877.418162000 0 0
1484559877.421190000 0 0
1484559877.429343000 0 0
1484559877.431901000 0 0
1484559877.435039000 0 0
1484559877.437903000 0 0
1484559877.343332000 282 0
1484559877.395714000 566 0
1484559877.407255000 504 0
1484559877.443910000 504 0
1484559887.149970000 1316 0
1484559887.351905000 0 0
1484559887.373441000 0 0
1484559888.251116000 0 0
1484559888.261312000 0 0
1484559888.267449000 0 0
1484559888.341991000 0 0
1484559888.350145000 0 0
1484559889.307141000 0 0
1484559889.312756000 0 0
1484559889.319410000 0 0
1484559891.976625000 0 0
1484559893.242936000 0 0
1484559893.253233000 0 0
1484559893.279720000 0 0
1484559893.285933000 0 0
1484559893.308458000 0 0
1484559893.340888000 0 0
1484559893.347260000 0 0
1484559893.352834000 0 0
1484559893.373423000 0 0
1484559893.391660000 0 0
1484559893.397909000 0 0
1484559893.419983000 0 0
1484559893.426769000 0 0
1484559893.441337000 0 0
1484559893.447365000 0 0
1484559893.469031000 0 0
1484559893.481838000 0 0
1484559893.511720000 0 0
1484559893.535993000 0 0
1484559893.542532000 0 0
1484559893.549322000 0 0
1484559893.565707000 0 0
1484559893.572047000 0 0
1484559893.585294000 0 0
1484559893.592490000 0 0
1484559893.604056000 0 0
1484559893.610608000 0 0
1484559893.621309000 0 0
1484559893.643879000 0 0
1484559893.650666000 0 0
1484559893.670157000 0 0
1484559893.681819000 0 0
1484559893.688425000 0 0
1484559893.694006000 0 0
1484559893.711848000 0 0
1484559893.726931000 0 0
1484559893.740747000 0 0
1484559893.765894000 0 0
1484559893.788821000 0 0
1484559893.800995000 0 0
1484559893.828894000 0 0
1484559893.852979000 0 0
1484559893.859862000 0 0
1484559893.866121000 0 0
1484559893.889453000 0 0
1484559893.896235000 0 0
1484559893.903542000 0 0
1484559893.913296000 0 0
1484559894.036082000 0 0
1484559894.052211000 0 0
1484559895.962979000 0 0
1484559896.772310000 0 0
1484559896.776774000 0 0
1484559896.780585000 0 0
1484559896.789382000 0 0
1484559896.939574000 0 0
1484559887.348014000 0 0
1484559899.074326000 0 0
1484559899.111010000 0 0
1484559899.116002000 0 0
1484559899.126538000 0 0
1484559899.164851000 0 0
1484559896.939209000 0 0
1484559899.619093000 0 0
1484559903.099246000 0 0
1484559903.105770000 0 0
1484559903.123499000 0 0
1484559903.133271000 0 0
1484559903.619231000 0 0
1484559903.891309000 0 0
1484559906.851352000 0 0
1484559906.857348000 0 0
1484559906.863666000 0 0
1484559906.870828000 0 0
1484559907.650830000 0 0
1484559908.784884000 0 0
1484559910.872487000 0 0
1484559910.889365000 0 0
1484559910.895636000 0 0
1484559910.901914000 0 0
1484559887.338697000 95 0
1484559887.360485000 589 0
1484559913.131054000 0 0
1484559916.367873000 0 0
1484559899.194756000 0 0
1484559920.635146000 0 0
1484559920.641998000 0 0
1484559920.648637000 0 0
1484559920.654833000 0 0
1484559920.661854000 0 0
1484559921.431024000 0 0
1484559891.972437000 0 0
1484559896.843597000 18432 0
1484559899.133079000 398 0
1484559923.299240000 0 0
1484559925.387243000 0 0
1484559925.439845000 0 0
1484559925.445006000 0 0
1484559925.450011000 0 0
1484559925.453064000 0 0
1484559925.472162000 0 0
1484559925.478245000 0 0
1484559925.476604000 0 0
1484559925.491977000 0 0
1484559925.489680000 0 0
1484559925.509235000 0 0
1484559925.505076000 0 0
1484559925.524125000 0 0
1484559925.521880000 0 0
1484559925.460998000 319 0
1484559962.770011000 0 0
1484559962.775839000 6305 0
1484559989.522182000 0 0
1484560110.248878000 0 0
1484560169.821662000 0 8346
1484560169.834107000 0 0
1484560169.832586000 0 0
1484560230.954617000 0 0
1484560262.817178000 0 0
1484560262.825199000 6305 0
1484560351.702666000 0 0
1484560469.872612000 0 8346
1484560469.886755000 0 0
1484560469.884429000 0 0
1484560472.522469000 0 0
1484560562.858657000 0 0
1484560562.863961000 6305 0
1484560593.340018000 0 0
1484560714.144166000 0 0
1484560769.904933000 0 8346
1484560769.915894000 0 0
1484560769.914809000 0 0
1484560798.011055000 0 0
1484560798.049196000 0 0
1484560798.052285000 0 0
1484560798.061124000 0 0
1484560798.067527000 282 0
1484560835.269525000 0 0
1484560862.902725000 0 0
1484560862.908504000 6305 0
1484560956.312020000 0 0
1484561069.956823000 0 8346
1484561069.971814000 0 0
1484561069.969828000 0 0
1484561077.147749000 0 0
1484561162.948159000 0 0
1484561162.955150000 6305 0
1484561197.875357000 0 0
1484561318.599312000 0 0
1484561439.504404000 0 0
1484561463.027579000 0 0
1484561463.033371000 6305 0
1484561560.268231000 0 0
1484561667.845771000 0 8346
1484561667.858820000 0 0
1484561667.857164000 0 0
1484561680.963584000 0 0
1484561763.074202000 0 0
1484561763.081964000 6305 0
1484561801.695646000 0 0
1484561922.459501000 0 0
1484562043.263662000 0 0
1484562063.116855000 0 0
1484562063.123573000 6305 0
1484562163.939607000 0 0
1484562284.631652000 0 0
1484562363.153826000 0 0
1484562363.161969000 6305 0
1484562405.362865000 0 0
1484562526.051759000 0 0
1484562585.055976000 0 8346
1484562585.072013000 0 0
1484562585.069829000 0 0
1484562589.058910000 0 0
1484562594.114897000 0 0
1484562594.119231000 0 0
1484562594.130287000 0 0
1484562635.040996000 0 0
1484562635.045233000 0 0
1484562635.053860000 0 0
1484562635.065861000 0 0
1484562635.084003000 0 0
1484562635.087695000 0 0
1484562635.091763000 0 0
1484562635.095189000 0 0
1484562635.109222000 0 0
1484562635.112106000 0 0
1484562635.121382000 0 0
1484562635.124721000 0 0
1484562635.128642000 0 0
1484562635.146306000 0 0
1484562635.149400000 0 0
1484562646.913867000 0 0
1484562658.441655000 0 0
1484562658.456678000 0 0
1484562594.139402000 846 0
1484562635.061614000 566 0
1484562635.076414000 504 0
1484562635.102000000 504 0
1484562635.135704000 398 0
1484562663.199006000 0 0
1484562670.865967000 0 0
1484562670.880516000 0 0
1484562671.306990000 0 0
1484562671.728146000 0 0
1484562663.204020000 6305 0
1484559361.355653000 49976 0
1484562670.887311000 2341 0
1484562671.314732000 2332 0
1484562671.736367000 2797 0
1484562767.667110000 0 0
1484562885.075650000 0 8349
1484562885.085511000 0 0
1484562885.084522000 0 0
1484562888.451986000 0 0
1484562961.624450000 0 0
1484562963.240668000 0 0
1484562658.449689000 2688 5614
1484562963.247453000 6305 0
1484563009.193664000 0 0
1484563129.930207000 0 0
1484563250.746543000 0 0
1484563263.314882000 0 0
1484563263.320742000 6305 0
1484563371.566330000 0 0
1484563492.385020000 0 0
1484563563.353379000 0 0
1484563563.357124000 6305 0
1484563613.151685000 0 0
1484563733.920950000 0 0
1484563854.682944000 0 0
1484563863.393020000 0 0
1484563863.400946000 6305 0
1484563975.414973000 0 0
1484564096.186010000 0 0
1484564163.442534000 0 0
1484564163.450981000 6305 0
1484564217.054322000 0 0
1484564337.799787000 0 0
1484564458.508628000 0 0
1484564463.483703000 0 0
1484564458.515508000 245 0
1484564463.489518000 6305 0
1484564579.266676000 0 0
1484564700.007325000 0 0
1484564763.524983000 0 0
1484564763.530385000 6305 0
1484564820.768030000 0 0
1484564860.679545000 0 0
1484564860.690147000 0 0
1484564941.510425000 0 0
1484565062.304136000 0 0
1484565063.592700000 0 0
1484565063.601469000 6305 0
1484565183.603127000 0 0
1484565303.954820000 0 0
1484565363.647262000 0 0
1484565363.652578000 6305 0
1484565424.690345000 0 0
1484565545.436111000 0 0
1484565663.698113000 0 0
1484565666.206962000 0 0
1484565663.703488000 6305 0
1484565786.991276000 0 0
1484565907.751593000 0 0
1484565963.743501000 0 0
1484565963.752152000 6305 0
1484566028.543288000 0 0
1484566149.404813000 0 0
1484566263.792883000 0 0
1484566270.500690000 0 0
1484566263.798747000 6305 0
1484566391.380992000 0 0
1484566512.345131000 0 0
1484566563.837338000 0 0
1484566567.843773000 0 8349
1484566567.857824000 0 0
1484566567.855513000 0 0
1484566563.845784000 6305 0
1484566633.269253000 0 0
1484566754.102311000 0 0
1484566863.930830000 0 0
1484566874.959864000 0 0
1484566863.936439000 6305 0
1484566995.836883000 0 0
1484567116.661679000 0 0
1484567163.979765000 0 0
1484567163.985030000 6305 0
1484567237.539845000 0 0
1484567358.413410000 0 0
1484567464.029809000 0 0
1484567479.275965000 0 0
1484567464.037969000 6305 0
1484567600.129850000 0 0
1484567721.227181000 0 0
1484567764.085116000 0 0
1484567764.090502000 6305 0
1484567842.258116000 0 0
1484567963.119210000 0 0
1484568064.134277000 0 0
1484568083.976155000 0 0
1484568064.140174000 6305 0
1484568205.071359000 0 0
1484568325.952874000 0 0
1484568364.175417000 0 0
1484568364.181161000 6305 0
1484568446.825178000 0 0
1484568562.873068000 0 8349
1484568562.885471000 0 0
1484568562.883910000 0 0
1484568567.867007000 0 0
1484568653.182046000 0 0
1484568653.197350000 0 0
1484568664.279844000 0 0
1484568653.190043000 2818 8778
1484568688.781413000 0 0
1484568664.284333000 6305 0
1484559925.406039000 0 0
1484562961.631851000 49976 0
1484568700.002092000 0 0
1484568704.314963000 0 0
1484568704.318182000 0 0
1484568704.326847000 0 0
1484568707.052293000 0 0
1484568707.078978000 0 0
1484568707.509604000 0 0
1484568707.930404000 0 0
1484568712.302460000 0 0
1484568723.615331000 0 0
1484568704.333580000 282 0
1484568707.057763000 49976 0
1484568707.085985000 2341 0
1484568707.516810000 2332 0
1484568707.938849000 2797 0
1484568743.203293000 282 0
1484568769.739846000 0 0
1484568769.744573000 0 0
1484568769.753577000 0 0
1484568769.764962000 0 0
1484568769.781425000 0 0
1484568769.784329000 0 0
1484568769.788237000 0 0
1484568769.793443000 0 0
1484568769.811444000 0 0
1484568769.815866000 0 0
1484568769.828475000 0 0
1484568769.833368000 0 0
1484568769.837838000 0 0
1484568769.859152000 0 0
1484568769.863373000 0 0
1484568769.703670000 282 0
1484568769.762114000 566 0
1484568769.772851000 504 0
1484568769.800244000 504 0
1484568769.846411000 398 0
1484568862.910551000 0 8349
1484568862.922139000 0 0
1484568862.920801000 0 0
1484568962.022359000 0 0
1484568964.315211000 0 0
1484568964.320815000 6305 0
1484569162.971280000 0 8349
1484569162.985158000 0 0
1484569162.983590000 0 0
1484569264.356482000 0 0
1484569264.361619000 6305 0
1484569564.402677000 0 0
1484569564.407350000 6305 0
1484569679.781463000 0 8349
1484569679.793518000 0 0
1484569679.791957000 0 0
1484569708.479022000 0 0
1484569708.900884000 0 0
1484569709.328392000 0 0
1484569708.485683000 2341 0
1484569708.909010000 2332 0
1484569709.336343000 2797 0
1484568674.432288000 0 6289
1484569864.449851000 0 0
1484569864.455746000 6305 0
1484569979.839573000 0 8350
1484569979.853810000 0 0
1484569979.852031000 0 0
1484570046.767509000 0 0
1484570046.771857000 6305 3252
1484570279.880354000 0 8350
1484570279.891811000 0 0
1484570279.890518000 0 0
1484570317.275321000 0 0
1484570047.338011000 0 10430
1484570317.283307000 629990 8221
1484570328.065252000 0 0
1484570328.481069000 0 0
1484570328.897072000 0 0
1484570329.311916000 0 0
1484568962.030261000 49976 0
1484570328.489152000 2341 0
1484570328.905237000 2332 0
1484570329.318859000 2797 0
1484570383.173021000 0 0
1484570383.178179000 0 0
1484570579.931289000 0 8350
1484570579.943799000 0 0
1484570579.942649000 0 0
1484570614.006994000 0 0
1484570619.550043000 0 0
1484570619.587312000 0 0
1484570619.590031000 0 0
1484570619.598921000 0 0
1484570614.013299000 245 0
1484570619.607526000 282 0
1484570717.385538000 0 0
1484570729.049202000 0 0
1484570740.612311000 0 0
1484570752.183310000 0 0
1484570762.144030000 0 0
1484570766.101045000 0 0
1484570779.331903000 0 0
1484570790.402056000 0 0
1484570802.458375000 0 0
1484570814.543619000 0 0
1484570829.440917000 0 0
1484570840.876007000 0 0
1484570851.892296000 0 0
1484570867.774990000 0 0
1484570878.237145000 0 0
1484570879.971885000 0 8350
1484570879.982687000 0 0
1484570879.981759000 0 0
1484570900.989071000 0 0
1484570980.040417000 0 0
1484570992.943524000 0 0
1484571143.395006000 0 0
1484571157.240378000 0 0
1484571180.020228000 0 8350
1484571180.036113000 0 0
1484571180.033840000 0 0
1484571269.650296000 0 0
1484571280.376744000 0 0
1484571296.991519000 0 0
1484571312.642974000 0 0
1484571312.647805000 0 0
1484571312.658810000 0 0
1484571312.672900000 0 0
1484571315.245420000 0 0
1484571315.255594000 0 0
1484571315.258034000 0 0
1484571311.872900000 230 0
1484571312.585051000 0 0
1484571312.669541000 282 0
1484571312.576760000 0 0
1484571315.264035000 398 0
1484571452.910178000 0 0
1484571480.064624000 0 8350
1484571480.076995000 0 0
1484571480.075330000 0 0
1484571543.608361000 0 0
1484571543.676060000 0 0
1484571543.706046000 0 0
1484571543.662206000 0 0
1484571571.584017000 0 0
1484571571.589329000 0 0
1484571571.597678000 0 0
1484571573.275317000 0 0
1484571573.696159000 0 0
1484571574.117596000 0 0
1484571571.604471000 282 0
1484571573.280663000 2341 0
1484571573.704166000 2332 0
1484571574.125832000 2797 0
1484571617.170009000 0 0
1484571617.199364000 0 0
1484571617.203580000 0 0
1484571617.207993000 0 0
1484571669.457165000 0 0
1484571669.486431000 0 0
1484571669.509380000 0 0
1484571669.511878000 0 0
1484571669.478238000 0 0
1484571678.127902000 0 0
1484571730.060163000 0 0
1484571780.114059000 0 8350
1484571780.128351000 0 0
1484571780.126569000 0 0
1484571799.711033000 0 0
1484571827.591488000 0 0
1484571838.617183000 0 0
1484570327.172300000 631229 2582
1484570762.149721000 49976 0
1484570328.070392000 5829 0
1484571915.201785000 0 0
1484571927.890489000 0 0
1484571962.148413000 0 0
1484571964.645721000 0 0
1484571964.651556000 5829 0
1484572010.527221000 0 0
1484572059.479024000 0 0
1484572080.174324000 0 8350
1484572080.188722000 0 0
1484572080.187378000 0 0
1484572208.780289000 0 0
1484572238.377215000 0 0
1484572264.696127000 0 0
1484572270.714460000 0 0
1484572283.195753000 0 0
1484572264.703757000 5829 0
1484572332.440713000 0 0
1484572332.447748000 0 0
1484572332.457599000 0 0
1484572332.469987000 0 0
1484572332.488978000 0 0
1484572332.492788000 0 0
1484572332.496806000 0 0
1484572332.500768000 0 0
1484572332.517773000 0 0
1484572332.521993000 0 0
1484572332.540842000 0 0
1484572332.545187000 0 0
1484572332.549901000 0 0
1484572332.571175000 0 0
1484572332.575479000 0 0
1484572332.991467000 0 0
1484572332.994747000 0 0
1484572333.043511000 0 0
1484572333.054333000 0 0
1484572333.057747000 0 0
1484572336.448850000 0 0
1484572337.316720000 0 0
1484572339.263580000 0 0
1484572340.622762000 0 0
1484572342.576605000 0 0
1484572342.897036000 0 0
1484572332.466235000 566 0
1484572332.478495000 504 0
1484572332.508084000 504 0
1484572332.557476000 398 0
1484572332.529243000 282 0
1484572337.394319000 2741 0
1484572337.517042000 245 0
1484572337.338772000 1316 0
1484572337.363869000 1321 0
1484572337.381221000 1348 0
1484572337.499340000 462 0
1484572337.531285000 1324 0
1484572344.129415000 0 0
1484572342.907128000 0 0
1484572344.574621000 0 0
1484572344.580940000 0 0
1484572344.587229000 0 0
1484572344.593222000 0 0
1484572344.600582000 0 0
1484572345.334411000 0 0
1484572345.341233000 0 0
1484572345.349792000 0 0
1484572345.367235000 0 0
1484572345.484735000 0 0
1484572345.500528000 0 0
1484572345.506888000 0 0
1484572345.513393000 0 0
1484572345.519994000 0 0
1484572345.526868000 0 0
1484572345.544072000 0 0
1484572345.567639000 0 0
1484572345.574320000 0 0
1484572345.595113000 0 0
1484572345.635979000 0 0
1484572345.642508000 0 0
1484572345.648690000 0 0
1484572345.663640000 0 0
1484572345.669598000 0 0
1484572345.678502000 0 0
1484572345.688442000 0 0
1484572345.694473000 0 0
1484572345.700770000 0 0
1484572345.712132000 0 0
1484572345.724537000 0 0
1484572345.732082000 0 0
1484572345.738655000 0 0
1484572345.755428000 0 0
1484572345.878792000 0 0
1484572345.909071000 0 0
1484572345.935840000 0 0
1484572345.942829000 0 0
1484572345.949848000 0 0
1484572345.965322000 0 0
1484572345.971800000 0 0
1484572345.988925000 0 0
1484572346.021613000 0 0
1484572346.045869000 0 0
1484572346.065184000 0 0
1484572346.083909000 0 0
1484572346.089898000 0 0
1484572346.096252000 0 0
1484572346.102585000 0 0
1484572346.118984000 0 0
1484572346.148601000 0 0
1484572346.156460000 0 0
1484572346.189284000 0 0
1484572346.205576000 0 0
1484572346.220977000 0 0
1484572346.235940000 0 0
1484572346.246043000 0 0
1484572346.252743000 0 0
1484572346.259147000 0 0
1484572346.265810000 0 0
1484572346.279907000 0 0
1484572346.296865000 0 0
1484572346.313646000 0 0
1484572346.331113000 0 0
1484572346.367454000 0 0
1484572346.385038000 0 0
1484572346.396109000 0 0
1484572346.419407000 0 0
1484572346.438963000 0 0
1484572346.445088000 0 0
1484572346.457601000 0 0
1484572346.464378000 0 0
1484572346.495222000 0 0
1484572346.527375000 0 0
1484572346.545066000 0 0
1484572346.551302000 0 0
1484572346.558998000 0 0
1484572346.567136000 0 0
1484572346.573838000 0 0
1484572346.593116000 0 0
1484572346.604313000 0 0
1484572346.615935000 0 0
1484572346.711208000 0 0
1484572346.875918000 0 0
1484572346.882912000 0 0
1484572346.889234000 0 0
1484572346.905943000 0 0
1484572347.002417000 0 0
1484572347.014031000 0 0
1484572347.020540000 0 0
1484572347.036174000 0 0
1484572347.067664000 0 0
1484572347.081238000 0 0
1484572347.096009000 0 0
1484572347.111676000 0 0
1484572347.118598000 0 0
1484572347.124098000 0 0
1484572347.130444000 0 0
1484572347.136863000 0 0
1484572347.143060000 0 0
1484572347.149474000 0 0
1484572347.161635000 0 0
1484572347.168022000 0 0
1484572347.174246000 0 0
1484572347.181188000 0 0
1484572347.187300000 0 0
1484572347.192955000 0 0
1484572347.199223000 0 0
1484572347.205408000 0 0
1484572347.211292000 0 0
1484572347.217566000 0 0
1484572347.234474000 0 0
1484572347.240862000 0 0
1484572347.247153000 0 0
1484572347.273311000 0 0
1484572347.285708000 0 0
1484572347.291918000 0 0
1484572347.299414000 0 0
1484572347.317842000 0 0
1484572347.324066000 0 0
1484572347.330575000 0 0
1484572347.338458000 0 0
1484572347.345743000 0 0
1484572347.357188000 0 0
1484572347.386058000 0 0
1484572347.397991000 0 0
1484572347.412800000 0 0
1484572347.429792000 0 0
1484572347.443988000 0 0
1484572347.470213000 0 0
1484572347.476519000 0 0
1484572347.490645000 0 0
1484572347.512486000 0 0
1484572347.518667000 0 0
1484572347.568966000 0 0
1484572347.598834000 0 0
1484572347.615887000 0 0
1484572347.649117000 0 0
1484572347.668513000 0 0
1484572347.674502000 0 0
1484572347.710707000 0 0
1484572347.743714000 0 0
1484572347.750694000 0 0
1484572347.774582000 0 0
1484572347.811157000 0 0
1484572347.834024000 0 0
1484572347.845540000 0 0
1484572347.852259000 0 0
1484572347.858415000 0 0
1484572347.864814000 0 0
1484572347.916416000 0 0
1484572347.942720000 0 0
1484572347.949354000 0 0
1484572347.956558000 0 0
1484572347.963785000 0 0
1484572347.977086000 0 0
1484572347.994805000 0 0
1484572348.018390000 0 0
1484572348.028458000 0 0
1484572348.124751000 0 0
1484572348.146648000 0 0
1484572348.160970000 0 0
1484572348.188799000 0 0
1484572348.201348000 0 0
1484572348.207859000 0 0
1484572348.339492000 0 0
1484572348.990637000 0 0
1484572353.492187000 0 0
1484572342.992300000 95 0
1484572343.082132000 0 0
1484572343.082786000 0 0
1484572343.083366000 0 0
1484572343.084663000 0 0
1484572342.923345000 481 0
1484572344.149543000 589 0
1484572343.014694000 0 0
1484572343.023641000 486 0
1484572343.032965000 509 0
1484572343.052599000 512 0
1484572343.062279000 486 0
1484572356.339079000 0 0
1484572344.121011000 0 0
1484572346.608783000 0 0
1484572356.334695000 0 0
1484572380.213221000 0 8350
1484572380.225311000 0 0
1484572380.223714000 0 0
1484572521.605207000 0 0
1484572521.612985000 0 0
1484572521.624487000 0 0
1484572521.898457000 0 0
1484572522.051037000 0 0
1484572522.054207000 0 0
1484572522.061831000 0 0
1484572522.065068000 0 0
1484572522.089533000 0 0
1484572522.148442000 0 0
1484572522.151473000 0 0
1484572522.154075000 0 0
1484572522.161597000 0 0
1484572522.176316000 0 0
1484572522.179080000 0 0
1484572522.186459000 0 0
1484572522.189052000 0 0
1484572522.191860000 0 0
1484572522.194661000 0 0
1484572525.008106000 0 0
1484572525.013342000 0 0
1484572525.049890000 0 0
1484572522.016964000 0 0
1484572526.622503000 0 0
1484572525.045079000 0 0
1484572525.068912000 0 0
1484572527.201435000 0 0
1484572527.211212000 0 0
1484572527.217959000 0 0
1484572527.224724000 0 0
1484572527.230752000 0 0
1484572527.237435000 0 0
1484572527.244297000 0 0
1484572527.250798000 0 0
1484572527.257628000 0 0
1484572527.263459000 0 0
1484572527.270037000 0 0
1484572527.276344000 0 0
1484572527.282886000 0 0
1484572527.289391000 0 0
1484572527.295617000 0 0
1484572527.302338000 0 0
1484572527.308417000 0 0
1484572527.315764000 0 0
1484572527.323216000 0 0
1484572527.329285000 0 0
1484572527.336397000 0 0
1484572527.342959000 0 0
1484572527.349451000 0 0
1484572527.357367000 0 0
1484572527.363350000 0 0
1484572527.370130000 0 0
1484572527.376981000 0 0
1484572527.383447000 0 0
1484572527.392148000 0 0
1484572527.398696000 0 0
1484572527.405166000 0 0
1484572527.411386000 0 0
1484572527.417940000 0 0
1484572527.423485000 0 0
1484572527.428336000 0 0
1484572527.433167000 0 0
1484572527.438099000 0 0
1484572527.443552000 0 0
1484572527.449848000 0 0
1484572527.456451000 0 0
1484572527.462295000 0 0
1484572527.468912000 0 0
1484572527.475482000 0 0
1484572527.482320000 0 0
1484572527.489142000 0 0
1484572527.495693000 0 0
1484572527.502567000 0 0
1484572527.508999000 0 0
1484572527.514751000 0 0
1484572527.521128000 0 0
1484572527.526789000 0 0
1484572527.532162000 0 0
1484572527.537367000 0 0
1484572527.542324000 0 0
1484572527.546521000 0 0
1484572527.550762000 0 0
1484572527.556427000 0 0
1484572527.560632000 0 0
1484572527.566214000 0 0
1484572527.571820000 0 0
1484572527.576809000 0 0
1484572527.582463000 0 0
1484572527.588052000 0 0
1484572527.593241000 0 0
1484572527.598956000 0 0
1484572527.607170000 0 0
1484572527.612424000 0 0
1484572527.617991000 0 0
1484572527.623775000 0 0
1484572527.629670000 0 0
1484572527.634991000 0 0
1484572527.640614000 0 0
1484572527.645873000 0 0
1484572527.651446000 0 0
1484572527.657006000 0 0
1484572527.662147000 0 0
1484572527.667462000 0 0
1484572527.673013000 0 0
1484572527.679082000 0 0
1484572527.685442000 0 0
1484572527.690989000 0 0
1484572527.696815000 0 0
1484572527.702490000 0 0
1484572527.708038000 0 0
1484572527.713017000 0 0
1484572527.718716000 0 0
1484572527.724610000 0 0
1484572527.730335000 0 0
1484572527.735628000 0 0
1484572527.741318000 0 0
1484572527.747242000 0 0
1484572527.752901000 0 0
1484572527.758011000 0 0
1484572527.763866000 0 0
1484572527.769314000 0 0
1484572527.774607000 0 0
1484572527.780287000 0 0
1484572527.786109000 0 0
1484572527.791053000 0 0
1484572527.796761000 0 0
1484572527.802181000 0 0
1484572527.807617000 0 0
1484572527.813657000 0 0
1484572527.818964000 0 0
1484572527.824952000 0 0
1484572527.831535000 0 0
1484572527.836977000 0 0
1484572527.842086000 0 0
1484572527.847247000 0 0
1484572527.852712000 0 0
1484572527.857946000 0 0
1484572527.862919000 0 0
1484572527.868454000 0 0
1484572527.874010000 0 0
1484572527.878960000 0 0
1484572527.884375000 0 0
1484572527.889836000 0 0
1484572527.894480000 0 0
1484572527.900145000 0 0
1484572527.905239000 0 0
1484572527.910437000 0 0
1484572527.915669000 0 0
1484572527.921924000 0 0
1484572527.926328000 0 0
1484572527.931564000 0 0
1484572527.936868000 0 0
1484572527.942656000 0 0
1484572527.948069000 0 0
1484572527.953081000 0 0
1484572527.958194000 0 0
1484572527.963331000 0 0
1484572527.968077000 0 0
1484572527.973131000 0 0
1484572527.977809000 0 0
1484572527.983319000 0 0
1484572527.988773000 0 0
1484572527.993763000 0 0
1484572527.999853000 0 0
1484572528.005157000 0 0
1484572528.009889000 0 0
1484572528.015266000 0 0
1484572528.020616000 0 0
1484572528.026054000 0 0
1484572528.030695000 0 0
1484572528.036152000 0 0
1484572528.041299000 0 0
1484572528.046953000 0 0
1484572528.052529000 0 0
1484572528.057210000 0 0
1484572528.061835000 0 0
1484572528.067495000 0 0
1484572528.072421000 0 0
1484572528.077132000 0 0
1484572528.082922000 0 0
1484572528.088168000 0 0
1484572528.093049000 0 0
1484572528.098566000 0 0
1484572528.104087000 0 0
1484572528.109889000 0 0
1484572528.116278000 0 0
1484572528.122697000 0 0
1484572528.128508000 0 0
1484572528.134132000 0 0
1484572528.139527000 0 0
1484572528.144745000 0 0
1484572528.149838000 0 0
1484572528.155243000 0 0
1484572528.160144000 0 0
1484572528.165405000 0 0
1484572528.170872000 0 0
1484572528.177846000 0 0
1484572528.183056000 0 0
1484572529.896361000 0 0
1484572529.902575000 0 0
1484572529.909085000 0 0
1484572529.915758000 0 0
1484572529.921984000 0 0
1484572529.928220000 0 0
1484572529.935144000 0 0
1484572529.941743000 0 0
1484572529.948383000 0 0
1484572529.957517000 0 0
1484572529.963872000 0 0
1484572529.970723000 0 0
1484572529.977300000 0 0
1484572529.983663000 0 0
1484572529.989482000 0 0
1484572529.994637000 0 0
1484572530.001573000 0 0
1484572530.009301000 0 0
1484572530.015783000 0 0
1484572530.022244000 0 0
1484572530.027616000 0 0
1484572530.032990000 0 0
1484572530.039953000 0 0
1484572530.048503000 0 0
1484572530.055449000 0 0
1484572530.062382000 0 0
1484572530.069253000 0 0
1484572530.075805000 0 0
1484572530.082155000 0 0
1484572530.089333000 0 0
1484572530.095538000 0 0
1484572530.101254000 0 0
1484572530.106389000 0 0
1484572530.112899000 0 0
1484572530.119739000 0 0
1484572530.126007000 0 0
1484572530.132888000 0 0
1484572530.139718000 0 0
1484572530.146330000 0 0
1484572530.152271000 0 0
1484572530.158447000 0 0
1484572530.165477000 0 0
1484572530.172646000 0 0
1484572530.178809000 0 0
1484572530.185527000 0 0
1484572530.191823000 0 0
1484572530.198316000 0 0
1484572530.205239000 0 0
1484572530.211827000 0 0
1484572530.218396000 0 0
1484572530.224960000 0 0
1484572530.231896000 0 0
1484572530.238761000 0 0
1484572530.244980000 0 0
1484572530.251767000 0 0
1484572530.258354000 0 0
1484572530.265070000 0 0
1484572530.271878000 0 0
1484572530.278354000 0 0
1484572530.285150000 0 0
1484572530.291025000 0 0
1484572530.297338000 0 0
1484572530.303715000 0 0
1484572530.310568000 0 0
1484572530.317235000 0 0
1484572530.323193000 0 0
1484572530.329664000 0 0
1484572530.336289000 0 0
1484572530.342533000 0 0
1484572530.348947000 0 0
1484572530.355856000 0 0
1484572530.362535000 0 0
1484572530.369430000 0 0
1484572530.376075000 0 0
1484572530.383047000 0 0
1484572530.389831000 0 0
1484572530.397629000 0 0
1484572530.404647000 0 0
1484572530.411261000 0 0
1484572530.417802000 0 0
1484572530.424108000 0 0
1484572530.429791000 0 0
1484572530.436713000 0 0
1484572530.442904000 0 0
1484572530.449819000 0 0
1484572530.456273000 0 0
1484572530.463461000 0 0
1484572530.469948000 0 0
1484572530.476311000 0 0
1484572530.482947000 0 0
1484572530.489701000 0 0
1484572530.499564000 0 0
1484572530.506122000 0 0
1484572530.512975000 0 0
1484572530.519813000 0 0
1484572530.525518000 0 0
1484572530.532562000 0 0
1484572530.539025000 0 0
1484572530.545700000 0 0
1484572530.552405000 0 0
1484572530.558718000 0 0
1484572530.565338000 0 0
1484572530.572195000 0 0
1484572530.578758000 0 0
1484572530.585528000 0 0
1484572530.594040000 0 0
1484572530.601038000 0 0
1484572530.608353000 0 0
1484572530.614935000 0 0
1484572530.620765000 0 0
1484572530.627800000 0 0
1484572530.634346000 0 0
1484572530.641205000 0 0
1484572530.648016000 0 0
1484572530.655551000 0 0
1484572530.661738000 0 0
1484572530.668374000 0 0
1484572530.674996000 0 0
1484572530.681550000 0 0
1484572530.688311000 0 0
1484572530.694589000 0 0
1484572530.701473000 0 0
1484572530.706638000 0 0
1484572530.713158000 0 0
1484572530.719707000 0 0
1484572530.725913000 0 0
1484572530.732820000 0 0
1484572530.739557000 0 0
1484572530.745423000 0 0
1484572530.752200000 0 0
1484572530.758576000 0 0
1484572530.765327000 0 0
1484572530.772312000 0 0
1484572530.778611000 0 0
1484572530.785423000 0 0
1484572530.791810000 0 0
1484572530.798293000 0 0
1484572530.805032000 0 0
1484572530.811444000 0 0
1484572530.817715000 0 0
1484572530.824384000 0 0
1484572530.830839000 0 0
1484572530.837482000 0 0
1484572530.843620000 0 0
1484572530.849846000 0 0
1484572530.856354000 0 0
1484572530.863452000 0 0
1484572530.869665000 0 0
1484572530.874809000 0 0
1484572530.879946000 0 0
1484572530.885990000 0 0
1484572530.890953000 0 0
1484572530.896094000 0 0
1484572530.901757000 0 0
1484572530.906936000 0 0
1484572530.913151000 0 0
1484572526.639354000 0 0
1484572532.795312000 0 0
1484572526.615024000 0 0
1484572530.929753000 0 0
1484572525.067508000 486 0
1484572525.074490000 509 0
1484572525.080670000 512 0
1484572525.086747000 486 0
1484572536.225233000 0 0
1484572532.784901000 0 0
1484572532.816565000 0 0
1484572538.245148000 0 0
1484572525.057412000 481 0
1484572525.102946000 0 0
1484572542.483049000 0 0
1484572536.238308000 0 0
1484572536.239716000 0 0
1484572521.637573000 282 0
1484572522.071121000 398 0
1484572522.077593000 2741 0
1484572522.106214000 245 0
1484572522.117205000 230 0
1484572522.054836000 1316 0
1484572522.062526000 1321 0
1484572522.070243000 1348 0
1484572522.095021000 462 0
1484572522.112037000 1324 0
1484572522.159389000 566 0
1484572522.168131000 504 0
1484572522.200165000 504 0
1484572525.060653000 95 0
1484572525.103262000 0 0
1484572525.103602000 0 0
1484572525.103922000 0 0
1484572525.104205000 0 0
1484572526.638722000 589 0
1484572564.748499000 0 0
1484572575.096239000 0 0
1484572575.102985000 0 0
1484572575.107775000 0 0
1484572575.112629000 0 0
1484572575.119408000 0 0
1484572575.127667000 0 0
1484572575.169155000 0 0
1484572575.198977000 0 0
1484572575.204411000 0 0
1484572530.905171000 0 0
1484572575.208113000 0 0
1484572542.476067000 0 0
1484572547.103800000 0 0
1484572575.384206000 0 0
1484572575.377985000 0 0
1484572575.397842000 0 0
1484572575.393314000 0 0
1484572575.425807000 0 0
1484572575.421413000 0 0
1484572575.883404000 0 129836
1484572542.504085000 0 0
1484572564.756541000 5829 0
1484572680.253375000 0 8350
1484572680.266386000 0 0
1484572680.264861000 0 0
1484572864.791146000 0 0
1484572864.796214000 5829 0
1484572980.298941000 0 8350
1484572980.313206000 0 0
1484572980.311064000 0 0
1484573164.838796000 0 0
1484573164.846415000 5829 0
1484573280.336217000 0 8350
1484573280.349114000 0 0
1484573280.347470000 0 0
1484573464.878708000 0 0
1484573464.887264000 5829 0
1484573580.389413000 0 8350
1484573580.403774000 0 0
1484573580.401925000 0 0
1484573764.928397000 0 0
1484573764.935985000 5829 0
1484573880.404754000 0 8350
1484573880.413680000 0 0
1484573880.412891000 0 0
1484574064.969423000 0 0
1484574064.976816000 5829 0
1484574180.489037000 0 8350
1484574180.503360000 0 0
1484574180.501047000 0 0
1484574365.015392000 0 0
1484574365.021935000 5829 0
1484574480.468496000 0 8350
1484574480.477651000 0 0
1484574480.476859000 0 0
1484574665.059974000 0 0
1484574665.065168000 5829 0
1484574780.526227000 0 8350
1484574780.538105000 0 0
1484574780.536430000 0 0
1484574815.212692000 0 0
1484574815.238027000 0 0
1484574815.242937000 0 0
1484574815.249387000 0 0
1484574815.293979000 0 0
1484574815.320475000 0 0
1484574815.339416000 0 0
1484574815.350046000 0 0
1484574815.362029000 0 0
1484574815.369792000 0 0
1484574815.381976000 0 0
1484574815.389525000 0 0
1484574815.399253000 0 0
1484574815.427373000 0 0
1484574815.438309000 0 0
1484574815.466902000 0 0
1484574815.483710000 0 0
1484574815.500536000 0 0
1484574815.507637000 0 0
1484574815.514547000 0 0
1484574815.521182000 0 0
1484574815.529008000 0 0
1484574815.536622000 0 0
1484574815.543837000 0 0
1484574815.552955000 0 0
1484574815.559812000 0 0
1484574815.568919000 0 0
1484574815.576022000 0 0
1484574815.583664000 0 0
1484574815.593028000 0 0
1484574825.779929000 0 0
1484574825.871845000 0 0
1484574825.876834000 0 0
1484574825.886131000 0 0
1484574826.052817000 0 0
1484574826.055233000 0 0
1484574826.050017000 0 0
1484574826.070712000 0 0
1484574826.075835000 0 0
1484574826.078215000 0 0
1484574826.095157000 0 0
1484574826.116861000 0 0
1484574826.119939000 0 0
1484574826.122227000 0 0
1484574826.129454000 0 0
1484574826.144531000 0 0
1484574826.146919000 0 0
1484574826.155062000 0 0
1484574826.157641000 0 0
1484574826.160285000 0 0
1484574826.162733000 0 0
1484574826.058148000 0 0
1484574825.155057000 0 0
1484574834.637208000 0 0
1484574834.649008000 0 0
1484574834.669841000 0 0
1484574834.687758000 0 0
1484574834.699854000 0 0
1484574834.717495000 0 0
1484574834.728793000 0 0
1484574834.747774000 0 0
1484574834.760035000 0 0
1484574834.773743000 0 0
1484574834.798525000 0 0
1484574834.817568000 0 0
1484574834.835166000 0 0
1484574834.850081000 0 0
1484574834.860364000 0 0
1484574834.866355000 0 0
1484574834.872302000 0 0
1484574834.878377000 0 0
1484574834.884167000 0 0
1484574834.890082000 0 0
1484574834.896295000 0 0
1484574834.903324000 0 0
1484574834.908585000 0 0
1484574834.913898000 0 0
1484574834.918584000 0 0
1484574834.923850000 0 0
1484574834.930753000 0 0
1484574841.423707000 0 0
1484574841.426247000 0 0
1484574825.898468000 282 0
1484574826.083276000 398 0
1484574826.088887000 2741 0
1484574826.103608000 245 0
1484574826.116636000 230 0
1484574826.127132000 566 0
1484574826.071591000 1316 0
1484574826.078129000 1321 0
1484574826.083743000 1348 0
1484574826.095614000 462 0
1484574826.111413000 1324 0
1484574826.135929000 504 0
1484574826.167622000 504 0
1484574870.914881000 0 0
1484574870.928369000 0 0
1484574881.478335000 0 0
1484574881.501900000 0 0
1484574881.934966000 0 0
1484574882.356092000 0 0
1484574888.289237000 0 0
1484574888.531356000 0 0
1484574888.535014000 0 0
1484574888.543128000 0 0
1484574888.411415000 0 0
1484574888.286279000 0 0
1484574892.248149000 0 0
1484574892.316955000 0 0
1484574892.318220000 0 0
1484574892.321349000 0 0
1484574892.324930000 0 0
1484574892.326506000 0 0
1484574892.329606000 0 0
1484574892.330670000 0 0
1484574892.333432000 0 0
1484574892.336829000 0 0
1484574892.338172000 0 0
1484574892.340541000 0 0
1484574892.286952000 0 0
1484574892.284221000 0 0
1484574892.101460000 0 0
1484574892.288723000 0 0
1484574895.141139000 0 0
1484574895.143894000 0 0
1484574896.035045000 0 0
1484574896.084874000 0 0
1484574896.087803000 0 0
1484574896.090260000 0 0
1484574896.097829000 0 0
1484574896.110091000 0 0
1484574896.112509000 0 0
1484574896.114888000 0 0
1484574896.122944000 0 0
1484574896.125431000 0 0
1484574896.131608000 0 0
1484574896.134233000 0 0
1484574896.140654000 0 0
1484574896.143024000 0 0
1484574892.083017000 0 0
1484571962.154172000 99952 0
1484574881.509470000 2341 0
1484574881.942214000 2332 0
1484574882.363499000 2797 0
1484574895.012339000 0 0
1484574892.122180000 286 0
1484574892.136154000 177 0
1484574892.244219000 219 0
1484574892.272501000 147 0
1484574892.291411000 153 0
1484574892.299386000 152 0
1484574892.315712000 147 0
1484574892.322329000 146 0
1484574892.348081000 204 0
1484574892.352814000 324 0
1484574892.369951000 118 0
1484574892.376252000 218 0
1484574892.398155000 182 0
1484574892.419410000 283 0
1484574892.547168000 304 0
1484574892.584130000 260 0
1484574892.595940000 225 0
1484574892.605433000 270 0
1484574892.613768000 222 0
1484574892.617873000 314 0
1484574892.643875000 237 0
1484574892.652973000 279 0
1484574892.667067000 218 0
1484574892.677741000 186 0
1484574892.682834000 137 0
1484574892.704001000 269 0
1484574892.721900000 261 0
1484574892.736112000 226 0
1484574892.740724000 302 0
1484574892.749790000 134 0
1484574892.765071000 134 0
1484574892.788788000 134 0
1484574892.806210000 144 0
1484574892.823488000 134 0
1484574892.844382000 134 0
1484574892.850495000 134 0
1484574892.857067000 134 0
1484574892.928290000 190 0
1484574892.941112000 185 0
1484574892.952311000 185 0
1484574893.027164000 230 0
1484574893.050704000 162 0
1484574893.071810000 178 0
1484574893.116104000 138 0
1484574893.284081000 137 0
1484574893.363481000 142 0
1484574893.373674000 142 0
1484574893.396975000 254 0
1484574893.520671000 225 0
1484574893.532564000 196 0
1484574893.541834000 133 0
1484574893.566568000 134 0
1484574893.574372000 133 0
1484574893.581190000 198 0
1484574893.603688000 275 0
1484574893.623383000 226 0
1484574893.646955000 302 0
1484574893.661101000 279 0
1484574892.331211000 3939 0
1484574892.404635000 6937 0
1484574888.549470000 282 0
1484574896.095460000 566 0
1484574896.104398000 504 0
1484574896.117572000 504 0
1484574888.547271000 398 0
1484574894.976892000 0 0
1484574925.530395000 0 0
1484574925.553290000 0 0
1484574925.556128000 0 0
1484574925.559389000 0 0
1484574925.559229000 0 0
1484574925.562535000 0 0
1484574925.565911000 0 0
1484574925.566066000 0 0
1484574925.569265000 0 0
1484574925.572587000 0 0
1484574925.572463000 0 0
1484574925.575606000 0 0
1484574925.535268000 0 0
1484574925.502550000 0 0
1484574925.504507000 0 0
1484574925.486560000 0 0
1484574927.702519000 0 0
1484574927.772410000 0 0
1484574927.777793000 0 0
1484574927.787338000 0 0
1484574927.795784000 0 0
1484574927.808772000 0 0
1484574927.811458000 0 0
1484574927.815060000 0 0
1484574927.818832000 0 0
1484574927.830688000 0 0
1484574927.833761000 0 0
1484574927.842763000 0 0
1484574927.845394000 0 0
1484574927.857745000 0 0
1484574927.860635000 0 0
1484574925.492243000 0 0
1484574925.538913000 286 0
1484574925.548261000 177 0
1484574925.551157000 219 0
1484574925.556218000 147 0
1484574925.558151000 153 0
1484574925.560290000 152 0
1484574925.562226000 147 0
1484574925.564389000 146 0
1484574925.571301000 204 0
1484574925.573389000 324 0
1484574925.575556000 118 0
1484574925.578022000 218 0
1484574925.580309000 182 0
1484574925.585591000 283 0
1484574925.588001000 304 0
1484574925.590197000 260 0
1484574925.595010000 225 0
1484574925.597090000 270 0
1484574925.599531000 222 0
1484574925.601771000 314 0
1484574925.603963000 237 0
1484574925.607072000 279 0
1484574925.609783000 218 0
1484574925.612505000 186 0
1484574925.617698000 137 0
1484574925.620414000 269 0
1484574925.623486000 261 0
1484574925.626969000 226 0
1484574925.629974000 302 0
1484574925.633566000 134 0
1484574925.636073000 134 0
1484574925.638725000 134 0
1484574925.641659000 144 0
1484574925.644623000 134 0
1484574925.648284000 134 0
1484574925.650985000 134 0
1484574925.655317000 134 0
1484574925.657949000 190 0
1484574925.662103000 185 0
1484574925.664324000 185 0
1484574925.668018000 230 0
1484574925.670668000 162 0
1484574925.673389000 178 0
1484574925.676210000 138 0
1484574925.679231000 137 0
1484574925.681923000 142 0
1484574925.686378000 142 0
1484574925.688436000 254 0
1484574925.692353000 225 0
1484574925.694496000 196 0
1484574925.697020000 133 0
1484574925.699070000 134 0
1484574925.701059000 133 0
1484574925.703075000 198 0
1484574925.705847000 275 0
1484574925.708728000 226 0
1484574925.711319000 302 0
1484574925.714065000 279 0
1484574925.566403000 3939 0
1484574925.582577000 6937 0
1484574927.690993000 282 0
1484574927.792897000 566 0
1484574927.801245000 504 0
1484574927.822395000 504 0
1484574927.849071000 398 0
1484559921.425640000 0 0
1484559916.361457000 0 0
1484574841.429152000 0 0
1484574962.373139000 0 0
1484574965.102988000 0 0
1484574965.111015000 5829 0
1484575080.570307000 0 8350
1484575080.582135000 0 0
1484575080.580235000 0 0
1484575104.020258000 0 0
1484575104.059674000 0 0
1484575104.090021000 0 0
1484575104.093442000 0 0
1484575104.050468000 0 0
1484575107.741994000 0 0
1484575107.747505000 0 0
1484575107.753633000 0 0
1484575107.758519000 0 0
1484575107.762712000 0 0
1484575107.768070000 0 0
1484575107.772439000 0 0
1484575107.777990000 0 0
1484575107.781700000 0 0
1484575107.785685000 0 0
1484575107.792652000 0 0
1484575107.797620000 0 0
1484575107.803396000 0 0
1484575107.810200000 0 0
1484575107.817091000 0 0
1484575107.820979000 0 0
1484575107.824545000 0 0
1484575107.828607000 0 0
1484575107.833288000 0 0
1484575107.837533000 0 0
1484575107.842047000 0 0
1484575107.847727000 0 0
1484575107.852034000 0 0
1484575107.856095000 0 0
1484575107.859964000 0 0
1484575107.864026000 0 0
1484575110.947921000 0 0
1484575107.869206000 0 0
1484575265.149421000 0 0
1484575265.154948000 5829 0
1484575380.623641000 0 8350
1484575380.634442000 0 0
1484575380.633183000 0 0
1484575565.189255000 0 0
1484574870.922214000 2129 14242
1484575565.196217000 5829 0
1484575685.534104000 0 0
1484575687.700132000 0 8350
1484575687.710738000 0 0
1484575687.709326000 0 0
1484575692.630221000 0 0
1484575111.631225000 0 0
1484575697.648581000 0 0
1484575697.651958000 0 0
1484575697.659991000 0 0
1484575738.077550000 0 0
1484575738.082306000 0 0
1484575738.091592000 0 0
1484575738.102132000 0 0
1484575738.119140000 0 0
1484575738.122527000 0 0
1484575738.126268000 0 0
1484575738.130238000 0 0
1484575738.145424000 0 0
1484575738.148215000 0 0
1484575738.156304000 0 0
1484575738.159246000 0 0
1484575738.162457000 0 0
1484575738.175041000 0 0
1484575738.177203000 0 0
1484559706.488862000 0 0
1484575697.666027000 846 0
1484575738.098899000 566 0
1484575738.109736000 504 0
1484575738.136312000 504 0
1484575738.167468000 398 0
1484575865.227483000 0 0
1484575865.234314000 5829 0
1484575987.744782000 0 8350
1484575987.757882000 0 0
1484575987.755693000 0 0
1484552383.175296000 0 0
1484576039.226784000 0 0
1484576039.645095000 0 0
1484576040.068031000 0 0
1484576043.812391000 0 0
1484576043.825213000 0 0
1484576043.829065000 0 1119
1484576043.836868000 0 0
1484576043.840853000 0 0
1484576043.845280000 0 0
1484576043.816478000 0 0
1484576043.848766000 0 0
1484576044.047710000 0 85
1484576044.054558000 0 0
1484576044.065222000 0 109
1484576044.071368000 0 0
1484576044.123320000 0 144
1484576044.132133000 0 0
1484576044.184025000 0 175
1484576044.191671000 0 0
1484552764.275906000 0 4096
1484576044.191041000 0 0
1484576044.199755000 0 0
1484576044.204458000 0 0
1484552764.270005000 0 0
1484576044.210681000 0 0
1484576044.212474000 0 0
1484576044.226156000 0 0
1484576044.232170000 0 0
1484576044.236867000 0 0
1484576044.230241000 0 238
1484576044.251876000 0 0
1484576044.255394000 0 0
1484576044.216549000 0 0
1484576044.258646000 0 0
1484552762.252204000 50603 340817
1484552763.230713000 1396875 175118
1484552764.330282000 30330 24295
1484576044.276796000 0 50543
1484576044.326250000 0 216
1484576044.329918000 0 204
1484576044.337159000 0 0
1484576044.350075000 0 0
1484552765.777328000 0 32768
1484576044.357270000 0 0
1484552765.770907000 0 1578944
1484576044.366019000 0 0
1484576044.369261000 0 0
1484576044.377648000 0 0
1484552765.756625000 0 4096
1484576044.385568000 0 0
1484576044.390197000 0 0
1484552765.751322000 0 0
1484576044.398273000 0 0
1484576044.404215000 0 0
1484576044.427205000 0 0
1484576044.432714000 0 27167
1484576044.463088000 0 0
1484576044.469088000 0 0
1484576044.411087000 0 0
1484576044.474622000 0 0
1484576044.555103000 0 0
1484552764.635179000 90549 617
1484552764.500772000 37999 4377
1484552836.760489000 1271520 72771
1484553061.094406000 20708 324
1484553061.322216000 16030 3838
1484553061.366535000 18319 2031
1484552382.946317000 0 0
1484552377.866767000 0 0
1484552760.820157000 327680 0
1484552761.872750000 163840 0
1484552764.241172000 8192 0
1484576044.241927000 2482 0
1484553191.900792000 65536 0
1484552759.900936000 6144 0
1484552759.589165000 135168 4096
1484552759.619712000 16384 4096
1484552765.758840000 1245184 1048576
1484552765.738334000 98304 0
1484552901.686456000 98304 0
1484552764.525700000 2112 0
1484574962.381756000 49976 0
1484552765.905730000 0 0
1484552765.765982000 0 0
1484552759.297852000 0 0
