1484560115.376376000 0 0
1484560115.437264000 0 0
1484560115.439376000 0 0
1484560115.477123000 0 0
1484560115.479361000 0 0
1484560115.487098000 0 0
1484560115.562617000 0 0
1484560115.661547000 0 0
1484560115.664435000 0 0
1484560115.667108000 0 0
1484560115.745476000 0 0
1484560115.806879000 0 0
1484560115.810126000 0 0
1484560115.833342000 0 0
1484560115.837405000 0 0
1484560115.840102000 0 0
1484560115.848194000 0 0
1484560115.447515000 496 0
1484560115.482958000 863 0
1484560115.513840000 398 0
1484560115.554541000 721 0
1484560115.207705000 282 0
1484560115.596370000 229 0
1484560115.767440000 504 0
1484560115.828507000 0 0
1484560115.734913000 552 0
1484560115.860353000 0 0
1484560115.865232000 0 0
1484560115.864986000 856 0
1484560115.912697000 16384 0
1484560115.385108000 0 0
1484560118.690352000 0 0
1484560118.268336000 7385 0
1484560116.046075000 23552 20480
1484560116.191344000 0 0
1484560120.399673000 0 0
1484560118.838849000 9240 11058
1484560120.417780000 0 0
1484560121.905955000 0 0
1484560119.810166000 0 0
1484560120.246305000 7571 0
1484560120.419986000 39936 0
1484560115.420528000 550 0
1484560115.428508000 846 0
1484560121.919792000 496 0
1484560115.469758000 1338 0
1484560121.927466000 863 0
1484560121.934981000 721 0
1484560839.283358000 0 0
1484560839.522496000 0 0
1484560839.526237000 0 0
1484560839.537261000 0 0
1484560839.550390000 282 0
1484561034.332715000 0 0
1484561034.372713000 0 0
1484561034.375952000 0 0
1484561034.381542000 0 0
1484561034.388081000 282 0
1484561947.025433000 0 0
1484561947.037146000 0 0
1484562378.735591000 0 0
1484562378.916535000 0 0
1484562378.969937000 0 0
1484562379.085938000 0 0
1484562379.093143000 282 0
1484568249.332631000 0 0
1484568249.341968000 0 0
1484560115.368338000 0 0
