1484602777.166965000 0 16191
1484602777.174135000 0 0
1484602777.172975000 0 0
1484602778.106577000 0 0
1484602778.153841000 0 0
1484602778.156649000 0 0
1484602778.259792000 0 0
1484602778.502924000 0 0
1484602778.517995000 0 0
1484602778.516621000 0 0
1484602778.519516000 0 0
1484602778.489575000 282 0
1484602778.577902000 703 0
1484602778.677004000 2672 0
1484602778.691567000 404 0
1484602778.707358000 0 0
1484602778.714442000 0 0
1484602778.716815000 0 0
1484602778.729227000 0 0
1484602778.715473000 1414 0
1484602778.754803000 819 0
1484602778.770192000 439 0
1484602778.772152000 663 0
1484602778.802118000 384 0
1484602778.812021000 875 0
1484602778.828001000 880 0
1484602778.830781000 1497 0
1484602778.844221000 0 0
1484602778.865557000 0 0
1484602778.882675000 0 0
1484602778.897996000 2568 0
1484602779.445536000 0 0
1484602780.032448000 0 0
1484602780.028993000 0 0
1484602780.034353000 0 0
1484602780.030888000 0 0
1484602778.841182000 1604 0
1484602778.861584000 1405 0
1484602778.878759000 1408 0
1484602779.337140000 2227 0
1484602779.341820000 0 0
1484602779.381503000 2159 0
1484602779.386690000 0 0
1484602779.417543000 1948 0
1484602779.450207000 0 0
1484602779.473890000 2755 0
1484602779.480033000 0 0
1484602779.497777000 2686 0
1484602779.502185000 0 0
1484602779.518879000 851 0
1484602779.524132000 0 0
1484602779.564934000 1652 0
1484602779.569987000 0 0
1484602779.594772000 1105 0
1484602779.599209000 0 0
1484602779.627256000 857 0
1484602779.635181000 0 0
1484602779.608481000 703 0
1484602779.611983000 0 0
1484602799.886723000 0 0
1484602799.893249000 0 18
1484602779.306133000 2568 0
1484602779.694617000 16896 0
1484602780.077220000 2672 0
1484602780.080509000 404 0
1484602780.083058000 1414 0
1484602780.085914000 819 0
1484602780.088460000 439 0
1484602780.090755000 384 0
1484602780.092981000 1497 0
1484603063.561306000 0 16191
1484603063.572261000 0 0
1484603063.570415000 0 0
1484603099.925388000 0 0
1484603099.932605000 0 18
1484603225.831652000 0 0
1484603225.839005000 0 0
1484603399.968531000 0 0
1484603399.975858000 0 18
1484603700.011650000 0 0
1484603700.018919000 0 18
1484603725.860266000 0 2
1484603725.868544000 0 0
1484603725.866818000 0 0
1484603725.882037000 0 2
1484603725.890714000 0 0
1484603725.889244000 0 0
1484603860.751530000 0 7724
1484603860.763105000 0 0
1484603860.761147000 0 0
1484604000.055534000 0 0
1484604000.063182000 0 18
1484604300.089592000 0 0
1484604300.095033000 0 18
1484604600.120618000 0 0
1484604600.126728000 0 18
1484604900.154716000 0 0
1484604900.161049000 0 18
1484605200.529753000 0 0
1484605200.537807000 0 18
1484605219.222175000 0 16191
1484605219.230201000 0 0
1484605219.229262000 0 0
1484605500.572947000 0 0
1484605500.579652000 0 18
1484605519.257674000 0 16191
1484605519.269592000 0 0
1484605519.267900000 0 0
1484605800.612745000 0 0
1484605800.617154000 0 18
1484606100.642119000 0 0
1484606100.649612000 0 18
1484606400.680079000 0 0
1484606400.687606000 0 18
1484606700.728543000 0 0
1484606700.735967000 0 18
1484607001.095846000 0 0
1484607001.102692000 0 18
1484607301.138690000 0 0
1484607301.145292000 0 18
1484607327.551261000 0 2
1484607327.557574000 0 0
1484607327.556243000 0 0
1484607327.566026000 0 2
1484607327.571466000 0 0
1484607327.570406000 0 0
1484607460.993582000 0 7724
1484607461.002680000 0 0
1484607461.001625000 0 0
1484607600.146114000 0 137
1484607600.154072000 0 0
1484607600.152683000 0 0
1484607600.171485000 0 7724
1484607600.180272000 0 0
1484607600.178993000 0 0
1484607600.254652000 0 137
1484607600.262180000 0 0
1484607600.260710000 0 0
1484607600.285922000 0 6864
1484607600.296379000 0 0
1484607600.294007000 0 0
1484607600.311211000 0 16195
1484607600.321341000 0 0
1484607600.320220000 0 0
1484607601.179302000 0 0
1484607601.186025000 0 18
1484607901.212707000 0 0
1484607901.218752000 0 18
1484608201.251408000 0 0
1484608201.259342000 0 18
