1484572764.197742000 0 0
1484572764.203641000 0 0
1484572765.228084000 0 0
1484572765.230593000 0 0
1484572765.238217000 0 0
1484572765.250503000 0 0
1484572765.251109000 0 0
1484572765.252800000 0 0
1484572765.243513000 282 0
1484572767.192082000 0 0
1484572767.190797000 0 0
1484572767.191542000 0 0
1484572765.521154000 0 0
1484572765.518849000 2756 0
1484572767.224774000 0 0
1484572793.902532000 0 0
1484572793.942741000 0 0
1484572793.946060000 0 0
1484572793.953830000 0 0
1484572794.039739000 0 0
1484572794.041647000 0 0
1484572794.040006000 0 0
1484572793.959756000 402 0
1484572794.045602000 129 0
1484572794.070671000 504 0
1484572794.075643000 504 0
1484572794.122015000 0 0
1484572794.131703000 0 0
1484572794.133684000 0 0
1484572794.161510000 0 0
1484572794.169438000 0 0
1484572794.173421000 0 0
1484572794.175455000 0 0
1484572794.177663000 0 0
1484572794.180695000 0 0
1484572794.194682000 0 0
1484572794.196678000 0 0
1484572794.198959000 0 0
1484572794.201718000 0 0
1484572794.280357000 0 0
1484572794.120140000 282 0
1484572794.138566000 402 0
1484572794.052481000 0 0
1484572813.339357000 0 0
1484572813.343468000 0 0
1484572813.341838000 0 0
1484572813.319395000 0 0
1484572813.320130000 0 0
1484572825.322448000 0 0
1484572825.334271000 0 0
1484572825.336183000 0 0
1484572825.377094000 0 0
1484572825.378354000 0 0
1484572825.381354000 0 0
1484572825.380753000 0 0
1484572825.388668000 0 0
1484572825.390105000 0 0
1484572825.397587000 0 0
1484572825.442158000 0 0
1484572825.445556000 0 0
1484572825.460394000 0 0
1484572825.463164000 0 0
1484572825.466012000 0 0
1484572825.468547000 0 0
1484572813.347069000 202 0
1484572813.351923000 180 0
1484572825.320826000 282 0
1484572825.393238000 402 0
1484572825.394904000 402 0
1484572825.402070000 504 0
1484572825.471739000 504 0
1484572897.941004000 0 0
1484572897.939022000 282 0
1484572967.257175000 0 0
1484572967.259290000 0 0
1484572967.261175000 0 0
1484572984.481535000 0 0
1484572988.895763000 0 0
1484572985.284241000 282 0
1484573183.446249000 0 0
1484573183.522626000 282 0
1484573270.839386000 0 0
1484573270.856791000 282 0
1484573565.843893000 0 0
1484573565.884215000 0 0
1484573565.887146000 0 0
1484573565.894892000 0 0
1484573565.900481000 282 0
1484573634.110303000 0 0
1484573634.172685000 282 0
1484573735.943170000 0 0
1484573736.003550000 282 0
1484573778.515012000 0 0
1484573778.517217000 0 0
1484573778.519454000 0 0
1484573797.161843000 0 0
1484573797.166474000 0 0
1484573797.175851000 0 0
1484573797.184629000 0 0
1484573797.201909000 0 0
1484573797.205030000 0 0
1484573797.208165000 0 0
1484573797.223650000 0 0
1484573797.226422000 0 0
1484573797.242774000 0 0
1484573797.245418000 0 0
1484573797.248156000 0 0
1484573797.264215000 0 0
1484573797.266821000 0 0
1484573797.604667000 0 0
1484573797.607186000 0 0
1484573797.572410000 0 0
1484573797.182224000 402 0
1484573797.190994000 504 0
1484573797.214026000 504 0
1484573797.253518000 402 0
1484573797.232266000 282 0
1484573830.225328000 0 0
1484573830.889115000 0 0
1484573830.949933000 0 0
1484573830.952966000 0 0
1484573830.961173000 0 0
1484573839.196482000 0 0
1484573830.256177000 0 0
1484573830.964147000 282 0
1484573860.056306000 0 0
1484573860.050548000 282 0
1484573895.397502000 0 0
1484573907.197753000 0 0
1484573907.217607000 0 0
1484573907.256887000 0 0
1484573907.262699000 0 0
1484573907.273358000 0 0
1484573907.200160000 0 0
1484573931.357363000 0 0
1484573907.283251000 282 0
1484573931.381471000 0 0
1484573931.420115000 0 0
1484573931.422640000 0 0
1484573931.430258000 0 0
1484573931.360143000 0 0
1484573935.291383000 0 0
1484573935.293643000 0 0
1484573931.433951000 282 0
1484573935.296012000 402 0
1484574090.403994000 0 0
1484574090.402108000 282 0
1484574134.905478000 0 0
1484574172.082793000 0 0
1484574172.133903000 0 0
1484574172.138734000 0 0
1484574172.147914000 0 0
1484574172.440166000 0 0
1484574172.442284000 0 0
1484574172.444202000 0 0
1484574172.447910000 0 0
1484574172.454631000 0 0
1484574172.456295000 0 0
1484574172.458018000 0 0
1484574172.459977000 0 0
1484574172.469575000 0 0
1484574172.471387000 0 0
1484574172.473258000 0 0
1484574172.480765000 0 0
1484574172.482596000 0 0
1484574181.226218000 0 0
1484574172.446387000 402 0
1484574172.450499000 504 0
1484574172.464471000 504 0
1484574172.475175000 402 0
1484574172.155861000 282 0
1484574245.772648000 0 0
1484574245.799031000 0 0
1484574245.840574000 0 0
1484574245.843225000 0 0
1484574245.851337000 0 0
1484574245.774842000 0 0
1484574245.860276000 282 0
1484574276.005515000 0 0
1484574276.027381000 0 0
1484574276.065476000 0 0
1484574276.068255000 0 0
1484574276.075821000 0 0
1484574276.079627000 282 0
1484574725.365575000 0 0
1484574730.244515000 0 0
1484574730.247395000 0 0
1484574730.255527000 0 0
1484574725.369137000 282 0
1484575043.131166000 0 0
1484574276.008351000 0 0
1484575045.379797000 0 0
1484575045.423853000 0 0
1484575045.426614000 0 0
1484575045.434038000 0 0
1484575045.437956000 282 0
1484575045.355529000 0 0
1484572767.196634000 0 0
