1484548955.935289000 0 0
1484548955.939963000 0 0
1484548955.944505000 0 0
1484548955.948747000 0 0
1484548955.956539000 0 0
1484548958.632598000 0 0
1484548958.634924000 0 0
1484548958.643499000 0 0
1484548957.394199000 150 0
1484548958.582915000 282 0
1484548959.482769000 0 0
1484548959.484806000 0 0
1484548959.495404000 0 0
1484548959.497115000 0 0
1484548959.519166000 0 0
1484548959.560860000 0 0
1484548959.562829000 0 0
1484548959.574064000 0 0
1484548959.590632000 0 0
1484548959.598758000 0 0
1484548959.606766000 0 0
1484548959.609520000 0 0
1484548959.612038000 0 0
1484548959.613977000 0 0
1484548959.614134000 0 0
1484548959.617631000 0 0
1484548959.635528000 0 0
1484548959.649691000 0 0
1484548959.662171000 0 0
1484548959.664081000 0 0
1484548959.679927000 0 0
1484548959.559306000 0 0
1484548959.580774000 568 0
1484548959.584916000 129 0
1484548959.611764000 129 0
1484548959.632436000 129 0
1484548959.631742000 504 0
1484548959.643267000 2798 0
1484548959.657308000 129 0
1484548959.676327000 129 0
1484548959.688720000 104 0
1484548959.466611000 282 0
1484548959.719517000 1715 0
1484548959.735590000 721 0
1484548959.575134000 1373 0
1484548959.599364000 2305 0
1484548959.613423000 1617 0
1484548959.623593000 770 0
1484548959.660131000 1585 0
1484548959.669153000 2340 0
1484548959.679660000 1773 0
1484548959.703045000 1471 0
1484548960.436967000 1715 0
1484548973.809323000 0 0
1484548977.145408000 0 0
1484548977.155078000 0 0
1484548977.161323000 0 0
1484548977.170213000 0 0
1484548977.177090000 0 0
1484548977.189040000 0 0
1484548977.192379000 0 0
1484548977.198228000 0 0
1484548977.206081000 0 0
1484548977.212591000 0 0
1484548977.291460000 0 0
1484548977.317296000 0 0
1484548977.364464000 0 0
1484548977.430182000 0 0
1484548977.534592000 0 0
1484548977.538088000 0 0
1484548977.541353000 0 0
1484548977.544824000 0 0
1484548977.547116000 0 0
1484548977.581746000 0 0
1484548977.649109000 0 0
1484548977.653242000 0 0
1484548978.384205000 0 0
1484548978.399940000 0 0
1484548978.701069000 0 0
1484548978.973906000 0 0
1484548978.998282000 0 0
1484548979.186061000 0 0
1484548979.335489000 0 0
1484548979.377509000 0 0
1484548979.381361000 0 16627
1484548979.558728000 0 0
1484548979.564682000 0 0
1484548979.359630000 16627 0
1484548979.367768000 0 0
1484548979.569036000 0 0
1484548979.995196000 0 0
1484548980.184282000 0 0
1484548980.386556000 0 0
1484548980.423356000 0 0
1484548980.642344000 0 0
1484548980.874641000 0 0
1484548981.077687000 0 0
1484548981.080270000 0 0
1484548981.673518000 0 0
1484548981.706478000 0 0
1484548981.710799000 0 0
1484548981.761751000 0 0
1484548981.709281000 0 0
1484548981.767795000 0 0
1484548981.784337000 0 0
1484548981.807601000 0 0
1484548981.821663000 0 0
1484548981.830467000 0 0
1484548981.835557000 0 0
1484548981.845085000 0 0
1484548981.855171000 0 0
1484548981.859892000 0 0
1484548981.864588000 0 0
1484548981.878405000 0 0
1484548981.893987000 0 0
1484548981.781657000 0 0
1484548981.911029000 0 0
1484548981.916700000 0 0
1484548981.923095000 0 0
1484548981.930996000 0 0
1484548981.937022000 0 0
1484548982.742463000 0 0
1484548983.072709000 0 0
1484548983.096623000 0 0
1484548983.155436000 7168 0
1484548983.181354000 0 0
1484548983.200805000 0 0
1484548983.460008000 0 0
1484548983.482329000 0 0
1484548983.748041000 0 0
1484548983.751085000 0 2
1484548983.758170000 0 0
1484548983.760890000 0 0
1484548983.105683000 2 0
1484548983.738042000 0 0
1484548983.763452000 0 0
1484548983.788629000 0 53
1484548979.994804000 204 0
1484548983.795177000 0 0
1484548984.613402000 0 0
1484548984.658231000 0 0
1484548989.301959000 0 0
1484548990.191515000 109153 3696
1484548990.342215000 67277 4127
1484548991.866230000 69663 0
1484548978.976998000 0 0
1484548982.790229000 393055 5156
1484548977.164777000 10 0
1484548977.173650000 10 0
1484548977.186027000 111 0
1484548977.228111000 208 0
1484548977.345549000 35935 0
1484548977.373307000 4431 0
1484548977.450632000 16384 0
1484548977.509444000 319 0
1484548978.480613000 337 0
1484548978.991687000 10933 0
1484548979.014450000 8416 0
1484548979.204494000 194650 0
1484548980.018695000 32768 0
1484548980.405800000 116168 0
1484548980.431201000 8 0
1484548980.653011000 504 0
1484548980.757065000 7636 0
1484548980.888655000 7510 0
1484548977.142014000 282 0
1484548981.682461000 792 0
1484548982.075134000 10 0
1484548982.748390000 481 0
1484548983.217792000 2874 0
1484548983.831963000 9188 0
1484548980.924738000 25 0
1484548983.890937000 9833 0
1484548983.906594000 55 0
1484549011.655971000 0 0
1484549011.748128000 0 7510
1484549011.755879000 0 0
1484548991.536278000 110192 6188
1484548991.909025000 0 60712
1484549011.668578000 2720 4536
1484549035.669016000 0 0
1484549035.688018000 0 0
1484549035.708422000 0 0
1484549035.721392000 0 0
1484549035.779995000 0 2455
1484549035.759132000 2455 0
1484549035.789415000 0 0
1484549038.852841000 0 0
1484549038.904429000 0 137
1484549038.913284000 0 0
1484549038.876705000 137 0
1484549038.911638000 0 0
1484549038.936148000 0 0
1484549038.949587000 0 0
1484549038.967350000 0 0
1484549038.974409000 0 6840
1484549038.983951000 0 0
1484549038.982318000 0 0
1484549038.993524000 0 0
1484549042.259065000 0 0
1484549047.596098000 0 0
1484549048.031555000 0 0
1484549048.470542000 0 0
1484549039.036164000 51 0
1484549048.486009000 11173 0
1484549123.565281000 0 0
1484549028.666320000 0 12139
1484549128.251803000 0 16247
1484549163.794856000 0 21169
1484549182.921941000 0 32290
1484549219.868812000 0 7636
1484549219.876775000 0 0
1484549219.875763000 0 0
1484549048.035117000 60712 3419
1484549123.570323000 394276 3661
1484549237.095277000 0 0
1484549263.734618000 0 0
1484549047.600825000 112684 0
1484549214.536389000 0 51005
1484548983.252837000 456342 136918
1484549280.368956000 0 0
1484549280.389712000 25959 1479
1484549280.439853000 0 0
1484549280.453649000 2823 2911
1484549280.467193000 0 0
1484549280.493614000 0 0
1484549280.513824000 782314 4176
1484549280.682793000 0 0
1484549280.686513000 112684 2188
1484549280.712994000 0 0
1484549280.732688000 42423 1559
1484549280.752829000 0 0
1484549280.771137000 0 0
1484549280.774865000 11173 3077
1484549280.788816000 0 0
1484549282.786252000 0 485
1484549282.799655000 0 0
1484549282.797663000 0 0
1484549284.632507000 0 319
1484549304.199256000 0 0
1484549280.485531000 4690 0
1484549280.764835000 5693 0
1484549345.205538000 0 0
1484549345.208824000 0 0
1484549345.218255000 0 0
1484549345.229925000 0 0
1484549345.261222000 0 0
1484549345.264970000 0 0
1484549345.269244000 0 0
1484549345.273628000 0 0
1484549345.292554000 0 0
1484549345.296565000 0 0
1484549345.317764000 0 0
1484549345.321896000 0 0
1484549345.326169000 0 0
1484549345.361868000 0 0
1484549345.366077000 0 0
1484549348.026622000 0 529524
1484549348.080244000 0 0
1484549344.698669000 528942 0
1484549348.078401000 0 0
1484549368.704747000 0 0
1484549368.709128000 11269 0
1484549369.078846000 0 0
1484549369.343244000 0 0
1484549369.346558000 0 0
1484549369.355159000 0 0
1484549369.360150000 0 0
1484549369.622569000 0 0
1484549369.624941000 0 0
1484549370.914624000 0 0
1484549370.921119000 0 0
1484549370.923219000 0 0
1484549370.925521000 0 0
1484549370.972985000 0 0
1484549370.975361000 0 0
1484549370.977416000 0 0
1484549370.981445000 0 0
1484549370.989767000 0 0
1484549370.991908000 0 0
1484549370.994180000 0 0
1484549371.001563000 0 0
1484549371.003736000 0 0
1484549371.013814000 0 0
1484549371.016257000 0 0
1484549371.033709000 0 0
1484549371.035782000 0 0
1484549371.038020000 0 0
1484549371.048736000 0 0
1484549371.050841000 0 0
1484549371.055235000 0 0
1484549371.063254000 0 0
1484549371.065563000 0 0
1484549371.067961000 0 0
1484549371.483887000 0 0
1484549371.490489000 0 0
1484549371.492477000 0 0
1484549371.494287000 0 0
1484549345.300817000 564 0
1484549345.278162000 1008 0
1484549345.225575000 1136 0
1484549345.247779000 1008 0
1484549345.341492000 804 0
1484549369.256804000 0 0
1484549371.596118000 0 0
1484549371.602417000 0 0
1484549371.604539000 0 0
1484549371.606506000 0 0
1484549371.608533000 2798 0
1484549372.222132000 0 0
1484549372.229524000 0 0
1484549372.232080000 0 0
1484549372.234708000 0 0
1484549372.237561000 2798 0
1484549374.315578000 0 0
1484549374.322597000 0 0
1484549374.324944000 0 0
1484549374.326981000 0 0
1484549368.534484000 2798 0
1484549369.218444000 2798 0
1484549374.329056000 2798 0
1484549461.597332000 0 0
1484549461.607937000 0 0
1484549461.610765000 0 18830
1484549461.811302000 0 0
1484549461.818489000 0 0
1484549461.823926000 0 0
1484549461.600521000 0 0
1484549461.829015000 0 0
1484549461.913171000 0 208787
1484549461.937006000 0 0
1484549580.880633000 0 0
1484549580.894351000 0 0
1484549582.823206000 0 501
1484549582.836800000 0 0
1484549582.834620000 0 0
1484549586.497011000 0 0
1484549586.504091000 0 0
1484549586.727838000 0 0
1484549591.976459000 0 0
1484549591.981317000 0 0
1484549591.991652000 0 0
1484549580.885688000 4690 0
1484549580.898980000 5693 0
1484549592.000149000 402 0
1484549623.369472000 0 0
1484549623.372589000 0 0
1484549623.379024000 0 0
1484549592.006723000 282 0
1484549639.091399000 0 7975
1484549639.101515000 0 0
1484549639.099947000 0 0
1484549659.934368000 0 0
1484549659.977003000 0 0
1484549659.982426000 0 0
1484549659.992527000 0 0
1484549660.055545000 0 0
1484549660.123673000 0 0
1484549660.129670000 0 0
1484549660.131769000 0 0
1484549660.145935000 0 0
1484549660.169169000 0 0
1484549660.171808000 0 0
1484549660.174004000 0 0
1484549660.180925000 0 0
1484549660.197500000 0 0
1484549660.199532000 0 0
1484549660.208872000 0 0
1484549660.210646000 0 0
1484549660.212740000 0 0
1484549660.214732000 0 0
1484549660.073492000 1373 0
1484549660.083356000 2305 0
1484549660.089942000 1617 0
1484549660.103348000 1585 0
1484549660.110242000 1773 0
1484549660.096051000 2798 0
1484549660.113271000 104 0
1484549660.106684000 2340 0
1484549660.121371000 1715 0
1484549660.092866000 770 0
1484549660.116732000 1471 0
1484549672.544025000 0 0
1484549673.885344000 0 0
1484549681.622325000 0 0
1484549681.628058000 0 0
1484549681.633190000 0 0
1484549681.638227000 0 0
1484549681.729238000 0 0
1484549681.724072000 0 0
1484549681.734494000 0 0
1484549681.740894000 0 0
1484549681.738496000 0 0
1484549681.748365000 0 0
1484549681.735975000 0 0
1484549676.285667000 0 0
1484549681.789962000 0 379847
1484549681.875818000 0 0
1484549681.882005000 0 0
1484549681.886526000 0 26
1484549682.800223000 0 0
1484549682.799112000 0 0
1484549660.126348000 721 0
1484549660.133923000 402 0
1484549660.178714000 568 0
1484549660.189177000 504 0
1484549660.203112000 0 0
1484549660.203250000 0 0
1484549660.203435000 0 0
1484549660.204178000 0 0
1484549660.204521000 0 0
1484549660.205485000 0 0
1484549660.205611000 0 0
1484549660.205794000 0 0
1484549660.207622000 0 0
1484549660.208220000 0 0
1484549660.208978000 0 0
1484549660.218777000 504 0
1484549684.812942000 0 0
1484549684.811476000 0 0
1484549686.827614000 0 0
1484549686.825540000 0 0
1484549697.688237000 0 0
1484549587.240408000 0 0
1484549586.725191000 0 0
1484549698.867045000 0 0
1484549699.005095000 0 0
1484549699.010322000 0 0
1484549699.022467000 0 0
1484549699.027214000 0 0
1484549699.031454000 0 0
1484549699.007316000 0 0
1484549698.898376000 1803 0
1484549698.906734000 275 0
1484549698.917745000 514 0
1484549698.939176000 280 0
1484549698.962944000 295 0
1484549698.978852000 228 0
1484549698.988951000 197 0
1484549699.001628000 247 0
1484549699.026040000 226 0
1484549699.052492000 302 0
1484549699.069431000 134 0
1484549699.078004000 134 0
1484549699.130712000 1373 0
1484549699.133540000 2305 0
1484549699.138156000 1617 0
1484549699.140876000 770 0
1484549699.143569000 1585 0
1484549699.146435000 2340 0
1484549699.149683000 1773 0
1484549699.152679000 1471 0
1484549699.155030000 1715 0
1484549699.200064000 134 0
1484549699.205889000 144 0
1484549699.210181000 134 0
1484549699.227198000 134 0
1484549698.881121000 0 0
1484549698.814176000 0 0
1484549698.818736000 0 0
1484549701.459951000 0 0
1484549701.494422000 0 0
1484549701.497254000 0 0
1484549701.505611000 0 0
1484549701.509007000 0 0
1484549701.513983000 0 0
1484549701.552473000 0 0
1484549701.554832000 0 0
1484549706.483378000 0 0
1484549706.488095000 0 0
1484549699.251406000 104 0
1484549699.263157000 721 0
1484549699.271994000 2798 0
1484549699.231617000 134 0
1484549699.248686000 127 0
1484549699.253120000 0 0
1484549699.261013000 122 0
1484549699.265843000 0 0
1484549699.274283000 0 0
1484549699.274468000 122 0
1484549699.278452000 1735 0
1484549699.289186000 119 0
1484549699.293575000 1733 0
1484549699.298590000 201 0
1484549699.315614000 202 0
1484549699.320603000 220 0
1484549699.325869000 191 0
1484549699.339881000 1801 0
1484549699.346903000 133 0
1484549699.351867000 134 0
1484549699.373196000 133 0
1484549699.379617000 226 0
1484549699.385705000 113 0
1484549699.403807000 302 0
1484549701.529222000 983 0
1484549701.560890000 568 0
1484549672.539631000 564 0
1484549880.940808000 0 0
1484549880.954044000 0 0
1484549882.853065000 0 485
1484549882.866961000 0 0
1484549882.864740000 0 0
1484549880.945720000 4690 0
1484549880.958761000 5693 0
1484549237.097698000 395464 9318
1484549304.204082000 112780 14547
1484550180.999942000 0 0
1484550181.007161000 0 0
1484550181.002974000 4690 0
1484550181.009856000 5693 0
1484550239.164313000 0 7978
1484550239.173090000 0 0
1484550239.171976000 0 0
1484550424.750091000 0 0
1484550456.308229000 0 0
1484550456.369475000 0 0
1484550456.372371000 0 0
1484550456.379856000 0 0
1484550456.430520000 0 0
1484550456.496752000 0 0
1484550456.499053000 0 0
1484550456.515202000 0 0
1484550456.517480000 0 0
1484550456.519591000 0 0
1484550456.521272000 0 0
1484550456.537233000 0 0
1484550456.539257000 0 0
1484550456.541324000 0 0
1484550456.543377000 0 0
1484550459.765598000 0 0
1484550464.958248000 0 0
1484550464.961150000 0 0
1484550474.330446000 0 0
1484550481.044000000 0 0
1484550456.384865000 282 0
1484550456.526209000 504 0
1484550456.547316000 504 0
1484550459.772347000 11269 0
1484550482.910793000 0 486
1484550482.924588000 0 0
1484550482.922377000 0 0
1484550484.867499000 0 0
1484550484.869610000 0 0
1484550484.864505000 0 0
1484550484.906562000 0 0
1484550484.908276000 0 0
1484550484.908643000 0 0
1484550484.915178000 0 0
1484550484.917213000 0 0
1484550484.918321000 0 0
1484550484.923922000 0 0
1484550484.950504000 0 0
1484550484.955695000 0 0
1484550484.964508000 0 0
1484550484.967021000 0 0
1484550484.969391000 0 0
1484550481.050662000 4690 0
1484550484.862200000 282 0
1484550456.503905000 1136 0
1484550484.923563000 402 0
1484550484.927778000 504 0
1484550484.972204000 504 0
1484550486.027032000 0 0
1484550486.029862000 0 0
1484550496.440500000 0 0
1484550424.755186000 782416 11691
1484550517.175977000 0 0
1484550522.288031000 0 0
1484550522.297059000 0 0
1484550496.445467000 396537 4714
1484550474.337233000 5693 5237
1484550664.848608000 0 530118
1484550664.900846000 0 0
1484550664.900052000 0 0
1484550517.181240000 792381 25914
1484550669.052404000 0 581382
1484550527.705132000 397633 4558
1484550669.134328000 0 0
1484550669.016567000 282 0
1484550529.408248000 5887 0
1484550781.126615000 0 0
1484550781.140417000 0 0
1484550782.949116000 0 479
1484550782.963695000 0 0
1484550782.961472000 0 0
1484550781.131699000 4690 0
1484550781.144811000 5887 0
1484550839.242182000 0 7980
1484550839.253001000 0 0
1484550839.251413000 0 0
1484551007.200435000 0 0
1484551007.205752000 11269 0
1484551081.177083000 0 0
1484551081.191552000 0 0
1484551097.772611000 0 0
1484551097.778998000 42519 3067
1484551081.182268000 4690 0
1484551081.198958000 5887 0
1484551139.300722000 0 7980
1484551139.313039000 0 0
1484551139.310757000 0 0
1484551283.090064000 0 0
1484550669.139223000 399286 4818
1484551381.234211000 0 0
1484551381.249286000 0 0
1484551381.241060000 4690 0
1484551381.256378000 5887 0
1484551439.339307000 0 7980
1484551439.349489000 0 0
1484551439.347970000 0 0
1484551681.294498000 0 0
1484551681.307700000 0 0
1484551681.299486000 4690 0
1484551681.312177000 5887 0
1484551739.394399000 0 7980
1484551739.407343000 0 0
1484551739.405540000 0 0
1484551981.347860000 0 0
1484551981.361439000 0 0
1484551981.353196000 4690 0
1484551981.366539000 5887 0
1484552023.333833000 0 0
1484552028.018045000 0 0
1484552023.340945000 399843 6585
1484551098.263204000 44027 8240
1484552035.954128000 0 0
1484552036.527522000 0 0
1484552036.533774000 0 0
1484552036.544188000 0 0
1484552039.432597000 0 7980
1484552039.443164000 0 0
1484552039.441752000 0 0
1484552039.787177000 0 0
1484552040.224460000 0 0
1484552044.480404000 0 0
1484552044.484993000 0 0
1484552036.552881000 568 0
1484552040.229303000 11269 0
1484552044.492207000 282 0
1484552281.411274000 0 0
1484552281.425718000 0 0
1484552283.106425000 0 476
1484552283.121531000 0 0
1484552283.119324000 0 0
1484552281.416485000 4690 0
1484552281.431145000 5887 0
1484552339.478261000 0 7980
1484552339.489942000 0 0
1484552339.488434000 0 0
1484552028.025010000 581382 8168
1484552039.795201000 45185 3440
1484552581.520152000 0 0
1484552581.534575000 0 0
1484552581.525605000 4690 0
1484552581.539753000 5887 0
1484552639.530933000 0 7980
1484552639.544378000 0 0
1484552639.542115000 0 0
1484552852.919992000 0 0
1484552861.058120000 0 0
1484552861.062478000 0 0
1484552861.072808000 0 0
1484552881.575319000 0 0
1484552881.589074000 0 0
1484552861.081235000 282 0
1484552881.580528000 4690 0
1484552881.594203000 5887 0
1484552939.579615000 0 7980
1484552939.590848000 0 0
1484552939.589280000 0 0
1484553137.176075000 0 0
1484553137.182112000 0 0
1484553137.192128000 0 0
1484553161.595247000 0 0
1484553161.597647000 0 0
1484553161.599880000 0 0
1484553137.200600000 568 0
1484553181.628406000 0 0
1484553181.642794000 0 0
1484553181.634075000 4690 0
1484553181.650687000 5887 0
1484553239.619924000 0 7980
1484553239.632334000 0 0
1484553239.630633000 0 0
1484553481.684181000 0 0
1484553481.697930000 0 0
1484553481.689309000 4690 0
1484553481.703095000 5887 0
1484553539.670702000 0 7980
1484553539.682042000 0 0
1484553539.680400000 0 0
1484553732.621883000 0 0
1484553781.743774000 0 0
1484553781.757206000 0 0
1484553781.749028000 4690 0
1484553781.764571000 5887 0
1484553839.708385000 0 7980
1484553839.721064000 0 0
1484553839.719357000 0 0
1484554081.796113000 0 0
1484554081.811994000 0 0
1484554081.802899000 4690 0
1484554081.820731000 5887 0
1484554139.748836000 0 7980
1484554139.759893000 0 0
1484554139.758259000 0 0
1484554191.128089000 0 0
1484554191.431922000 0 0
1484554191.451757000 0 0
1484554191.458746000 0 35738
1484554191.494111000 0 0
1484554191.499759000 0 0
1484554191.506475000 0 0
1484554191.437203000 0 0
1484554191.511118000 0 0
1484554191.535297000 0 0
1484554381.906906000 0 0
1484554381.921444000 0 0
1484554381.912361000 4690 0
1484554381.926711000 5887 0
1484554456.259873000 0 8278
1484554456.271690000 0 0
1484554456.269969000 0 0
1484549370.825555000 0 0
1484554681.973247000 0 0
1484554681.988809000 0 0
1484554681.980511000 4690 0
1484554681.993989000 5887 0
1484554756.305531000 0 8278
1484554756.318940000 0 0
1484554756.316712000 0 0
1484554838.311201000 0 0
1484554838.317551000 0 0
1484554982.029305000 0 0
1484554982.042982000 0 0
1484554982.034824000 4690 0
1484554982.049261000 5887 0
1484555018.622868000 0 0
1484555042.596006000 0 0
1484555046.032039000 0 0
1484555046.030974000 0 0
1484555046.035141000 0 0
1484555046.054039000 0 0
1484555046.056629000 0 0
1484555046.065006000 0 0
1484555046.064690000 0 0
1484555046.067409000 0 0
1484555046.068955000 0 0
1484555046.069947000 0 0
1484555046.071698000 0 0
1484555046.074444000 0 0
1484555046.083164000 0 0
1484555046.098395000 0 0
1484555046.101010000 0 0
1484555046.028988000 282 0
1484555046.075476000 402 0
1484555046.081058000 568 0
1484555046.108859000 0 0
1484555046.089947000 504 0
1484555046.111729000 0 0
1484555046.114203000 0 0
1484555046.116584000 0 0
1484555047.159791000 0 0
1484555047.162717000 0 0
1484555048.207059000 0 0
1484555049.243514000 0 0
1484555050.514897000 0 0
1484555056.357847000 0 8279
1484555056.369826000 0 0
1484555056.368101000 0 0
1484555046.121724000 504 0
1484555049.250768000 11269 0
1484555060.047255000 282 0
1484555109.264910000 0 0
1484555109.607407000 0 0
1484555109.618575000 581716 480
1484555282.081160000 0 0
1484555283.418264000 0 486
1484555283.434735000 0 0
1484555283.432295000 0 0
1484555282.086346000 4690 0
1484555337.319918000 0 0
1484555337.326733000 0 0
1484555337.336440000 0 0
1484555339.695507000 0 0
1484555339.700324000 0 0
1484555344.474142000 0 0
1484555344.478200000 0 0
1484555356.402049000 0 8279
1484555356.418023000 0 0
1484555356.416049000 0 0
1484555337.341887000 568 0
1484555344.488264000 282 0
1484555397.502417000 0 0
1484555397.597565000 0 0
1484555401.333104000 0 0
1484555401.342099000 0 0
1484555397.596004000 282 0
1484555397.511017000 11269 0
1484555117.560849000 582112 1510
1484555109.272684000 401073 10535
1484555453.337530000 0 0
1484555453.810504000 0 0
1484555508.591919000 0 0
1484555508.678410000 0 0
1484555508.683478000 0 0
1484555508.693588000 0 0
1484555508.700497000 568 0
1484555508.707727000 282 0
1484555582.129867000 0 0
1484555582.138187000 4690 0
1484555656.457132000 0 8279
1484555656.470849000 0 0
1484555656.468594000 0 0
1484555882.175699000 0 0
1484555882.180543000 4690 0
1484555956.502234000 0 8279
1484555956.514070000 0 0
1484555956.512425000 0 0
1484555956.795231000 0 0
1484555956.803555000 11269 0
1484555453.342841000 403694 5442
1484555453.816055000 583142 2309
1484556103.631805000 0 0
1484556103.769415000 0 0
1484556103.776430000 113713 3404
1484556182.275692000 0 0
1484556200.743900000 0 0
1484556200.766310000 2798 0
1484556200.996834000 0 0
1484556201.000670000 0 0
1484556201.009696000 0 0
1484556201.019688000 0 0
1484556201.168758000 0 0
1484556201.171183000 0 0
1484556201.179265000 0 0
1484556202.056774000 0 0
1484556202.066970000 0 0
1484556202.069365000 0 0
1484556202.071978000 0 0
1484556202.116456000 0 0
1484556202.119887000 0 0
1484556202.122970000 0 0
1484556202.129063000 0 0
1484556202.142834000 0 0
1484556202.145390000 0 0
1484556202.148505000 0 0
1484556202.151164000 0 0
1484556202.164559000 0 0
1484556202.167126000 0 0
1484556202.169891000 0 0
1484556202.187928000 0 0
1484556202.190561000 0 0
1484556202.216943000 0 0
1484556202.219334000 0 0
1484556202.225824000 0 0
1484556202.233811000 0 0
1484556202.236085000 0 0
1484556202.238603000 0 0
1484556202.247793000 0 0
1484556202.250283000 0 0
1484556202.258171000 0 0
1484556202.260563000 0 0
1484556202.267249000 0 0
1484556202.269855000 0 0
1484556202.273468000 0 0
1484556202.281609000 0 0
1484556202.284063000 0 0
1484556202.286663000 0 0
1484556204.564303000 0 0
1484556204.572617000 0 0
1484556204.575284000 0 0
1484556204.577789000 0 0
1484556201.017296000 282 0
1484556202.126900000 568 0
1484556202.135683000 504 0
1484556202.156303000 504 0
1484556202.175749000 402 0
1484556200.910341000 0 0
1484556182.283452000 4690 0
1484556207.266401000 0 0
1484556207.274409000 0 0
1484556207.276990000 0 0
1484556207.279630000 0 0
1484556207.820540000 0 0
1484556207.829959000 0 0
1484556207.832496000 0 0
1484556207.834928000 0 0
1484556207.282376000 2798 0
1484556200.861949000 2798 0
1484556212.715587000 0 0
1484556212.738148000 0 0
1484556212.742374000 0 0
1484556212.750330000 0 0
1484556212.753741000 0 0
1484556212.758239000 2798 0
1484556256.556176000 0 8279
1484556256.568997000 0 0
1484556256.567278000 0 0
1484556482.315722000 0 0
1484556482.321018000 4690 0
1484556556.602464000 0 8279
1484556556.614471000 0 0
1484556556.612914000 0 0
1484556103.637477000 404251 7704
1484556700.832560000 0 0
1484555042.601260000 5887 10205
1484556701.331515000 0 0
1484556701.784182000 0 0
1484556702.273794000 0 0
1484556711.396111000 0 0
1484556711.394848000 0 0
1484556711.398803000 0 0
1484556711.430229000 0 0
1484556711.432605000 0 0
1484556711.433877000 0 0
1484556711.440585000 0 0
1484556711.443056000 0 0
1484556711.444667000 0 0
1484556711.452597000 0 0
1484556711.466643000 0 0
1484556711.469880000 0 0
1484556711.478250000 0 0
1484556711.481789000 0 0
1484556711.484427000 0 0
1484556711.487174000 0 0
1484556701.789500000 11269 0
1484556711.392390000 282 0
1484556711.448934000 402 0
1484556711.450440000 568 0
1484556711.459236000 504 0
1484556711.490698000 504 0
1484556723.816532000 0 0
1484556723.821410000 0 0
1484556723.831790000 0 0
1484556750.305466000 0 0
1484556750.310805000 583941 2704
1484556701.339593000 113996 3986
1484556700.837946000 405272 9759
1484556782.364922000 0 0
1484556783.574681000 0 478
1484556783.591287000 0 0
1484556783.589087000 0 0
1484556783.659534000 0 0
1484556782.370263000 4690 0
1484556856.636114000 0 8279
1484556856.647861000 0 0
1484556856.646352000 0 0
1484556951.896343000 0 0
1484556958.862126000 0 0
1484556958.866196000 0 0
1484556958.876833000 0 0
1484556959.793386000 0 0
1484556959.797014000 0 0
1484556958.885520000 282 0
1484556959.803771000 568 0
1484557082.406978000 0 0
1484556702.278940000 6265 9338
1484557082.412541000 4690 0
1484557156.691632000 0 8279
1484557156.705256000 0 0
1484557156.703470000 0 0
1484557382.444509000 0 0
1484557382.458892000 0 0
1484557382.450180000 4690 0
1484557382.464024000 6481 0
1484557456.732307000 0 8279
1484557456.744911000 0 0
1484557456.743098000 0 0
1484557682.497266000 0 0
1484557682.511438000 0 0
1484557682.502855000 4690 0
1484557682.517310000 6481 0
1484557738.975610000 0 0
1484557756.782542000 0 8279
1484557756.797271000 0 0
1484557756.795008000 0 0
1484557982.604012000 0 0
1484557982.619072000 0 0
1484557982.610317000 4690 0
1484557982.623771000 6481 0
1484558056.826135000 0 8279
1484558056.840157000 0 0
1484558056.837897000 0 0
1484558081.828496000 0 0
1484558084.357938000 0 0
1484558084.358128000 0 0
1484558084.362356000 0 0
1484558084.455227000 0 0
1484558084.455225000 0 0
1484558084.455403000 0 0
1484558084.378731000 0 0
1484558084.557359000 0 0
1484558084.598109000 0 0
1484558084.493043000 0 0
1484558084.631048000 0 0
1484558084.635755000 0 0
1484558084.642261000 0 0
1484558084.767328000 0 0
1484558084.978496000 0 0
1484558084.361986000 282 0
1484558084.762937000 568 0
1484558085.019545000 0 0
1484558084.874263000 402 0
1484558085.045408000 0 0
1484558084.916767000 504 0
1484558085.050261000 0 0
1484558085.070288000 0 0
1484558085.150816000 0 0
1484558087.965529000 0 0
1484558087.985328000 0 0
1484558088.462746000 0 0
1484556757.081727000 584336 11460
1484556783.664931000 408277 2815
1484558085.174463000 504 0
1484558088.599466000 11269 0
1484558131.291961000 0 0
1484558132.043659000 0 0
1484558132.056814000 590165 789
1484558131.297721000 408319 7968
1484558282.670184000 0 0
1484558283.742368000 0 486
1484558283.757582000 0 0
1484558283.755479000 0 0
1484558282.677522000 4690 0
1484558356.881587000 0 8279
1484558356.893418000 0 0
1484558356.892105000 0 0
1484558363.934415000 0 0
1484558363.941468000 0 0
1484558363.952290000 0 0
1484558363.960838000 568 0
1484558372.420247000 282 0
1484558582.718626000 0 0
1484558582.723762000 4690 0
1484558656.938760000 0 8279
1484558656.953050000 0 0
1484558656.950804000 0 0
1484558811.067265000 0 0
1484558835.335809000 0 0
1484558835.338089000 0 0
1484558835.335617000 0 0
1484558835.352372000 0 0
1484558835.355534000 0 0
1484558835.363375000 0 0
1484558835.363938000 0 0
1484558835.365665000 0 0
1484558835.366317000 0 0
1484558835.367998000 0 0
1484558835.370013000 0 0
1484558835.372555000 0 0
1484558835.380013000 0 0
1484558835.393800000 0 0
1484558835.396301000 0 0
1484558835.403964000 0 0
1484558835.406842000 0 0
1484558835.409977000 0 0
1484558835.413023000 0 0
1484558836.357556000 0 0
1484558836.361475000 0 0
1484558839.530169000 0 0
1484558143.333982000 590613 3227
1484558835.332444000 282 0
1484558835.370736000 402 0
1484558835.377837000 568 0
1484558835.386293000 504 0
1484558835.418764000 504 0
1484558839.537929000 11269 0
1484558142.671941000 409500 7846
1484558867.525086000 0 0
1484558867.996559000 0 0
1484558882.754562000 0 0
1484558882.759882000 4690 0
1484558956.979808000 0 8279
1484558956.990520000 0 0
1484558956.989296000 0 0
1484558955.940380000 564 0
1484559182.797598000 0 0
1484559182.803652000 4690 0
1484559220.112130000 0 0
1484559220.654195000 0 0
1484559220.679162000 0 0
1484559220.698653000 0 0
1484559220.706029000 0 0
1484559220.752822000 0 0
1484559220.768550000 0 0
1484559220.786065000 0 0
1484559220.803586000 0 0
1484559220.819035000 0 0
1484559220.830343000 0 0
1484559220.950350000 0 0
1484559221.004074000 0 0
1484559221.077644000 0 0
1484559221.083253000 0 0
1484559221.088197000 0 0
1484559221.093953000 0 0
1484559221.098358000 0 0
1484559221.145497000 0 0
1484559221.200522000 0 0
1484559221.324693000 0 0
1484559221.330415000 0 0
1484559221.373916000 0 0
1484559221.382570000 0 0
1484559221.445289000 0 0
1484559221.448630000 0 0
1484559221.461681000 0 0
1484559221.472538000 0 0
1484559221.513159000 0 0
1484559221.516696000 0 0
1484559221.544278000 0 0
1484559221.562261000 0 0
1484559221.832017000 0 0
1484559221.839556000 0 0
1484559221.848594000 0 0
1484559221.899525000 0 0
1484559221.924115000 0 0
1484559221.951909000 0 0
1484559222.077447000 0 0
1484559222.109884000 0 0
1484559222.113771000 0 16627
1484559222.251775000 0 0
1484559222.254835000 0 0
1484559222.095353000 16627 0
1484559222.102202000 0 0
1484559222.257877000 0 0
1484559222.311434000 0 0
1484559222.420625000 0 0
1484559222.445115000 0 0
1484559222.448681000 0 2
1484559222.457531000 0 0
1484559222.460714000 0 0
1484559221.846050000 2 0
1484559222.434253000 0 0
1484559222.463648000 0 0
1484559222.622574000 0 0
1484559222.969173000 1376256 0
1484559223.449553000 0 0
1484559223.663325000 0 0
1484559223.916093000 0 53
1484559222.368012000 288 0
1484559223.924355000 0 0
1484559223.999369000 0 0
1484559224.006413000 0 0
1484559224.009503000 0 0
1484559224.023411000 0 0
1484559224.051160000 0 0
1484559224.074961000 0 0
1484559224.057017000 0 90
1484559224.077923000 0 0
1484559224.054243000 0 0
1484559224.049932000 0 0
1484559224.084861000 0 0
1484559224.119353000 0 0
1484559224.131094000 0 0
1484559224.114583000 0 4096
1484559224.095561000 0 0
1484559224.138730000 0 0
1484559224.111281000 0 0
1484559224.147621000 0 0
1484559224.166778000 0 0
1484559224.680556000 0 0
1484559229.939207000 0 0
1484559223.948803000 865 0
1484559229.930331000 0 0
1484559229.950514000 0 0
1484559229.957803000 0 0
1484559229.956347000 0 0
1484559229.967636000 0 2443
1484559229.976116000 0 0
1484559232.011732000 0 0
1484559236.174892000 0 0
1484559224.160349000 0 4096
1484559236.186909000 0 0
1484559236.194120000 0 0
1484559224.156664000 0 0
1484559236.204799000 0 0
1484559221.304146000 0 0
1484559223.668330000 0 0
1484559236.887399000 0 164392
1484559236.944517000 0 0
1484559241.007733000 0 4417
1484559241.018012000 0 0
1484559241.028329000 0 0
1484559241.434520000 0 164392
1484559241.533455000 0 0
1484559220.758727000 150 0
1484559220.858167000 208 0
1484559221.036394000 43310 0
1484559221.219784000 16384 0
1484559221.551018000 185 0
1484559221.937464000 8416 0
1484559221.983793000 223241 0
1484559222.358588000 116 0
1484559222.429861000 1869 0
1484559222.444209000 309 0
1484559222.451626000 3387 0
1484559220.638013000 282 0
1484559220.704080000 10 0
1484559220.729165000 10 0
1484559223.683407000 20319 0
1484559224.009456000 34995 0
1484559224.034552000 1251 0
1484559222.525486000 29 0
1484559224.047356000 29 0
1484559225.719612000 55 0
1484559252.444066000 0 1840
1484559252.454278000 0 0
1484559253.665519000 0 0
1484559253.684772000 0 0
1484559253.689885000 0 43387
1484559253.720820000 0 0
1484559253.726274000 0 0
1484559253.731317000 0 0
1484559253.671314000 0 0
1484559253.736122000 0 0
1484559256.056408000 0 3976
1484559256.069109000 0 0
1484559256.081600000 0 0
1484559257.027961000 0 8282
1484559257.041922000 0 0
1484559257.039731000 0 0
1484559224.103867000 40960 0
1484559278.571317000 0 0
1484559278.585643000 0 0
1484559278.601327000 0 0
1484559278.613250000 0 0
1484559278.659270000 0 66
1484559278.648724000 66 0
1484559278.669317000 0 0
1484559281.730844000 0 0
1484559281.811590000 0 137
1484559281.823226000 0 0
1484559281.773306000 137 0
1484559281.821290000 0 0
1484559281.837710000 0 0
1484559281.849208000 0 0
1484559281.883727000 0 0
1484559281.890914000 0 14570
1484559281.903024000 0 0
1484559281.901061000 0 0
1484559281.929052000 0 0
1484559281.950483000 0 0
1484559281.959974000 0 0
1484559281.967887000 0 0
1484559282.036747000 0 0
1484559282.045798000 0 0
1484559282.066749000 0 0
1484559282.081918000 0 0
1484559282.134117000 0 0
1484559282.143242000 0 0
1484559282.174056000 0 0
1484559282.210041000 0 0
1484559282.276659000 0 0
1484559282.312157000 0 0
1484559282.349403000 0 0
1484559282.377529000 0 0
1484559282.400853000 0 0
1484559282.418314000 0 0
1484559282.426113000 0 0
1484559282.438651000 0 0
1484559282.446687000 0 0
1484559282.470225000 0 0
1484559282.478538000 0 0
1484559282.486387000 0 0
1484559282.496062000 0 0
1484559282.509499000 0 0
1484559282.532051000 0 0
1484559282.539476000 0 0
1484559282.547198000 0 0
1484559282.572544000 0 0
1484559282.579550000 0 0
1484559282.587476000 0 0
1484559282.604534000 0 0
1484559282.623301000 0 0
1484559282.631530000 0 0
1484559282.640548000 0 0
1484559282.649135000 0 0
1484559282.672892000 0 0
1484559282.687190000 0 0
1484559282.695460000 0 0
1484559282.708957000 0 0
1484559282.717355000 0 0
1484559282.726407000 0 0
1484559282.735042000 0 0
1484559282.748473000 0 0
1484559282.757153000 0 0
1484559282.765504000 0 0
1484559282.774382000 0 0
1484559282.783237000 0 0
1484559282.791508000 0 0
1484559282.800186000 0 0
1484559283.120374000 0 0
1484559283.129287000 0 0
1484559283.139001000 0 0
1484559283.147330000 0 0
1484559283.160422000 0 0
1484559283.185837000 0 0
1484559283.194683000 0 0
1484559283.212294000 0 0
1484559283.232752000 0 0
1484559283.241293000 0 0
1484559283.263590000 0 0
1484559283.273135000 0 0
1484559283.281468000 0 0
1484559283.289908000 0 0
1484559283.298575000 0 0
1484559283.424344000 0 0
1484559283.433117000 0 0
1484559283.449522000 0 0
1484559283.467237000 0 0
1484559283.475437000 0 0
1484559283.483933000 0 0
1484559283.492295000 0 0
1484559283.518623000 0 0
1484559283.527604000 0 0
1484559283.537010000 0 0
1484559283.545684000 0 0
1484559283.554844000 0 0
1484559283.564211000 0 0
1484559283.584587000 0 0
1484559283.602929000 0 0
1484559283.613016000 0 0
1484559283.735131000 0 0
1484559283.743744000 0 0
1484559283.757604000 0 0
1484559283.767209000 0 0
1484559283.782790000 0 0
1484559283.797892000 0 0
1484559283.806647000 0 0
1484559283.814562000 0 0
1484559283.830120000 0 0
1484559283.838733000 0 0
1484559283.902035000 0 0
1484559283.910546000 0 0
1484559283.932871000 0 0
1484559283.941565000 0 0
1484559283.956781000 0 0
1484559283.977710000 0 0
1484559283.986404000 0 0
1484559284.008710000 0 0
1484559284.032679000 0 0
1484559284.041304000 0 0
1484559284.052476000 0 0
1484559284.069071000 0 0
1484559284.080469000 0 0
1484559284.088457000 0 0
1484559284.094282000 0 0
1484559284.112563000 0 0
1484559284.118427000 0 0
1484559284.125456000 0 0
1484559284.141202000 0 0
1484559284.158120000 0 0
1484559284.165666000 0 0
1484559284.183517000 0 0
1484559284.190545000 0 0
1484559284.207292000 0 0
1484559284.215764000 0 0
1484559284.225489000 0 0
1484559284.231772000 0 0
1484559284.248395000 0 0
1484559284.255009000 0 0
1484559284.264915000 0 0
1484559284.282149000 0 0
1484559284.288465000 0 0
1484559284.295822000 0 0
1484559284.318527000 0 0
1484559284.340803000 0 0
1484559284.348670000 0 0
1484559284.363870000 0 0
1484559284.388990000 0 0
1484559284.405610000 0 0
1484559284.410529000 0 0
1484559284.414792000 0 0
1484559284.419957000 0 0
1484559284.426019000 0 0
1484559284.436616000 0 0
1484559284.446340000 0 0
1484559284.456370000 0 0
1484559284.463843000 0 0
1484559284.478599000 0 0
1484559284.493814000 0 0
1484559284.500591000 0 0
1484559284.515901000 0 0
1484559284.533390000 0 0
1484559284.539662000 0 0
1484559284.567632000 0 0
1484559284.573056000 0 0
1484559284.577764000 0 0
1484559284.582654000 0 0
1484559284.587516000 0 0
1484559284.597856000 0 0
1484559284.610589000 0 0
1484559284.626187000 0 0
1484559284.632755000 0 0
1484559284.652329000 0 0
1484559284.666427000 0 0
1484559284.691464000 0 0
1484559284.699232000 0 0
1484559284.706468000 0 0
1484559284.714756000 0 0
1484559284.734328000 0 0
1484559284.745478000 0 0
1484559284.764356000 0 0
1484559282.113886000 51 0
1484559330.186245000 0 3976
1484559330.200818000 0 0
1484559330.198465000 0 0
1484559330.215320000 0 0
1484559330.213017000 0 0
1484559409.419500000 0 0
1484559409.445792000 0 0
1484559409.455684000 0 43245
1484559409.493657000 0 0
1484559409.500698000 0 0
1484559409.505874000 0 0
1484559409.428860000 0 0
1484559409.511549000 0 0
1484559409.554917000 0 0
1484559409.580128000 0 0
1484559409.581667000 0 0
1484559409.586197000 0 0
1484559409.593095000 0 0
1484559409.597820000 0 0
1484559409.603398000 0 0
1484559409.614661000 0 0
1484559409.614668000 0 0
1484559409.618917000 0 0
1484559409.623865000 0 0
1484559409.623698000 0 0
1484559409.591247000 0 0
1484559409.628395000 0 0
1484559409.650634000 0 0
1484559409.654301000 0 0
1484559409.659275000 0 0
1484559409.657592000 0 0
1484559409.676226000 0 0
1484559409.688593000 0 0
1484559409.709768000 0 0
1484559409.719881000 0 0
1484559409.707751000 0 0
1484559409.723209000 0 0
1484559409.734723000 0 0
1484559409.712989000 0 4096
1484559409.742484000 0 0
1484559409.744030000 0 0
1484559409.709054000 0 0
1484559409.752584000 0 0
1484559409.754501000 0 0
1484559409.762335000 0 0
1484559409.746537000 0 0
1484559409.767278000 0 0
1484559409.776605000 0 0
1484559409.755350000 0 4096
1484559409.784547000 0 0
1484559409.785668000 0 0
1484559409.750809000 0 0
1484559409.790097000 0 0
1484559409.795569000 0 0
1484559409.803555000 0 0
1484559409.788121000 0 0
1484559409.817479000 0 0
1484559409.818800000 0 0
1484559409.796899000 0 4096
1484559409.826555000 0 0
1484559409.793646000 0 0
1484559409.835190000 0 0
1484559409.836685000 0 0
1484559409.840419000 0 0
1484559409.853756000 0 0
1484559409.838894000 0 0
1484559409.862248000 0 0
1484559409.869331000 0 0
1484559409.846760000 0 4096
1484559409.877457000 0 0
1484559409.878299000 0 0
1484559409.842957000 0 0
1484559409.884230000 0 0
1484559409.891990000 0 0
1484559409.881905000 0 0
1484559409.904918000 0 0
1484559409.907949000 0 0
1484559409.909104000 0 0
1484559409.928776000 0 0
1484559409.941834000 0 0
1484559409.914218000 0 0
1484559409.963504000 0 0
1484559409.966375000 0 0
1484559409.934267000 0 4096
1484559409.979349000 0 0
1484559409.982823000 0 0
1484559409.929785000 0 0
1484559409.989310000 0 0
1484559409.990347000 0 0
1484559409.999728000 0 0
1484559409.986534000 0 0
1484559410.016893000 0 0
1484559410.017198000 0 0
1484559409.991587000 0 4096
1484559410.029001000 0 0
1484559410.030844000 0 0
1484559409.987074000 0 0
1484559410.037152000 0 0
1484559410.040013000 0 0
1484559410.034779000 0 0
1484559410.055486000 0 0
1484559410.065411000 0 0
1484559410.074476000 0 0
1484559410.076216000 0 0
1484559410.049629000 0 4096
1484559410.084611000 0 0
1484559410.086870000 0 0
1484559410.041105000 0 0
1484559410.093154000 0 0
1484559409.897738000 0 4096
1484559410.082399000 0 0
1484559410.099312000 0 0
1484559410.101305000 0 0
1484559410.103287000 0 0
1484559410.104601000 0 0
1484559409.892816000 0 0
1484559410.110603000 0 0
1484559410.115594000 0 0
1484559410.118905000 0 0
1484559410.109088000 0 0
1484559410.133037000 0 0
1484559410.132927000 0 0
1484559410.111417000 0 4096
1484559410.138772000 0 0
1484559410.141416000 0 0
1484559410.140921000 0 0
1484559410.093922000 0 0
1484559410.151575000 0 0
1484559410.155766000 0 0
1484559410.159446000 0 0
1484559410.125041000 0 4096
1484559410.146023000 0 0
1484559410.169285000 0 0
1484559410.170688000 0 0
1484559410.173727000 0 0
1484559410.121241000 0 0
1484559410.179248000 0 0
1484559410.180699000 0 0
1484559410.184639000 0 0
1484559410.177617000 0 0
1484559410.191299000 0 0
1484559410.196148000 0 0
1484559410.215820000 0 0
1484559410.220459000 0 0
1484559410.237508000 0 0
1484559410.240318000 0 0
1484559410.213489000 0 0
1484559410.214600000 0 4096
1484559410.253440000 0 0
1484559410.256372000 0 0
1484559410.199072000 0 0
1484559410.263618000 0 0
1484559410.267103000 0 0
1484559410.287669000 0 0
1484559410.290362000 0 0
1484559410.260678000 0 4096
1484559410.298907000 0 0
1484559410.302611000 0 0
1484559410.295586000 0 0
1484559410.235231000 0 0
1484559410.315216000 0 0
1484559410.319552000 0 0
1484559410.327929000 0 0
1484559410.334281000 0 0
1484559410.334200000 0 0
1484559410.335045000 0 0
1484559410.177514000 0 4096
1484559410.342510000 0 0
1484559410.161297000 0 0
1484559410.350891000 0 0
1484559410.333234000 0 0
1484559409.639440000 0 0
1484559410.355743000 0 0
1484559410.365979000 0 0
1484559410.372348000 0 0
1484559410.384879000 0 0
1484559410.396506000 0 0
1484559410.400548000 0 0
1484559410.356948000 0 4096
1484559410.405251000 0 0
1484559410.412539000 0 0
1484559410.352050000 0 0
1484559410.421437000 0 0
1484559410.429640000 0 0
1484559410.429195000 0 0
1484559410.439155000 0 0
1484559410.443304000 0 0
1484559410.443584000 0 0
1484559410.392166000 0 4096
1484559410.449353000 0 0
1484559410.453474000 0 0
1484559410.457081000 0 0
1484559410.382904000 0 0
1484559410.471772000 0 0
1484559410.468001000 0 0
1484559410.480381000 0 0
1484559410.483313000 0 0
1484559410.327530000 0 4096
1484559410.486089000 0 0
1484559410.493464000 0 0
1484559410.497213000 0 0
1484559410.293212000 0 0
1484559410.504643000 0 0
1484559410.315580000 0 4096
1484559410.510970000 0 0
1484559410.514910000 0 0
1484559410.517857000 0 0
1484559410.284930000 0 0
1484559410.382175000 0 0
1484559410.525329000 0 0
1484559421.653341000 0 0
1484559409.602228000 0 4096
1484559421.665719000 0 0
1484559421.672941000 0 0
1484559409.596940000 0 0
1484559421.684749000 0 0
1484559409.609063000 29 0
1484559409.671945000 62 0
1484559409.719107000 50 0
1484559409.692396000 40960 0
1484559409.763572000 44 0
1484559409.745039000 45056 0
1484559409.812348000 70 0
1484559409.788863000 45056 0
1484559409.856936000 52 0
1484559409.838369000 45056 0
1484559409.900617000 64 0
1484559409.946520000 48 0
1484559409.922144000 45056 0
1484559410.010837000 54 0
1484559410.046558000 58 0
1484559409.981062000 45056 0
1484559410.096659000 70 0
1484559410.034307000 45056 0
1484559409.882368000 524288 0
1484559410.129534000 51 0
1484559410.087766000 45056 0
1484559410.166191000 66 0
1484559410.115998000 45056 0
1484559410.185759000 67 0
1484559410.234734000 47 0
1484559410.192489000 45056 0
1484559410.309170000 53 0
1484559410.228310000 45056 0
1484559410.349733000 59 0
1484559410.152302000 655360 0
1484559410.343842000 45056 0
1484559410.375442000 45056 0
1484559410.279032000 524288 0
1484559410.275618000 524288 0
1484559409.587281000 45056 0
1484559482.837139000 0 0
1484559482.842743000 4690 0
1484559525.224008000 0 214
1484559557.065168000 0 8282
1484559557.079292000 0 0
1484559557.076999000 0 0
1484559581.978066000 0 16320
1484559581.990639000 0 0
1484559581.988900000 0 0
1484559702.867952000 0 1251
1484559702.883699000 0 0
1484559702.881393000 0 0
1484559782.915204000 0 0
1484559782.919261000 4690 0
1484559821.985678000 0 3387
1484559821.997468000 0 0
1484559821.996279000 0 0
1484559857.109487000 0 8282
1484559857.124629000 0 0
1484559857.123006000 0 0
1484559882.026817000 0 16321
1484559882.043600000 0 0
1484559882.041282000 0 0
1484560002.600211000 0 576
1484560063.556038000 0 0
1484560063.567101000 0 0
1484560063.571158000 0 18830
1484560063.863654000 0 0
1484560063.869976000 0 0
1484560063.875093000 0 0
1484560063.559407000 0 0
1484560063.879937000 0 0
1484560063.939544000 0 237378
1484560063.968725000 0 0
1484560082.949939000 0 0
1484560082.954331000 4690 0
1484560197.314442000 0 0
1484560197.346787000 0 0
1484560197.352975000 0 0
1484560197.358965000 0 0
1484560197.364321000 0 0
1484560197.369722000 0 0
1484560197.394302000 0 0
1484560197.419557000 0 0
1484560197.424882000 0 0
1484560197.430121000 0 0
1484560197.442264000 0 0
1484560197.453170000 0 0
1484560197.459006000 0 0
1484560197.475918000 0 0
1484560197.487867000 0 0
1484560197.493366000 0 0
1484560197.327171000 0 0
1484560197.505194000 0 0
1484560382.986396000 0 0
1484560382.992637000 4690 0
1484560573.809167000 0 16324
1484560573.823064000 0 0
1484560573.821248000 0 0
1484560574.905928000 0 8282
1484560574.920594000 0 0
1484560574.919036000 0 0
1484560683.030749000 0 0
1484560683.036681000 4690 0
1484560790.144888000 0 0
1484560828.647486000 0 4060
1484560828.660109000 0 0
1484560828.658693000 0 0
1484560828.671792000 0 0
1484560828.670294000 0 0
1484560856.600825000 0 1925
1484560856.615858000 0 0
1484560856.613719000 0 0
1484560873.866678000 0 16324
1484560873.881371000 0 0
1484560873.879119000 0 0
1484560874.952041000 0 8282
1484560874.968231000 0 0
1484560874.965984000 0 0
1484560983.064657000 0 0
1484560983.072845000 4690 0
1484561173.928072000 0 16325
1484561173.939154000 0 0
1484561173.937968000 0 0
1484561174.995366000 0 8282
1484561175.009250000 0 0
1484561175.006957000 0 0
1484561283.110306000 0 0
1484561283.116098000 4690 0
1484561326.308750000 0 576
1484561354.066336000 0 0
1484561354.065288000 0 0
1484561354.069585000 0 0
1484561354.079263000 0 0
1484561354.081784000 0 0
1484561354.089858000 0 0
1484561354.090050000 0 0
1484561354.092968000 0 0
1484561354.092819000 0 0
1484561354.096031000 0 0
1484561354.096810000 0 0
1484561354.099221000 0 0
1484561354.106528000 0 0
1484561354.122208000 0 0
1484561354.124836000 0 0
1484561354.062877000 282 0
1484561354.101710000 402 0
1484561354.104395000 568 0
1484561354.133641000 0 0
1484561354.113535000 504 0
1484561354.136517000 0 0
1484561354.138991000 0 0
1484561354.141479000 0 0
1484561358.020430000 0 0
1484561358.024742000 0 0
1484561358.058275000 0 0
1484558867.530578000 411152 3974
1484558868.001774000 591622 2597
1484561354.146630000 504 0
1484561358.061646000 11269 0
1484561366.109989000 282 0
1484561411.701849000 0 0
1484561411.947766000 0 0
1484561411.953604000 592421 3006
1484561411.707475000 411709 6484
1484558081.836591000 6481 10412
1484561450.544469000 0 4742
1484561451.022786000 0 0
1484561473.972320000 0 16325
1484561473.985794000 0 0
1484561473.984163000 0 0
1484561475.039554000 0 8282
1484561475.052328000 0 0
1484561475.050865000 0 0
1484561560.391703000 0 0
1484561560.396647000 0 0
1484561583.195185000 0 0
1484561583.208968000 0 0
1484561584.098257000 0 478
1484561584.114590000 0 0
1484561584.112312000 0 0
1484561591.074081000 0 4535
1484561591.088556000 0 0
1484561591.086860000 0 0
1484561591.101814000 0 0
1484561591.100024000 0 0
1484561593.442152000 0 164392
1484561593.522876000 0 0
1484561606.144649000 0 4911
1484561606.160147000 0 0
1484561606.157810000 0 0
1484561606.174824000 0 0
1484561606.172496000 0 0
1484561583.200905000 4690 0
1484561583.214725000 4742 0
1484561621.214477000 0 4911
1484561621.229555000 0 0
1484561621.227287000 0 0
1484561621.243489000 0 0
1484561621.241227000 0 0
1484561714.037201000 0 4910
1484561714.051889000 0 0
1484561714.049654000 0 0
1484561714.065554000 0 0
1484561714.063306000 0 0
1484561729.098814000 0 4878
1484561729.114200000 0 0
1484561729.112199000 0 0
1484561729.128633000 0 0
1484561729.126386000 0 0
1484561744.169629000 0 4878
1484561744.183051000 0 0
1484561744.181200000 0 0
1484561744.195801000 0 0
1484561744.194098000 0 0
1484561759.224518000 0 4879
1484561759.239888000 0 0
1484561759.237620000 0 0
1484561759.253382000 0 0
1484561759.251198000 0 0
1484561774.016787000 0 16325
1484561774.031275000 0 0
1484561774.029302000 0 0
1484561774.293838000 0 4878
1484561774.308474000 0 0
1484561774.306212000 0 0
1484561774.321685000 0 0
1484561774.319424000 0 0
1484561775.077576000 0 8282
1484561775.090107000 0 0
1484561775.088356000 0 0
1484561794.583663000 0 4878
1484561794.595486000 0 0
1484561794.594146000 0 0
1484561794.606406000 0 0
1484561794.604864000 0 0
1484561809.606717000 0 4850
1484561809.621601000 0 0
1484561809.619251000 0 0
1484561809.635318000 0 0
1484561809.633055000 0 0
1484561883.246584000 0 0
1484561883.260794000 0 0
1484561886.971454000 0 4878
1484561886.988028000 0 0
1484561886.985765000 0 0
1484561887.003108000 0 0
1484561887.000795000 0 0
1484561450.561010000 412854 7378
1484561451.028234000 592830 3806
1484561883.251943000 4690 0
1484561883.266036000 4742 0
1484561912.749042000 0 4878
1484561912.763188000 0 0
1484561912.761414000 0 0
1484561912.775734000 0 0
1484561912.773938000 0 0
1484561927.812998000 0 4850
1484561927.825614000 0 0
1484561927.823810000 0 0
1484561927.837158000 0 0
1484561927.835493000 0 0
1484561988.059588000 0 4850
1484561988.072358000 0 0
1484561988.070882000 0 0
1484561988.085744000 0 0
1484561988.084165000 0 0
1484562003.120818000 0 4878
1484562003.135829000 0 0
1484562003.133562000 0 0
1484562003.149728000 0 0
1484562003.147461000 0 0
1484562021.508060000 0 4878
1484562021.521339000 0 0
1484562021.519532000 0 0
1484562021.535106000 0 0
1484562021.533268000 0 0
1484562074.062658000 0 16325
1484562074.074596000 0 0
1484562074.073039000 0 0
1484562075.125324000 0 8282
1484562075.137038000 0 0
1484562075.135866000 0 0
1484562183.300316000 0 0
1484562183.314028000 0 0
1484562183.305731000 4690 0
1484562183.319341000 4742 0
1484562243.712961000 0 0
1484562251.429815000 0 0
1484562251.434995000 0 0
1484562251.445178000 0 0
1484562251.454327000 282 0
1484562283.538136000 0 0
1484562283.544060000 0 0
1484562283.554249000 0 0
1484562304.178412000 0 0
1484562283.562903000 568 0
1484562312.219050000 0 0
1484562293.580711000 282 0
1484562312.222722000 11269 0
1484562374.109597000 0 16325
1484562374.124361000 0 0
1484562374.122020000 0 0
1484562375.175581000 0 8282
1484562375.188608000 0 0
1484562375.186867000 0 0
1484562483.356891000 0 0
1484562483.372350000 0 0
1484562484.178887000 0 485
1484562484.195460000 0 0
1484562484.193287000 0 0
1484562483.363242000 4690 0
1484562483.378045000 4742 0
1484562674.147200000 0 16325
1484562674.159803000 0 0
1484562674.158411000 0 0
1484562675.221532000 0 8282
1484562675.234190000 0 0
1484562675.232529000 0 0
1484562774.176350000 0 0
1484562777.692899000 0 0
1484562777.692948000 0 0
1484562777.698321000 0 0
1484562777.701234000 0 0
1484562777.741135000 0 0
1484562777.744686000 0 0
1484562777.748860000 0 0
1484562777.751179000 0 0
1484562777.763343000 0 0
1484562777.761584000 0 0
1484562777.775868000 0 0
1484562777.799042000 0 0
1484562777.802162000 0 0
1484562777.814846000 0 0
1484562777.818341000 0 0
1484562777.821790000 0 0
1484562777.824584000 0 0
1484562777.697407000 282 0
1484562777.771246000 402 0
1484562777.772140000 568 0
1484562777.783084000 504 0
1484562777.827386000 504 0
1484562778.831129000 0 0
1484562778.835549000 0 0
1484562779.811106000 0 0
1484562781.759594000 0 0
1484562783.449977000 0 0
1484562784.212470000 0 486
1484562784.225050000 0 0
1484562784.223637000 0 0
1484562794.351596000 0 0
1484562304.184436000 593630 15214
1484562802.987616000 0 0
1484562781.765258000 11269 0
1484562783.455251000 4690 0
1484562974.200381000 0 16325
1484562974.212989000 0 0
1484562974.211157000 0 0
1484562975.268465000 0 8282
1484562975.281875000 0 0
1484562975.279790000 0 0
1484563083.487626000 0 0
1484563084.247269000 0 485
1484563084.264776000 0 0
1484563084.262503000 0 0
1484563088.670492000 0 0
1484563088.676217000 0 0
1484563088.686843000 0 0
1484563090.259080000 0 0
1484563083.495394000 4690 0
1484563088.695451000 568 0
1484563090.267016000 11269 0
1484563274.240315000 0 16325
1484563274.259212000 0 0
1484563274.257475000 0 0
1484563275.321101000 0 8282
1484563275.333227000 0 0
1484563275.331666000 0 0
1484563298.467840000 0 0
1484563298.474142000 0 0
1484563298.484886000 0 0
1484563298.493838000 282 0
1484563312.043875000 0 0
1484563312.048167000 0 0
1484563312.059393000 0 0
1484562794.359202000 413411 7468
1484563359.391687000 0 0
1484563359.447207000 0 0
1484563359.452626000 0 0
1484563359.462188000 0 0
1484563359.471317000 0 0
1484563359.483813000 0 0
1484563359.491524000 0 0
1484563359.519731000 0 0
1484563359.523853000 0 0
1484563359.528405000 0 0
1484563359.533281000 0 0
1484563359.544662000 0 0
1484563359.550929000 0 0
1484563359.581841000 0 0
1484563359.585882000 0 0
1484563359.590598000 0 0
1484563359.600316000 0 0
1484563359.612374000 0 0
1484563359.638588000 0 0
1484563359.642717000 0 0
1484563359.648003000 0 0
1484563359.660585000 0 0
1484563359.678287000 0 0
1484563359.708779000 0 0
1484563359.713576000 0 0
1484563359.718969000 0 0
1484563359.775868000 0 0
1484563359.779371000 0 0
1484563359.782598000 0 0
1484563359.786132000 0 0
1484563359.789463000 0 0
1484563359.808243000 0 0
1484563362.320260000 0 0
1484548959.499108000 0 0
1484563359.623254000 0 0
1484563362.383050000 0 0
1484563362.384400000 0 0
1484563362.386052000 0 0
1484563362.415621000 0 0
1484563359.405004000 129 0
1484563362.438968000 0 0
1484563359.467708000 568 0
1484563359.479538000 504 0
1484563359.506741000 129 0
1484563359.540301000 504 0
1484563359.568203000 129 0
1484563359.595725000 282 0
1484563359.625162000 129 0
1484563359.656183000 402 0
1484563359.694079000 129 0
1484563364.484655000 0 0
1484563364.844363000 0 0
1484563362.350826000 0 194350
1484563370.559496000 0 0
1484563372.656900000 0 0
1484563372.662524000 0 0
1484563372.673318000 0 0
1484563372.679617000 0 0
1484563372.731547000 0 0
1484563372.736502000 0 0
1484563372.751714000 0 0
1484563372.756695000 0 0
1484563372.761426000 0 0
1484563370.055312000 194350 0
1484563372.769235000 0 0
1484563372.784095000 0 0
1484563372.793458000 0 544
1484563372.803107000 0 0
1484563372.811801000 0 0
1484563372.809893000 0 0
1484563372.826605000 0 0
1484563372.822933000 0 0
1484563372.847340000 0 0
1484563372.851251000 0 0
1484563372.855878000 0 0
1484563372.860864000 0 0
1484563372.867503000 0 0
1484563372.893261000 0 0
1484563372.898939000 0 0
1484563372.912099000 0 0
1484563372.916867000 0 0
1484563372.920539000 0 0
1484563372.924959000 0 0
1484563372.927885000 0 0
1484563372.932309000 0 0
1484563372.935865000 0 0
1484563372.935695000 0 0
1484563372.938915000 0 0
1484563372.939572000 0 0
1484563372.941713000 0 0
1484563372.942254000 0 0
1484563372.945399000 0 0
1484563375.827367000 0 0
1484563375.825838000 0 0
1484563375.831415000 0 0
1484563375.834692000 0 0
1484563372.892490000 544 0
1484563375.882186000 1373 0
1484563376.355665000 0 0
1484563376.361214000 0 0
1484563376.374872000 0 0
1484563376.366855000 0 0
1484563376.380512000 0 0
1484563376.385517000 0 0
1484563377.835583000 0 0
1484563377.841288000 0 0
1484563377.839310000 0 0
1484563377.843232000 0 0
1484563378.392418000 0 0
1484563378.396722000 0 0
1484563378.400430000 0 0
1484563378.404316000 0 0
1484563375.917874000 2305 0
1484563375.927736000 0 0
1484563375.930969000 1617 0
1484563375.943798000 770 0
1484563375.968865000 0 0
1484563375.996504000 0 0
1484563376.077651000 1585 0
1484563376.097569000 2340 0
1484563376.116346000 1773 0
1484563376.131464000 1471 0
1484563376.144731000 1715 0
1484563376.371342000 544 0
1484563383.610848000 0 0
1484563375.925067000 2798 0
1484563375.967169000 104 0
1484563375.992154000 721 0
1484563383.615794000 4690 0
1484563359.496457000 0 0
1484563359.558962000 0 0
1484563362.376097000 0 0
1484563359.670104000 0 0
1484563359.732611000 0 0
1484563436.441082000 0 0
1484563436.443638000 0 0
1484563436.451828000 0 0
1484563370.564618000 415095 4304
1484563437.941474000 0 0
1484563425.488371000 282 0
1484563437.944472000 11269 0
1484563437.490198000 416248 7480
1484563574.282991000 0 16325
1484563574.295690000 0 0
1484563574.294090000 0 0
1484563575.384245000 0 8282
1484563575.398735000 0 0
1484563575.396497000 0 0
1484563630.390264000 0 0
1484563630.444978000 0 0
1484563630.449367000 0 0
1484563630.775526000 0 0
1484563630.788178000 0 0
1484563611.523056000 282 0
1484563463.118963000 418172 4932
1484563656.740797000 0 0
1484563683.657737000 0 0
1484563683.665987000 4690 0
1484563866.228641000 0 0
1484563874.316846000 0 16325
1484563874.327825000 0 0
1484563874.326853000 0 0
1484563875.427559000 0 8282
1484563875.439426000 0 0
1484563875.437816000 0 0
1484563871.824304000 282 0
1484563983.702670000 0 0
1484563983.708270000 4690 0
1484564170.760855000 0 0
1484564170.758422000 0 0
1484564170.781937000 0 0
1484564170.784804000 0 0
1484564170.792603000 0 0
1484564170.793518000 0 0
1484564170.794748000 0 0
1484564170.796544000 0 0
1484564170.798104000 0 0
1484564170.799639000 0 0
1484564170.802146000 0 0
1484564170.809498000 0 0
1484564170.824549000 0 0
1484564170.827238000 0 0
1484564170.756630000 282 0
1484564170.800974000 402 0
1484564170.807233000 568 0
1484564170.815718000 504 0
1484564170.837507000 0 0
1484564170.840920000 0 0
1484564170.843610000 0 0
1484564170.846266000 0 0
1484564173.764657000 0 0
1484564173.768691000 0 0
1484564174.362449000 0 16325
1484564174.376691000 0 0
1484564174.374436000 0 0
1484564174.616891000 0 0
1484564175.480456000 0 8282
1484564175.494191000 0 0
1484564175.491955000 0 0
1484563656.745916000 420247 6518
1484564170.848983000 504 0
1484564174.625870000 11269 0
1484564222.210632000 0 0
1484562802.993363000 599778 17411
1484564230.246837000 0 0
1484564217.214790000 282 0
1484564283.750144000 0 0
1484564284.406317000 0 486
1484564284.419524000 0 0
1484564284.418207000 0 0
1484564300.225228000 0 0
1484564300.237394000 0 0
1484564300.279390000 0 0
1484564300.282718000 0 0
1484564300.291611000 0 0
1484564300.298006000 0 0
1484564300.304983000 0 0
1484564300.310911000 0 0
1484564300.309326000 0 0
1484564300.318523000 0 0
1484564300.315980000 0 0
1484564300.326697000 0 0
1484564300.333282000 0 0
1484564300.331681000 0 0
1484564300.340877000 0 0
1484564304.190073000 0 0
1484564304.193741000 0 0
1484564304.209792000 0 0
1484564304.213372000 0 0
1484564283.755351000 4690 0
1484564300.295986000 282 0
1484564304.201711000 568 0
1484564361.282532000 0 0
1484564300.238079000 0 0
1484564300.622580000 355271 0
1484564474.403201000 0 16325
1484564474.419434000 0 0
1484564474.417164000 0 0
1484564475.523006000 0 8282
1484564475.538093000 0 0
1484564475.535810000 0 0
1484564583.790885000 0 0
1484564222.215799000 421403 7262
1484564230.252411000 611724 2059
1484564583.796199000 4690 0
1484564883.829159000 0 0
1484564883.834888000 4690 0
1484565185.776864000 0 0
1484565185.780536000 4690 0
1484565485.815571000 0 0
1484565485.820414000 4690 0
1484565785.856273000 0 0
1484565785.859466000 4690 0
1484566085.895165000 0 0
1484566085.900333000 4690 0
1484566385.934938000 0 0
1484566385.942626000 4690 0
1484566568.875852000 0 16326
1484566568.890739000 0 0
1484566568.888487000 0 0
1484566569.736657000 0 8282
1484566569.751130000 0 0
1484566569.748882000 0 0
1484566586.930804000 0 530723
1484566586.986933000 0 0
1484566586.984878000 0 0
1484566591.299931000 0 0
1484566596.477877000 0 531324
1484566596.532835000 0 0
1484566596.531211000 0 0
1484566610.171428000 0 0
1484566617.470985000 0 0
1484566586.005129000 282 0
1484566591.305657000 22538 0
1484566685.986600000 0 0
1484566686.011336000 0 485
1484566686.027430000 0 0
1484566686.025182000 0 0
1484566685.991887000 4690 0
1484566806.698785000 0 531927
1484566806.755741000 0 0
1484566806.754048000 0 0
1484566814.594047000 0 532524
1484566814.651189000 0 0
1484566814.648950000 0 0
1484566805.420305000 282 0
1484566868.912669000 0 16326
1484566868.924685000 0 0
1484566868.923067000 0 0
1484566869.778641000 0 8282
1484566869.792745000 0 0
1484566869.790448000 0 0
1484566986.102941000 0 0
1484566986.109792000 4690 0
1484567168.979678000 0 16326
1484567168.991986000 0 0
1484567168.990565000 0 0
1484567169.820476000 0 8282
1484567169.832645000 0 0
1484567169.830917000 0 0
1484562774.184542000 4742 10572
1484567286.146433000 0 0
1484567286.161008000 0 0
1484567286.152359000 4690 0
1484567286.169157000 5241 0
1484567469.020260000 0 16326
1484567469.033080000 0 0
1484567469.031467000 0 0
1484567469.857664000 0 8282
1484567469.868616000 0 0
1484567469.867171000 0 0
1484567586.213459000 0 0
1484567586.227751000 0 0
1484567599.394676000 0 0
1484567599.403492000 114578 4561
1484567586.219009000 4690 0
1484567586.235573000 5241 0
1484567846.200513000 0 0
1484567851.284823000 0 0
1484567851.365512000 0 0
1484567851.371526000 0 0
1484567851.382818000 0 0
1484567852.629098000 0 0
1484567852.635075000 0 0
1484567870.356493000 0 0
1484567872.452614000 0 0
1484567872.458684000 0 0
1484567872.469575000 0 0
1484567851.408579000 282 0
1484567886.269216000 0 0
1484567886.282520000 0 0
1484567870.364868000 11269 0
1484567851.395136000 1136 0
1484567886.274450000 4690 0
1484567886.287462000 5241 0
1484568055.799041000 0 16326
1484568055.810332000 0 0
1484568055.809299000 0 0
1484568055.824249000 0 8282
1484568055.835750000 0 0
1484568055.834201000 0 0
1484568186.333825000 0 0
1484568186.348576000 0 0
1484568186.339592000 4690 0
1484568186.356741000 5241 0
1484567599.635055000 115153 2940
1484568228.114078000 0 0
1484568230.620764000 0 0
1484568230.620814000 0 0
1484568230.624205000 0 0
1484568230.621638000 0 0
1484568230.676258000 0 0
1484568230.683092000 0 0
1484568230.681961000 0 0
1484568230.693545000 0 0
1484568230.693594000 0 0
1484568230.699819000 0 0
1484568230.711679000 0 0
1484568230.733315000 0 0
1484568230.736292000 0 0
1484568230.747669000 0 0
1484568230.750418000 0 0
1484568230.753588000 0 0
1484568230.756541000 0 0
1484568230.618373000 282 0
1484568230.702880000 402 0
1484568230.708597000 568 0
1484568230.719412000 504 0
1484568230.763265000 504 0
1484568233.348043000 0 0
1484568233.351717000 0 0
1484568234.785067000 0 0
1484568251.093503000 0 0
1484568252.735239000 0 0
1484566617.479862000 612363 23212
1484568234.790553000 11269 0
1484568251.101601000 423315 5084
1484568228.119990000 5241 3875
1484568270.509516000 0 0
1484568355.843937000 0 16326
1484568355.858888000 0 0
1484568355.857320000 0 0
1484568355.880931000 0 8282
1484568355.893587000 0 0
1484568355.891996000 0 0
1484568389.011182000 0 4912
1484568389.028707000 0 0
1484568389.026366000 0 0
1484568389.043678000 0 0
1484568389.041359000 0 0
1484568486.390772000 0 0
1484568486.404845000 0 0
1484568486.431334000 0 489
1484568486.447486000 0 0
1484568486.445295000 0 0
1484568486.396292000 4690 0
1484568486.410248000 5433 0
1484568582.568103000 0 0
1484568582.575717000 0 0
1484568270.046651000 424442 5978
1484568649.209943000 0 0
1484568655.893170000 0 16326
1484568655.908758000 0 0
1484568655.906938000 0 0
1484568655.942347000 0 8282
1484568655.957129000 0 0
1484568655.954844000 0 0
1484568649.214656000 11269 0
1484568786.498465000 0 0
1484568786.512009000 0 0
1484568786.537776000 0 485
1484568786.553827000 0 0
1484568786.551613000 0 0
1484568791.462209000 0 0
1484568786.503756000 4690 0
1484568786.517113000 5433 0
1484568816.447851000 0 0
1484568819.060166000 0 0
1484568819.044173000 0 0
1484568819.063680000 0 0
1484568819.072258000 0 0
1484568819.041927000 564 0
1484568882.230017000 0 0
1484568270.515136000 626289 20458
1484568252.740023000 116264 11404
1484568882.235591000 424999 4350
1484568898.809304000 0 0
1484568955.939784000 0 16326
1484568955.952758000 0 0
1484568955.951711000 0 0
1484568955.968265000 0 8282
1484568955.980061000 0 0
1484568955.978518000 0 0
1484569086.550715000 0 0
1484569086.577858000 0 476
1484569086.592141000 0 0
1484569086.590485000 0 0
1484569086.555936000 4690 0
1484569255.980218000 0 16329
1484569255.992898000 0 0
1484569255.991467000 0 0
1484569256.030092000 0 8282
1484569256.042107000 0 0
1484569256.040508000 0 0
1484568816.454045000 5433 6010
1484568898.345613000 426123 1148
1484568898.814899000 640926 11885
1484569386.588480000 0 0
1484569386.605370000 0 0
1484569386.597049000 4690 0
1484569386.610668000 5649 0
1484569538.874848000 0 0
1484569546.519554000 0 0
1484569547.097257000 0 0
1484569547.102602000 0 0
1484569547.112839000 0 0
1484569547.494451000 0 0
1484569556.029461000 0 16329
1484569556.043722000 0 0
1484569556.041987000 0 0
1484569556.077023000 0 8282
1484569556.088456000 0 0
1484569556.087070000 0 0
1484569547.121675000 568 0
1484569547.499007000 11269 0
1484569686.642495000 0 0
1484569686.663940000 0 0
1484569686.698094000 0 485
1484569686.717601000 0 0
1484569686.715343000 0 0
1484569686.653793000 4690 0
1484569686.676398000 5649 0
1484569856.069004000 0 16329
1484569856.082993000 0 0
1484569856.081313000 0 0
1484569856.106385000 0 8282
1484569856.118353000 0 0
1484569856.116727000 0 0
1484569986.718052000 0 0
1484569986.732401000 0 0
1484569986.723952000 4690 0
1484569986.737267000 5649 0
1484570156.173302000 0 16329
1484570156.173940000 0 8282
1484570156.192774000 0 0
1484570156.195974000 0 0
1484570156.190445000 0 0
1484570156.194363000 0 0
1484570266.723673000 0 0
1484570286.436684000 0 0
1484570286.781831000 0 0
1484570286.805571000 0 486
1484570286.820971000 0 0
1484570286.818724000 0 0
1484570288.976744000 0 0
1484570288.980185000 0 0
1484570288.982545000 0 0
1484570289.005966000 0 0
1484570289.006788000 0 0
1484570289.007857000 0 0
1484570289.015087000 0 0
1484570289.015347000 0 0
1484570289.016982000 0 0
1484570289.015596000 0 0
1484570289.017483000 0 0
1484570289.020482000 0 0
1484570289.024664000 0 0
1484570289.044093000 0 0
1484570289.046212000 0 0
1484570289.056640000 0 0
1484570289.058857000 0 0
1484570289.061452000 0 0
1484570289.064095000 0 0
1484570286.787171000 4690 0
1484570288.975015000 282 0
1484570289.022244000 568 0
1484570289.024315000 402 0
1484570289.029400000 504 0
1484570289.066553000 504 0
1484570292.207833000 0 0
1484570292.210990000 0 0
1484570293.274967000 0 0
1484570313.738838000 0 0
1484569538.880599000 647710 2306
1484570293.280499000 11269 0
1484570313.746880000 426680 3622
1484570286.442141000 5649 5105
1484570332.522353000 0 0
1484570333.508089000 0 5232
1484570333.520249000 0 0
1484570333.518943000 0 0
1484570333.530243000 0 0
1484570333.529113000 0 0
1484570345.468029000 0 164392
1484570345.513598000 0 0
1484570348.557938000 0 6578
1484570348.573423000 0 0
1484570348.571796000 0 0
1484570348.588698000 0 0
1484570348.586552000 0 0
1484570338.143193000 2606 0
1484570363.621967000 0 21812
1484570363.638709000 0 0
1484570363.636857000 0 0
1484570363.651692000 0 0
1484570363.649836000 0 0
1484570422.140395000 0 21774
1484570422.158575000 0 0
1484570422.156329000 0 0
1484570422.173956000 0 0
1484570422.171727000 0 0
1484570437.222471000 0 39894
1484570437.238056000 0 0
1484570437.236762000 0 0
1484570437.283769000 0 0
1484570437.282807000 0 0
1484570452.323051000 0 40243
1484570452.341463000 0 0
1484570452.339392000 0 0
1484570452.354685000 0 0
1484570452.352660000 0 0
1484570455.339498000 0 0
1484570455.345076000 0 0
1484570455.354888000 0 0
1484570456.146167000 0 16338
1484570456.159240000 0 0
1484570456.157870000 0 0
1484570456.204688000 0 8282
1484570456.215415000 0 0
1484570456.214344000 0 0
1484570455.360697000 568 0
1484570586.883982000 0 0
1484570586.897262000 0 0
1484570586.923320000 0 485
1484570586.937490000 0 0
1484570586.935972000 0 0
1484570586.889209000 4690 0
1484570586.902841000 5843 0
1484570633.197417000 0 576
1484570756.201095000 0 16338
1484570756.214643000 0 0
1484570756.212959000 0 0
1484570756.246675000 0 8282
1484570756.258156000 0 0
1484570756.256656000 0 0
1484570332.069274000 427807 4516
1484570886.936746000 0 0
1484570886.950958000 0 0
1484570886.942455000 4690 0
1484570886.959915000 5843 0
1484570927.487794000 0 0
1484570930.047402000 0 0
1484570932.767045000 0 0
1484570932.776499000 0 0
1484570934.034437000 0 0
1484570930.045215000 282 0
1484570958.787769000 0 0
1484570934.039377000 11269 0
1484570958.793761000 428364 6988
1484570927.493608000 5843 5547
1484571000.647104000 0 40215
1484571000.664770000 0 0
1484571000.662998000 0 0
1484571000.677068000 0 0
1484571000.675282000 0 0
1484571001.148025000 0 164392
1484571001.227414000 0 0
1484571015.716708000 0 40631
1484571015.735257000 0 0
1484571015.733033000 0 0
1484571015.749945000 0 0
1484571015.747716000 0 0
1484571030.789342000 0 40631
1484571030.808796000 0 0
1484571030.806549000 0 0
1484571030.822250000 0 0
1484571030.819958000 0 0
1484571045.858020000 0 40631
1484571045.878176000 0 0
1484571045.875729000 0 0
1484571045.892708000 0 0
1484571045.890407000 0 0
1484571056.245705000 0 16339
1484571056.256761000 0 0
1484571056.255188000 0 0
1484571056.278535000 0 8282
1484571056.288871000 0 0
1484571056.287338000 0 0
1484571068.119992000 0 40631
1484571068.140631000 0 0
1484571068.138396000 0 0
1484571068.153950000 0 0
1484571068.151669000 0 0
1484571083.185356000 0 40631
1484571083.204922000 0 0
1484571083.202638000 0 0
1484571083.218699000 0 0
1484571083.216400000 0 0
1484571098.254660000 0 40631
1484571098.273485000 0 0
1484571098.271517000 0 0
1484571098.287053000 0 0
1484571098.284760000 0 0
1484571187.004811000 0 0
1484571187.019933000 0 0
1484571187.010488000 4690 0
1484571187.025541000 5967 0
1484571247.398506000 0 0
1484571265.725594000 0 0
1484571265.730869000 0 0
1484571265.740454000 0 0
1484571265.849878000 0 0
1484571265.749930000 568 0
1484571265.854539000 11269 0
1484571356.295243000 0 16339
1484571356.308740000 0 0
1484571356.306962000 0 0
1484571356.338656000 0 8282
1484571356.353085000 0 0
1484571356.350970000 0 0
1484571463.412082000 0 0
1484571465.637854000 0 0
1484571465.640281000 0 0
1484571465.647901000 0 0
1484571465.650670000 0 0
1484571465.659191000 0 0
1484571465.661184000 0 0
1484571465.663451000 0 0
1484571465.666066000 0 0
1484571465.637064000 0 0
1484571465.634857000 282 0
1484571465.671138000 402 0
1484571468.801523000 0 0
1484571468.805726000 0 0
1484570967.470104000 429490 7882
1484571485.122634000 0 0
1484570332.525685000 648204 31011
1484571487.067302000 0 0
1484571487.094435000 0 486
1484571487.111105000 0 0
1484571487.108860000 0 0
1484571487.289955000 0 0
1484571485.128077000 430047 6258
1484571487.072669000 4690 0
1484571627.039256000 282 0
1484571656.346419000 0 16339
1484571656.359637000 0 0
1484571656.357868000 0 0
1484571656.389439000 0 8282
1484571656.400925000 0 0
1484571656.399328000 0 0
1484571787.118350000 0 0
1484571787.142751000 0 485
1484571787.157364000 0 0
1484571787.155619000 0 0
1484571787.123631000 4690 0
1484571956.386322000 0 16339
1484571956.399774000 0 0
1484571956.398219000 0 0
1484571956.442131000 0 8282
1484571956.454402000 0 0
1484571956.452808000 0 0
1484572012.794492000 0 0
1484549701.500018000 0 0
1484572087.161381000 0 0
1484571507.735594000 431173 3056
1484572087.167047000 4690 0
1484572256.438904000 0 16339
1484572256.452901000 0 0
1484572256.451011000 0 0
1484572256.487784000 0 8282
1484572256.500190000 0 0
1484572256.498618000 0 0
1484572351.741738000 1715 0
1484572351.753240000 1617 0
1484572353.076934000 1373 0
1484572353.210899000 0 0
1484572353.214654000 0 0
1484572353.223549000 0 0
1484572353.699598000 0 0
1484571463.417303000 5967 10255
1484572355.958715000 0 0
1484572365.842012000 0 0
1484572365.845607000 0 0
1484572365.848745000 0 0
1484572353.230639000 282 0
1484572379.535480000 0 0
1484572379.540649000 0 0
1484572379.550135000 0 0
1484572379.561159000 0 0
1484572379.583585000 0 0
1484572379.588591000 0 0
1484572379.593285000 0 0
1484572379.617370000 0 0
1484572379.621953000 0 0
1484572379.626626000 0 0
1484572379.653360000 0 0
1484572379.658320000 0 0
1484572355.967758000 11269 0
1484572385.071462000 0 0
1484572385.075469000 0 0
1484572379.569693000 504 0
1484572379.600788000 504 0
1484572379.633970000 402 0
1484572379.558001000 568 0
1484572385.097562000 282 0
1484572387.273863000 0 0
1484572387.291250000 0 0
1484572387.322139000 0 487
1484572387.342638000 0 0
1484572387.340302000 0 0
1484572387.282199000 4690 0
1484572387.301436000 6205 0
1484572478.542183000 0 0
1484572478.553886000 0 0
1484572478.557968000 0 0
1484572478.569638000 0 0
1484572478.573698000 0 0
1484572478.585014000 0 0
1484572478.594799000 0 0
1484572478.605803000 0 0
1484572478.609833000 0 0
1484572478.620891000 0 0
1484572480.503339000 0 0
1484572480.508533000 0 0
1484572480.518425000 0 0
1484572480.528135000 0 0
1484572480.534169000 0 0
1484572480.727063000 0 0
1484572478.589615000 544 0
1484572480.731831000 0 0
1484572480.746049000 0 0
1484572485.306430000 0 0
1484572485.321262000 0 0
1484572485.325967000 0 0
1484572485.329913000 0 0
1484572485.339661000 0 0
1484572485.359837000 0 0
1484572485.357780000 0 0
1484572485.402755000 0 0
1484572489.022093000 0 0
1484572489.027201000 0 0
1484572489.047380000 0 0
1484572489.052140000 0 0
1484572478.549781000 129 0
1484572478.565153000 129 0
1484572478.580967000 129 0
1484572478.601421000 129 0
1484572478.616774000 129 0
1484572480.524714000 282 0
1484572489.032909000 568 0
1484572546.020317000 0 0
1484572556.537273000 0 8282
1484572556.550920000 0 0
1484572556.548647000 0 0
1484572639.368185000 0 16339
1484572639.383235000 0 0
1484572639.380950000 0 0
1484572687.341333000 0 0
1484572687.354448000 0 0
1484572687.370473000 0 476
1484572687.382617000 0 0
1484572687.381216000 0 0
1484571487.296256000 661438 11315
1484572687.348726000 4690 0
1484572687.361471000 6205 0
1484572856.580839000 0 8282
1484572856.596139000 0 0
1484572856.593910000 0 0
1484572939.417669000 0 16339
1484572939.432590000 0 0
1484572939.431070000 0 0
1484572987.389696000 0 0
1484572987.404516000 0 0
1484572987.395282000 4690 0
1484572987.412466000 6205 0
1484573287.446262000 0 0
1484573287.454192000 0 0
1484573287.449814000 4690 0
1484573287.460762000 6205 0
1484573435.518272000 0 16339
1484573435.532968000 0 0
1484573435.530702000 0 0
1484573436.376566000 0 8282
1484573436.387916000 0 0
1484573436.386763000 0 0
1484573587.490628000 0 0
1484573587.504921000 0 0
1484573587.496142000 4690 0
1484573587.512561000 6205 0
1484573735.565634000 0 16339
1484573735.580016000 0 0
1484573735.578692000 0 0
1484573736.431390000 0 8282
1484573736.445955000 0 0
1484573736.443678000 0 0
1484572485.308324000 0 0
1484572485.439471000 379847 0
1484556201.976022000 0 0
1484573792.513895000 0 40623
1484573792.533503000 0 0
1484573792.531947000 0 0
1484573792.549192000 0 0
1484573792.547663000 0 0
1484573807.595591000 0 41443
1484573807.610723000 0 0
1484573807.609366000 0 0
1484573807.622524000 0 0
1484573807.621049000 0 0
1484573814.262181000 0 98840
1484573814.297673000 0 0
1484573822.663663000 0 47653
1484573822.680568000 0 0
1484573822.678567000 0 0
1484573822.693072000 0 0
1484573822.691000000 0 0
1484573837.731151000 0 54375
1484573837.749746000 0 0
1484573837.747745000 0 0
1484573837.762315000 0 0
1484573837.760201000 0 0
1484573886.554202000 0 57122
1484573886.570600000 0 0
1484573886.568790000 0 0
1484573886.582120000 0 0
1484573886.580639000 0 0
1484573887.545379000 0 0
1484573887.561464000 0 0
1484573893.860795000 0 122
1484573893.873492000 0 0
1484573893.867498000 0 59442
1484573893.868762000 0 0
1484573893.881646000 0 0
1484573893.880699000 0 0
1484573893.889338000 0 0
1484573893.895362000 0 0
1484573893.926710000 0 146
1484573893.936377000 0 0
1484573893.936140000 0 0
1484559223.439659000 0 32768
1484573893.935608000 0 0
1484573893.947051000 0 0
1484559223.426158000 0 4516112
1484573893.956424000 0 0
1484573893.959357000 0 0
1484573893.981910000 0 576
1484573893.986993000 0 181
1484573893.997550000 0 0
1484573893.996611000 0 0
1484573894.010114000 0 0
1484573894.009691000 0 212
1484559221.883585000 0 32768
1484573894.019539000 0 0
1484573894.019709000 0 0
1484559221.879980000 65536 15667208
1484573894.018145000 0 0
1484573894.030789000 0 0
1484573894.030975000 0 259
1484573894.034067000 0 0
1484573894.041496000 0 0
1484573894.040377000 0 0
1484573894.051707000 0 1840
1484573894.063560000 0 0
1484573894.061646000 0 0
1484573894.077947000 0 288
1484573894.089550000 0 0
1484573894.087603000 0 0
1484573894.119754000 0 0
1484559224.108880000 0 32768
1484573894.129982000 0 0
1484559224.094269000 28800 197024
1484573894.140875000 0 0
1484573894.145813000 0 0
1484573894.152613000 0 0
1484573894.172617000 0 0
1484573894.178576000 0 43306
1484573894.216392000 0 0
1484573894.223723000 0 0
1484573894.230122000 0 0
1484573894.158712000 0 0
1484573894.235841000 0 0
1484573894.291626000 0 6737
1484573894.303651000 0 0
1484573894.302280000 0 0
1484573894.314873000 0 0
1484573894.943265000 0 0
1484573894.994037000 0 0
1484573894.998769000 0 0
1484573895.009494000 0 0
1484549270.741655000 0 85591
1484573896.942548000 0 0
1484573896.946829000 0 0
1484573896.967228000 0 0
1484573897.794618000 0 85
1484573897.803413000 0 0
1484573897.802507000 0 0
1484573897.817557000 0 0
1484573897.817099000 0 109
1484548983.173261000 0 4096
1484573897.826216000 0 0
1484573897.826606000 0 0
1484573897.839959000 0 0
1484573897.825520000 0 0
1484573897.843809000 0 0
1484548983.169196000 0 0
1484573897.851730000 0 0
1484573897.851272000 0 0
1484573897.869537000 0 0
1484573897.882803000 0 0
1484573897.885800000 0 0
1484573897.888478000 0 0
1484573897.891407000 0 0
1484573897.894715000 0 0
1484573897.898582000 0 0
1484573897.902155000 0 0
1484573897.856086000 0 10
1484573897.915188000 0 0
1484573897.919226000 0 0
1484573897.922730000 0 0
1484573897.844827000 0 0
1484573897.925896000 0 0
1484548981.731713000 37627 734009
1484549280.348808000 0 532912
1484573896.975921000 0 5436
1484573897.944780000 0 37681
1484573898.029403000 0 319
1484573898.066914000 0 144
1484573898.075068000 0 0
1484573898.108985000 0 175
1484573898.118597000 0 0
1484573898.130263000 0 204
1484573898.139405000 0 0
1484573898.232475000 0 0
1484548984.714527000 0 32768
1484573898.241208000 0 0
1484548984.700911000 315760 459424
1484573898.252466000 0 0
1484573898.256323000 0 0
1484573898.263919000 0 0
1484548984.674682000 0 4096
1484573898.273554000 0 0
1484573898.278829000 0 0
1484548984.659661000 0 0
1484573898.287817000 0 0
1484573898.292962000 0 0
1484573898.306918000 0 0
1484573898.311472000 0 35797
1484573898.338560000 0 0
1484573898.342114000 0 0
1484573898.297052000 0 0
1484573898.345838000 0 0
1484573898.370590000 0 0
1484549280.808441000 138879 3811
1484548983.473737000 29069 7772
1484548983.508658000 214089 47221
1484549263.738509000 60763 34574
1484563362.380553000 0 0
1484559223.734963000 0 0
1484559224.119672000 0 0
1484559220.792118000 0 0
