1484556073.528031000 0 0
1484556073.540266000 0 0
1484556073.551391000 0 0
1484556073.565138000 0 0
1484556073.576416000 0 0
1484556076.194954000 282 0
1484556077.607684000 111 0
1484556081.271909000 0 0
1484556081.276647000 0 0
1484556081.287557000 0 0
1484556083.456866000 0 0
1484556083.460204000 0 0
1484556083.475706000 0 0
1484556083.478765000 0 0
1484556083.484081000 0 0
1484556083.521951000 0 0
1484556083.750323000 0 0
1484556083.763269000 0 0
1484556083.765839000 0 0
1484556083.804859000 0 0
1484556083.807329000 0 0
1484556083.815521000 0 0
1484556083.818028000 0 0
1484556083.820534000 0 0
1484556083.823788000 0 0
1484556083.822935000 0 0
1484556083.858758000 0 0
1484556083.963138000 0 0
1484556083.637160000 0 0
1484556083.769691000 129 0
1484556083.802813000 1037 0
1484556083.805390000 578 0
1484556083.821732000 129 0
1484556083.844865000 1612 0
1484556083.903129000 504 0
1484556083.926095000 513 0
1484556083.945712000 129 0
1484556083.967389000 544 0
1484556083.672299000 442 0
1484556083.694786000 1806 0
1484556083.708866000 1324 0
1484556083.815710000 1308 0
1484556083.886921000 1345 0
1484556080.543751000 564 0
1484556142.698417000 0 0
1484556142.702728000 0 0
1484556142.713855000 0 0
1484556142.718779000 0 0
1484556142.727624000 0 0
1484556143.645676000 0 0
1484556143.668553000 0 0
1484556143.677442000 0 0
1484556143.692577000 0 0
1484556143.704006000 0 0
1484556143.716028000 0 0
1484556143.738070000 0 0
1484556143.760438000 0 0
1484556143.764662000 0 0
1484556143.786751000 0 0
1484556144.007798000 0 0
1484556144.191792000 0 0
1484556144.342599000 0 0
1484556144.517199000 0 0
1484556144.522708000 0 0
1484556144.527489000 0 0
1484556144.531444000 0 0
1484556144.535959000 0 0
1484556144.590264000 0 0
1484556144.707099000 0 0
1484556144.723673000 0 0
1484556144.814058000 0 0
1484556145.279133000 0 0
1484556145.527196000 0 0
1484556145.555218000 0 0
1484556145.680268000 0 0
1484556145.786191000 0 0
1484556146.248190000 0 0
1484556146.270372000 0 0
1484556146.275087000 0 0
1484556146.307107000 0 0
1484556146.273464000 0 0
1484556146.331884000 0 0
1484556146.348080000 0 0
1484556146.353220000 0 0
1484556146.358055000 0 0
1484556146.363227000 0 0
1484556146.368559000 0 0
1484556146.387097000 0 0
1484556146.395287000 0 0
1484556146.412350000 0 0
1484556146.425244000 0 0
1484556146.430373000 0 0
1484556146.442606000 0 0
1484556146.447840000 0 0
1484556146.467228000 0 0
1484556146.478890000 0 0
1484556146.485097000 0 0
1484556146.490278000 0 0
1484556146.498743000 0 0
1484556146.509534000 0 0
1484556146.518948000 0 0
1484556146.524078000 0 0
1484556146.529058000 0 0
1484556146.534159000 0 0
1484556146.539559000 0 0
1484556146.544372000 0 0
1484556146.549621000 0 0
1484556146.559528000 0 0
1484556146.564890000 0 0
1484556146.576685000 0 0
1484556146.581846000 0 0
1484556146.586999000 0 0
1484556146.592112000 0 0
1484556146.610838000 0 0
1484556146.615974000 0 0
1484556146.621164000 0 0
1484556146.626168000 0 0
1484556146.631299000 0 0
1484556146.345420000 0 0
1484556146.638509000 0 0
1484556147.018318000 0 0
1484556147.024497000 0 0
1484556147.054493000 0 0
1484556147.060703000 0 0
1484556147.461726000 0 0
1484556147.508191000 0 0
1484556147.591141000 0 0
1484556147.599229000 0 0
1484556147.665912000 0 0
1484556147.707865000 131072 0
1484556147.744993000 0 0
1484556148.026122000 0 0
1484556148.030446000 0 2
1484556148.039401000 0 0
1484556148.043009000 0 0
1484556147.605964000 2 0
1484556148.015177000 0 0
1484556148.046354000 0 0
1484556148.105647000 0 53
1484556145.225595000 204 0
1484556148.120425000 0 0
1484556148.191206000 0 0
1484556148.348007000 0 0
1484556148.842580000 0 0
1484556148.877644000 0 0
1484556142.502435000 1037 0
1484556142.547665000 0 0
1484556142.603113000 0 0
1484556156.472263000 0 0
1484556157.016866000 0 0
1484556157.026757000 2751 3029
1484556157.060561000 0 0
1484556157.088569000 0 0
1484556157.125550000 0 0
1484556157.164542000 0 0
1484556157.194631000 0 0
1484556157.183570000 21668 2432
1484556157.204075000 15852 9089
1484556158.244220000 0 0
1484556143.635665000 282 0
1484556143.682968000 10 0
1484556143.697282000 10 0
1484556143.714194000 194 0
1484556143.826009000 208 0
1484556144.269615000 28479 0
1484556144.375164000 16384 0
1484556144.483653000 621 0
1484556158.251985000 0 0
1484556158.266256000 5431 0
1484556144.768985000 181 0
1484556145.548910000 9627 0
1484556145.561012000 8 0
1484556145.686815000 504 0
1484556145.773970000 7645 0
1484556145.799545000 3693 0
1484556146.257967000 782 0
1484556147.127045000 10 0
1484556147.469382000 359 0
1484556147.524657000 2011 0
1484556147.700208000 18830 0
1484556148.166684000 24 0
1484556145.845435000 29 0
1484556148.218633000 208620 0
1484556148.372952000 8798 0
1484556148.417405000 9833 0
1484556176.256852000 0 3693
1484556176.269582000 0 0
1484556192.294203000 0 0
1484556192.719558000 0 0
1484556193.585306000 0 0
1484556193.588786000 0 0
1484556193.597245000 0 0
1484556193.647369000 0 0
1484556194.126619000 0 0
1484556194.131260000 57344 0
1484556194.215803000 0 0
1484556194.222353000 24576 0
1484556194.326221000 0 0
1484556194.331789000 24576 0
1484556194.382262000 0 0
1484556194.387204000 24576 0
1484556194.414573000 0 0
1484556194.419021000 24576 0
1484556194.486131000 0 0
1484556194.491181000 32768 0
1484556194.534906000 0 0
1484556194.541568000 28672 0
1484556194.582856000 0 0
1484556194.588705000 24576 0
1484556201.806963000 0 0
1484556201.824969000 0 0
1484556201.846606000 0 0
1484556201.859048000 0 0
1484556201.956934000 0 4969
1484556201.928933000 4969 0
1484556201.967640000 0 0
1484556204.976485000 0 0
1484556205.038590000 0 137
1484556205.051930000 0 0
1484556205.000274000 137 0
1484556205.049685000 0 0
1484556205.068445000 0 0
1484556205.081156000 0 0
1484556205.118602000 0 0
1484556205.129408000 0 6337
1484556205.144901000 0 0
1484556205.142698000 0 0
1484556205.165260000 0 0
1484556205.189520000 0 0
1484556205.209693000 0 0
1484556205.226147000 0 0
1484556205.251152000 0 0
1484556205.262213000 0 0
1484556205.273860000 0 0
1484556205.283286000 0 0
1484556205.293620000 0 0
1484556205.313351000 0 0
1484556205.332902000 0 0
1484556205.352871000 0 0
1484556205.362199000 0 0
1484556205.371607000 0 0
1484556205.380717000 0 0
1484556194.668648000 119 0
1484556194.576603000 801 0
1484556194.610150000 342 0
1484556198.308489000 0 0
1484556193.631398000 398 0
1484556193.637580000 282 0
1484556193.794103000 80 0
1484556193.811514000 638 0
1484556193.821597000 84 0
1484556194.099744000 756 0
1484556194.113804000 271 0
1484556194.177062000 132 0
1484556194.191425000 246 0
1484556194.203826000 384 0
1484556194.294996000 511 0
1484556194.310663000 340 0
1484556194.365040000 143 0
1484556194.378093000 278 0
1484556194.409934000 572 0
1484556194.444454000 553 0
1484556194.452548000 165 0
1484556194.481203000 248 0
1484556194.511570000 186 0
1484556194.518480000 1302 0
1484556197.233634000 0 0
1484556198.332462000 0 0
1484556228.082437000 0 0
1484556205.420024000 51 0
1484556235.789536000 0 0
1484556237.171318000 0 0
1484556240.087073000 0 0
1484556241.930384000 282 0
1484556327.947322000 0 0
1484556327.952200000 0 0
1484556328.112279000 0 0
1484556328.117181000 0 0
1484556328.128047000 0 0
1484556328.141237000 0 0
1484556328.656854000 0 0
1484556328.797386000 0 0
1484556328.799950000 0 0
1484556328.797577000 0 0
1484556329.869431000 0 0
1484556328.806968000 0 0
1484556328.650185000 0 0
1484556321.837749000 282 0
1484556328.136676000 578 0
1484556328.802736000 398 0
1484556329.899402000 1037 0
1484556329.943590000 513 0
1484556329.880118000 442 0
1484556329.885903000 1806 0
1484556329.894453000 1324 0
1484556329.921099000 1308 0
1484556329.931655000 1612 0
1484556329.935848000 1345 0
1484556330.123416000 0 0
1484556330.127126000 0 0
1484556330.141842000 0 0
1484556330.145510000 0 0
1484556330.150305000 0 0
1484556335.719022000 0 0
1484556335.725584000 0 0
1484556335.730890000 0 0
1484556335.736346000 0 0
1484556335.741675000 0 0
1484556335.748093000 0 0
1484556335.756020000 0 0
1484556335.815473000 0 0
1484556335.813183000 0 0
1484556335.824085000 0 0
1484556335.821079000 0 0
1484556333.510968000 0 0
1484556335.897011000 0 72725
1484556336.768195000 0 0
1484556336.766316000 0 0
1484556330.166323000 494 0
1484556330.188151000 478 0
1484556330.196732000 509 0
1484556336.762266000 282 0
1484556336.887032000 0 0
1484556336.893828000 0 0
1484556336.896143000 494 0
1484556336.898655000 478 0
1484556336.901242000 509 0
1484556336.922796000 442 0
1484556336.925214000 1806 0
1484556336.927881000 1324 0
1484556336.930591000 1308 0
1484556338.775074000 0 0
1484556338.773833000 0 0
1484556337.079097000 11170 0
1484556337.262299000 36352 0
1484556337.301988000 7941 0
1484556337.368545000 20992 0
1484556337.411737000 15872 0
1484556337.578726000 8620 0
1484556337.623924000 5484 0
1484556337.768256000 16896 0
1484556337.779038000 8192 0
1484556337.951360000 13824 0
1484556338.479690000 6017 0
1484556338.510696000 6062 0
1484556338.528634000 6175 0
1484556338.565622000 8801 0
1484556338.593076000 9685 0
1484556338.613118000 9992 0
1484556338.625913000 0 0
1484556338.817296000 442 0
1484556338.820153000 1806 0
1484556336.918174000 4096 0
1484556338.823126000 1324 0
1484556338.826273000 1308 0
1484556336.943659000 1345 0
1484556338.855764000 17408 0
1484556338.998731000 0 0
1484556339.003163000 0 0
1484556339.012468000 0 0
1484556339.071947000 0 0
1484556339.075066000 0 0
1484556339.078408000 0 0
1484556339.546942000 0 0
1484556340.786324000 0 0
1484556340.785348000 0 0
1484556338.924218000 0 0
1484556339.019778000 282 0
1484556339.017056000 10484 0
1484556339.031557000 0 0
1484556338.918294000 4096 0
1484556340.810498000 442 0
1484556340.812634000 1806 0
1484556340.816155000 1324 0
1484556340.818721000 1308 0
1484556339.096591000 20504 0
1484556342.798904000 0 0
1484556342.797805000 0 0
1484556338.623341000 1612 0
1484556338.921628000 513 0
1484556339.028509000 1037 0
1484556339.099645000 2048 0
1484556339.106040000 72725 0
1484556340.827318000 4096 0
1484556342.820572000 442 0
1484556342.823184000 1806 0
1484556342.826035000 1324 0
1484556342.828942000 1308 0
1484556340.824197000 1345 0
1484556377.238095000 0 0
1484556339.101487000 16896 17409
1484556377.274827000 0 0
1484556377.281207000 0 0
1484556377.246654000 0 103936
1484556377.307493000 0 0
1484556377.329099000 0 0
1484556377.288792000 0 0
1484556377.333918000 0 0
1484556377.300921000 0 0
1484556378.261465000 0 0
1484556378.259553000 0 0
1484556380.270599000 0 0
1484556380.269513000 0 0
1484556382.283028000 0 0
1484556382.282044000 0 0
1484556385.194793000 0 7645
1484556385.209054000 0 0
1484556385.206775000 0 0
1484556377.348857000 17968 0
1484556377.352366000 2048 0
1484556377.354895000 2048 0
1484556378.325888000 4096 0
1484556378.332639000 442 0
1484556378.335474000 1806 0
1484556378.338347000 1324 0
1484556378.341699000 1308 0
1484556378.345199000 1345 0
1484556383.550566000 638 0
1484556410.827886000 0 0
1484556411.239737000 0 0
1484556411.243234000 0 0
1484556411.245779000 0 0
1484556411.251885000 0 0
1484556407.621964000 16812 0
1484556411.267009000 0 0
1484556411.250153000 282 0
1484556411.269826000 0 0
1484556411.274246000 0 0
1484556411.280192000 0 0
1484556411.287447000 0 0
1484556411.285717000 0 0
1484556411.272197000 282 0
1484556411.375692000 0 0
1484556411.373474000 0 0
1484556411.382778000 0 0
1484556411.383798000 0 0
1484556411.379407000 0 0
1484556411.468880000 0 0
1484556411.466639000 0 0
1484556411.515284000 0 0
1484556411.523328000 0 0
1484556411.529183000 0 0
1484556411.531530000 0 0
1484556411.534308000 0 0
1484556411.545901000 0 0
1484556411.554850000 0 0
1484556411.557127000 0 0
1484556411.559703000 0 0
1484556411.562149000 0 0
1484556411.563496000 0 0
1484556411.570008000 0 0
1484556411.636114000 0 0
1484556411.634165000 0 0
1484556411.641835000 0 0
1484556411.721841000 0 0
1484556411.719369000 0 0
1484556412.119825000 0 0
1484556412.128174000 0 0
1484556412.131254000 0 0
1484556412.134396000 0 0
1484556412.137814000 0 0
1484556412.146399000 0 0
1484556412.532317000 0 0
1484556412.531152000 0 0
1484556410.860221000 22040 0
1484556410.862742000 2048 0
1484556410.869826000 103936 0
1484556412.556225000 442 0
1484556412.558860000 1806 0
1484556412.563197000 1324 0
1484556412.566415000 1308 0
1484556412.571258000 1345 0
1484556412.557825000 4096 0
1484556445.515090000 0 0
1484556445.536514000 15264 3072
1484556445.552790000 0 0
1484556445.567167000 13496 1304
1484556445.581039000 0 0
1484556445.591907000 5734 1730
1484556445.601730000 0 0
1484556445.620394000 10541 2445
1484556445.634094000 0 0
1484556445.651914000 26516 2040
1484556445.665440000 0 0
1484556445.680630000 2013 2083
1484556445.689962000 0 1420
1484556445.699200000 0 0
1484556445.716585000 4950 946
1484556445.726581000 0 0
1484556445.748860000 68914 3474
1484556445.770524000 0 0
1484556445.780496000 18101 1809
1484556445.793032000 0 0
1484556445.815351000 50422 1366
1484556445.832535000 0 0
1484556446.125668000 20436 4148
1484556447.498265000 0 359
1484556447.509165000 0 0
1484556447.508276000 0 0
1484556448.869290000 0 621
1484556468.529113000 0 0
1484556468.531644000 0 0
1484556410.864704000 18432 17408
1484556468.559684000 0 0
1484556468.563538000 0 0
1484556468.571853000 0 0
1484556468.575577000 0 0
1484556468.585354000 0 0
1484556468.588259000 0 0
1484556468.590756000 0 0
1484556468.597011000 0 0
1484556468.671318000 0 0
1484556468.669250000 0 0
1484556468.678248000 0 0
1484556468.757680000 0 0
1484556468.755789000 0 0
1484556469.557962000 0 0
1484556469.556289000 0 0
1484556468.541124000 0 0
1484556482.553574000 0 0
1484556482.598320000 0 0
1484556482.603007000 0 0
1484556482.614207000 0 0
1484556482.624988000 0 0
1484556482.708370000 0 0
1484556482.734600000 0 0
1484556483.830218000 0 0
1484556482.745430000 0 0
1484556482.714301000 0 0
1484556482.620564000 578 0
1484556477.385357000 282 0
1484556483.845066000 1037 0
1484556483.870185000 513 0
1484556469.623894000 442 0
1484556469.626390000 1806 0
1484556469.629565000 1324 0
1484556469.633145000 1308 0
1484556483.858868000 1612 0
1484556469.637624000 1345 0
1484556483.980980000 0 0
1484556487.725426000 0 0
1484556487.730592000 0 0
1484556487.735144000 0 0
1484556487.739582000 0 0
1484556487.743378000 0 0
1484556487.748607000 0 0
1484556487.755210000 0 0
1484556485.977654000 0 0
1484556488.758851000 0 0
1484556488.761404000 0 0
1484556488.813431000 0 0
1484556487.800317000 0 784649
1484556490.774278000 0 0
1484556490.772616000 0 0
1484556491.100188000 0 0
1484556491.102858000 0 0
1484556491.140387000 0 0
1484556491.143041000 0 0
1484556491.145583000 0 0
1484556491.659560000 0 0
1484556492.784691000 0 0
1484556492.783710000 0 0
1484556490.841182000 24600 0
1484556494.793598000 0 0
1484556494.792566000 0 0
1484556488.842666000 1037 0
1484556488.959105000 1612 0
1484556488.975602000 513 0
1484556491.162297000 2048 0
1484556491.168033000 784649 0
1484556505.207036000 0 7468
1484556505.216852000 0 0
1484556505.216022000 0 0
1484556497.853663000 119 0
1484556483.985961000 494 0
1484556483.991835000 478 0
1484556483.994896000 509 0
1484556488.819425000 11170 0
1484556488.830919000 36352 0
1484556488.845051000 0 0
1484556488.848698000 7941 0
1484556488.856725000 20992 0
1484556488.864712000 15872 0
1484556488.871457000 8620 0
1484556488.879125000 5484 0
1484556488.885561000 16896 0
1484556488.894050000 13824 0
1484556488.903361000 6017 0
1484556488.913546000 6062 0
1484556488.923632000 6175 0
1484556488.931493000 8801 0
1484556488.939833000 9685 0
1484556488.950324000 9992 0
1484556488.961645000 0 0
1484556488.967100000 17408 0
1484556488.977947000 0 0
1484556488.981436000 10484 0
1484556488.989995000 9728 0
1484556488.759190000 282 0
1484556488.807607000 4096 0
1484556488.813886000 442 0
1484556488.816130000 1806 0
1484556488.818922000 1324 0
1484556488.821417000 1308 0
1484556488.835982000 1345 0
1484556497.835657000 342 0
1484556498.689509000 0 0
1484556157.213993000 3029 6848
1484556157.718556000 22912 6216
1484556158.329191000 17670 6962
1484556746.168917000 0 0
1484556746.178797000 1941 2033
1484556746.188293000 0 0
1484556746.214577000 26070 1590
1484556746.229998000 0 0
1484556746.249402000 21570 1186
1484556746.267434000 0 0
1484556746.290994000 49779 723
1484556746.308052000 0 0
1484556746.311648000 21925 1547
1484556746.324833000 0 0
1484556746.351434000 33850 1178
1484556746.366968000 0 0
1484556746.369837000 25647 1167
1484556746.383910000 0 0
1484556746.413285000 12567 375
1484556746.425892000 0 0
1484556746.453356000 26426 1950
1484556746.473633000 0 0
1484556746.554930000 19746 3458
1484556746.569810000 0 0
1484556746.600481000 39284 2520
1484556746.617569000 0 0
1484556746.635975000 3758 3850
1484556746.647289000 0 0
1484556746.662136000 9640 1544
1484556746.677652000 0 0
1484556746.889465000 48703 3747
1484556747.410556000 0 208787
1484556747.440594000 0 0
1484556747.439631000 0 0
1484556761.572506000 0 0
1484556761.618443000 0 0
1484556761.633585000 0 0
1484556761.641500000 0 28559
1484556761.660603000 0 0
1484556761.664486000 0 0
1484556761.667562000 0 0
1484556761.622396000 0 0
1484556761.670856000 0 0
1484556762.866869000 0 0
1484556762.872142000 0 0
1484556805.238986000 0 7766
1484556805.248915000 0 0
1484556805.247922000 0 0
1484556927.358576000 0 0
1484556936.832474000 0 0
1484556936.836000000 0 0
1484556936.844866000 0 0
1484556913.154945000 638 0
1484556913.218412000 756 0
1484556913.243037000 271 0
1484556913.258932000 132 0
1484556936.851894000 282 0
1484557037.149969000 0 0
1484557037.158543000 0 0
1484557037.161099000 0 0
1484557037.169465000 0 0
1484557037.172093000 0 0
1484557037.179470000 0 0
1484557037.222838000 0 0
1484557037.242014000 0 0
1484557037.255918000 0 0
1484557037.287626000 0 0
1484557038.717151000 0 0
1484557038.719994000 0 0
1484557038.728100000 0 0
1484557038.736603000 0 0
1484557038.740571000 0 0
1484557038.743962000 0 0
1484557038.747727000 0 0
1484557038.750799000 0 0
1484557038.753438000 0 0
1484557038.757542000 0 0
1484557038.760106000 0 0
1484557038.762917000 0 0
1484557038.765496000 0 0
1484557038.773286000 0 0
1484557038.788653000 0 0
1484557038.808763000 0 0
1484557038.839925000 0 0
1484557038.844582000 0 0
1484557038.847423000 0 0
1484557038.877222000 0 0
1484557037.183467000 544 0
1484557038.883124000 0 0
1484557038.893581000 0 0
1484557037.187747000 544 0
1484557038.898598000 0 0
1484557038.905747000 0 0
1484557037.192561000 544 0
1484557038.910387000 0 0
1484557038.917543000 0 0
1484557037.197447000 544 0
1484557038.923069000 0 0
1484557038.939641000 0 0
1484557037.201683000 544 0
1484557038.944725000 0 0
1484557038.951618000 0 0
1484557037.206145000 544 0
1484557038.956539000 0 0
1484557038.970476000 0 0
1484557037.210541000 544 0
1484557038.975155000 0 0
1484557038.984541000 0 0
1484557037.214929000 544 0
1484557038.989648000 0 0
1484557039.005134000 0 0
1484557037.219453000 544 0
1484557039.009924000 0 0
1484557039.017201000 0 0
1484557037.245369000 544 0
1484557039.021983000 0 0
1484557039.029301000 0 0
1484557037.249721000 544 0
1484557039.041570000 0 0
1484557039.050704000 0 0
1484557039.052867000 0 0
1484557039.054868000 0 0
1484557040.079338000 0 0
1484557040.083767000 0 0
1484557046.939400000 0 0
1484557046.950047000 2016 2086
1484557046.960240000 0 1423
1484557046.968848000 0 0
1484557046.979700000 2016 2086
1484557046.989024000 0 1423
1484557046.996737000 0 0
1484557047.016696000 109383 2983
1484557047.041389000 0 0
1484557047.064970000 100740 2532
1484557047.089113000 0 0
1484557047.155233000 144887 1627
1484557047.182021000 0 0
1484557047.206561000 1946 2038
1484557047.217908000 0 0
1484557047.226670000 1946 2038
1484557047.235393000 0 0
1484557047.255614000 16939 655
1484557047.269388000 0 0
1484557047.279801000 1942 2034
1484557047.291078000 0 0
1484557047.303766000 2011 2081
1484557047.313007000 0 1418
1484557047.320880000 0 0
1484557047.330228000 0 0
1484557047.359511000 120216 1532
1484557037.156049000 129 0
1484557037.167063000 129 0
1484557037.177401000 129 0
1484557037.240021000 129 0
1484557037.285049000 129 0
1484557038.734514000 282 0
1484557038.832527000 398 0
1484557040.089639000 80 0
1484557040.094420000 638 0
1484557040.100038000 84 0
1484557047.326287000 3765 9157
1484557105.268649000 0 7766
1484557105.277629000 0 0
1484557105.276739000 0 0
1484557135.309899000 0 0
1484557136.660875000 0 0
1484557136.787024000 0 0
1484557136.785565000 0 0
1484557137.167609000 0 0
1484557137.301320000 0 0
1484557137.305635000 0 0
1484557137.343774000 0 0
1484557137.346778000 0 0
1484557137.387646000 0 0
1484557137.120848000 4096 0
1484557137.418748000 282 0
1484557166.610136000 0 0
1484557166.668947000 0 0
1484557166.674398000 0 0
1484557166.680601000 0 0
1484557166.712620000 0 0
1484557166.709514000 0 0
1484557166.723928000 0 0
1484557166.721851000 0 0
1484557172.823910000 0 0
1484557172.827761000 0 0
1484557172.831091000 0 0
1484557179.818594000 0 0
1484557179.838572000 0 0
1484557179.853676000 0 0
1484557179.856912000 0 0
1484557179.862466000 0 0
1484557226.043801000 0 0
1484557226.046808000 0 0
1484557226.054944000 0 0
1484557226.063612000 0 0
1484557226.077998000 0 0
1484557226.080459000 0 0
1484557226.083061000 0 0
1484557226.085639000 0 0
1484557226.096673000 0 0
1484557226.099360000 0 0
1484557226.108077000 0 0
1484557226.110523000 0 0
1484557226.121620000 0 0
1484557226.124062000 0 0
1484557226.204357000 0 0
1484557226.262384000 0 0
1484557226.292645000 0 0
1484557226.459452000 0 0
1484557226.520012000 0 0
1484557226.547552000 0 0
1484557226.562852000 0 0
1484557226.599869000 0 0
1484557226.641098000 0 0
1484557226.665853000 0 0
1484557226.673240000 0 0
1484557226.681678000 0 0
1484557226.730588000 0 0
1484557226.762237000 0 0
1484557226.778000000 0 0
1484557226.784276000 0 0
1484557226.813428000 0 0
1484557226.827419000 0 0
1484557226.832250000 0 0
1484557226.844574000 0 0
1484557226.881857000 0 0
1484557227.153126000 0 0
1484557227.183816000 0 0
1484557227.278082000 0 0
1484557227.378800000 0 0
1484557227.443645000 0 0
1484557227.476194000 0 0
1484557227.515460000 0 0
1484557227.531251000 0 0
1484557227.560752000 0 0
1484557227.612219000 0 0
1484557227.637400000 0 0
1484557227.705566000 0 0
1484557227.747535000 0 0
1484557227.792867000 0 0
1484557227.827099000 0 0
1484557227.846026000 0 0
1484557227.917395000 0 0
1484557227.968422000 0 0
1484557228.064387000 0 0
1484557228.096396000 0 0
1484557228.118723000 0 0
1484557228.295838000 0 0
1484557228.342970000 0 0
1484557228.412026000 0 0
1484557228.445531000 0 0
1484557228.463148000 0 0
1484557228.469055000 0 0
1484557228.480079000 0 0
1484557228.488307000 0 0
1484557228.495641000 0 0
1484557228.512131000 0 0
1484557228.517340000 0 0
1484557228.547130000 0 0
1484557228.556862000 0 0
1484557228.578500000 0 0
1484557228.583743000 0 0
1484557228.589311000 0 0
1484557228.596237000 0 0
1484557228.608811000 0 0
1484557228.613636000 0 0
1484557228.631199000 0 0
1484557228.639060000 0 0
1484557228.674470000 0 0
1484557228.679479000 0 0
1484557228.687130000 0 0
1484557228.700690000 0 0
1484557228.723675000 0 0
1484557228.734292000 0 0
1484557228.763857000 0 0
1484557228.777164000 0 0
1484557228.791384000 0 0
1484557228.808147000 0 0
1484557228.894370000 0 0
1484557228.907190000 0 0
1484557228.979715000 0 0
1484557228.994511000 0 0
1484557229.033236000 0 0
1484557229.042063000 0 0
1484557229.092160000 0 0
1484557229.113072000 0 0
1484557229.121588000 0 0
1484557229.166010000 0 0
1484557229.186465000 0 0
1484557229.209518000 0 0
1484557229.241200000 0 0
1484557229.289935000 0 0
1484557229.306412000 0 0
1484557229.324819000 0 0
1484557229.359951000 0 0
1484557229.368444000 0 0
1484557229.373270000 0 0
1484557229.379402000 0 0
1484557230.185658000 0 0
1484557230.212520000 0 0
1484557230.217878000 0 0
1484557230.222710000 0 0
1484557230.226206000 0 0
1484557230.229509000 0 0
1484557230.232689000 0 0
1484557230.238116000 0 0
1484557230.241125000 0 0
1484557230.258300000 0 0
1484557230.264333000 0 0
1484557230.267993000 0 0
1484557230.271375000 0 0
1484557230.276876000 0 0
1484557230.280088000 0 0
1484557230.283034000 0 0
1484557230.286473000 0 0
1484557230.289947000 0 0
1484557230.293108000 0 0
1484557230.296099000 0 0
1484557230.306312000 0 0
1484557230.310964000 0 0
1484557230.314402000 0 0
1484557230.318392000 0 0
1484557230.321332000 0 0
1484557230.324343000 0 0
1484557230.327380000 0 0
1484557230.330555000 0 0
1484557230.333639000 0 0
1484557230.336628000 0 0
1484557230.339594000 0 0
1484557230.348753000 0 0
1484557230.353194000 0 0
1484557230.356820000 0 0
1484557230.362076000 0 0
1484557230.365089000 0 0
1484557230.368298000 0 0
1484557230.380155000 0 0
1484557230.384803000 0 0
1484557230.388147000 0 0
1484557230.391045000 0 0
1484557230.394035000 0 0
1484557230.397152000 0 0
1484557230.928596000 0 313355
1484557230.966512000 0 0
1484557225.963830000 312901 0
1484557230.965549000 0 0
1484557226.061459000 578 0
1484557226.072631000 504 0
1484557226.090739000 504 0
1484557226.102048000 282 0
1484557226.115602000 398 0
1484557405.298917000 0 7769
1484557405.310073000 0 0
1484557405.309055000 0 0
1484557434.585337000 0 0
1484557434.591074000 0 0
1484557435.956979000 0 313870
1484557435.995308000 0 0
1484557435.994425000 0 0
1484557440.416630000 0 0
1484557440.422843000 0 0
1484557647.048687000 0 0
1484557647.054708000 15360 3670
1484557647.477891000 0 0
1484557647.493618000 0 0
1484557705.331232000 0 7769
1484557705.340594000 0 0
1484557705.339545000 0 0
1484557804.934553000 0 0
1484557804.937164000 0 0
1484557804.945517000 0 0
1484557841.479161000 0 0
1484557841.483623000 0 0
1484557842.916131000 0 314344
1484557842.954115000 0 0
1484557842.953157000 0 0
1484557847.247435000 0 0
1484557847.251381000 0 0
1484557926.283198000 0 0
1484557926.342583000 0 0
1484557926.353818000 0 0
1484557137.259859000 0 64
1484557926.387329000 0 0
1484557137.198395000 675840 36864
1484557926.497342000 0 0
1484557926.495252000 0 0
1484557926.505818000 0 0
1484557136.663733000 0 0
1484557947.633162000 0 366
1484557947.643757000 0 0
1484557947.642891000 0 0
1484557068.266353000 0 12172
1484557647.481123000 22027 2167
1484557951.951326000 0 15210
1484558005.364974000 0 7773
1484558005.387826000 0 0
1484558005.386975000 0 0
1484558039.008440000 0 0
1484558039.177669000 0 0
1484558039.214064000 0 0
1484558039.364170000 0 0
1484558039.503774000 282 0
1484558042.423133000 119 0
1484558085.758628000 0 0
1484558085.848854000 0 0
1484556491.164027000 16896 17409
1484558086.150046000 0 0
1484558086.202629000 0 0
1484558085.899000000 0 802304
1484558086.434084000 0 0
1484558086.800107000 0 0
1484558086.228283000 0 0
1484558086.842846000 0 0
1484558086.294015000 0 0
1484558086.970528000 0 0
1484558086.925253000 0 0
1484558088.924709000 0 0
1484558088.922362000 0 0
1484558090.958478000 0 0
1484558090.938747000 0 0
1484558092.649707000 0 0
1484558092.853777000 0 0
1484558095.867248000 0 0
1484558095.900283000 0 0
1484558095.880469000 0 0
1484558095.915526000 0 0
1484558096.042339000 0 0
1484558097.641824000 0 0
1484558092.641604000 0 0
1484558087.061834000 17968 0
1484558087.102638000 2048 0
1484558087.112196000 2048 0
1484558087.429786000 1345 0
1484558091.892275000 0 0
1484558097.612169000 0 0
1484558102.939182000 0 0
1484558106.573800000 0 0
1484558108.596144000 0 0
1484558110.653476000 0 0
1484558110.677796000 0 0
1484558087.115418000 4096 0
1484558105.677586000 0 38045696
1484558112.712448000 0 0
1484558112.817896000 0 0
1484558112.838321000 0 0
1484558114.005942000 0 0
1484558087.127544000 442 0
1484558087.248364000 1806 0
1484558087.271327000 1324 0
1484558087.371054000 1308 0
1484558092.322425000 0 0
1484558092.793057000 1405 0
1484558101.374076000 114688 0
1484558105.569371000 37521408 0
1484558099.573669000 86016 0
1484558110.861917000 339968 0
1484558111.319638000 0 0
1484558110.677842000 0 0
1484558129.182233000 0 0
1484558129.180625000 0 0
1484558129.335278000 0 0
1484558129.391780000 0 0
1484558129.541889000 0 0
1484558129.547829000 0 0
1484558132.352247000 0 0
1484558129.479899000 0 0
1484558132.543262000 0 0
1484558133.704408000 0 0
1484558133.749011000 0 0
1484558132.543264000 0 0
1484558135.162709000 0 0
1484558135.390426000 0 0
1484558135.455983000 0 0
1484558135.462405000 0 0
1484558135.327527000 0 0
1484558136.090361000 0 0
1484558136.090255000 0 0
1484558133.295997000 6034 0
1484558133.915534000 7469 0
1484558134.466145000 5214 0
1484558136.173509000 0 0
1484558136.237254000 0 0
1484558136.237081000 0 0
1484558136.339670000 0 0
1484558136.366700000 0 0
1484558136.367832000 0 0
1484558136.339864000 0 0
1484558136.375012000 0 0
1484558136.380418000 0 0
1484558136.380313000 0 0
1484558136.422141000 0 0
1484558136.506654000 0 0
1484558136.518843000 0 0
1484558136.521759000 0 0
1484558136.502826000 0 0
1484558136.545665000 0 0
1484558136.536725000 0 0
1484558136.562680000 0 0
1484558136.655746000 0 0
1484558136.762947000 0 0
1484558136.880793000 0 0
1484558136.607413000 0 0
1484558136.916285000 0 0
1484558136.914528000 0 0
1484558137.087146000 0 0
1484558137.245619000 0 0
1484558137.245779000 0 0
1484558137.022716000 0 0
1484558137.258038000 0 0
1484558137.022704000 0 0
1484558137.346841000 0 0
1484558137.285398000 0 0
1484558137.605070000 0 0
1484558137.365988000 0 0
1484558137.765249000 0 0
1484558137.766859000 0 0
1484558137.584050000 0 0
1484558137.922670000 0 0
1484558137.947036000 0 0
1484558137.982718000 0 0
1484558138.029023000 0 0
1484558138.214271000 0 0
1484558138.321732000 0 0
1484558138.362321000 0 0
1484558138.429137000 0 0
1484558138.567441000 0 0
1484558139.000392000 0 0
1484558139.036236000 0 0
1484558139.189562000 0 0
1484558095.867136000 0 0
1484558139.314545000 0 0
1484558139.332753000 0 0
1484558139.930734000 0 0
1484558139.973531000 0 0
1484558139.308171000 282 0
1484558140.039706000 0 0
1484558140.157875000 0 0
1484558140.170068000 0 0
1484558140.040632000 0 0
1484558140.178560000 0 0
1484558140.196349000 0 0
1484558140.204326000 0 0
1484558140.214308000 0 0
1484558140.222744000 0 0
1484558140.225784000 0 0
1484558140.245792000 0 0
1484558140.250939000 0 0
1484558140.259896000 0 0
1484558140.258008000 0 0
1484558140.245802000 0 0
1484558140.198740000 282 0
1484558140.334030000 0 0
1484558112.981610000 578 0
1484558140.791211000 0 0
1484558140.791360000 0 0
1484558140.793540000 0 0
1484558140.891774000 0 0
1484558141.080909000 0 0
1484558140.316033000 0 0
1484558141.161839000 0 0
1484558141.196435000 0 0
1484558141.203980000 0 0
1484558141.311061000 0 0
1484558141.397747000 0 0
1484558141.397796000 0 0
1484558141.267185000 0 0
1484558141.418818000 0 0
1484558141.453753000 0 0
1484558141.473004000 0 0
1484558139.331173000 0 0
1484558141.620228000 0 0
1484558141.623400000 0 0
1484558141.620126000 0 0
1484558141.661645000 0 0
1484558141.791608000 442 0
1484558141.792648000 4096 0
1484558141.816675000 1806 0
1484558141.823520000 1324 0
1484558141.830366000 1308 0
1484558135.158859000 203929 0
1484558135.682207000 267051 0
1484558139.501688000 22040 0
1484558139.599816000 2048 0
1484558139.697327000 802304 0
1484558136.233822000 0 165
1484558141.633752000 0 0
1484558161.603188000 0 0
1484558141.887299000 1345 0
1484558141.964236000 4096 0
1484558161.695239000 63602 0
1484558180.388107000 0 0
1484558218.711784000 0 0
1484558218.869531000 0 0
1484558218.885959000 0 0
1484558218.463320000 0 0
1484558219.498380000 0 0
1484558219.577867000 0 0
1484558219.613546000 0 0
1484558219.613339000 0 0
1484558219.747110000 0 0
1484558219.747099000 0 0
1484558219.655575000 0 0
1484558219.871224000 0 0
1484558219.871056000 0 0
1484558219.895687000 0 0
1484558219.928070000 0 0
1484558220.063916000 0 0
1484558220.069772000 0 0
1484558220.133749000 0 0
1484558220.057570000 0 0
1484558220.168223000 0 0
1484558220.197512000 0 0
1484558220.200115000 0 0
1484558220.185063000 0 0
1484558220.284424000 0 0
1484558220.284091000 0 0
1484558220.284377000 0 0
1484558220.294198000 0 0
1484558220.300711000 0 0
1484558220.219456000 0 0
1484558220.343441000 0 0
1484558220.509870000 0 0
1484558220.520342000 0 0
1484558220.520353000 0 0
1484558220.413982000 0 0
1484558220.602576000 0 0
1484558220.701047000 0 0
1484558220.602609000 0 0
1484558220.775966000 0 0
1484558220.849763000 0 0
1484558220.849958000 0 0
1484558220.756534000 0 0
1484558220.915645000 0 0
1484558220.924291000 0 0
1484558220.985659000 0 0
1484558221.054240000 0 0
1484558221.127122000 0 0
1484558221.168722000 0 0
1484558221.290784000 0 0
1484558221.294771000 0 0
1484558221.308860000 0 0
1484558161.603247000 0 0
1484558222.640723000 0 0
1484558222.768642000 0 0
1484558224.641215000 0 0
1484558226.292730000 0 0
1484558226.305182000 0 0
1484558226.951268000 0 0
1484558227.031146000 0 0
1484558227.041938000 0 0
1484558227.141228000 0 0
1484558227.128225000 0 0
1484558227.253462000 0 0
1484558227.080024000 0 0
1484558227.364996000 0 0
1484558227.221395000 282 0
1484558227.410081000 0 0
1484558227.412762000 0 0
1484558227.410249000 0 0
1484558227.438878000 0 0
1484558227.482082000 0 0
1484558227.589027000 0 0
1484558227.619688000 0 0
1484558227.417968000 282 0
1484558227.684613000 0 0
1484558227.761451000 0 0
1484558227.761499000 0 0
1484558227.730182000 0 0
1484558227.832686000 0 0
1484558227.936053000 0 0
1484558227.936820000 0 0
1484558227.974261000 0 0
1484558227.990609000 0 0
1484558228.064752000 0 0
1484558228.201487000 0 0
1484558228.203932000 0 0
1484558228.063975000 0 0
1484558228.201479000 0 0
1484558228.219260000 0 0
1484558228.207226000 0 0
1484558228.354468000 442 0
1484558228.359382000 1806 0
1484558228.358637000 4096 0
1484558228.372005000 1324 0
1484558228.377465000 1308 0
1484558228.398743000 0 0
1484558228.413873000 0 0
1484558228.443104000 0 0
1484558228.482187000 0 0
1484558218.377354000 232731 0
1484558219.329467000 48429 0
1484558226.455964000 22040 0
1484558226.563593000 2048 0
1484558226.605668000 103936 0
1484556147.493451000 62534 63084
1484558247.658101000 0 359
1484558247.674622000 0 0
1484558247.673693000 0 0
1484558228.383343000 1345 0
1484558228.413716000 4096 0
1484557961.019719000 0 17814
1484558305.408563000 0 7773
1484558305.419502000 0 0
1484558305.418466000 0 0
1484558326.531057000 0 0
1484558133.675453000 0 0
1484558326.616673000 0 0
1484558328.646881000 0 0
1484558326.569919000 0 0
1484558330.861571000 0 0
1484558330.865809000 0 0
1484558330.868559000 0 0
1484558330.444165000 0 0
1484558334.191443000 0 0
1484558334.202957000 0 0
1484558334.205730000 0 0
1484558334.215044000 0 0
1484558334.217728000 0 0
1484558334.220703000 0 0
1484558334.227449000 0 0
1484558334.234379000 0 0
1484558334.232031000 0 0
1484558334.240352000 0 0
1484558334.244759000 0 0
1484558334.241518000 0 0
1484558334.285987000 0 0
1484558334.283727000 0 0
1484558329.744398000 52224 0
1484558334.319960000 0 0
1484558330.121693000 86016 0
1484558334.291041000 0 0
1484558334.328838000 0 0
1484558334.325363000 0 0
1484558334.335785000 0 0
1484558334.380808000 0 0
1484558334.357441000 0 0
1484558334.416405000 0 0
1484558334.408116000 0 0
1484558334.418981000 0 0
1484558334.415482000 0 0
1484558335.337314000 0 0
1484558336.262937000 0 0
1484558337.506380000 0 0
1484558337.510288000 0 0
1484558337.513788000 0 0
1484558337.525457000 0 0
1484558337.528107000 0 0
1484558337.530191000 0 0
1484558337.534587000 0 0
1484558337.613332000 0 0
1484558337.611823000 0 0
1484558337.620193000 0 0
1484558337.703665000 0 0
1484558337.701302000 0 0
1484558224.669266000 0 0
1484558338.524831000 0 0
1484558339.909646000 0 0
1484558339.997862000 0 0
1484558340.000684000 0 0
1484558340.005854000 0 0
1484558340.011136000 0 0
1484558330.402078000 303128 0
1484558330.888061000 8192 0
1484558330.896288000 38111232 0
1484558359.432028000 0 0
1484558359.458255000 0 0
1484558360.307498000 0 0
1484558360.314145000 0 0
1484558360.325621000 0 0
1484558360.331777000 0 0
1484558360.339488000 0 0
1484558360.344979000 0 0
1484558360.351446000 0 0
1484558360.972169000 0 0
1484558360.980375000 0 0
1484558360.986793000 0 0
1484558360.992958000 0 0
1484558360.999804000 0 0
1484558361.006181000 0 0
1484558361.011835000 0 0
1484558361.018348000 0 0
1484558361.024267000 0 0
1484558361.033758000 0 0
1484558361.040002000 0 0
1484558361.046212000 0 0
1484558361.052439000 0 0
1484558361.058844000 0 0
1484558361.068267000 0 0
1484558361.075488000 0 0
1484558361.081773000 0 0
1484558361.088306000 0 0
1484558361.096665000 0 0
1484558361.103058000 0 0
1484558361.109382000 0 0
1484558361.115757000 0 0
1484558361.121802000 0 0
1484558361.127669000 0 0
1484558361.134128000 0 0
1484558361.140130000 0 0
1484558361.146554000 0 0
1484558361.153264000 0 0
1484558361.159438000 0 0
1484558361.166306000 0 0
1484558361.173079000 0 0
1484558361.179288000 0 0
1484558361.184209000 0 0
1484558361.189229000 0 0
1484558361.194431000 0 0
1484558361.199926000 0 0
1484558361.205452000 0 0
1484558361.210511000 0 0
1484558361.216119000 0 0
1484558361.221517000 0 0
1484558361.227031000 0 0
1484558361.232390000 0 0
1484558361.237509000 0 0
1484558361.242978000 0 0
1484558361.248392000 0 0
1484558361.253737000 0 0
1484558361.259677000 0 0
1484558361.265987000 0 0
1484558361.272334000 0 0
1484558361.278261000 0 0
1484558361.284633000 0 0
1484558361.290175000 0 0
1484558361.296227000 0 0
1484558361.301831000 0 0
1484558361.308226000 0 0
1484558361.314209000 0 0
1484558361.320436000 0 0
1484558361.326527000 0 0
1484558361.332880000 0 0
1484558361.339336000 0 0
1484558361.345420000 0 0
1484558361.351520000 0 0
1484558361.357637000 0 0
1484558361.363942000 0 0
1484558361.370301000 0 0
1484558361.376512000 0 0
1484558361.382349000 0 0
1484558361.388552000 0 0
1484558361.394310000 0 0
1484558361.400338000 0 0
1484558361.406335000 0 0
1484558361.412319000 0 0
1484558361.418806000 0 0
1484558361.424773000 0 0
1484558361.431195000 0 0
1484558361.437461000 0 0
1484558361.443364000 0 0
1484558361.449715000 0 0
1484558361.456024000 0 0
1484558361.461902000 0 0
1484558361.468199000 0 0
1484558361.474047000 0 0
1484558361.480496000 0 0
1484558361.486721000 0 0
1484558361.492878000 0 0
1484558361.499265000 0 0
1484558361.505676000 0 0
1484558361.511541000 0 0
1484558361.517649000 0 0
1484558361.523730000 0 0
1484558361.529591000 0 0
1484558361.536020000 0 0
1484558361.541808000 0 0
1484558361.548154000 0 0
1484558361.554588000 0 0
1484558361.561113000 0 0
1484558361.567493000 0 0
1484558361.573756000 0 0
1484558361.580794000 0 0
1484558361.586842000 0 0
1484558361.592878000 0 0
1484558361.599265000 0 0
1484558361.605564000 0 0
1484558361.611504000 0 0
1484558361.617645000 0 0
1484558361.623813000 0 0
1484558361.630667000 0 0
1484558361.637192000 0 0
1484558361.643207000 0 0
1484558361.649618000 0 0
1484558361.656181000 0 0
1484558361.662685000 0 0
1484558361.669755000 0 0
1484558361.675882000 0 0
1484558361.682258000 0 0
1484558361.689757000 0 0
1484558361.695551000 0 0
1484558361.701189000 0 0
1484558361.706293000 0 0
1484558361.736703000 0 0
1484558361.741987000 0 0
1484558361.747031000 0 0
1484558361.752898000 0 0
1484558361.757748000 0 0
1484558361.763421000 0 0
1484558361.768944000 0 0
1484558361.775279000 0 0
1484558361.781365000 0 0
1484558361.787661000 0 0
1484558361.793228000 0 0
1484558361.799298000 0 0
1484558361.805342000 0 0
1484558361.811497000 0 0
1484558361.817427000 0 0
1484558361.823436000 0 0
1484558361.829321000 0 0
1484558361.837660000 0 0
1484558361.843584000 0 0
1484558361.849684000 0 0
1484558361.857398000 0 0
1484558361.863666000 0 0
1484558361.870302000 0 0
1484558361.877400000 0 0
1484558361.883651000 0 0
1484558361.889106000 0 0
1484558361.895800000 0 0
1484558361.901686000 0 0
1484558361.907635000 0 0
1484558361.914042000 0 0
1484558361.920385000 0 0
1484558361.926520000 0 0
1484558361.933343000 0 0
1484558361.940173000 0 0
1484558361.946830000 0 0
1484558361.953802000 0 0
1484558361.959711000 0 0
1484558361.966032000 0 0
1484558361.972599000 0 0
1484558361.978845000 0 0
1484558361.985091000 0 0
1484558361.991243000 0 0
1484558361.997024000 0 0
1484558362.001993000 0 0
1484558362.007149000 0 0
1484558362.019095000 0 0
1484558362.024659000 0 0
1484558362.031136000 0 0
1484558362.037407000 0 0
1484558362.043416000 0 0
1484558362.049662000 0 0
1484558362.057422000 0 0
1484558362.064201000 0 0
1484558362.070000000 0 0
1484558362.076939000 0 0
1484558362.083473000 0 0
1484558362.100720000 0 0
1484558362.268574000 0 0
1484558362.289151000 0 0
1484558362.295551000 0 0
1484558362.313159000 0 0
1484558362.318674000 0 0
1484558362.324665000 0 0
1484558362.331366000 0 0
1484558362.348811000 0 0
1484558362.382984000 0 0
1484558362.390032000 0 0
1484558362.407406000 0 0
1484558362.421516000 0 0
1484558362.439391000 0 0
1484558362.455510000 0 0
1484558362.494532000 0 0
1484558362.519002000 0 0
1484558362.525612000 0 0
1484558362.532473000 0 0
1484558362.539259000 0 0
1484558362.645589000 0 0
1484558362.656143000 0 0
1484558362.686286000 0 0
1484558362.704991000 0 0
1484558362.720298000 0 0
1484558362.749467000 0 0
1484558362.765801000 0 0
1484558362.770896000 0 0
1484558362.783234000 0 0
1484558362.794171000 0 0
1484558362.805093000 0 0
1484558362.794009000 0 0
1484558362.823082000 0 0
1484558362.827894000 0 0
1484558362.831869000 0 0
1484558362.836532000 0 0
1484558362.880206000 0 0
1484558362.907924000 0 0
1484558362.934955000 0 0
1484558362.953222000 0 0
1484558362.954226000 0 0
1484558362.965937000 0 0
1484558362.970754000 0 0
1484558362.975118000 0 0
1484558362.978888000 0 0
1484558363.002249000 0 0
1484558363.081524000 0 0
1484558363.088444000 0 0
1484558363.105262000 0 0
1484558363.212106000 0 0
1484558363.225286000 0 0
1484558363.235538000 0 0
1484558363.241272000 0 0
1484558363.255761000 0 0
1484558363.271195000 0 0
1484558363.282344000 0 0
1484558363.292779000 0 0
1484558363.302645000 0 0
1484558363.314426000 0 0
1484558363.323373000 0 0
1484558363.339942000 0 0
1484558363.345965000 0 0
1484558363.584374000 0 0
1484558363.591292000 0 0
1484558363.598441000 0 0
1484558363.605574000 0 0
1484558363.612011000 0 0
1484558363.618586000 0 0
1484558363.687896000 0 0
1484558363.700680000 0 0
1484558363.730290000 0 0
1484558363.737371000 0 0
1484558363.750215000 0 0
1484558363.758827000 0 0
1484558363.791690000 0 0
1484558363.797872000 0 0
1484558363.804426000 0 0
1484558363.811048000 0 0
1484558363.827409000 0 0
1484558363.833947000 0 0
1484558363.840249000 0 0
1484558363.849935000 0 0
1484558363.856399000 0 0
1484558363.863117000 0 0
1484558363.869551000 0 0
1484558363.875650000 0 0
1484558363.881744000 0 0
1484558363.887710000 0 0
1484558363.894318000 0 0
1484558363.900644000 0 0
1484558363.916534000 0 0
1484558363.922844000 0 0
1484558363.929515000 0 0
1484558363.936156000 0 0
1484558363.946197000 0 0
1484558363.953306000 0 0
1484558363.959666000 0 0
1484558365.372550000 0 0
1484558359.427468000 0 0
1484558371.059204000 0 0
1484558365.366460000 0 0
1484558372.385797000 0 0
1484558362.956856000 0 0
1484558373.866888000 0 0
1484558359.301835000 1345 0
1484558359.456142000 282 0
1484558359.437561000 1405 0
1484558409.349322000 0 0
1484558409.356403000 0 0
1484558409.383652000 0 0
1484558409.410340000 0 0
1484558409.416727000 0 0
1484558409.429202000 0 0
1484558409.575241000 0 0
1484558409.581502000 0 0
1484558409.587834000 0 0
1484558409.594167000 0 0
1484558412.979021000 0 0
1484558371.101178000 0 0
1484558417.471975000 0 0
1484558417.917373000 0 0
1484558417.922157000 0 0
1484558417.926042000 0 0
1484558417.517662000 0 0
1484558418.534980000 0 0
1484558418.547910000 0 0
1484558418.554479000 0 0
1484558418.577859000 0 0
1484558418.597783000 0 0
1484558418.602892000 0 0
1484558418.620443000 0 0
1484558418.657647000 0 0
1484558418.639565000 0 0
1484558418.718285000 0 0
1484558418.718582000 0 0
1484558418.678767000 0 0
1484558418.759333000 0 0
1484558418.817728000 0 0
1484558418.793140000 0 0
1484558418.853244000 0 0
1484558418.853967000 0 0
1484558418.850963000 0 0
1484558418.849514000 0 0
1484558419.104995000 0 0
1484558419.117669000 0 0
1484558419.120971000 0 0
1484558419.124293000 0 0
1484558419.374336000 0 0
1484558419.375477000 0 0
1484558421.319973000 0 0
1484558421.415711000 0 0
1484558421.608806000 0 0
1484558421.806701000 0 0
1484558421.809523000 0 0
1484558421.812520000 0 0
1484558421.818012000 0 0
1484558421.799760000 0 0
1484558421.465300000 0 0
1484558422.059557000 0 0
1484558422.020729000 0 0
1484558422.088444000 0 0
1484558422.119253000 0 0
1484558422.118049000 0 0
1484558422.127180000 0 0
1484558422.130325000 0 0
1484558422.134059000 0 0
1484558422.141343000 0 0
1484558419.103872000 0 165
1484558423.951950000 0 0
1484558423.961824000 0 0
1484558423.981781000 0 0
1484558424.001757000 0 0
1484558424.021792000 0 0
1484558424.049263000 0 0
1484558424.059619000 0 0
1484558424.063212000 0 0
1484558424.061923000 0 0
1484558424.073330000 0 0
1484558424.117421000 0 0
1484558424.118490000 0 0
1484558424.192732000 0 0
1484558424.182013000 0 0
1484558417.976813000 0 0
1484558338.518107000 0 0
1484558426.127154000 0 0
1484558426.126045000 0 0
1484558417.393621000 2651522 0
1484558417.981152000 5878366 0
1484558424.453143000 0 0
1484558428.914323000 0 0
1484558428.920119000 0 0
1484558428.924902000 0 0
1484558428.724773000 0 0
1484558430.691096000 0 0
1484558430.701109000 0 0
1484558430.720996000 0 0
1484558430.750949000 0 0
1484558430.770954000 0 0
1484558430.800988000 0 0
1484558430.822361000 0 0
1484558430.824584000 0 0
1484558430.820866000 0 0
1484558430.830264000 0 0
1484558430.831857000 0 0
1484558430.829867000 0 0
1484558430.860691000 0 0
1484558430.837082000 0 0
1484558430.924441000 0 0
1484558430.921093000 0 0
1484558431.011200000 0 0
1484558430.975972000 0 0
1484558431.030181000 0 0
1484558431.028384000 0 0
1484558431.036725000 0 0
1484558431.048151000 0 0
1484558431.051566000 0 0
1484558431.054547000 0 0
1484558431.532490000 0 0
1484558431.536747000 0 0
1484558431.535654000 0 0
1484558432.874077000 0 0
1484558432.877847000 0 0
1484558432.915936000 0 0
1484558432.922874000 0 0
1484558432.925817000 0 0
1484558432.928843000 0 0
1484558432.934465000 0 0
1484558433.121199000 0 0
1484558433.056404000 0 0
1484558433.177235000 0 0
1484558433.421188000 0 0
1484558433.294263000 0 0
1484558433.685418000 0 0
1484558433.797089000 0 0
1484558433.800203000 0 0
1484558433.804158000 0 0
1484558433.815551000 0 0
1484558426.132598000 0 0
1484558434.079776000 0 0
1484558434.078632000 0 0
1484558436.063751000 0 0
1484558436.065797000 0 0
1484558428.647127000 342248 0
1484558430.035770000 3717010 0
1484558419.402433000 723968 0
1484558431.035437000 0 165
1484558499.960586000 0 0
1484558499.963409000 0 0
1484558500.039281000 0 0
1484558500.051942000 0 0
1484558500.082039000 0 0
1484558500.122132000 0 0
1484558500.119439000 0 0
1484558500.124364000 0 0
1484558500.127393000 0 0
1484558500.128338000 0 0
1484558500.130035000 0 0
1484558500.154587000 0 0
1484558500.210931000 0 0
1484558500.209221000 0 0
1484558500.262001000 0 0
1484558500.226489000 0 0
1484558500.289948000 0 0
1484558500.287581000 0 0
1484558500.783349000 0 0
1484558500.788560000 0 0
1484558500.787381000 0 0
1484558430.030208000 0 0
1484558508.860661000 0 0
1484558508.863066000 0 0
1484558226.567686000 18432 16896
1484558508.911609000 0 0
1484558508.928109000 0 0
1484558508.931079000 0 0
1484558508.946150000 0 0
1484558508.960088000 0 0
1484558508.950142000 282 0
1484558509.009861000 0 0
1484558509.022167000 0 0
1484558509.022005000 0 0
1484558508.999015000 0 0
1484558509.033005000 0 0
1484558509.031900000 0 0
1484558509.047263000 0 0
1484558509.030204000 282 0
1484558509.160042000 0 0
1484558509.140861000 0 0
1484558509.912432000 0 0
1484558509.907917000 0 0
1484558509.909100000 0 0
1484558509.914847000 0 0
1484558510.293121000 0 0
1484558510.291558000 0 0
1484558500.819244000 103424 0
1484558500.815395000 106602 0
1484558501.307301000 0 0
1484558513.848349000 0 0
1484558139.603154000 26112 17408
1484558513.867953000 0 0
1484558513.871543000 0 0
1484558513.874332000 0 0
1484558513.878496000 0 0
1484558513.889063000 0 0
1484558513.897608000 0 0
1484558513.913866000 0 0
1484558513.929448000 0 0
1484558513.961995000 0 0
1484558513.960292000 0 0
1484558509.965016000 442 0
1484558509.970454000 1806 0
1484558509.975724000 1324 0
1484558509.983079000 1308 0
1484558509.989484000 1345 0
1484558513.989272000 0 0
1484558513.986291000 0 0
1484558513.995361000 0 0
1484558514.079541000 0 0
1484558514.076779000 0 0
1484558514.468601000 0 0
1484558514.468314000 0 0
1484558514.497466000 0 0
1484558514.477716000 0 0
1484558514.487519000 0 0
1484558508.880048000 0 0
1484558513.863727000 0 0
1484558514.549449000 442 0
1484558514.553392000 1806 0
1484558514.556296000 1324 0
1484558514.559424000 1308 0
1484558514.563787000 1345 0
1484558605.467601000 0 7773
1484558605.479333000 0 0
1484558605.477763000 0 0
1484558762.106773000 0 0
1484558762.144629000 0 0
1484558762.149676000 0 0
1484558762.159688000 0 0
1484558762.188893000 0 0
1484558762.193464000 0 0
1484558762.181165000 0 0
1484558765.315447000 0 0
1484558766.695232000 0 0
1484558766.679791000 0 0
1484558762.168492000 398 0
1484558762.201288000 282 0
1484558762.254777000 80 0
1484558762.261037000 638 0
1484558762.266677000 84 0
1484558831.913264000 0 0
1484558843.185159000 0 0
1484558845.509822000 0 0
1484558434.057705000 0 0
1484558844.888556000 0 0
1484558846.455427000 0 0
1484558846.459511000 0 0
1484558330.891733000 677376 52224
1484558843.191580000 0 38304256
1484558846.464347000 0 0
1484558846.471373000 0 0
1484558846.504584000 0 0
1484558846.519373000 0 0
1484558846.525905000 0 0
1484558846.471537000 54784 0
1484558846.497429000 4096 0
1484558846.529352000 0 0
1484558846.490940000 0 0
1484558846.451419000 0 0
1484558847.237031000 0 0
1484558847.240349000 0 0
1484558850.228527000 0 0
1484558850.233240000 0 0
1484558851.460634000 0 0
1484558851.522432000 0 0
1484558851.539130000 0 0
1484558851.542984000 0 0
1484558219.208116000 0 0
1484558851.528038000 0 49146
1484558851.569118000 0 0
1484558851.577692000 0 0
1484558851.583741000 0 0
1484558851.590423000 0 0
1484558851.553064000 0 0
1484558851.595568000 0 0
1484558851.561751000 0 0
1484558219.604138000 0 165
1484558851.720956000 0 0
1484558851.756705000 0 0
1484558851.761596000 0 0
1484558851.774486000 0 0
1484558846.505131000 22418 0
1484558851.854525000 0 0
1484558851.864461000 0 0
1484558851.865315000 0 0
1484558851.868771000 0 0
1484558851.855891000 0 0
1484558851.875690000 0 0
1484558851.955785000 0 0
1484558851.966591000 0 0
1484558851.934389000 0 0
1484558851.984562000 0 0
1484558851.984436000 0 0
1484558851.970909000 0 0
1484558858.156607000 0 0
1484558858.160666000 0 0
1484558858.194289000 0 0
1484558858.197825000 0 0
1484558135.544798000 0 0
1484558858.165070000 0 267051
1484558858.222501000 0 0
1484558858.231284000 0 0
1484558858.236549000 0 0
1484558858.242920000 0 0
1484558858.207690000 0 0
1484558858.248273000 0 0
1484558858.215190000 0 0
1484558860.497044000 0 0
1484558860.514878000 0 0
1484558860.530656000 0 0
1484558860.554633000 0 0
1484558860.604716000 0 0
1484558860.614571000 0 0
1484558860.624613000 0 0
1484558860.630428000 0 0
1484558860.634030000 0 0
1484558860.630231000 0 0
1484558860.658031000 0 0
1484558860.656354000 0 0
1484558860.684731000 0 0
1484558860.684567000 0 0
1484558860.666017000 0 0
1484558846.545843000 347184 0
1484558846.547978000 7680 0
1484558860.784827000 0 0
1484558846.519687000 0 0
1484558860.744091000 0 0
1484558861.165923000 0 0
1484558851.607492000 48 0
1484558851.611377000 0 0
1484558858.260492000 48 0
1484558858.264900000 0 0
1484558905.504947000 0 7773
1484558905.517931000 0 0
1484558905.516213000 0 0
1484558919.727016000 0 0
1484558926.148091000 0 0
1484558928.505132000 0 0
1484558927.884062000 0 0
1484558929.449001000 0 0
1484558929.452918000 0 0
1484558846.549261000 7680 0
1484558926.156418000 0 38304256
1484558929.466061000 0 0
1484558929.460330000 0 0
1484558929.494155000 0 0
1484558929.507715000 0 0
1484558929.513670000 0 0
1484558929.517385000 0 0
1484558929.483427000 0 0
1484558929.463900000 80384 0
1484558929.489155000 20480 0
1484558929.527275000 0 0
1484558847.213794000 0 0
1484558930.198202000 0 0
1484558930.199526000 0 0
1484558933.194846000 0 0
1484558933.196453000 0 0
1484558929.524113000 256560 0
1484558929.526118000 7680 0
1484558929.490147000 22418 0
1484558929.501939000 0 0
1484558950.372244000 0 0
1484558950.376655000 0 0
1484558950.381899000 0 219
1484558950.393161000 0 0
1484558950.400562000 219 0
1484558950.408242000 0 0
1484559119.327953000 0 0
1484559119.331614000 0 0
1484559119.335870000 0 219
1484559119.345761000 0 0
1484559119.352621000 219 0
1484559119.357727000 0 0
1484559205.549252000 0 7773
1484559205.562033000 0 0
1484559205.560252000 0 0
1484559248.522909000 0 0
1484559248.526422000 0 0
1484559248.530501000 0 219
1484559248.540177000 0 0
1484559248.546789000 219 0
1484559248.551767000 0 0
1484559289.037316000 0 0
1484559298.240109000 0 0
1484559299.951119000 0 0
1484558930.193042000 0 0
1484559300.572412000 0 0
1484559301.649813000 0 0
1484559301.654057000 0 0
1484558929.531484000 7680 0
1484559298.249279000 0 39868416
1484559301.666633000 0 0
1484559301.660307000 0 0
1484559301.701668000 0 0
1484559301.714240000 0 0
1484559301.720814000 0 0
1484559301.725245000 0 0
1484559301.690027000 0 0
1484559301.664721000 77824 0
1484559301.698164000 23040 0
1484559301.736062000 0 0
1484559302.296670000 0 0
1484559302.300209000 0 0
1484559304.738090000 0 0
1484559304.739641000 0 0
1484559301.732636000 316848 0
1484559301.734801000 8192 0
1484559301.700146000 22418 0
1484559301.714050000 0 0
1484559381.144054000 0 0
1484559387.887043000 0 0
1484559389.589872000 0 0
1484559390.210938000 0 0
1484559391.287756000 0 0
1484559391.291808000 0 0
1484559301.740259000 8192 0
1484559387.893768000 0 39868416
1484559391.297666000 0 0
1484559391.333366000 0 0
1484559391.305393000 0 0
1484559391.345830000 0 0
1484559391.352492000 0 0
1484559391.359118000 0 0
1484559391.325864000 0 0
1484559391.305925000 32768 0
1484559391.336569000 75776 0
1484559391.966738000 0 0
1484559391.968372000 0 0
1484559394.304899000 0 0
1484559394.306256000 0 0
1484559391.371373000 431472 0
1484559391.373211000 8192 0
1484559391.342724000 22418 0
1484559391.356174000 0 0
1484559423.637868000 0 0
1484559423.641162000 0 0
1484559423.650806000 0 0
1484559453.448219000 0 0
1484559463.046260000 0 0
1484559301.649609000 0 0
1484559464.756568000 0 0
1484559465.378338000 0 0
1484559466.453904000 0 0
1484559466.457995000 0 0
1484559391.374500000 8192 0
1484559463.052906000 0 39868416
1484559466.500074000 0 0
1484559466.516095000 0 0
1484559466.489920000 0 0
1484559466.521235000 0 0
1484559466.490986000 4096 0
1484559466.469237000 104448 0
1484559466.528120000 0 0
1484559466.523089000 0 0
1484559467.026157000 0 0
1484559467.027738000 0 0
1484559469.030283000 0 0
1484559469.033821000 0 0
1484559471.030656000 0 0
1484559471.032484000 0 0
1484559466.537282000 431472 0
1484559466.542107000 8192 0
1484559483.882499000 0 0
1484559483.885019000 0 0
1484559483.893189000 0 0
1484559466.498634000 22418 0
1484559466.510858000 0 0
1484556157.080776000 14450 13578
1484559505.605958000 0 7773
1484559505.616931000 0 0
1484559505.615563000 0 0
1484559515.617021000 0 0
1484559524.175361000 0 0
1484559525.880419000 0 0
1484559525.880466000 0 0
1484559527.300476000 0 0
1484559526.501768000 0 0
1484559527.573534000 0 0
1484559527.581643000 0 0
1484559527.583861000 0 0
1484559527.588052000 0 0
1484559466.546019000 8192 0
1484559524.182697000 0 39868416
1484559527.631295000 0 0
1484559527.645801000 0 0
1484559527.620076000 0 0
1484559527.650985000 0 0
1484559527.618941000 4096 0
1484559527.597881000 104448 0
1484559527.657258000 0 0
1484559527.653095000 0 0
1484559528.637714000 0 0
1484559528.639135000 0 0
1484559530.634927000 0 0
1484559530.633382000 0 0
1484559532.638174000 0 0
1484559532.636317000 0 0
1484559527.666918000 431472 0
1484559527.671928000 8192 0
1484559527.616707000 22418 0
1484559527.631628000 0 0
1484559527.589695000 282 0
1484559558.899614000 0 0
1484559558.902026000 0 0
1484559558.910541000 0 0
1484559597.345267000 0 3691
1484559597.360567000 0 0
1484559597.358725000 0 0
1484559600.526883000 0 0
1484559600.530496000 0 0
1484559600.584531000 0 0
1484559600.614946000 0 0
1484559600.645100000 0 0
1484559600.666970000 0 0
1484559600.662990000 0 0
1484559600.672635000 0 0
1484559600.672983000 0 0
1484559600.675720000 0 0
1484559600.694963000 0 0
1484559600.717035000 0 0
1484559600.754176000 0 0
1484559600.751900000 0 0
1484559600.799166000 0 0
1484559600.794257000 0 0
1484559600.817540000 0 0
1484559600.814619000 0 0
1484559527.676073000 8192 0
1484559617.414185000 0 0
1484559617.504398000 0 0
1484559617.511226000 0 0
1484559617.522068000 0 0
1484559621.769022000 0 0
1484559622.112364000 0 0
1484559622.137407000 0 0
1484559624.986472000 0 0
1484559624.989328000 0 0
1484559615.608661000 98304 0
1484559617.532082000 578 0
1484559619.315734000 86016 0
1484559622.135438000 282 0
1484559622.217233000 0 0
1484559622.217550000 0 0
1484559622.217007000 0 0
1484559625.019177000 0 0
1484559625.190617000 0 0
1484559625.202281000 0 0
1484559625.207939000 0 0
1484559625.212939000 0 0
1484559625.372024000 0 0
1484559622.120923000 0 0
1484559625.730629000 0 0
1484559625.737789000 0 0
1484559625.735000000 0 0
1484559625.736335000 0 0
1484559625.199005000 0 39936
1484559625.116932000 142460 0
1484559624.916728000 494 0
1484559625.057728000 450 0
1484559625.794569000 442 0
1484559625.806974000 0 0
1484559626.010518000 0 0
1484559626.016394000 0 0
1484559626.023260000 0 0
1484559626.030182000 0 0
1484559626.037658000 0 0
1484559626.046945000 0 0
1484559626.052702000 0 0
1484559626.058824000 0 0
1484559626.064698000 0 0
1484559626.070554000 0 0
1484559626.076767000 0 0
1484559626.082311000 0 0
1484559626.088427000 0 0
1484559626.095809000 0 0
1484559626.102442000 0 0
1484559626.108014000 0 0
1484559626.114422000 0 0
1484559626.120844000 0 0
1484559626.126322000 0 0
1484559626.134098000 0 0
1484559626.140842000 0 0
1484559626.147921000 0 0
1484559626.154382000 0 0
1484559626.160433000 0 0
1484559626.166591000 0 0
1484559626.172781000 0 0
1484559626.178675000 0 0
1484559626.184833000 0 0
1484559626.190913000 0 0
1484559626.196618000 0 0
1484559626.203264000 0 0
1484559626.211310000 0 0
1484559626.217593000 0 0
1484559626.223815000 0 0
1484559626.230154000 0 0
1484559626.236333000 0 0
1484559626.242557000 0 0
1484559626.248550000 0 0
1484559626.283642000 0 0
1484559628.642451000 0 0
1484559628.650109000 0 0
1484559628.656869000 0 0
1484559628.662647000 0 0
1484559628.669467000 0 0
1484559628.675413000 0 0
1484559628.681950000 0 0
1484559628.688423000 0 0
1484559628.694883000 0 0
1484559628.701066000 0 0
1484559628.706836000 0 0
1484559628.712905000 0 0
1484559628.719944000 0 0
1484559628.726376000 0 0
1484559628.733540000 0 0
1484559628.739709000 0 0
1484559628.746312000 0 0
1484559628.752676000 0 0
1484559628.758674000 0 0
1484559628.764797000 0 0
1484559628.770832000 0 0
1484559628.780142000 0 0
1484559629.907597000 0 0
1484559629.914703000 0 0
1484559629.921415000 0 0
1484559629.928646000 0 0
1484559631.875265000 0 0
1484559625.379957000 0 0
1484559634.220539000 0 0
1484559635.910182000 0 0
1484559636.001798000 0 0
1484559631.867805000 0 0
1484559631.908218000 0 0
1484559634.179560000 0 0
1484559634.255605000 0 0
1484559635.987120000 0 0
1484559625.800485000 1806 0
1484559625.806011000 1324 0
1484559625.811345000 1308 0
1484559625.817211000 1345 0
1484559626.868102000 450 0
1484559622.123190000 956 0
1484559622.128499000 1018 0
1484559622.117788000 988 0
1484559663.970429000 0 0
1484559664.123109000 0 0
1484559667.561281000 0 0
1484559667.577608000 0 0
1484559667.583381000 0 0
1484559667.595089000 0 0
1484559667.604366000 0 0
1484559667.610854000 0 0
1484559667.621235000 0 0
1484559667.643833000 0 0
1484559667.716625000 0 0
1484559667.719987000 0 0
1484559667.721667000 0 0
1484559667.713909000 0 0
1484559667.741129000 0 0
1484559667.728794000 0 0
1484559667.762843000 0 0
1484559667.805407000 0 0
1484559667.803081000 0 0
1484559668.490309000 0 0
1484559669.583261000 0 0
1484559669.601789000 0 0
1484559669.601718000 0 0
1484559669.605831000 0 0
1484559669.616904000 0 0
1484559669.619086000 0 0
1484559669.621046000 0 0
1484559669.625435000 0 0
1484559669.683763000 0 0
1484559669.681660000 0 0
1484559669.691517000 0 0
1484559669.771081000 0 0
1484559669.769516000 0 0
1484559465.998852000 0 0
1484559670.625486000 0 0
1484559671.182867000 0 0
1484559671.221211000 0 0
1484559671.224425000 0 0
1484559671.229285000 0 0
1484559671.236148000 0 0
1484559681.020125000 0 3693
1484559681.033729000 0 0
1484559681.031815000 0 0
1484559664.129058000 206296 0
1484559664.131198000 8192 0
1484559664.158909000 39868416 0
1484559736.345794000 0 0
1484559736.349209000 0 0
1484559736.357881000 0 0
1484559757.058758000 0 0
1484559757.089035000 0 0
1484559757.093454000 0 0
1484559757.098653000 0 0
1484559805.649821000 0 7773
1484559805.665007000 0 0
1484559805.663262000 0 0
1484559796.308460000 119 0
1484559796.252137000 342 0
1484559849.019746000 0 0
1484559670.619009000 0 0
1484559850.720892000 0 0
1484559664.133797000 749568 50176
1484559852.445192000 0 0
1484559852.455101000 0 0
1484559849.027088000 0 39868416
1484559852.492496000 0 0
1484559852.511564000 0 0
1484559852.464512000 0 0
1484559852.520009000 0 0
1484559852.432672000 143360 0
1484559852.479461000 0 0
1484559852.526802000 0 0
1484559852.528769000 0 0
1484559852.981099000 0 0
1484559852.551677000 8192 0
1484559853.052201000 0 0
1484559853.061018000 0 0
1484559853.065780000 0 0
1484559853.078295000 0 0
1484559853.089995000 0 0
1484559853.092715000 0 0
1484559853.097891000 0 0
1484559853.156847000 0 0
1484559853.150904000 0 0
1484559853.164735000 0 0
1484559853.161344000 0 0
1484559853.174381000 0 0
1484559853.172793000 0 0
1484559853.202309000 0 0
1484559853.245921000 0 0
1484559853.242871000 0 0
1484559854.989891000 0 0
1484559856.980728000 0 0
1484559861.175942000 0 0
1484556083.487086000 0 0
1484559853.049924000 0 0
