1484550642.254429000 0 0
1484550642.300998000 0 0
1484550642.303989000 0 0
1484550642.312210000 0 0
1484550642.140950000 282 0
1484550644.124069000 282 0
1484550653.210763000 0 0
1484550653.665217000 0 0
1484550653.667963000 0 0
1484550653.676311000 0 0
1484550653.931997000 0 0
1484550655.344604000 0 0
1484550655.346541000 0 0
1484550656.796332000 0 0
1484550657.601057000 0 0
1484550657.789055000 0 0
1484550657.791766000 0 0
1484550657.866624000 0 0
1484550657.869485000 0 0
1484550657.872074000 0 0
1484550657.874548000 0 0
1484550656.807899000 455 0
1484550656.812429000 1121 0
1484550656.816685000 363 0
1484550656.820945000 1404 0
1484550656.825561000 1166 0
1484550656.830388000 1272 0
1484550657.796770000 402 0
1484550657.879909000 504 0
1484550651.176098000 282 0
1484550666.487947000 0 0
1484550667.856793000 0 0
1484550667.860970000 0 0
1484550667.869268000 0 0
1484550667.873016000 0 0
1484550667.876477000 0 0
1484550667.888628000 0 0
1484550667.891440000 0 0
1484550667.893929000 0 0
1484550667.896402000 0 0
1484550667.914089000 0 0
1484550667.916332000 0 0
1484550660.949049000 455 0
1484550660.951245000 0 0
1484550660.954687000 1121 0
1484550660.956983000 0 0
1484550660.960376000 363 0
1484550660.962131000 0 0
1484550660.965293000 1404 0
1484550660.967656000 0 0
1484550660.972250000 1166 0
1484550660.974464000 0 0
1484550661.533347000 1272 0
1484550676.894228000 0 0
1484550661.160229000 7643 0
1484550661.535766000 0 0
1484550667.881951000 430 0
1484550667.902120000 504 0
1484550667.920823000 402 0
1484550705.514637000 0 0
1484550705.516794000 0 0
1484550685.884590000 282 0
1484550709.815073000 0 0
1484550705.519825000 1121 0
1484550709.918718000 1272 0
1484550710.778470000 1166 0
1484550710.815552000 0 0
1484550710.808278000 1404 0
1484550710.811017000 0 0
1484550710.833168000 1272 0
1484550710.803819000 0 0
1484550710.797375000 0 0
1484550710.788641000 0 0
1484550735.444518000 0 0
1484550710.825249000 7643 0
1484550710.835632000 0 0
1484550710.801581000 363 0
1484550710.793810000 1121 0
1484550710.785680000 455 0
1484550715.156610000 564 0
1484550789.567642000 0 0
1484550789.584108000 282 0
1484551056.701095000 0 0
1484551056.714892000 282 0
1484551401.334028000 0 0
1484551401.382945000 0 0
1484551401.385386000 0 0
1484551401.393104000 0 0
1484551401.800121000 0 0
1484551401.804334000 0 0
1484551379.991236000 564 0
1484551401.396263000 402 0
1484551561.329053000 0 0
1484551561.375439000 0 0
1484551561.378856000 0 0
1484551561.379491000 0 0
1484551561.386635000 0 0
1484551561.390930000 0 0
1484551561.389687000 0 0
1484551561.399418000 0 0
1484551561.403164000 0 0
1484551561.417272000 0 0
1484551561.420683000 0 0
1484551561.423533000 0 0
1484551561.429242000 0 0
1484551561.443380000 0 0
1484551561.445736000 0 0
1484551561.448495000 0 0
1484551561.451349000 0 0
1484551561.470438000 0 0
1484551561.473179000 0 0
1484551561.475763000 0 0
1484551561.495602000 0 0
1484551561.498604000 0 0
1484551561.397047000 282 0
1484551561.409107000 430 0
1484551561.426493000 402 0
1484551561.435476000 504 0
1484551561.456487000 504 0
1484551561.480766000 402 0
1484552461.400287000 0 0
1484552461.427636000 0 0
1484552461.430759000 0 0
1484552461.433594000 0 0
1484552461.435548000 0 0
1484552461.446774000 0 0
1484552461.444988000 0 0
1484552461.457145000 0 0
1484552461.460935000 0 0
1484552461.476050000 0 0
1484552461.479764000 0 0
1484552461.482996000 0 0
1484552461.490390000 0 0
1484552461.504593000 0 0
1484552461.507602000 0 0
1484552461.510556000 0 0
1484552461.513431000 0 0
1484552461.531942000 0 0
1484552461.534421000 0 0
1484552461.537041000 0 0
1484552461.557268000 0 0
1484552461.560066000 0 0
1484552461.453763000 282 0
1484552461.466796000 430 0
1484552461.487709000 402 0
1484552461.496474000 504 0
1484552461.518186000 504 0
1484552461.542071000 402 0
1484552492.123098000 0 0
1484552492.127162000 0 0
1484552492.135993000 0 0
1484552492.142383000 0 0
1484552492.145996000 0 0
1484552492.158950000 0 0
1484552492.162598000 0 0
1484552492.165787000 0 0
1484552492.171391000 0 0
1484552492.184891000 0 0
1484552492.187986000 0 0
1484552492.190976000 0 0
1484552492.204685000 0 0
1484552492.207850000 0 0
1484552492.222452000 0 0
1484552492.225228000 0 0
1484552492.245496000 0 0
1484552492.248189000 0 0
1484552493.552285000 0 0
1484552493.554688000 0 0
1484552495.877183000 0 0
1484552495.881313000 0 0
1484552495.885155000 0 0
1484552495.888239000 0 0
1484552495.897899000 0 0
1484552495.900979000 0 0
1484552495.904127000 0 0
1484552495.913377000 0 0
1484552495.916088000 0 0
1484552495.919133000 0 0
1484552495.933916000 0 0
1484552495.936748000 0 0
1484552495.952374000 0 0
1484552495.955282000 0 0
1484552492.149759000 430 0
1484552492.168733000 402 0
1484552492.175847000 504 0
1484552492.196241000 504 0
1484552492.230461000 402 0
1484552492.139948000 282 0
1484552538.145535000 0 0
1484552542.727760000 0 0
1484551401.807985000 0 0
1484552542.741611000 0 0
1484552542.769169000 0 0
1484552542.776208000 0 0
1484552542.779900000 0 0
1484552542.788786000 0 0
1484552542.794730000 0 0
1484552542.801580000 0 0
1484552542.819159000 0 0
1484552547.121823000 282 0
1484552783.084001000 0 0
1484552783.097161000 282 0
1484552938.408959000 0 0
1484552938.739411000 0 0
1484552938.904971000 0 0
1484552938.908619000 0 0
1484552938.917166000 0 0
1484552938.932738000 0 0
1484552938.935468000 0 0
1484552938.937844000 0 0
1484552938.940305000 0 0
1484552938.962738000 0 0
1484552938.965637000 0 0
1484552938.968383000 0 0
1484552938.971011000 0 0
1484552953.224863000 0 0
1484552953.228054000 0 0
1484552953.230808000 0 0
1484552938.923579000 402 0
1484552938.737061000 282 0
1484552938.945971000 504 0
1484552938.973804000 504 0
1484553361.377700000 0 0
1484553361.429078000 0 0
1484553361.431119000 0 0
1484553361.433957000 0 0
1484553361.435241000 0 0
1484553361.443353000 0 0
1484553361.445337000 0 0
1484553361.450311000 0 0
1484553361.454088000 0 0
1484553361.469061000 0 0
1484553361.472292000 0 0
1484553361.475010000 0 0
1484553361.480779000 0 0
1484553361.493513000 0 0
1484553361.496366000 0 0
1484553361.499380000 0 0
1484553361.502443000 0 0
1484553361.521815000 0 0
1484553361.524416000 0 0
1484553361.527305000 0 0
1484553361.547367000 0 0
1484553361.550256000 0 0
1484553361.447906000 282 0
1484553361.460708000 430 0
1484553361.478145000 402 0
1484553361.484931000 504 0
1484553361.508233000 504 0
1484553361.532805000 402 0
1484553516.819629000 0 0
1484553516.874311000 0 0
1484553516.878288000 0 0
1484553516.886843000 0 0
1484553517.034978000 0 0
1484553532.043040000 0 0
1484553516.891929000 282 0
1484553730.672397000 0 0
1484553730.722721000 0 0
1484553730.778607000 0 0
1484553730.781779000 0 0
1484553730.789808000 0 0
1484553730.794603000 282 0
1484553823.668269000 0 0
1484553872.233269000 0 0
1484554261.431917000 0 0
1484554261.448147000 0 0
1484554261.451750000 0 0
1484554261.451873000 0 0
1484554261.458355000 0 0
1484554261.462411000 0 0
1484554261.461432000 0 0
1484554261.467936000 0 0
1484554261.471040000 0 0
1484554261.482458000 0 0
1484554261.485169000 0 0
1484554261.487687000 0 0
1484554261.494157000 0 0
1484554261.506143000 0 0
1484554261.508450000 0 0
1484554261.510818000 0 0
1484554261.513281000 0 0
1484554261.533742000 0 0
1484554261.536545000 0 0
1484554261.539600000 0 0
1484554261.556240000 0 0
1484554261.558674000 0 0
1484554261.465776000 282 0
1484554261.476530000 430 0
1484554261.492307000 402 0
1484554261.500253000 504 0
1484554261.518409000 504 0
1484554261.544971000 402 0
1484554785.334241000 0 0
1484554785.624569000 0 0
1484554785.627083000 0 0
1484554785.671386000 0 0
1484554785.674188000 0 0
1484554785.682534000 0 0
1484554785.628951000 0 0
1484554785.721648000 0 0
1484554785.725352000 0 0
1484554785.728003000 0 0
1484554785.733328000 0 0
1484554785.762449000 0 0
1484554785.764974000 0 0
1484554785.776450000 0 0
1484554785.779806000 0 0
1484554785.782577000 0 0
1484554785.785362000 0 0
1484554801.306007000 0 0
1484554802.904968000 0 0
1484554807.651544000 0 0
1484554807.655470000 0 0
1484554807.665656000 0 0
1484554785.688855000 402 0
1484554785.730908000 402 0
1484554785.739984000 504 0
1484554785.790425000 504 0
1484554801.060325000 455 0
1484554785.626771000 564 0
1484554831.132032000 282 0
1484555122.965089000 0 0
1484555161.472784000 0 0
1484555161.474666000 0 0
1484555161.479903000 0 0
1484555161.478256000 0 0
1484555161.491897000 0 0
1484555161.489917000 0 0
1484555161.503700000 0 0
1484555161.508864000 0 0
1484555161.528228000 0 0
1484555161.532919000 0 0
1484555161.537318000 0 0
1484555161.544426000 0 0
1484555161.562806000 0 0
1484555161.566339000 0 0
1484555161.570114000 0 0
1484555161.573790000 0 0
1484555161.598950000 0 0
1484555161.602573000 0 0
1484555161.606507000 0 0
1484555161.633173000 0 0
1484555161.637039000 0 0
1484555161.499842000 282 0
1484555161.516617000 430 0
1484555161.541595000 402 0
1484555161.551244000 504 0
1484555161.579238000 504 0
1484555161.612231000 402 0
1484555587.617350000 402 0
1484555587.660143000 129 0
1484555587.674902000 70 0
1484555587.680157000 504 0
1484555587.682911000 504 0
1484555587.690291000 282 0
1484555587.741327000 0 0
1484555587.740161000 0 0
1484555587.619625000 0 0
1484555587.808680000 0 0
1484555587.814000000 0 0
1484555587.864786000 0 0
1484555587.559991000 0 0
1484555587.822824000 8806 0
1484555587.867467000 0 0
1484555587.759103000 81 0
1484555587.817800000 33792 0
1484555587.826666000 0 0
1484556061.485291000 0 0
1484556061.508288000 0 0
1484556061.514828000 0 0
1484556061.513831000 0 0
1484556061.522965000 0 0
1484556061.523202000 0 0
1484556061.528894000 0 0
1484556061.535069000 0 0
1484556061.540301000 0 0
1484556061.559716000 0 0
1484556061.563732000 0 0
1484556061.567219000 0 0
1484556061.576065000 0 0
1484556061.591863000 0 0
1484556061.595389000 0 0
1484556061.598997000 0 0
1484556061.602690000 0 0
1484556061.628554000 0 0
1484556061.632014000 0 0
1484556061.635857000 0 0
1484556061.663591000 0 0
1484556061.667387000 0 0
1484556061.531907000 282 0
1484556061.548438000 430 0
1484556061.573246000 402 0
1484556061.580612000 504 0
1484556061.609218000 504 0
1484556061.642927000 402 0
1484556961.466808000 0 0
1484556961.522960000 0 0
1484556961.525055000 0 0
1484556961.529619000 0 0
1484556961.528070000 0 0
1484556961.540918000 0 0
1484556961.539503000 0 0
1484556961.552728000 0 0
1484556961.557163000 0 0
1484556961.575854000 0 0
1484556961.579384000 0 0
1484556961.582665000 0 0
1484556961.589879000 0 0
1484556961.608898000 0 0
1484556961.612537000 0 0
1484556961.616045000 0 0
1484556961.619733000 0 0
1484556961.645747000 0 0
1484556961.648949000 0 0
1484556961.652529000 0 0
1484556961.679548000 0 0
1484556961.682714000 0 0
1484556961.549483000 282 0
1484556961.564782000 430 0
1484556961.586419000 402 0
1484556961.597677000 504 0
1484556961.626205000 504 0
1484556961.658946000 402 0
1484557340.466566000 282 0
1484557515.268098000 0 0
1484557518.521452000 0 0
1484557523.096430000 0 0
1484557523.302260000 0 0
1484557524.955337000 0 0
1484557524.959620000 0 0
1484557524.985228000 0 0
1484557524.988918000 0 0
1484557525.743780000 0 0
1484557525.746861000 0 0
1484557525.755589000 0 0
1484557525.759551000 0 0
1484557525.762529000 0 0
1484557534.649391000 0 0
1484557534.653099000 0 0
1484557535.138820000 0 0
1484557535.144365000 0 0
1484557535.142916000 0 0
1484557535.203467000 0 0
1484557523.243279000 402 0
1484557523.246778000 282 0
1484557523.324989000 80 0
1484557525.307794000 219 0
1484557525.548363000 109 0
1484557535.154549000 557 0
1484557535.160881000 557 0
1484557535.175058000 597 0
1484557535.185556000 199 0
1484557535.190861000 261 0
1484557535.196061000 405 0
1484557651.252722000 0 0
1484557651.263032000 0 0
1484557676.519219000 0 0
1484557676.708042000 0 0
1484557676.711499000 0 0
1484557676.721439000 0 0
1484557676.732959000 0 0
1484557676.739734000 0 0
1484557681.003037000 0 0
1484557681.006568000 0 0
1484557681.849456000 0 0
1484557688.721429000 0 0
1484557688.724480000 0 0
1484557688.728766000 0 0
1484557688.731546000 0 0
1484557689.450433000 0 0
1484557689.983493000 0 0
1484557690.038510000 0 0
1484557690.472586000 0 0
1484557690.504262000 0 0
1484557690.645908000 0 0
1484557690.671074000 0 0
1484557689.989968000 0 0
1484557689.994539000 0 0
1484557690.369578000 0 0
1484557690.555206000 0 0
1484557690.651301000 0 0
1484557690.718073000 0 0
1484557676.729773000 402 0
1484557676.737357000 80 0
1484557676.559828000 219 0
1484557681.010290000 282 0
1484557681.019318000 585 0
1484557690.024637000 4096 0
1484557690.500831000 4096 0
1484557690.668427000 149 0
1484557739.089110000 0 0
1484557522.171187000 0 0
1484557770.836704000 0 0
1484557770.842691000 0 0
1484557770.853615000 0 0
1484557770.934098000 0 0
1484557770.939905000 0 0
1484557770.962019000 0 0
1484557770.966586000 0 0
1484557770.970680000 0 0
1484557770.979079000 0 0
1484557770.996283000 0 0
1484557771.000426000 0 0
1484557771.004257000 0 0
1484557771.008509000 0 0
1484557771.026891000 0 0
1484557771.031281000 0 0
1484557771.043182000 0 0
1484557771.047330000 0 0
1484557771.050747000 0 0
1484557771.063234000 0 0
1484557771.066024000 0 0
1484557770.930292000 282 0
1484557770.949074000 430 0
1484557770.975417000 402 0
1484557770.984434000 504 0
1484557771.015186000 504 0
1484557771.054094000 402 0
1484558194.906217000 0 0
1484558195.004622000 0 0
1484558195.064938000 0 0
1484558195.100072000 0 0
1484558195.124041000 0 0
1484558205.547686000 0 0
1484558205.610016000 0 0
1484558207.104792000 0 0
1484558213.527730000 0 0
1484558213.553149000 0 0
1484558213.703411000 0 0
1484558195.158339000 402 0
1484558223.650662000 0 0
1484558223.684333000 0 0
1484558223.808045000 0 0
1484558268.063396000 0 0
1484558272.086910000 0 0
1484558272.090807000 0 0
1484558272.100400000 0 0
1484558299.906639000 282 0
1484558380.063856000 0 0
1484558383.252300000 0 0
1484558383.257405000 0 0
1484558383.267183000 0 0
1484558399.519275000 0 0
1484558431.174278000 282 0
1484558461.490720000 0 0
1484557677.456500000 0 0
1484557688.737008000 0 27069
1484558482.574854000 0 0
1484558483.977063000 0 0
1484558484.027662000 0 0
1484558484.043752000 0 0
1484558485.257348000 0 0
1484558485.262100000 0 0
1484558485.265590000 0 0
1484558485.268687000 0 0
1484558485.348627000 0 0
1484558485.351691000 0 0
1484558485.360142000 0 0
1484558485.364129000 0 0
1484558485.366940000 0 0
1484558485.779987000 0 0
1484558485.782550000 0 0
1484557518.517811000 0 0
1484558487.100705000 0 0
1484558487.098606000 0 0
1484558487.067396000 0 0
1484558487.066297000 0 0
1484558491.789517000 0 0
1484558491.793240000 0 0
1484558494.042845000 0 0
1484558494.050351000 0 0
1484558494.048342000 0 0
1484558494.063172000 0 0
1484558484.036433000 402 0
1484558484.051564000 80 0
1484558485.285334000 219 0
1484558485.294584000 109 0
1484558487.149022000 134 0
1484558487.154358000 134 0
1484558487.160052000 134 0
1484558487.165794000 144 0
1484558487.170601000 134 0
1484558487.185798000 134 0
1484558487.191357000 134 0
1484558487.219344000 219 0
1484558484.039005000 282 0
1484558518.825986000 0 0
1484558518.829637000 0 0
1484558518.835556000 0 0
1484558487.103405000 557 0
1484558487.108154000 557 0
1484558487.112793000 597 0
1484558487.117098000 199 0
1484558487.119309000 261 0
1484558487.123444000 405 0
1484558520.395704000 0 0
1484558520.400501000 0 0
1484558543.006847000 0 0
1484558543.045954000 0 0
1484558543.049154000 0 0
1484558543.057664000 0 0
1484558543.097808000 0 0
1484558543.200443000 0 0
1484558543.346101000 0 0
1484558543.349280000 0 0
1484558543.352018000 0 0
1484558543.356974000 0 0
1484558543.386254000 0 0
1484558543.388855000 0 0
1484558543.420372000 0 0
1484558543.423039000 0 0
1484558543.426332000 0 0
1484558543.428817000 0 0
1484558518.833311000 219 0
1484558543.320357000 0 0
1484558543.280570000 0 0
1484558543.171535000 1121 0
1484558543.243470000 1404 0
1484558543.274699000 1166 0
1484558543.310784000 1272 0
1484558543.354912000 402 0
1484558543.363295000 504 0
1484558543.433893000 504 0
1484558543.133180000 455 0
1484558543.222031000 363 0
1484558485.121720000 0 0
1484558483.974263000 0 0
1484558577.240977000 0 0
1484558577.249426000 0 0
1484558577.247897000 0 0
1484558577.256981000 0 0
1484558577.246063000 0 0
1484558577.250860000 0 0
1484558577.194734000 0 0
1484558577.196543000 0 0
1484557525.039398000 0 0
1484558586.131905000 0 0
1484558586.225973000 0 0
1484558586.242176000 0 0
1484558586.266893000 0 0
1484558586.272452000 0 0
1484558586.337588000 0 0
1484558586.340102000 0 0
1484558586.348663000 0 0
1484558586.352913000 0 0
1484558586.355450000 0 0
1484558586.413409000 0 0
1484558586.416164000 0 0
1484558587.761153000 0 0
1484558587.764814000 0 0
1484558587.768690000 0 0
1484558587.773575000 0 0
1484558589.481001000 0 0
1484558589.483512000 0 0
1484558589.539073000 0 0
1484558589.981829000 0 0
1484558589.984853000 0 0
1484558589.989824000 0 0
1484558589.992709000 0 0
1484558590.186769000 0 0
1484558590.282308000 0 0
1484558590.305118000 0 0
1484558591.224971000 0 0
1484558591.235634000 0 0
1484558591.422338000 0 0
1484558591.432288000 0 0
1484558596.227004000 0 0
1484558596.232354000 0 0
1484558596.230537000 0 0
1484558596.251057000 0 0
1484558590.288365000 0 0
1484558590.293142000 0 0
1484558590.297588000 0 0
1484558590.302090000 71140 0
1484558590.476073000 0 4096
1484558591.232271000 4745 0
1484558591.352242000 0 4096
1484558591.427704000 0 0
1484558591.429746000 149 0
1484558591.518702000 0 149
1484558577.281268000 134 0
1484558577.283001000 134 0
1484558577.284742000 134 0
1484558577.286410000 144 0
1484558577.290919000 134 0
1484558577.294158000 134 0
1484558577.297112000 134 0
1484558577.299505000 219 0
1484558586.234908000 402 0
1484558586.245121000 80 0
1484558577.279209000 109 0
1484558577.275631000 219 0
1484558586.237507000 282 0
1484558589.488791000 585 0
1484558577.254316000 1114 0
1484558577.259473000 1114 0
1484558577.261937000 1194 0
1484558577.264189000 398 0
1484558577.269189000 522 0
1484558577.271385000 810 0
1484558586.201618000 0 0
1484558761.546293000 0 0
1484558761.552425000 0 0
1484558761.562215000 0 0
1484558761.574079000 0 0
1484558761.578921000 0 0
1484558761.597003000 0 0
1484558761.601207000 0 0
1484558761.605062000 0 0
1484558761.612232000 0 0
1484558761.628291000 0 0
1484558761.631793000 0 0
1484558761.636128000 0 0
1484558761.640187000 0 0
1484558761.657729000 0 0
1484558761.660970000 0 0
1484558761.664403000 0 0
1484558761.680662000 0 0
1484558761.684674000 0 0
1484558761.570731000 282 0
1484558761.586492000 430 0
1484558761.608932000 402 0
1484558761.617265000 504 0
1484558761.646798000 504 0
1484558761.668339000 402 0
1484558999.510072000 0 0
1484559202.261550000 0 0
1484559361.506750000 0 0
1484559361.562447000 0 0
1484559361.566604000 0 0
1484559361.566689000 0 0
1484559361.574226000 0 0
1484559361.578714000 0 0
1484559361.577253000 0 0
1484559361.583594000 282 0
1484559661.568045000 0 0
1484559661.572521000 0 0
1484559661.582120000 0 0
1484559661.590634000 0 0
1484559661.595571000 0 0
1484559661.613109000 0 0
1484559661.617778000 0 0
1484559661.621611000 0 0
1484559661.628973000 0 0
1484559661.647717000 0 0
1484559661.651555000 0 0
1484559661.655286000 0 0
1484559661.659001000 0 0
1484559661.676338000 0 0
1484559661.679515000 0 0
1484559661.683556000 0 0
1484559661.702761000 0 0
1484559661.706100000 0 0
1484559661.587386000 282 0
1484559661.602978000 430 0
1484559661.625546000 402 0
1484559661.636312000 504 0
1484559661.665490000 504 0
1484559661.690642000 402 0
1484559848.673302000 0 0
1484559848.676427000 0 0
1484559848.679680000 0 0
1484553532.045531000 0 0
1484559891.048030000 0 0
1484559891.105735000 0 0
1484559891.109846000 0 0
1484559891.118622000 0 0
1484559916.362876000 0 0
1484559916.414686000 0 0
1484559916.418952000 0 0
1484559916.428680000 0 0
1484559921.820690000 0 0
1484559921.823159000 0 0
1484559946.860098000 0 0
1484559946.905818000 0 0
1484559946.909308000 0 0
1484559946.917966000 0 0
1484559963.586082000 0 0
1484559963.637503000 0 0
1484559963.642556000 0 0
1484559963.652047000 0 0
1484559988.685009000 0 0
1484559891.123373000 1128 0
1484560261.550428000 0 0
1484560261.566799000 0 0
1484560261.570069000 0 0
1484560261.569699000 0 0
1484560261.577050000 0 0
1484560261.580223000 0 0
1484560261.581582000 0 0
1484560261.586050000 282 0
1484560561.593798000 0 0
1484560561.598295000 0 0
1484560561.608415000 0 0
1484560561.616816000 0 0
1484560561.621530000 0 0
1484560561.637354000 0 0
1484560561.641894000 0 0
1484560561.645731000 0 0
1484560561.652872000 0 0
1484560561.671299000 0 0
1484560561.674936000 0 0
1484560561.678912000 0 0
1484560561.682715000 0 0
1484560561.699864000 0 0
1484560561.703477000 0 0
1484560561.707353000 0 0
1484560561.725845000 0 0
1484560561.729187000 0 0
1484560561.613527000 282 0
1484560561.626457000 430 0
1484560561.649562000 402 0
1484560561.660570000 504 0
1484560561.688802000 504 0
1484560561.713617000 402 0
1484561161.553764000 0 0
1484561161.608087000 0 0
1484561161.609971000 0 0
1484561161.613763000 0 0
1484561161.622339000 0 0
1484561161.626793000 0 0
1484561161.630465000 0 0
1484561161.634528000 282 0
1484561461.592995000 0 0
1484561461.597414000 0 0
1484561461.605720000 0 0
1484561461.611616000 0 0
1484561461.615036000 0 0
1484561461.638837000 0 0
1484561461.643754000 0 0
1484561461.647649000 0 0
1484561461.658367000 0 0
1484561461.672347000 0 0
1484561461.675549000 0 0
1484561461.679292000 0 0
1484561461.682368000 0 0
1484561461.697543000 0 0
1484561461.700671000 0 0
1484561461.704036000 0 0
1484561461.719744000 0 0
1484561461.723035000 0 0
1484561461.609564000 282 0
1484561461.621986000 430 0
1484561461.654981000 402 0
1484561461.663338000 504 0
1484561461.688466000 504 0
1484561461.710038000 402 0
1484562061.604710000 0 0
1484562061.621690000 0 0
1484562061.625351000 0 0
1484562061.624825000 0 0
1484562061.631730000 0 0
1484562061.635527000 0 0
1484562061.634258000 0 0
1484562061.639763000 282 0
1484562361.605657000 0 0
1484562361.610797000 0 0
1484562361.620230000 0 0
1484562361.630706000 0 0
1484562361.635546000 0 0
1484562361.664365000 0 0
1484562361.669108000 0 0
1484562361.673027000 0 0
1484562361.682591000 0 0
1484562361.699547000 0 0
1484562361.703028000 0 0
1484562361.706883000 0 0
1484562361.710548000 0 0
1484562361.727435000 0 0
1484562361.730995000 0 0
1484562361.735080000 0 0
1484562361.755053000 0 0
1484562361.758887000 0 0
1484562361.627710000 282 0
1484562361.643302000 430 0
1484562361.679621000 402 0
1484562361.689495000 504 0
1484562361.716653000 504 0
1484562361.742133000 402 0
1484562749.205028000 0 0
1484562749.210740000 0 0
1484562749.220652000 0 0
1484562749.232392000 0 0
1484562749.237214000 0 0
1484562749.256373000 0 0
1484562749.260630000 0 0
1484562749.264549000 0 0
1484562749.274530000 0 0
1484562749.290546000 0 0
1484562749.294226000 0 0
1484562749.297999000 0 0
1484562749.301900000 0 0
1484562749.319950000 0 0
1484562749.323850000 0 0
1484562749.344461000 0 0
1484562749.347852000 0 0
1484562749.351677000 0 0
1484562749.380631000 0 0
1484562749.384680000 0 0
1484562767.435522000 0 0
1484562767.438301000 0 0
1484562767.476172000 0 0
1484562767.479984000 0 0
1484562767.488641000 0 0
1484562767.423775000 0 0
1484562767.592729000 0 0
1484562767.596087000 0 0
1484562767.599436000 0 0
1484562767.604184000 0 0
1484562767.625591000 0 0
1484562767.628239000 0 0
1484562767.746936000 0 0
1484562767.750710000 0 0
1484562767.754635000 0 0
1484562749.244838000 430 0
1484562791.380933000 0 0
1484562749.228773000 564 0
1484562749.358247000 804 0
1484562749.271152000 804 0
1484562749.279121000 1008 0
1484562749.307969000 1008 0
1484562817.307105000 0 0
1484562817.311396000 0 0
1484562817.320072000 0 0
1484562818.547943000 0 0
1484562817.326436000 282 0
1484562818.545591000 402 0
1484562818.552003000 129 0
1484562818.557978000 70 0
1484562818.564677000 504 0
1484562818.567434000 504 0
1484562818.573053000 81 0
1484562818.587016000 0 0
1484562818.664200000 0 0
1484562818.683509000 0 0
1484562819.156878000 0 0
1484562819.223168000 0 0
1484562819.282923000 0 0
1484562819.287454000 0 0
1484562819.291514000 0 0
1484562818.495837000 0 0
1484562823.540087000 0 0
1484562823.543422000 0 0
1484562819.178465000 81 0
1484562819.194426000 81 0
1484562819.221622000 83 0
1484563002.366562000 0 0
1484563002.417492000 0 0
1484563002.420902000 0 0
1484563002.430092000 0 0
1484563002.447251000 0 0
1484563002.451174000 0 0
1484563002.436825000 282 0
1484563002.457162000 402 0
1484563062.823572000 0 0
1484563062.867722000 0 0
1484563062.872048000 0 0
1484563062.882269000 0 0
1484563062.890565000 402 0
1484563261.648315000 0 0
1484563261.655068000 0 0
1484563261.665561000 0 0
1484563261.677739000 0 0
1484563261.682033000 0 0
1484563261.700852000 0 0
1484563261.705050000 0 0
1484563261.709065000 0 0
1484563261.715443000 0 0
1484563261.735159000 0 0
1484563261.738721000 0 0
1484563261.742691000 0 0
1484563261.746060000 0 0
1484563261.763794000 0 0
1484563261.767441000 0 0
1484563261.771321000 0 0
1484563261.791194000 0 0
1484563261.795016000 0 0
1484563261.674358000 282 0
1484563261.689518000 430 0
1484563261.712523000 402 0
1484563261.723526000 504 0
1484563261.752397000 504 0
1484563261.778551000 402 0
1484563427.106851000 0 0
1484563547.998894000 0 0
1484563548.953870000 0 0
1484563561.631623000 0 0
1484563561.633684000 0 0
1484563561.638344000 0 0
1484563561.637221000 0 0
1484563561.647697000 0 0
1484563561.646565000 0 0
1484563561.656072000 282 0
1484564161.715560000 0 0
1484564161.720862000 0 0
1484564161.730560000 0 0
1484564161.742376000 0 0
1484564161.746980000 0 0
1484564161.765407000 0 0
1484564161.768924000 0 0
1484564161.772486000 0 0
1484564161.781854000 0 0
1484564161.797899000 0 0
1484564161.801469000 0 0
1484564161.805373000 0 0
1484564161.809058000 0 0
1484564161.826803000 0 0
1484564161.830329000 0 0
1484564161.834008000 0 0
1484564161.852869000 0 0
1484564161.856192000 0 0
1484564161.739072000 282 0
1484564161.754499000 430 0
1484564161.778895000 402 0
1484564161.786705000 504 0
1484564161.815979000 504 0
1484564161.840338000 402 0
1484564254.668148000 0 0
1484564254.673243000 0 0
1484564340.584056000 0 0
1484564400.090881000 0 0
1484564400.096769000 0 0
1484564400.106825000 0 0
1484564414.038969000 0 0
1484564414.068100000 0 0
1484564414.110267000 0 0
1484564414.113873000 0 0
1484564414.118479000 0 0
1484564414.122625000 0 0
1484564414.126779000 0 0
1484564414.130908000 0 0
1484564414.134881000 0 0
1484564414.112665000 0 0
1484564416.682722000 0 0
1484564416.686632000 0 0
1484564416.696343000 0 0
1484564416.707182000 0 0
1484564416.717829000 0 0
1484564416.722496000 0 0
1484564400.112322000 282 0
1484564440.808183000 0 0
1484564416.703755000 402 0
1484564416.714746000 80 0
1484564416.522596000 199 0
1484564413.080847000 0 0
1484564508.462500000 0 0
1484564509.872971000 0 0
1484564509.878803000 0 0
1484564509.889262000 0 0
1484564509.934345000 0 0
1484564509.944505000 0 0
1484564509.949458000 0 0
1484564509.962745000 0 0
1484564509.972476000 0 0
1484564509.984306000 0 0
1484564510.020789000 0 0
1484564526.498106000 0 0
1484564526.516026000 0 0
1484564526.554686000 0 0
1484564526.557624000 0 0
1484564526.557428000 0 0
1484564526.564337000 0 0
1484564526.569112000 0 0
1484564526.567719000 0 0
1484564526.579588000 0 0
1484564526.598824000 0 0
1484564526.601709000 0 0
1484564526.614430000 0 0
1484564526.617425000 0 0
1484564526.620828000 0 0
1484564538.713476000 0 0
1484564538.753340000 0 0
1484564538.756705000 0 0
1484564538.766451000 0 0
1484564526.382589000 282 0
1484564526.576844000 402 0
1484564526.577450000 402 0
1484564526.583658000 504 0
1484564526.627056000 504 0
1484564796.802227000 0 0
1484565061.633794000 0 0
1484565061.680523000 0 0
1484565061.685244000 0 0
1484565061.694741000 0 0
1484565061.702923000 0 0
1484565061.707005000 0 0
1484565061.724131000 0 0
1484565061.727681000 0 0
1484565061.731855000 0 0
1484565061.738403000 0 0
1484565061.756429000 0 0
1484565061.759784000 0 0
1484565061.763628000 0 0
1484565061.766956000 0 0
1484565061.791926000 0 0
1484565061.795494000 0 0
1484565061.799682000 0 0
1484565061.826880000 0 0
1484565061.830814000 0 0
1484565061.699934000 282 0
1484565061.713902000 430 0
1484565061.735635000 402 0
1484565061.745808000 504 0
1484565061.772822000 504 0
1484565061.805993000 402 0
1484565361.695383000 0 0
1484565361.697637000 0 0
1484565361.702134000 0 0
1484565361.700644000 0 0
1484565361.712817000 0 0
1484565361.711279000 0 0
1484565361.717574000 282 0
1484565547.365119000 0 0
1484565961.694843000 0 0
1484565961.757024000 0 0
1484565961.762617000 0 0
1484565961.771891000 0 0
1484565961.781935000 0 0
1484565961.786145000 0 0
1484565961.803777000 0 0
1484565961.807752000 0 0
1484565961.811842000 0 0
1484565961.821515000 0 0
1484565961.837465000 0 0
1484565961.841106000 0 0
1484565961.845151000 0 0
1484565961.848935000 0 0
1484565961.875088000 0 0
1484565961.878651000 0 0
1484565961.882710000 0 0
1484565961.903145000 0 0
1484565961.906045000 0 0
1484565961.779098000 282 0
1484565961.793006000 430 0
1484565961.818427000 402 0
1484565961.826370000 504 0
1484565961.855123000 504 0
1484565961.888862000 402 0
1484566037.560870000 0 0
1484566200.030569000 0 0
1484566200.035253000 0 0
1484566200.044490000 0 0
1484566200.048707000 282 0
1484566861.675223000 0 0
1484566861.726365000 0 0
1484566861.730200000 0 0
1484566861.740592000 0 0
1484566861.752557000 0 0
1484566861.759073000 0 0
1484566861.774190000 0 0
1484566861.778194000 0 0
1484566861.780934000 0 0
1484566861.788967000 0 0
1484566861.801587000 0 0
1484566861.803880000 0 0
1484566861.807659000 0 0
1484566861.811576000 0 0
1484566861.828298000 0 0
1484566861.830622000 0 0
1484566861.833055000 0 0
1484566861.851251000 0 0
1484566861.853815000 0 0
1484566861.748872000 282 0
1484566861.767448000 430 0
1484566861.786405000 402 0
1484566861.795671000 504 0
1484566861.816944000 504 0
1484566861.839109000 402 0
1484566967.346976000 0 0
1484566976.270433000 0 0
1484566976.275648000 0 0
1484566976.284553000 0 0
1484566977.337833000 0 0
1484566976.291858000 282 0
1484566977.335879000 402 0
1484566977.343698000 129 0
1484566977.363931000 0 0
1484566977.348943000 70 0
1484566977.351331000 504 0
1484566977.353591000 504 0
1484566977.359560000 81 0
1484566977.437813000 0 0
1484566977.454281000 0 0
1484566977.343330000 0 0
1484566981.764439000 0 0
1484566981.767970000 0 0
1484566986.934407000 0 0
1484566986.964068000 0 0
1484566986.967693000 0 0
1484566986.976575000 0 0
1484566986.984104000 402 0
1484567437.653182000 0 0
1484567437.667867000 282 0
1484567464.390761000 0 0
1484567464.396713000 0 0
1484567464.407188000 0 0
1484567464.499645000 0 0
1484567464.509184000 0 0
1484567464.515792000 0 0
1484567464.519051000 0 0
1484567464.613963000 0 0
1484567464.636874000 0 0
1484567464.640150000 0 0
1484567464.643729000 0 0
1484567464.651519000 0 0
1484567464.712717000 0 0
1484567464.715957000 0 0
1484567464.731998000 0 0
1484567464.734661000 0 0
1484567464.737721000 0 0
1484567464.740977000 0 0
1484567464.862728000 0 0
1484567464.866022000 0 0
1484567464.869315000 0 0
1484567464.873158000 0 0
1484567464.887641000 0 0
1484567465.303917000 0 0
1484567465.307081000 0 0
1484567465.310604000 0 0
1484567465.314298000 0 0
1484567465.326486000 0 0
1484567464.412454000 282 0
1484567464.524857000 402 0
1484567464.649129000 402 0
1484567464.655767000 504 0
1484567464.746727000 504 0
1484567464.882620000 0 0
1484567464.914170000 0 0
1484567464.952060000 0 0
1484567464.987406000 0 0
1484567464.990305000 0 0
1484567465.356038000 0 0
1484567464.684764000 455 0
1484567464.690974000 1121 0
1484567464.696042000 363 0
1484567464.701183000 1404 0
1484567464.707705000 1166 0
1484567465.664736000 7643 0
1484567464.714428000 1272 0
1484567465.432101000 455 0
1484567465.437010000 1121 0
1484567465.443253000 363 0
1484567465.447532000 1404 0
1484567465.452301000 1166 0
1484567465.710171000 1272 0
1484567484.479326000 0 0
1484567507.746929000 0 0
1484567514.089536000 0 0
1484567634.257820000 0 0
1484567646.621246000 0 0
1484567650.719562000 0 0
1484567650.723029000 0 0
1484567650.731350000 0 0
1484567678.582981000 282 0
1484567761.777116000 0 0
1484567761.777237000 0 0
1484567761.783808000 0 0
1484567761.782307000 0 0
1484567761.794638000 0 0
1484567761.793040000 0 0
1484567761.802418000 0 0
1484567761.806700000 0 0
1484567761.824488000 0 0
1484567761.829065000 0 0
1484567761.833086000 0 0
1484567761.842910000 0 0
1484567761.858305000 0 0
1484567761.861865000 0 0
1484567761.866167000 0 0
1484567761.870668000 0 0
1484567761.885064000 0 0
1484567761.888310000 0 0
1484567761.891967000 0 0
1484567761.912186000 0 0
1484567761.915595000 0 0
1484567761.799330000 282 0
1484567761.814057000 430 0
1484567761.839638000 402 0
1484567761.847632000 504 0
1484567761.874217000 504 0
1484567761.898908000 402 0
1484568140.100776000 0 0
1484568141.029851000 0 0
1484568141.072793000 0 0
1484568141.075964000 0 0
1484568141.084347000 0 0
1484568141.097761000 0 0
1484568141.100504000 0 0
1484568141.088396000 282 0
1484568141.106737000 402 0
1484568361.704238000 0 0
1484568661.757478000 0 0
1484568661.762802000 0 0
1484568661.771982000 0 0
1484568661.773403000 0 0
1484568661.775763000 0 0
1484568661.779768000 0 0
1484568661.786915000 0 0
1484568661.792403000 0 0
1484568661.809258000 0 0
1484568661.812868000 0 0
1484568661.816589000 0 0
1484568661.823752000 0 0
1484568661.839886000 0 0
1484568661.843451000 0 0
1484568661.847032000 0 0
1484568661.850653000 0 0
1484568661.876241000 0 0
1484568661.879451000 0 0
1484568661.883169000 0 0
1484568661.910688000 0 0
1484568661.914451000 0 0
1484568661.783638000 282 0
1484568661.798190000 430 0
1484568661.820428000 402 0
1484568661.828513000 504 0
1484568661.856857000 504 0
1484568661.889752000 402 0
1484569261.737273000 0 0
1484569561.849849000 0 0
1484569561.849756000 0 0
1484569561.854846000 0 0
1484569561.856217000 0 0
1484569561.865769000 0 0
1484569561.868600000 0 0
1484569561.877813000 0 0
1484569561.881498000 0 0
1484569561.894029000 0 0
1484569561.897222000 0 0
1484569561.900276000 0 0
1484569561.905910000 0 0
1484569561.921346000 0 0
1484569561.924286000 0 0
1484569561.927877000 0 0
1484569561.931384000 0 0
1484569561.953887000 0 0
1484569561.957244000 0 0
1484569561.960899000 0 0
1484569561.985441000 0 0
1484569561.989048000 0 0
1484569561.874906000 282 0
1484569561.885380000 430 0
1484569561.903408000 402 0
1484569561.912726000 504 0
1484569561.937438000 504 0
1484569561.967601000 402 0
1484570161.747098000 0 0
1484570461.803009000 0 0
1484570461.804630000 0 0
1484570461.809846000 0 0
1484570461.808327000 0 0
1484570461.820767000 0 0
1484570461.819081000 0 0
1484570461.827534000 0 0
1484570461.831618000 0 0
1484570461.850079000 0 0
1484570461.853895000 0 0
1484570461.857257000 0 0
1484570461.865864000 0 0
1484570461.881808000 0 0
1484570461.885312000 0 0
1484570461.889156000 0 0
1484570461.893132000 0 0
1484570461.919240000 0 0
1484570461.922990000 0 0
1484570461.926633000 0 0
1484570461.954283000 0 0
1484570461.958089000 0 0
1484570461.825139000 282 0
1484570461.838913000 430 0
1484570461.863113000 402 0
1484570461.870511000 504 0
1484570461.899376000 504 0
1484570461.932898000 402 0
1484570801.259862000 0 0
1484570801.268450000 0 0
1484571061.764905000 0 0
1484571361.856348000 0 0
1484571361.856466000 0 0
1484571361.862054000 0 0
1484571361.860557000 0 0
1484571361.872965000 0 0
1484571361.871386000 0 0
1484571361.880393000 0 0
1484571361.884415000 0 0
1484571361.903106000 0 0
1484571361.907226000 0 0
1484571361.910905000 0 0
1484571361.917664000 0 0
1484571361.935848000 0 0
1484571361.939632000 0 0
1484571361.944030000 0 0
1484571361.947680000 0 0
1484571361.974027000 0 0
1484571361.977729000 0 0
1484571361.981403000 0 0
1484571362.009190000 0 0
1484571362.013014000 0 0
1484571361.877481000 282 0
1484571361.891900000 430 0
1484571361.914842000 402 0
1484571361.924355000 504 0
1484571361.954342000 504 0
1484571361.987732000 402 0
1484571961.783840000 0 0
1484572261.840506000 0 0
1484572261.844151000 0 0
1484572261.845852000 0 0
1484572261.852943000 0 0
1484572261.857520000 0 0
1484572261.856138000 0 0
1484572261.867724000 0 0
1484572261.871317000 0 0
1484572261.886171000 0 0
1484572261.889918000 0 0
1484572261.893105000 0 0
1484572261.902310000 0 0
1484572261.916825000 0 0
1484572261.919807000 0 0
1484572261.922985000 0 0
1484572261.926103000 0 0
1484572261.945003000 0 0
1484572261.947903000 0 0
1484572261.951138000 0 0
1484572261.971505000 0 0
1484572261.974405000 0 0
1484572261.865036000 282 0
1484572261.878379000 430 0
1484572261.899521000 402 0
1484572261.908731000 504 0
1484572261.931576000 504 0
1484572261.957023000 402 0
1484572771.016671000 0 0
1484572771.427327000 0 0
1484573161.908775000 0 0
1484573161.908831000 0 0
1484573161.915544000 0 0
1484573161.914047000 0 0
1484573161.926252000 0 0
1484573161.924733000 0 0
1484573161.934284000 0 0
1484573161.938568000 0 0
1484573161.962580000 0 0
1484573161.966649000 0 0
1484573161.970153000 0 0
1484573161.980177000 0 0
1484573161.998428000 0 0
1484573162.001872000 0 0
1484573162.006001000 0 0
1484573162.009840000 0 0
1484573162.035140000 0 0
1484573162.037990000 0 0
1484573162.040949000 0 0
1484573162.061970000 0 0
1484573162.065153000 0 0
1484573161.931146000 282 0
1484573161.945998000 430 0
1484573161.977080000 402 0
1484573161.987176000 504 0
1484573162.015758000 504 0
1484573162.046586000 402 0
1484573210.595686000 0 0
1484573344.327017000 0 0
1484573344.329687000 0 0
1484573344.333013000 0 0
1484573366.914441000 0 0
1484573373.916749000 0 0
1484573373.921163000 0 0
1484573373.931445000 0 0
1484573401.226498000 282 0
1484573550.913616000 0 0
1484574061.889013000 0 0
1484574061.890966000 0 0
1484574061.896274000 0 0
1484574061.894827000 0 0
1484574061.908308000 0 0
1484574061.906501000 0 0
1484574061.919160000 0 0
1484574061.923465000 0 0
1484574061.941954000 0 0
1484574061.945703000 0 0
1484574061.949144000 0 0
1484574061.957511000 0 0
1484574061.978635000 0 0
1484574061.981515000 0 0
1484574061.984398000 0 0
1484574061.987180000 0 0
1484574062.002302000 0 0
1484574062.004908000 0 0
1484574062.007882000 0 0
1484574062.027402000 0 0
1484574062.030058000 0 0
1484574061.915858000 282 0
1484574061.931309000 430 0
1484574061.955206000 402 0
1484574061.970946000 504 0
1484574061.990304000 504 0
1484574062.012969000 402 0
1484574361.839950000 0 0
1484574486.530944000 0 0
1484574486.548099000 282 0
1484574634.301468000 0 0
1484574640.573993000 0 0
1484574732.470372000 0 0
1484574947.954956000 0 0
1484574961.915959000 0 0
1484574961.916039000 0 0
1484574961.921157000 0 0
1484574961.920046000 0 0
1484574961.929614000 0 0
1484574961.931853000 0 0
1484574961.936567000 0 0
1484574961.940295000 0 0
1484574961.954825000 0 0
1484574961.957988000 0 0
1484574961.960847000 0 0
1484574961.969823000 0 0
1484574961.982371000 0 0
1484574961.985266000 0 0
1484574961.988377000 0 0
1484574961.991658000 0 0
1484574962.012061000 0 0
1484574962.014612000 0 0
1484574962.017340000 0 0
1484574962.037785000 0 0
1484574962.040769000 0 0
1484574961.934498000 282 0
1484574961.946388000 430 0
1484574961.967039000 402 0
1484574961.973858000 504 0
1484574961.997887000 504 0
1484574962.022513000 402 0
1484575261.861603000 0 0
1484575788.241954000 0 0
1484559988.688072000 0 0
1484553730.675199000 0 0
1484575831.989585000 0 0
1484575831.994094000 0 0
1484575832.003724000 0 0
1484575832.509529000 0 0
1484575832.511974000 0 0
1484575832.011045000 282 0
1484575861.925412000 0 0
1484575861.931137000 0 0
1484575861.940643000 0 0
1484575861.945670000 0 0
1484575861.949923000 0 0
1484575861.967735000 0 0
1484575861.971299000 0 0
1484575861.974924000 0 0
1484575861.983456000 0 0
1484575862.001866000 0 0
1484575862.005015000 0 0
1484575862.008701000 0 0
1484575862.025750000 0 0
1484575862.029121000 0 0
1484575862.032675000 0 0
1484575862.050866000 0 0
1484575862.053973000 0 0
1484575861.957004000 430 0
1484575861.980539000 402 0
1484575861.990316000 504 0
1484575862.014317000 504 0
1484575862.038209000 402 0
1484575959.731078000 0 0
1484575959.734512000 0 0
1484575959.743869000 0 0
1484575959.763999000 0 0
1484575982.005456000 0 0
1484575982.146712000 0 0
1484575982.164634000 0 0
1484575982.170486000 0 0
1484575982.173793000 0 0
1484575982.177401000 0 0
1484575982.181022000 0 0
1484575982.184815000 0 0
1484575982.188337000 0 0
1484575982.192147000 0 0
1484575982.185196000 0 0
1484575984.540613000 0 0
1484575984.544302000 0 0
1484575984.556903000 0 0
1484575984.561084000 0 0
1484575982.442052000 557 0
1484575982.491624000 557 0
1484575982.500431000 597 0
1484575982.508754000 405 0
1484575982.263488000 261 0
1484575982.430107000 199 0
1484576024.227706000 0 0
1484558587.790247000 0 0
1484558589.998185000 0 1068
1484576031.882920000 0 0
1484576031.888455000 0 0
1484576031.889950000 0 0
1484576031.887377000 0 0
1484576031.944761000 0 0
1484576031.946395000 0 0
1484576031.885786000 0 0
1484558586.166429000 0 0
1484576031.721283000 0 0
1484576031.719959000 0 0
1484558586.278925000 0 0
1484558591.528728000 2098 0
1484576047.203758000 0 0
1484576047.415757000 0 0
1484576047.420754000 0 0
1484576047.429959000 0 0
1484576047.448699000 0 0
1484576047.453064000 0 0
1484576047.456736000 0 0
1484576047.460787000 0 0
1484576047.473656000 0 0
1484576047.476914000 0 0
1484576047.492949000 0 0
1484576047.496716000 0 0
1484576047.500552000 0 0
1484576047.504400000 0 0
1484576047.516868000 0 0
1484576047.534997000 0 544
1484576047.542214000 0 0
1484576047.547707000 0 0
1484576047.629880000 0 0
1484576047.626295000 0 0
1484576047.649288000 0 0
1484576047.652135000 0 0
1484576047.656210000 0 0
1484576047.659843000 0 0
1484576047.724255000 0 0
1484576047.731213000 0 0
1484576047.738643000 0 544
1484576047.746728000 0 0
1484576047.753339000 0 0
1484576047.765198000 0 0
1484576047.761966000 0 0
1484576047.775678000 0 0
1484576047.813877000 0 0
1484576050.610671000 0 0
1484576050.609023000 0 0
1484576047.315318000 129 0
1484576047.436726000 282 0
1484576047.851222000 544 0
1484576047.854310000 544 0
1484576051.923627000 0 0
1484576051.927139000 0 0
1484576051.931239000 0 0
1484576051.935264000 0 0
1484576051.976106000 0 0
1484576051.980049000 0 0
1484576051.992497000 0 0
1484576051.996469000 0 0
1484576052.000170000 0 0
1484576052.003965000 0 0
1484576052.007896000 0 0
1484576052.018162000 0 0
1484576052.025015000 0 544
1484576052.032226000 0 0
1484576052.037882000 0 0
1484576052.049025000 0 0
1484576052.045793000 0 0
1484576052.066061000 0 0
1484576052.068813000 0 0
1484576052.072417000 0 0
1484576052.075998000 0 0
1484576052.080668000 0 0
1484576052.092429000 0 0
1484558590.739200000 3094982 0
1484558591.404216000 11108 0
1484576054.635511000 0 0
1484576054.633909000 0 0
1484576055.961867000 0 0
1484576055.960413000 0 0
1484576031.914560000 557 0
1484576031.919794000 557 0
1484576031.922889000 597 0
1484576031.925873000 199 0
1484576031.929021000 261 0
1484576031.931898000 405 0
1484576031.937334000 219 0
1484576031.941323000 109 0
1484576031.949998000 134 0
1484576031.954308000 134 0
1484576031.958471000 134 0
1484576031.963335000 144 0
1484576031.967384000 134 0
1484576031.971665000 134 0
1484576031.976022000 134 0
1484576031.980788000 219 0
1484576050.809942000 455 0
1484576050.814057000 0 0
1484576050.825489000 1121 0
1484576050.830501000 0 0
1484576050.842266000 363 0
1484576050.845070000 0 0
1484576050.852237000 1404 0
1484576050.855709000 0 0
1484576050.863470000 1166 0
1484576050.866979000 0 0
1484576050.885383000 1272 0
1484550655.348564000 0 0
1484576050.874624000 7643 0
1484576050.887932000 0 0
1484576052.089534000 544 0
1484576052.094102000 544 0
1484576052.098699000 544 0
