1484549305.139839000 0 0
1484549305.144716000 0 0
1484549305.149015000 0 0
1484549305.153470000 0 0
1484549305.157494000 0 0
1484549316.586837000 0 0
1484549316.620216000 0 0
1484549316.622430000 0 0
1484549316.630165000 0 0
1484549316.563231000 282 0
1484549332.765971000 0 0
1484549333.005171000 0 0
1484549333.007426000 0 0
1484549333.015135000 0 0
1484549333.060976000 0 0
1484549333.064356000 0 0
1484549333.483452000 0 0
1484549333.486162000 0 0
1484549334.877419000 0 0
1484549313.196231000 122 0
1484549335.906841000 0 0
1484549338.028043000 0 0
1484549338.030379000 0 0
1484549338.313353000 0 0
1484549338.320269000 0 0
1484549338.322322000 0 0
1484549338.328169000 0 0
1484549338.329977000 0 0
1484549338.337773000 0 0
1484549338.339503000 0 0
1484549338.340100000 0 0
1484549338.342803000 0 0
1484549338.345072000 0 0
1484549338.345287000 0 0
1484549338.347260000 0 0
1484549338.347309000 0 0
1484549338.353421000 0 0
1484549335.919888000 832 0
1484549332.950448000 282 0
1484549338.034239000 402 0
1484549338.317645000 129 0
1484549338.326144000 129 0
1484549338.333568000 129 0
1484549338.343230000 129 0
1484549338.351271000 129 0
1484549338.352083000 504 0
1484549335.966529000 660 0
1484549335.915370000 779 0
1484549342.202913000 0 0
1484549342.236654000 832 0
1484549342.210118000 1508 0
1484549342.214120000 1730 0
1484549342.223248000 1506 0
1484549342.227112000 1522 0
1484549342.239123000 0 0
1484549388.580107000 0 0
1484549390.103800000 0 0
1484549390.107467000 0 0
1484549390.113494000 0 0
1484549390.134647000 0 0
1484549390.141063000 0 0
1484549390.143584000 0 0
1484549390.161137000 0 0
1484549390.163110000 0 0
1484549390.168317000 0 0
1484549390.337977000 0 0
1484549390.567557000 0 0
1484549390.757883000 0 0
1484549390.879080000 0 0
1484549390.882247000 0 0
1484549390.884872000 0 0
1484549390.887717000 0 0
1484549390.889910000 0 0
1484549390.923595000 0 0
1484549390.964153000 0 0
1484549390.967628000 0 0
1484549391.195248000 0 0
1484549391.201209000 0 0
1484549391.468582000 0 0
1484549391.851476000 0 0
1484549391.865240000 0 0
1484549391.979255000 0 0
1484549392.149016000 0 0
1484549392.166384000 0 0
1484549392.169411000 0 18830
1484549392.347981000 0 0
1484549392.351333000 0 0
1484549392.153004000 18830 0
1484549392.159726000 0 0
1484549392.354178000 0 0
1484549392.730284000 0 0
1484549392.876541000 0 0
1484549392.980617000 0 0
1484549392.989290000 0 0
1484549393.158155000 0 0
1484549393.465935000 0 0
1484549393.827439000 0 0
1484549393.830027000 0 0
1484549394.829929000 0 0
1484549394.836710000 0 0
1484549394.840737000 0 0
1484549394.849449000 0 0
1484549394.839575000 0 0
1484549394.852914000 0 0
1484549394.856822000 0 0
1484549394.858959000 0 0
1484549394.861424000 0 0
1484549394.855549000 0 0
1484549394.864778000 0 0
1484549394.866858000 0 0
1484549394.869409000 0 0
1484549394.871406000 0 0
1484549396.595138000 0 0
1484549396.726356000 0 0
1484549396.965286000 0 0
1484549396.971739000 0 0
1484549397.010443000 196608 0
1484549397.047600000 0 0
1484549397.379820000 0 0
1484549397.382808000 0 2
1484549397.391006000 0 0
1484549397.393834000 0 0
1484549396.976659000 2 0
1484549397.365229000 0 0
1484549397.396676000 0 0
1484549397.638179000 0 53
1484549392.722470000 204 0
1484549397.645273000 0 0
1484549397.807662000 0 0
1484549397.810694000 0 0
1484549398.235483000 0 0
1484549398.244231000 0 0
1484549398.463560000 0 0
1484549398.471794000 0 0
1484549399.010880000 0 889560
1484549399.407222000 0 0
1484549391.855278000 0 0
1484549403.259974000 0 889560
1484549403.719484000 0 0
1484549407.818132000 0 70160
1484549407.844593000 0 0
1484549410.020465000 0 0
1484549390.100609000 282 0
1484549390.116890000 10 0
1484549390.139217000 122 0
1484549390.176449000 208 0
1484549390.573809000 23788 0
1484549390.762646000 16384 0
1484549390.835233000 305 0
1484549391.313802000 497 0
1484549391.860177000 6742 0
1484549391.869993000 6391 0
1484549391.983773000 208620 0
1484549392.734713000 32768 0
1484549392.984640000 14886 0
1484549392.992727000 8 0
1484549393.163082000 504 0
1484549393.313555000 7645 0
1484549393.470504000 4428 0
1484549394.833496000 279 0
1484549394.939112000 10 0
1484549396.599667000 388 0
1484549396.730702000 27 0
1484549397.655410000 24 0
1484549393.491931000 29 0
1484549397.691304000 9833 0
1484549397.703082000 1070 0
1484549424.819822000 0 4428
1484549424.827672000 0 0
1484549403.212343000 334326 0
1484549403.306172000 5750 0
1484549448.429781000 0 0
1484549448.440145000 0 0
1484549448.448860000 0 0
1484549448.454097000 0 0
1484549448.476500000 0 66
1484549448.468931000 66 0
1484549448.482103000 0 0
1484549451.633670000 0 0
1484549451.654765000 0 137
1484549451.661542000 0 0
1484549451.638283000 137 0
1484549451.660657000 0 0
1484549451.670389000 0 0
1484549451.675794000 0 0
1484549451.691647000 0 0
1484549451.696887000 0 7248
1484549451.704101000 0 0
1484549451.703180000 0 0
1484549451.710179000 0 0
1484549451.714122000 0 0
1484549432.233077000 282 0
1484549458.516060000 0 0
1484549458.549537000 0 0
1484549458.553221000 0 0
1484549458.562819000 0 0
1484549458.584094000 0 0
1484549459.255342000 0 0
1484549459.258063000 0 0
1484549459.265950000 0 0
1484549459.270914000 0 0
1484549459.283247000 0 0
1484549459.285528000 0 0
1484549459.287821000 0 0
1484549459.299011000 0 0
1484549459.301318000 0 0
1484549459.330688000 0 0
1484549459.332969000 0 0
1484549459.369568000 0 0
1484549459.371951000 0 0
1484549408.074436000 0 234600
1484549459.946878000 0 0
1484549467.694117000 0 0
1484549467.691704000 0 0
1484549451.729909000 51 0
1484549458.778380000 282 0
1484549459.269013000 402 0
1484549459.276078000 504 0
1484549459.291929000 504 0
1484549459.336770000 402 0
1484549632.542887000 0 7645
1484549632.551056000 0 0
1484549632.550123000 0 0
1484549692.932795000 0 0
1484549692.937122000 2622 2712
1484549692.945589000 0 0
1484549692.949984000 1876 1968
1484549692.977420000 0 0
1484549692.989072000 0 0
1484549692.991722000 334326 2652
1484549693.127538000 0 0
1484549693.131695000 4356 0
1484549696.604707000 0 388
1484549696.619222000 0 0
1484549696.614969000 0 0
1484549698.233190000 0 305
1484549692.980295000 5750 0
1484549874.132057000 0 208787
1484549874.157615000 0 0
1484549874.156669000 0 0
1484549993.143098000 0 0
1484549993.145979000 5750 0
1484550051.725063000 0 8377
1484550051.733140000 0 0
1484550051.732181000 0 0
1484550052.693282000 0 0
1484550052.740213000 0 0
1484550052.742651000 0 0
1484550052.750527000 0 0
1484550053.227204000 0 0
1484550053.230525000 0 0
1484550031.238282000 564 0
1484550052.753750000 402 0
1484550293.152917000 0 0
1484550293.155688000 5750 0
1484550506.609718000 0 0
1484550506.655671000 0 0
1484550506.696615000 0 0
1484550506.699057000 0 0
1484550506.706736000 0 0
1484550506.714575000 0 0
1484550506.724857000 0 0
1484550506.732668000 0 0
1484550506.730879000 0 0
1484550507.486609000 0 0
1484550507.483652000 0 0
1484550507.495506000 0 0
1484550507.497822000 0 0
1484550507.500291000 0 0
1484550507.679563000 0 0
1484550507.696711000 0 0
1484550507.699205000 0 0
1484550507.672998000 2092 0
1484550507.705009000 402 0
1484550506.712628000 282 0
1484550507.652443000 0 0
1484549693.139302000 0 7682
1484550593.159678000 0 0
1484550593.162882000 5750 0
1484550651.742823000 0 8380
1484550651.757910000 0 0
1484550651.756825000 0 0
1484550727.244805000 0 0
1484550727.899729000 0 0
1484550727.962456000 0 0
1484550727.974551000 0 0
1484550727.982800000 0 0
1484550727.989586000 0 0
1484550728.004339000 0 0
1484550728.006591000 0 0
1484550728.014514000 0 0
1484550728.016731000 0 0
1484550728.018971000 0 0
1484550728.021174000 0 0
1484550728.121639000 0 0
1484550728.124009000 0 0
1484550728.139587000 0 0
1484550728.142240000 0 0
1484550728.145338000 0 0
1484550728.159777000 0 0
1484550728.162147000 0 0
1484550728.164485000 0 0
1484550729.447641000 0 0
1484550731.647299000 0 0
1484550729.445347000 0 0
1484550731.794923000 0 0
1484550727.987601000 402 0
1484550727.896656000 282 0
1484550728.025365000 504 0
1484550727.994715000 504 0
1484550731.663215000 832 0
1484550731.658696000 779 0
1484550729.453261000 1508 0
1484550729.457286000 1730 0
1484550729.461756000 1506 0
1484550729.465892000 1522 0
1484550731.668379000 660 0
1484550743.026661000 0 0
1484550731.835503000 832 0
1484550731.838013000 0 0
1484550733.418696000 660 0
1484550733.420841000 0 0
1484550748.069264000 0 0
1484550053.233501000 0 0
1484550748.084454000 0 0
1484550775.182432000 282 0
1484550832.389185000 0 0
1484550893.167270000 0 0
1484550903.619810000 0 0
1484550903.635516000 0 0
1484550903.650274000 0 0
1484550903.653600000 0 23726
1484550903.668825000 0 0
1484550903.672963000 0 0
1484550903.676187000 0 0
1484550903.641830000 0 0
1484550903.679147000 0 0
1484550903.723044000 0 0
1484550903.744891000 0 0
1484550893.170136000 5750 0
1484550951.750181000 0 8678
1484550951.758713000 0 0
1484550951.757779000 0 0
1484551193.196428000 0 0
1484551195.956901000 0 955112
1484551196.233836000 0 0
1484551193.201575000 5750 0
1484551426.574901000 0 234040
1484551426.663951000 0 0
1484551432.495868000 0 234600
1484551448.992310000 0 0
1484551493.206809000 0 0
1484551493.209701000 5750 0
1484551551.762090000 0 8679
1484551551.770688000 0 0
1484551551.769681000 0 0
1484551591.999244000 0 234600
1484551598.431842000 0 0
1484551647.044825000 0 234600
1484551650.366254000 0 0
1484551793.214293000 0 0
1484551793.217251000 5750 0
1484551844.125818000 0 0
1484551845.524607000 0 0
1484551846.519179000 0 0
1484551846.528417000 0 0
1484551846.538075000 0 0
1484551846.550045000 0 0
1484551846.552355000 0 0
1484551846.541222000 282 0
1484551846.556848000 402 0
1484551849.129056000 0 0
1484551849.131734000 0 0
1484551849.134910000 282 0
1484551851.774475000 0 8679
1484551851.783646000 0 0
1484551851.782568000 0 0
1484551845.527186000 0 0
1484551877.899959000 0 0
1484551878.236476000 0 0
1484551878.438166000 0 0
1484551878.442205000 0 0
1484551878.450156000 0 0
1484551878.463727000 0 0
1484551878.466125000 0 0
1484551878.455097000 282 0
1484551878.468603000 402 0
1484551878.242721000 0 0
1484552019.939554000 0 0
1484552093.222714000 0 0
1484552093.226088000 5750 0
1484552143.908396000 0 0
1484552144.344858000 0 0
1484552144.535107000 0 0
1484552144.539045000 0 0
1484552144.547465000 0 0
1484552144.563325000 0 0
1484552144.565690000 0 0
1484552144.554851000 282 0
1484552144.568035000 402 0
1484552151.785993000 0 8679
1484552151.795210000 0 0
1484552151.794228000 0 0
1484552393.233444000 0 0
1484552393.238932000 5750 0
1484552451.795699000 0 8679
1484552451.805018000 0 0
1484552451.803866000 0 0
1484552675.541073000 0 0
1484552675.591830000 0 0
1484552675.594644000 0 0
1484552675.602727000 0 0
1484552675.900447000 0 0
1484552675.896504000 0 0
1484552679.490106000 0 0
1484552679.493012000 0 0
1484552675.917635000 1506 0
1484552676.632102000 0 0
1484552693.244253000 0 0
1484552675.609091000 282 0
1484552675.906421000 1508 0
1484552675.912611000 1730 0
1484552675.922732000 1522 0
1484552676.623338000 0 0
1484552693.247672000 5750 0
1484552720.376424000 0 0
1484552720.379580000 0 0
1484552720.387532000 0 0
1484552735.137776000 0 0
1484552720.393973000 402 0
1484552751.813042000 0 8679
1484552751.823509000 0 0
1484552751.822554000 0 0
1484552799.405347000 0 0
1484552978.834819000 0 0
1484552993.277754000 0 0
1484552993.282719000 5750 0
1484553037.357094000 0 0
1484553051.824513000 0 8679
1484553051.833918000 0 0
1484553051.832845000 0 0
1484553293.287069000 0 0
1484553293.290794000 5750 0
1484553357.406808000 0 0
1484553506.236427000 0 0
1484553506.294193000 0 0
1484553506.298098000 0 0
1484553506.305890000 0 0
1484553509.719954000 0 0
1484553509.722362000 0 0
1484553506.311523000 282 0
1484553593.295565000 0 0
1484553593.302339000 5750 0
1484552019.944769000 334428 13547
1484553651.834445000 0 8679
1484553651.844896000 0 0
1484553651.844024000 0 0
1484553655.557219000 0 0
1484553668.649258000 0 0
1484553695.334120000 0 0
1484553696.089987000 0 0
1484553696.094294000 0 0
1484553696.102594000 0 0
1484553696.380354000 0 0
1484553696.383150000 0 0
1484553696.107789000 282 0
1484553696.388465000 402 0
1484553893.306897000 0 0
1484553893.310630000 5750 0
1484553951.844485000 0 8679
1484553951.853709000 0 0
1484553951.852814000 0 0
1484553991.509225000 0 0
1484554193.315190000 0 0
1484554193.318750000 5750 0
1484554251.856776000 0 8679
1484554251.867126000 0 0
1484554251.866061000 0 0
1484554493.323492000 0 0
1484554493.326753000 5750 0
1484554551.867714000 0 8679
1484554551.878295000 0 0
1484554551.877229000 0 0
1484554605.804754000 0 0
1484554606.742690000 0 0
1484554606.746398000 0 0
1484554606.754803000 0 0
1484554609.199286000 0 0
1484554609.195123000 0 0
1484554611.584519000 0 0
1484554611.580332000 0 0
1484554615.011586000 0 0
1484554615.014332000 0 0
1484554606.761461000 282 0
1484554609.206152000 1508 0
1484554609.212414000 1730 0
1484554609.225817000 1522 0
1484554609.240078000 0 0
1484554620.234757000 0 0
1484554609.220467000 1506 0
1484554793.360223000 0 0
1484554793.366933000 5750 0
1484554851.877483000 0 8679
1484554851.886890000 0 0
1484554851.885882000 0 0
1484554942.073887000 0 0
1484554942.078224000 0 0
1484554942.086430000 0 0
1484554942.103021000 0 0
1484554942.114837000 0 0
1484554942.117163000 0 0
1484554942.119890000 0 0
1484554942.122381000 0 0
1484554942.134457000 0 0
1484554942.137241000 0 0
1484554942.149833000 0 0
1484554942.152211000 0 0
1484554942.154717000 0 0
1484554942.168296000 0 0
1484554942.171152000 0 0
1484554952.841513000 0 0
1484554953.573166000 0 0
1484554953.602490000 0 0
1484554953.611264000 0 0
1484554953.615596000 0 0
1484554953.632499000 0 0
1484554953.637787000 0 0
1484554953.640951000 0 0
1484554953.654757000 0 0
1484554953.657504000 0 0
1484554953.696432000 0 0
1484554953.703480000 0 0
1484554953.739764000 0 0
1484554953.744388000 0 0
1484554953.765266000 0 0
1484554953.768200000 0 0
1484554953.771478000 0 0
1484554953.778546000 0 0
1484554953.781322000 0 0
1484554953.783834000 0 0
1484554953.791556000 0 0
1484554953.794642000 0 0
1484554953.802487000 0 0
1484554953.805038000 0 0
1484554942.142592000 564 0
1484554942.101127000 804 0
1484554942.108834000 1008 0
1484554942.127929000 1008 0
1484554942.160340000 804 0
1484555078.224190000 0 0
1484555078.231644000 0 0
1484555078.275677000 0 0
1484555078.278179000 0 0
1484555078.286258000 0 0
1484555078.294362000 0 0
1484555078.298737000 0 0
1484555078.320589000 0 0
1484555078.323077000 0 0
1484555093.372258000 0 0
1484555096.147874000 0 266816
1484555096.245236000 0 0
1484555078.298543000 985 0
1484555078.329304000 402 0
1484555078.292624000 282 0
1484555096.341538000 0 824672
1484555103.376382000 0 0
1484555093.377390000 5750 0
1484555151.895335000 0 8679
1484555151.906764000 0 0
1484555151.905758000 0 0
1484555367.858607000 0 0
1484555369.644719000 0 0
1484555369.717822000 0 0
1484555369.720525000 0 0
1484555369.729097000 0 0
1484555369.767485000 0 0
1484555366.934619000 0 234040
1484555376.911194000 0 0
1484555393.381731000 0 0
1484555369.653414000 779 0
1484555369.735637000 282 0
1484555393.387013000 5750 0
1484555428.040347000 0 0
1484555428.046326000 0 0
1484555451.903281000 0 8680
1484555451.914292000 0 0
1484555451.913244000 0 0
1484555078.273223000 0 0
1484555550.598857000 0 0
1484555693.391229000 0 0
1484555693.397068000 5750 0
1484555751.912743000 0 8680
1484555751.922965000 0 0
1484555751.921900000 0 0
1484555781.725802000 0 0
1484555781.733317000 0 0
1484555781.781135000 0 0
1484555781.783998000 0 0
1484555781.792203000 0 0
1484555781.800968000 0 0
1484555781.804933000 0 0
1484555781.811204000 0 0
1484555781.813791000 0 0
1484555781.787814000 2092 0
1484555781.817728000 402 0
1484555781.798170000 282 0
1484555781.761464000 0 0
1484555993.401763000 0 0
1484555993.407370000 5750 0
1484556051.921720000 0 8680
1484556051.933929000 0 0
1484556051.932874000 0 0
1484556293.412651000 0 0
1484556293.416396000 5750 0
1484555367.861903000 0 0
1484556340.058570000 0 0
1484556340.076303000 0 0
1484556340.128666000 0 0
1484556340.137587000 0 0
1484556340.131217000 0 0
1484556340.142640000 0 0
1484556340.150676000 0 0
1484556340.154990000 0 0
1484556340.157307000 0 0
1484556340.159858000 0 0
1484556345.086669000 0 0
1484556345.089374000 0 0
1484556352.098964000 0 8680
1484556352.111763000 0 0
1484556352.110693000 0 0
1484556340.127378000 2092 0
1484556340.166839000 402 0
1484556340.148915000 282 0
1484556340.111051000 0 0
1484556593.444728000 0 0
1484556593.447913000 5750 0
1484556893.453310000 0 0
1484556893.457026000 5750 0
1484556951.940354000 0 8680
1484556951.950385000 0 0
1484556951.949355000 0 0
1484557193.462534000 0 0
1484557193.467797000 5750 0
1484557493.472081000 0 0
1484557496.268899000 0 266816
1484557496.521578000 0 0
1484557496.609987000 0 561800
1484557496.735525000 0 0
1484557493.476101000 5750 0
1484557725.624041000 0 0
1484557725.630592000 0 0
1484557725.633582000 0 0
1484557725.636152000 0 0
1484557725.681682000 0 0
1484557725.684492000 0 0
1484557725.692899000 0 0
1484557725.740581000 0 0
1484557725.753075000 0 0
1484557725.755989000 0 0
1484557725.763522000 0 0
1484557725.777900000 0 0
1484557725.780399000 0 0
1484557725.782972000 0 0
1484557725.794122000 0 0
1484557725.796741000 0 0
1484557728.641400000 0 8680
1484557728.651895000 0 0
1484557728.650954000 0 0
1484557725.699386000 282 0
1484557725.761783000 402 0
1484557725.770103000 504 0
1484557725.788193000 504 0
1484557793.481635000 0 0
1484557793.487543000 5750 0
1484557796.960079000 0 889560
1484557797.159906000 0 0
1484552144.348793000 0 0
1484557920.033597000 0 0
1484557920.036683000 0 0
1484557920.044854000 0 0
1484557920.050332000 0 0
1484557920.062369000 0 0
1484557920.064910000 0 0
1484557920.067643000 0 0
1484557920.070354000 0 0
1484557920.080390000 0 0
1484557920.083103000 0 0
1484557920.093611000 0 0
1484557920.096165000 0 0
1484557920.098934000 0 0
1484557920.113203000 0 0
1484557920.115948000 0 0
1484557923.722902000 0 0
1484557923.725723000 0 0
1484557923.727584000 0 0
1484557923.775518000 0 0
1484557925.719539000 0 733143
1484557925.794385000 0 0
1484557919.769799000 731702 0
1484557925.793185000 0 0
1484557926.001626000 0 0
1484557926.009858000 0 0
1484557926.011087000 0 0
1484557926.013019000 0 0
1484557926.013558000 0 0
1484557926.022616000 0 0
1484557926.029503000 0 0
1484557926.034455000 0 0
1484557926.037067000 0 0
1484557926.037568000 0 0
1484557926.040162000 0 0
1484557926.042732000 0 0
1484557926.044704000 0 0
1484557926.047231000 0 0
1484557926.050111000 0 0
1484557926.052613000 0 0
1484557926.066340000 0 0
1484557926.069034000 0 0
1484557926.068986000 0 0
1484557926.073113000 0 0
1484557944.733831000 0 0
1484557920.085896000 282 0
1484557920.048438000 402 0
1484557920.053904000 504 0
1484557920.073099000 504 0
1484557920.104325000 402 0
1484557911.568539000 0 366296
1484557957.333155000 0 0
1484557967.352538000 0 0
1484557974.221000000 0 0
1484558028.778115000 0 8680
1484558028.953706000 0 0
1484558028.952710000 0 0
1484558093.502555000 0 0
1484558096.663798000 0 393
1484558096.825188000 0 0
1484558096.824079000 0 0
1484558093.513689000 5750 0
1484558328.672393000 0 8680
1484558328.682622000 0 0
1484558328.681554000 0 0
1484558393.588186000 0 0
1484558396.672257000 0 388
1484558396.684908000 0 0
1484558396.683874000 0 0
1484558393.592176000 5750 0
1484558628.680519000 0 8680
1484558628.690741000 0 0
1484558628.689872000 0 0
1484558693.597039000 0 0
1484558693.600268000 5750 0
1484557974.227987000 335403 14996
1484558963.495796000 0 0
1484558963.576638000 0 0
1484558968.538887000 0 0
1484558968.544509000 0 0
1484558968.557467000 0 0
1484558986.643055000 0 0
1484558986.659396000 0 0
1484558986.670568000 0 0
1484558986.696468000 0 0
1484558986.709185000 0 0
1484558986.713829000 0 0
1484558986.716457000 0 0
1484558986.718915000 0 0
1484558986.727555000 0 0
1484558986.730014000 0 0
1484558986.741517000 0 0
1484558986.743836000 0 0
1484558986.746287000 0 0
1484558986.759233000 0 0
1484558986.761690000 0 0
1484558993.620371000 0 0
1484558978.930560000 779 0
1484558986.694516000 402 0
1484558986.702810000 504 0
1484558986.721302000 504 0
1484558986.751377000 402 0
1484558993.623850000 5750 0
1484558968.560923000 564 0
1484559055.023777000 0 0
1484559055.020770000 282 0
1484559055.075796000 832 0
1484559055.054028000 779 0
1484559055.089244000 660 0
1484559060.807315000 0 0
1484559056.118263000 660 0
1484559056.138982000 0 0
1484559228.695382000 0 8680
1484559228.705370000 0 0
1484559228.704440000 0 0
1484559272.899433000 0 0
1484559272.903270000 0 0
1484559272.911419000 0 0
1484559272.925133000 0 0
1484559272.940696000 0 0
1484559272.952560000 0 0
1484559272.955117000 0 0
1484559272.957794000 0 0
1484559272.969479000 0 0
1484559272.973232000 0 0
1484559272.984679000 0 0
1484559272.987292000 0 0
1484559272.989939000 0 0
1484559273.003423000 0 0
1484559273.006108000 0 0
1484557967.356361000 0 0
1484559293.629162000 0 0
1484559272.918251000 402 0
1484559272.931172000 504 0
1484559272.962985000 504 0
1484559272.976744000 282 0
1484559272.995725000 402 0
1484559293.633153000 5750 0
1484559528.707081000 0 8683
1484559528.718016000 0 0
1484559528.716926000 0 0
1484559593.641508000 0 0
1484559593.645869000 5750 0
1484559691.725275000 0 0
1484559712.145049000 0 0
1484559712.149386000 0 0
1484559712.157640000 0 0
1484559712.161627000 282 0
1484559828.718072000 0 8683
1484559828.728103000 0 0
1484559828.726962000 0 0
1484559832.686405000 0 0
1484559832.689482000 0 0
1484559832.692105000 0 0
1484559893.651114000 0 0
1484559893.657348000 5750 0
1484559850.105016000 0 563064
1484560000.233559000 0 0
1484560000.236688000 0 0
1484560128.730715000 0 8683
1484560128.740507000 0 0
1484560128.739599000 0 0
1484560193.687238000 0 0
1484560193.693625000 5750 0
1484560410.514152000 0 0
1484560428.743216000 0 8683
1484560428.753072000 0 0
1484560428.752047000 0 0
1484560450.970998000 0 0
1484560450.975074000 0 0
1484560450.984395000 0 0
1484560450.994410000 0 0
1484560451.006562000 0 0
1484560451.009565000 0 0
1484560451.012224000 0 0
1484560451.014764000 0 0
1484560451.027116000 0 0
1484560451.029806000 0 0
1484560451.036711000 0 0
1484560451.039194000 0 0
1484560451.041800000 0 0
1484560451.054727000 0 0
1484560451.057207000 0 0
1484560452.976082000 0 0
1484560452.979184000 0 0
1484560455.550996000 0 0
1484560455.554381000 0 0
1484560455.557423000 0 0
1484560455.565575000 0 0
1484560455.570928000 0 0
1484560455.573945000 0 0
1484560455.581485000 0 0
1484560455.594934000 0 0
1484560455.606738000 0 0
1484560455.641654000 0 0
1484560455.658231000 0 0
1484560455.660926000 0 0
1484560455.663990000 0 0
1484560455.673736000 0 0
1484560455.676283000 0 0
1484560455.680231000 0 0
1484560455.687365000 0 0
1484560455.689988000 0 0
1484560455.702465000 0 0
1484560455.705502000 0 0
1484560455.712204000 0 0
1484560455.714840000 0 0
1484560456.593925000 0 0
1484560456.596881000 0 0
1484560456.599502000 0 0
1484560456.606411000 0 0
1484560456.608879000 0 0
1484560456.613723000 0 0
1484560456.620591000 0 0
1484560456.623043000 0 0
1484560456.630725000 0 0
1484560456.633227000 0 0
1484560456.643643000 0 0
1484560456.646239000 0 0
1484560430.142125000 564 0
1484560450.991827000 402 0
1484560451.000724000 504 0
1484560451.020634000 504 0
1484560451.047003000 402 0
1484560493.699118000 0 0
1484560493.702781000 5750 0
1484560452.829101000 0 0
1484560728.752120000 0 8683
1484560728.765340000 0 0
1484560728.764300000 0 0
1484560793.707505000 0 0
1484560793.713009000 5750 0
1484560866.798667000 0 0
1484560885.681429000 282 0
1484560912.344561000 0 0
1484560912.348712000 0 0
1484560912.356992000 0 0
1484560912.362399000 0 0
1484560912.377472000 0 0
1484560912.380830000 0 0
1484560912.383689000 0 0
1484560912.386728000 0 0
1484560912.400587000 0 0
1484560912.403147000 0 0
1484560912.410335000 0 0
1484560912.413535000 0 0
1484560912.416374000 0 0
1484560912.431520000 0 0
1484560912.434392000 0 0
1484560912.271861000 282 0
1484560912.360516000 402 0
1484560912.371284000 504 0
1484560912.392133000 504 0
1484560912.423056000 402 0
1484560950.152048000 0 0
1484560950.158310000 0 0
1484561028.765724000 0 8683
1484561028.776093000 0 0
1484561028.775260000 0 0
1484561093.718164000 0 0
1484561093.724317000 5750 0
1484561157.096239000 0 0
1484561157.136614000 0 0
1484561158.776184000 0 0
1484561157.118789000 0 0
1484561158.772906000 0 0
1484561157.143042000 1508 0
1484561157.149807000 1730 0
1484561157.155418000 1506 0
1484561157.162145000 1522 0
1484561158.770612000 402 0
1484561158.792812000 129 0
1484561158.796909000 504 0
1484561158.801433000 504 0
1484561159.407600000 0 0
1484561158.766623000 0 0
1484561159.402796000 0 0
1484561176.159742000 0 0
1484561176.163309000 0 0
1484561176.189584000 0 0
1484561184.466897000 0 0
1484561184.565037000 0 0
1484561184.569058000 0 0
1484561185.039403000 0 0
1484561185.042528000 0 0
1484561185.045014000 0 0
1484561185.061009000 0 0
1484561185.166682000 0 0
1484561185.169671000 0 0
1484561185.175278000 0 0
1484561185.177368000 0 0
1484561185.179604000 0 0
1484561185.218377000 0 0
1484561185.222301000 0 0
1484561185.234321000 0 0
1484561185.242454000 0 0
1484561185.245733000 0 0
1484561185.249663000 0 0
1484561185.250004000 0 0
1484561185.258210000 0 0
1484561185.266000000 0 0
1484561185.277253000 0 0
1484561185.294644000 0 0
1484561185.292993000 0 0
1484561185.297471000 0 0
1484561185.303293000 0 0
1484561159.412348000 1508 0
1484561159.414930000 1730 0
1484561159.417938000 1506 0
1484561159.420582000 1522 0
1484561171.782321000 660 0
1484561176.194412000 282 0
1484561185.047676000 402 0
1484561185.148800000 504 0
1484561185.219845000 504 0
1484561185.268242000 402 0
1484561184.470222000 0 0
1484561227.449177000 0 0
1484561227.493460000 0 0
1484561227.561529000 0 0
1484561227.565036000 0 0
1484561227.573607000 0 0
1484561227.913301000 0 0
1484561227.916764000 0 0
1484561227.919533000 0 0
1484561227.957169000 0 0
1484561228.102703000 0 0
1484561228.136076000 0 0
1484561228.140208000 0 0
1484561228.180626000 0 0
1484561228.183793000 0 0
1484561228.199924000 0 0
1484561228.204398000 0 0
1484561227.578789000 282 0
1484561227.922833000 402 0
1484561228.064467000 504 0
1484561228.145557000 504 0
1484561228.189728000 402 0
1484561393.729704000 0 0
1484561393.735695000 5750 0
1484561227.452053000 0 0
1484561628.773212000 0 8683
1484561628.783550000 0 0
1484561628.782466000 0 0
1484561693.743431000 0 0
1484561693.746583000 5750 0
1484561832.355881000 0 0
1484561832.402458000 0 0
1484561832.457116000 0 0
1484561832.461051000 0 0
1484561832.469390000 0 0
1484561832.857495000 0 0
1484561832.861517000 0 0
1484561832.864036000 0 0
1484561832.897844000 0 0
1484561832.954590000 0 0
1484561832.962868000 0 0
1484561832.985041000 0 0
1484561832.987908000 0 0
1484561833.008623000 0 0
1484561833.012018000 0 0
1484561833.015143000 0 0
1484561833.040642000 0 0
1484561833.043456000 0 0
1484561832.358775000 0 0
1484561832.474017000 282 0
1484561832.867019000 402 0
1484561832.934372000 504 0
1484561832.996539000 504 0
1484561833.018112000 402 0
1484561922.743001000 0 0
1484561928.783936000 0 8683
1484561928.795048000 0 0
1484561928.794082000 0 0
1484561961.196379000 0 0
1484561961.200487000 0 0
1484561961.208718000 0 0
1484561961.214065000 0 0
1484561961.224732000 0 0
1484561961.227098000 0 0
1484561961.229803000 0 0
1484561961.232477000 0 0
1484561961.241329000 0 0
1484561961.243964000 0 0
1484561961.252516000 0 0
1484561961.255511000 0 0
1484561961.258173000 0 0
1484561961.270229000 0 0
1484561961.272873000 0 0
1484561961.212287000 402 0
1484561961.217678000 504 0
1484561961.235255000 504 0
1484561961.246679000 282 0
1484561961.263683000 402 0
1484561993.786841000 0 0
1484562014.835049000 0 0
1484561993.792892000 5750 0
1484561996.587927000 0 563064
1484562028.408560000 0 0
1484562060.365552000 0 0
1484562060.369352000 0 0
1484562060.377555000 0 0
1484562060.383799000 0 0
1484562060.396228000 0 0
1484562060.398762000 0 0
1484562060.401330000 0 0
1484562060.404191000 0 0
1484562060.414457000 0 0
1484562060.417594000 0 0
1484562060.424413000 0 0
1484562060.427409000 0 0
1484562060.430031000 0 0
1484562060.439880000 0 0
1484562060.442582000 0 0
1484562033.751435000 564 0
1484562060.382073000 402 0
1484562060.390414000 504 0
1484562060.406721000 504 0
1484562060.433053000 402 0
1484562228.860006000 0 8683
1484562228.872545000 0 0
1484562228.871566000 0 0
1484562293.797962000 0 0
1484562293.801235000 5750 0
1484562395.422910000 0 0
1484562395.430310000 0 0
1484562395.438319000 0 0
1484562395.453242000 0 0
1484562395.463893000 0 0
1484562395.470656000 0 0
1484562395.473322000 0 0
1484562395.475710000 0 0
1484562395.484239000 0 0
1484562395.486812000 0 0
1484562395.497319000 0 0
1484562395.499935000 0 0
1484562395.503311000 0 0
1484562395.518002000 0 0
1484562395.522141000 0 0
1484562396.167832000 0 0
1484562396.170642000 0 0
1484562396.902948000 0 0
1484562396.905788000 0 0
1484562396.908975000 0 0
1484562396.916120000 0 0
1484562396.918715000 0 0
1484562396.921600000 0 0
1484562396.930258000 0 0
1484562396.932830000 0 0
1484562396.941499000 0 0
1484562396.943968000 0 0
1484562395.489399000 282 0
1484562395.450359000 402 0
1484562395.456816000 504 0
1484562395.478259000 504 0
1484562395.509738000 402 0
1484562528.872426000 0 8683
1484562528.883527000 0 0
1484562528.882437000 0 0
1484562593.806640000 0 0
1484562593.810184000 5750 0
1484562396.081081000 0 0
1484562823.137925000 0 0
1484562828.883496000 0 8683
1484562828.893989000 0 0
1484562828.892927000 0 0
1484562855.833998000 0 0
1484562855.838266000 0 0
1484562855.846573000 0 0
1484562855.855559000 0 0
1484562855.871754000 0 0
1484562855.874318000 0 0
1484562855.877163000 0 0
1484562855.879873000 0 0
1484562855.891620000 0 0
1484562855.894178000 0 0
1484562855.903210000 0 0
1484562855.905614000 0 0
1484562855.908189000 0 0
1484562855.917506000 0 0
1484562855.920154000 0 0
1484562859.331563000 0 0
1484562855.853249000 402 0
1484562855.862246000 504 0
1484562855.885235000 504 0
1484562855.911007000 402 0
1484562893.814944000 0 0
1484562896.519816000 0 266816
1484562896.650737000 0 0
1484562855.897005000 564 0
1484562904.829870000 0 0
1484562904.833978000 0 0
1484562904.844395000 0 0
1484562904.849633000 0 0
1484562904.859216000 0 0
1484562904.861844000 0 0
1484562904.864309000 0 0
1484562904.875718000 0 0
1484562904.878333000 0 0
1484562904.886099000 0 0
1484562904.888717000 0 0
1484562904.898763000 0 0
1484562904.901418000 0 0
1484562915.536756000 0 0
1484562915.581937000 0 0
1484562915.585282000 0 0
1484562915.593855000 0 0
1484562916.017469000 0 0
1484562916.021085000 0 0
1484562916.023577000 0 0
1484562916.026637000 0 0
1484562916.035825000 0 0
1484562916.038218000 0 0
1484562916.040580000 0 0
1484562916.048735000 0 0
1484562916.050896000 0 0
1484562916.058987000 0 0
1484562916.062127000 0 0
1484562916.456902000 0 733622
1484562916.530899000 0 0
1484562916.530016000 0 0
1484562893.819514000 5750 0
1484562896.788408000 0 661440
1484562921.331263000 0 0
1484562939.590081000 0 0
1484562904.765568000 282 0
1484562904.847923000 402 0
1484562904.853118000 504 0
1484562904.869637000 504 0
1484562904.891696000 402 0
1484563128.895113000 0 8683
1484563128.905741000 0 0
1484563128.904662000 0 0
1484563147.582201000 0 0
1484563186.074329000 0 0
1484563166.488219000 282 0
1484563193.824333000 0 0
1484563193.830074000 5750 0
1484563204.929146000 282 0
1484563231.544852000 0 0
1484563231.550008000 0 0
1484563231.558364000 0 0
1484563231.566864000 0 0
1484563231.579478000 0 0
1484563231.581871000 0 0
1484563231.584479000 0 0
1484563231.587011000 0 0
1484563231.598358000 0 0
1484563231.601052000 0 0
1484563231.608263000 0 0
1484563231.610816000 0 0
1484563231.613607000 0 0
1484563231.625866000 0 0
1484563231.628488000 0 0
1484563231.483551000 282 0
1484563231.564773000 402 0
1484563231.573126000 504 0
1484563231.592503000 504 0
1484563231.618701000 402 0
1484563341.637304000 0 0
1484563348.453292000 0 0
1484563341.648090000 1508 0
1484563341.654007000 1730 0
1484563343.388068000 0 0
1484563342.541490000 0 0
1484563341.633196000 0 0
1484563341.664826000 1522 0
1484563341.659445000 1506 0
1484563342.219963000 0 0
1484563428.414568000 0 0
1484563429.690317000 0 0
1484563428.410523000 0 0
1484563428.419245000 1508 0
1484563428.421887000 1730 0
1484563428.424521000 1506 0
1484563428.430185000 1522 0
1484563429.687912000 282 0
1484563429.708430000 832 0
1484563429.702290000 779 0
1484563429.714962000 660 0
1484563439.773999000 0 0
1484563430.956595000 660 0
1484563430.960813000 0 0
1484563450.375353000 0 0
1484563493.835164000 0 0
1484563493.838765000 5750 0
1484563712.313661000 0 0
1484563712.319134000 0 0
1484563712.327399000 0 0
1484563712.340041000 0 0
1484563712.352341000 0 0
1484563712.354746000 0 0
1484563712.357305000 0 0
1484563712.359820000 0 0
1484563712.369028000 0 0
1484563712.371601000 0 0
1484563712.383454000 0 0
1484563712.385838000 0 0
1484563712.388892000 0 0
1484563712.398592000 0 0
1484563712.401230000 0 0
1484562939.592714000 0 0
1484563717.748530000 0 0
1484563728.907961000 0 8684
1484563728.918200000 0 0
1484563728.917241000 0 0
1484563733.153656000 0 0
1484563712.334573000 402 0
1484563712.346130000 504 0
1484563712.362534000 504 0
1484563712.376778000 282 0
1484563712.391542000 402 0
1484563750.008367000 0 267944
1484563757.353675000 0 0
1484563793.868219000 0 0
1484563793.874345000 5750 0
1484563826.711573000 0 0
1484563831.753009000 0 0
1484563831.756261000 0 0
1484563831.765398000 0 0
1484563872.242992000 0 0
1484563872.247270000 0 0
1484563872.255614000 0 0
1484563872.260807000 0 0
1484563872.274588000 0 0
1484563872.277003000 0 0
1484563872.279468000 0 0
1484563872.281966000 0 0
1484563872.290628000 0 0
1484563872.293186000 0 0
1484563872.300929000 0 0
1484563872.303328000 0 0
1484563872.305852000 0 0
1484563872.319124000 0 0
1484563872.321653000 0 0
1484563831.772692000 846 0
1484563872.259106000 402 0
1484563872.267923000 504 0
1484563872.284608000 504 0
1484563872.311164000 402 0
1484563978.026220000 0 135712
1484563978.070098000 0 0
1484563978.337163000 0 70160
1484563978.368205000 0 0
1484563981.994206000 0 0
1484563733.159594000 335561 14292
1484564017.343724000 0 0
1484564017.972479000 0 70160
1484564017.347921000 5750 2834
1484564018.024348000 0 0
1484564018.382896000 0 562440
1484564027.881673000 0 0
1484564028.922540000 0 8687
1484564028.932634000 0 0
1484564028.931576000 0 0
1484564096.652047000 0 135712
1484564096.713906000 0 0
1484564116.423256000 0 0
1484564018.026592000 0 8676
1484564116.912617000 0 0
1484564119.830273000 0 0
1484564116.915908000 5116 0
1484564138.753368000 282 0
1484564165.368496000 0 0
1484564165.372839000 0 0
1484564165.381209000 0 0
1484564165.386898000 0 0
1484564165.399850000 0 0
1484564165.402228000 0 0
1484564165.405291000 0 0
1484564165.408252000 0 0
1484564165.419798000 0 0
1484564165.422376000 0 0
1484564165.429529000 0 0
1484564165.432010000 0 0
1484564165.434627000 0 0
1484564165.447699000 0 0
1484564165.450439000 0 0
1484564165.307072000 282 0
1484564165.384838000 402 0
1484564165.393789000 504 0
1484564165.412831000 504 0
1484564165.439967000 402 0
1484564116.934185000 0 627992
1484564194.066701000 0 0
1484564194.069793000 0 0
1484564328.934532000 0 8687
1484564328.947528000 0 0
1484564328.946589000 0 0
1484564393.893263000 0 0
1484564393.896267000 5116 0
1484564628.944283000 0 8687
1484564628.954267000 0 0
1484564628.953224000 0 0
1484564116.427012000 337057 11559
1484564693.909061000 0 0
1484564693.915155000 5116 0
1484564993.921796000 0 0
1484564993.927738000 5116 0
1484565293.941861000 0 0
1484565293.945649000 5116 0
1484565593.987662000 0 0
1484565593.992955000 5116 0
1484565894.004578000 0 0
1484565894.008041000 5116 0
1484566194.019521000 0 0
1484566194.023079000 5116 0
1484566485.527267000 0 8687
1484566485.538239000 0 0
1484566485.537235000 0 0
1484566494.042915000 0 0
1484566494.049159000 5116 0
1484566628.037978000 0 0
1484566633.045954000 0 0
1484566633.048849000 0 0
1484566633.057232000 0 0
1484566673.931405000 0 0
1484566673.935802000 0 0
1484566673.943866000 0 0
1484566673.952308000 0 0
1484566673.964257000 0 0
1484566673.966757000 0 0
1484566673.969413000 0 0
1484566673.971945000 0 0
1484566673.983919000 0 0
1484566673.986555000 0 0
1484566673.994674000 0 0
1484566673.997119000 0 0
1484566673.999812000 0 0
1484566674.013201000 0 0
1484566674.015756000 0 0
1484566633.063950000 846 0
1484566673.950400000 402 0
1484566673.958301000 504 0
1484566673.977174000 504 0
1484566674.005676000 402 0
1484566766.198441000 0 0
1484566766.206417000 1508 0
1484566766.211487000 1730 0
1484566766.223857000 1522 0
1484566772.718764000 0 0
1484566766.196087000 0 0
1484566776.335370000 0 0
1484566776.338605000 0 0
1484566776.341328000 0 0
1484566781.071269000 0 0
1484566781.129588000 0 0
1484566781.132853000 0 0
1484566781.141290000 0 0
1484566781.149773000 282 0
1484566766.216672000 1506 0
1484566785.542160000 0 8687
1484566785.691106000 0 0
1484566785.638536000 0 0
1484566794.060797000 0 0
1484566794.067572000 5116 0
1484567085.562434000 0 8687
1484567085.573356000 0 0
1484567085.572410000 0 0
1484567094.081539000 0 0
1484567094.087398000 5116 0
1484567287.317269000 0 0
1484567306.303576000 282 0
1484567332.807160000 0 0
1484567332.811488000 0 0
1484567332.819792000 0 0
1484567332.828265000 0 0
1484567332.842132000 0 0
1484567332.844688000 0 0
1484567332.848205000 0 0
1484567332.851270000 0 0
1484567332.865237000 0 0
1484567332.867993000 0 0
1484567332.876971000 0 0
1484567332.880120000 0 0
1484567332.883596000 0 0
1484567332.898616000 0 0
1484567332.901438000 0 0
1484567332.750872000 282 0
1484567332.826357000 402 0
1484567332.834573000 504 0
1484567332.857442000 504 0
1484567332.889157000 402 0
1484567385.578665000 0 8687
1484567385.588746000 0 0
1484567385.587703000 0 0
1484567394.128802000 0 0
1484567394.132020000 5116 0
1484567426.852431000 0 0
1484567426.934512000 0 0
1484567431.888622000 0 0
1484567431.893289000 0 0
1484567431.901677000 0 0
1484567453.886601000 0 0
1484567431.905174000 282 0
1484567458.669264000 282 0
1484567694.137512000 0 0
1484567696.655408000 0 266816
1484567696.762807000 0 0
1484567696.843902000 0 497480
1484567716.486060000 0 0
1484567694.140991000 5116 0
1484567972.091535000 0 0
1484567972.097924000 0 0
1484567985.585810000 0 8687
1484567985.595933000 0 0
1484567985.595004000 0 0
1484567994.146764000 0 0
1484567994.149922000 5116 0
1484568285.595402000 0 8687
1484568285.606524000 0 0
1484568285.605397000 0 0
1484568294.154432000 0 0
1484568314.986763000 0 0
1484568294.158578000 5116 0
1484568320.037378000 0 0
1484568320.040546000 0 0
1484568320.049200000 0 0
1484568360.508303000 0 0
1484568360.512765000 0 0
1484568360.521625000 0 0
1484568360.530526000 0 0
1484568360.543739000 0 0
1484568360.546321000 0 0
1484568360.548987000 0 0
1484568360.551629000 0 0
1484568360.563222000 0 0
1484568360.565927000 0 0
1484568360.573585000 0 0
1484568360.576227000 0 0
1484568360.578984000 0 0
1484568360.591386000 0 0
1484568360.593966000 0 0
1484568320.056015000 846 0
1484568360.528791000 402 0
1484568360.536679000 504 0
1484568360.556971000 504 0
1484568360.584325000 402 0
1484568585.608596000 0 8687
1484568585.620205000 0 0
1484568585.619271000 0 0
1484568594.164130000 0 0
1484568594.170923000 5116 0
1484568675.629667000 0 0
1484568748.733297000 0 0
1484568769.703968000 0 0
1484568769.710247000 0 0
1484568769.767368000 0 0
1484568769.772044000 0 0
1484568769.780994000 0 0
1484568769.786294000 0 0
1484568769.791691000 0 0
1484568770.474852000 0 0
1484568770.493724000 0 0
1484568770.496788000 0 0
1484568770.470211000 2092 0
1484568770.504017000 402 0
1484568767.570026000 282 0
1484568794.189897000 0 0
1484568794.193780000 0 0
1484568794.202416000 0 0
1484568794.208320000 0 0
1484568794.222889000 0 0
1484568794.225587000 0 0
1484568794.228329000 0 0
1484568794.231085000 0 0
1484568794.243841000 0 0
1484568794.246589000 0 0
1484568794.263855000 0 0
1484568794.266420000 0 0
1484568794.269272000 0 0
1484568794.283996000 0 0
1484568794.286801000 0 0
1484568794.133769000 282 0
1484568794.206177000 402 0
1484568794.214831000 504 0
1484568794.236777000 504 0
1484568794.274962000 402 0
1484568885.621485000 0 8687
1484568885.631829000 0 0
1484568885.630791000 0 0
1484568770.452435000 0 0
1484568894.176576000 0 0
1484568896.754294000 0 463472
1484568896.899016000 0 0
1484568902.520905000 0 0
1484568903.384897000 0 0
1484568903.388839000 0 0
1484568903.397378000 0 0
1484567453.892789000 340349 3783
1484568912.203412000 0 0
1484568912.250399000 0 0
1484568912.255279000 0 0
1484568903.402477000 282 0
1484568912.274010000 832 0
1484568912.310058000 660 0
1484568912.333995000 779 0
1484568894.180420000 5116 0
1484568896.988349000 0 497480
1484568930.773229000 0 0
1484568912.424735000 779 0
1484568912.427459000 660 0
1484568912.314627000 0 0
1484569011.250914000 0 0
1484569011.253942000 0 0
1484569011.256701000 0 0
1484569011.263324000 0 0
1484569011.266560000 0 0
1484569011.268537000 0 0
1484569011.277347000 0 0
1484569011.276207000 0 0
1484569011.274186000 402 0
1484569011.283634000 504 0
1484569185.632316000 0 8687
1484569185.645725000 0 0
1484569185.644710000 0 0
1484569194.209381000 0 0
1484569194.216086000 5116 0
1484569485.647460000 0 8687
1484569485.659503000 0 0
1484569485.658610000 0 0
1484569494.220577000 0 0
1484569496.868489000 0 387
1484569496.895308000 0 0
1484569496.894150000 0 0
1484569494.226279000 5116 0
1484569546.628413000 0 0
1484569551.690124000 0 0
1484569551.692985000 0 0
1484569551.701167000 0 0
1484569569.658709000 0 0
1484569615.124778000 0 0
1484569615.127953000 0 0
1484569615.136651000 0 0
1484569615.146068000 0 0
1484569615.160959000 0 0
1484569615.163536000 0 0
1484569615.166165000 0 0
1484569615.168797000 0 0
1484569615.189670000 0 0
1484569615.192326000 0 0
1484569615.199950000 0 0
1484569615.202408000 0 0
1484569615.205049000 0 0
1484569615.216078000 0 0
1484569615.218830000 0 0
1484569551.704885000 846 0
1484569615.144191000 402 0
1484569615.152730000 504 0
1484569615.174020000 504 0
1484569615.207700000 402 0
1484569785.659293000 0 8687
1484569785.671618000 0 0
1484569785.670536000 0 0
1484569794.231379000 0 0
1484569794.238080000 5116 0
1484569831.041994000 0 0
1484569831.049259000 0 0
1484569831.091992000 0 0
1484569831.094639000 0 0
1484569831.103340000 0 0
1484569831.108537000 0 0
1484569831.108824000 0 0
1484569831.113695000 0 0
1484569831.128771000 0 0
1484569831.131471000 0 0
1484569832.882428000 0 0
1484569832.901651000 0 0
1484569832.916145000 0 0
1484569832.940738000 0 0
1484569832.943165000 0 0
1484569832.976367000 0 0
1484569832.986769000 0 0
1484569833.000054000 0 0
1484569833.002622000 0 0
1484569833.010275000 0 0
1484569851.376454000 0 0
1484569851.868672000 0 0
1484569852.429302000 0 0
1484569852.432693000 0 0
1484569852.440747000 0 0
1484569852.453871000 0 0
1484569852.456487000 0 0
1484569831.103767000 985 0
1484569832.898249000 129 0
1484569832.938228000 129 0
1484569832.974053000 129 0
1484569832.996582000 129 0
1484569833.007982000 129 0
1484569831.106816000 564 0
1484569831.137958000 804 0
1484569851.872230000 0 0
1484570032.575879000 0 0
1484570032.635881000 0 0
1484570032.693709000 0 0
1484570032.697756000 0 0
1484570032.706565000 0 0
1484570034.482558000 0 0
1484570034.486240000 0 0
1484570034.488736000 0 0
1484570034.513294000 0 0
1484570034.611247000 0 0
1484570034.614024000 0 0
1484570034.618392000 0 0
1484570034.626395000 0 0
1484570034.653315000 0 0
1484570034.656685000 0 0
1484570034.662388000 0 0
1484570034.689890000 0 0
1484570034.699110000 0 0
1484570034.708893000 0 0
1484570034.720273000 0 0
1484570034.731418000 0 0
1484570034.732227000 0 0
1484570034.734670000 0 0
1484570034.739284000 0 0
1484570034.748633000 0 0
1484570034.753630000 0 0
1484570034.760818000 0 0
1484570034.765637000 0 0
1484570047.132697000 0 4428
1484570047.144675000 0 0
1484570047.143628000 0 0
1484570032.711522000 282 0
1484570034.491347000 402 0
1484570034.600328000 504 0
1484570034.645423000 504 0
1484570034.668875000 402 0
1484570085.670249000 0 8687
1484570085.682475000 0 0
1484570085.681409000 0 0
1484570094.243643000 0 0
1484570094.246966000 5116 0
1484570385.686161000 0 8687
1484570385.698351000 0 0
1484570385.697123000 0 0
1484570394.252256000 0 0
1484570394.255471000 5116 0
1484570032.579079000 0 0
1484570465.377497000 0 0
1484570465.792127000 0 0
1484570465.896922000 0 0
1484570465.900163000 0 0
1484570465.908386000 0 0
1484570467.604146000 0 0
1484570467.629108000 0 0
1484570467.634433000 0 0
1484570467.664936000 0 0
1484570467.703601000 0 0
1484570467.718138000 0 0
1484570467.721360000 0 0
1484570467.724784000 0 0
1484570467.776512000 0 0
1484570467.795367000 0 0
1484570467.798440000 0 0
1484570467.814805000 0 0
1484570467.817485000 0 0
1484570467.817712000 0 0
1484570467.822465000 0 0
1484570467.640657000 402 0
1484570467.686807000 504 0
1484570467.727928000 504 0
1484570467.804764000 402 0
1484570465.913238000 282 0
1484570645.072026000 0 0
1484570672.689344000 0 0
1484570672.693573000 0 0
1484570672.701794000 0 0
1484570672.706992000 0 0
1484570672.716242000 0 0
1484570672.718715000 0 0
1484570672.721386000 0 0
1484570672.724403000 0 0
1484570672.736318000 0 0
1484570672.738987000 0 0
1484570672.749245000 0 0
1484570672.751680000 0 0
1484570672.754366000 0 0
1484570672.765017000 0 0
1484570672.767601000 0 0
1484570685.695811000 0 8687
1484570685.707728000 0 0
1484570685.706682000 0 0
1484570694.259877000 0 0
1484570672.705266000 402 0
1484570672.710454000 504 0
1484570672.726937000 504 0
1484570672.741615000 282 0
1484570672.758012000 402 0
1484570694.263190000 5116 0
1484570465.795391000 0 0
1484570769.976045000 0 0
1484570770.022460000 0 0
1484570770.089259000 0 0
1484570770.092636000 0 0
1484570770.100551000 0 0
1484570771.750969000 0 0
1484570771.754101000 0 0
1484570771.756621000 0 0
1484570771.800901000 0 0
1484570771.877577000 0 0
1484570771.880738000 0 0
1484570771.884714000 0 0
1484570771.887723000 0 0
1484570771.910931000 0 0
1484570771.913608000 0 0
1484570771.923090000 0 0
1484570771.949853000 0 0
1484570771.952582000 0 0
1484570772.015839000 0 0
1484570772.018533000 0 0
1484570772.033590000 0 0
1484570772.050642000 0 0
1484570772.055703000 0 0
1484570772.058268000 0 0
1484570772.066139000 0 0
1484570772.069878000 0 0
1484570772.078311000 0 0
1484570772.083009000 0 0
1484570770.107032000 282 0
1484570771.759317000 402 0
1484570771.866752000 504 0
1484570771.899847000 504 0
1484570771.926443000 402 0
1484570696.964951000 0 955824
1484570982.717964000 0 0
1484570982.721405000 0 0
1484570985.708335000 0 8687
1484570985.719304000 0 0
1484570985.718431000 0 0
1484570994.303025000 0 0
1484570994.310049000 5116 0
1484571285.717320000 0 8687
1484571285.727976000 0 0
1484571285.726878000 0 0
1484571294.339145000 0 0
1484571294.342598000 5116 0
1484571376.500027000 0 0
1484571376.518284000 0 0
1484571376.562463000 0 0
1484571376.565470000 0 0
1484571376.574040000 0 0
1484571376.583989000 0 0
1484571376.589614000 0 0
1484571377.219523000 0 0
1484571377.222391000 0 0
1484571381.520906000 0 0
1484571381.523927000 0 0
1484571351.359054000 0 301296
1484571382.727524000 0 0
1484571377.199541000 2092 0
1484571377.230555000 402 0
1484571376.581210000 282 0
1484571585.733899000 0 8687
1484571585.743941000 0 0
1484571585.742964000 0 0
1484571594.356860000 0 0
1484571594.360101000 5116 0
1484571885.758864000 0 8687
1484571885.770101000 0 0
1484571885.769048000 0 0
1484571894.371188000 0 0
1484571896.687702000 0 791232
1484571896.898644000 0 0
1484571894.374782000 5116 0
1484572066.009956000 0 0
1484572066.969248000 0 0
1484572066.972607000 0 0
1484572066.980859000 0 0
1484572066.990318000 0 0
1484572067.002321000 0 0
1484572067.007901000 0 0
1484572067.010546000 0 0
1484572067.010695000 0 0
1484572067.013856000 0 0
1484572067.014007000 0 0
1484572067.026586000 0 0
1484572067.029382000 0 0
1484572067.029216000 0 0
1484572067.032448000 0 0
1484572067.036856000 0 0
1484572067.039683000 0 0
1484572067.049507000 0 0
1484572073.994002000 0 234040
1484572074.084555000 0 0
1484572066.988070000 402 0
1484572066.996698000 504 0
1484572067.019831000 504 0
1484572067.020520000 282 0
1484572067.054795000 402 0
1484571377.182124000 0 0
1484572132.843339000 0 234040
1484572132.945716000 0 0
1484572133.057948000 0 234600
1484572149.209362000 0 0
1484572194.394694000 0 0
1484572198.917959000 0 0
1484572210.895110000 0 0
1484572210.997196000 0 0
1484572211.000490000 0 0
1484572211.008813000 0 0
1484572211.025568000 0 0
1484572211.093432000 0 0
1484572211.096293000 0 0
1484572211.112546000 0 0
1484570769.978794000 0 0
1484572211.174712000 0 0
1484572211.177769000 0 0
1484572211.499447000 0 0
1484572211.503154000 0 0
1484572211.533261000 0 0
1484572211.846214000 0 0
1484572211.853659000 0 0
1484572211.856736000 0 0
1484572211.816178000 0 0
1484572211.944970000 0 0
1484572211.951067000 0 0
1484572211.961144000 0 0
1484572211.963991000 0 0
1484572211.967251000 0 0
1484572211.969692000 0 0
1484572214.487384000 0 0
1484572214.516694000 0 0
1484572214.519541000 0 0
1484572214.523436000 0 0
1484572214.530048000 0 0
1484572214.536359000 0 0
1484572214.552982000 0 0
1484572214.555693000 0 0
1484572214.683639000 0 0
1484572211.757165000 0 0
1484572214.764342000 0 0
1484572215.052057000 0 0
1484572211.102234000 282 0
1484572211.668023000 832 0
1484572211.862872000 402 0
1484572211.014806000 402 0
1484572211.952985000 0 0
1484572211.975668000 504 0
1484572211.990499000 0 0
1484572215.166549000 0 0
1484572215.177648000 0 0
1484572215.172605000 0 0
1484572215.185648000 0 0
1484572215.402739000 0 0
1484572215.405904000 0 0
1484572215.374782000 0 0
1484572215.379355000 0 216094
1484572215.427271000 0 0
1484572215.439664000 0 0
1484572215.415970000 0 0
1484572215.442729000 0 0
1484572215.422962000 0 0
1484572215.502684000 0 0
1484572215.505652000 0 0
1484572215.510293000 0 0
1484572215.513504000 0 0
1484572215.523244000 0 0
1484572215.525730000 0 0
1484572215.528139000 0 0
1484572215.534861000 0 0
1484572215.543358000 0 0
1484572215.547913000 0 0
1484572215.550685000 0 0
1484572215.541699000 0 0
1484572215.559508000 0 0
1484572215.570988000 0 0
1484572215.568313000 0 0
1484572215.581077000 0 0
1484572215.583806000 0 0
1484572215.586768000 0 0
1484572215.636203000 0 0
1484572215.634467000 0 0
1484572215.642358000 0 0
1484572215.716744000 0 0
1484572215.714820000 0 0
1484572216.232293000 0 0
1484572216.236803000 0 0
1484572216.235646000 0 0
1484572211.677660000 1320 0
1484572211.640832000 1558 0
1484572216.415668000 0 0
1484572216.418196000 0 0
1484572216.420896000 0 0
1484572216.427324000 0 0
1484572216.740911000 0 0
1484572216.742917000 0 0
1484572216.741908000 0 0
1484572216.432078000 1508 0
1484572216.437101000 1730 0
1484572216.442014000 1506 0
1484572216.446841000 1522 0
1484572216.457168000 0 0
1484572216.869738000 660 0
1484572216.874037000 779 0
1484572216.912398000 0 0
1484572194.401028000 5116 0
1484572219.552492000 0 0
1484572219.553571000 0 0
1484572219.554554000 0 0
1484572215.453001000 48 0
1484572216.453641000 1664 0
1484572216.914583000 1508 0
1484572216.917009000 1730 0
1484572216.919306000 1506 0
1484572216.921744000 1522 0
1484572216.929263000 0 0
1484572219.605746000 660 0
1484572219.613328000 779 0
1484572266.110425000 0 0
1484572266.155018000 0 0
1484572266.155282000 0 0
1484572266.158995000 0 0
1484572266.844549000 0 0
1484572266.105524000 0 0
1484572266.113753000 1508 0
1484572266.116542000 1730 0
1484572266.123915000 1522 0
1484572266.121449000 1506 0
1484572266.155547000 0 0
1484572288.505413000 0 0
1484572288.553421000 0 0
1484572288.557675000 0 0
1484572288.566030000 0 0
1484572288.881110000 0 0
1484572288.576062000 282 0
1484572312.335565000 0 0
1484572328.429914000 0 0
1484572347.606676000 0 234040
1484572347.707428000 0 0
1484572350.087387000 0 234600
1484572372.845917000 0 0
1484572485.791309000 0 8687
1484572485.804260000 0 0
1484572485.803117000 0 0
1484572494.407014000 0 0
1484572494.412583000 5116 0
1484572735.009875000 0 234040
1484572735.103412000 0 0
1484572328.437092000 341253 2902
1484572735.423921000 0 234600
1484572753.088324000 0 0
1484572785.813926000 0 8687
1484572785.824462000 0 0
1484572785.823441000 0 0
1484572794.431729000 0 0
1484572796.953076000 0 725680
1484572797.164207000 0 0
1484572794.435346000 5116 0
1484572799.654452000 0 301296
1484572841.056158000 0 0
1484572312.338447000 0 0
1484572215.050596000 0 165
1484572862.381106000 0 0
1484572862.384600000 0 0
1484572862.464773000 0 0
1484572862.470673000 0 0
1484572862.478828000 0 0
1484572862.492232000 0 0
1484572862.529976000 0 0
1484572862.533308000 0 0
1484572862.537576000 0 0
1484572862.544697000 0 0
1484572862.484480000 282 0
1484572862.555233000 0 0
1484572862.553581000 0 0
1484572862.565004000 0 0
1484572862.567896000 0 0
1484572862.572246000 0 0
1484572862.603487000 0 0
1484572862.598266000 0 0
1484572862.653836000 0 0
1484572862.650811000 0 0
1484572211.115827000 0 0
1484572863.100442000 0 0
1484572863.101506000 0 0
1484572863.099386000 0 0
1484572841.421306000 0 268520
1484572870.366958000 0 0
1484572215.455971000 0 0
1484572863.190248000 660 0
1484572863.198854000 779 0
1484572887.861593000 0 0
1484572893.025039000 0 0
1484572893.030015000 0 0
1484572893.043046000 0 0
1484572931.682969000 0 0
1484573008.406065000 0 234040
1484573008.466522000 0 0
1484573015.022927000 0 0
1484573015.066256000 0 0
1484573020.062837000 0 0
1484573020.065814000 0 0
1484573020.074653000 0 0
1484573020.081620000 282 0
1484573038.764402000 0 0
1484573059.969682000 0 0
1484573068.250689000 0 234040
1484573068.315620000 0 0
1484573060.008952000 0 0
1484573059.976096000 1508 0
1484573059.984375000 1730 0
1484573060.001309000 1522 0
1484573059.990009000 1506 0
1484573085.839395000 0 8687
1484573085.850582000 0 0
1484573085.849530000 0 0
1484573068.508720000 0 234600
1484573092.963961000 0 0
1484573094.444831000 0 0
1484573094.452030000 5116 0
1484573320.552317000 0 0
1484573321.388700000 0 0
1484573321.392595000 0 0
1484573321.401194000 0 0
1484573323.785190000 0 0
1484573323.792069000 0 0
1484573323.794786000 0 0
1484573321.406544000 282 0
1484573323.800398000 402 0
1484572931.686357000 341431 6524
1484573394.464894000 0 0
1484573394.469493000 5116 0
1484573495.809704000 0 0
1484573495.852188000 0 0
1484573499.944063000 0 0
1484573499.947434000 0 0
1484573499.960197000 0 0
1484573535.516711000 0 0
1484573535.545513000 0 0
1484573527.394574000 282 0
1484573059.964769000 0 0
1484573553.500410000 0 0
1484573556.217608000 0 0
1484573556.635833000 0 0
1484573556.642362000 0 0
1484573556.322464000 0 0
1484573553.536671000 1522 0
1484573556.255498000 0 0
1484573553.520925000 1508 0
1484573556.645889000 0 0
1484573553.524787000 1730 0
1484573556.824502000 0 0
1484573578.197356000 1522 0
1484573578.208385000 0 0
1484573553.534104000 1506 0
1484573573.425634000 1506 0
1484573567.074947000 282 0
1484573573.785448000 1730 0
1484573573.790586000 0 0
1484573577.108730000 1508 0
1484573577.119975000 0 0
1484573624.338846000 0 0
1484573553.496612000 0 0
1484573624.225677000 1506 0
1484573685.854022000 0 8687
1484573685.863630000 0 0
1484573685.862715000 0 0
1484573694.474907000 0 0
1484573696.938795000 0 561800
1484573697.063269000 0 0
1484573694.478047000 5116 0
1484573723.420963000 0 0
1484573705.178115000 0 234600
1484573728.340310000 0 0
1484573723.464315000 0 0
1484573723.425351000 1508 0
1484573723.428839000 1730 0
1484573723.434049000 1522 0
1484573723.431361000 1506 0
1484573985.866071000 0 8687
1484573985.875600000 0 0
1484573985.874489000 0 0
1484573994.482527000 0 0
1484573994.485859000 5116 0
1484574161.814420000 0 0
1484574161.820548000 0 0
1484574294.490304000 0 0
1484574294.495944000 5116 0
1484574585.889757000 0 8687
1484574585.899667000 0 0
1484574585.898745000 0 0
1484574594.539828000 0 0
1484574594.545549000 5116 0
1484574653.277902000 0 0
1484574653.295867000 0 0
1484574653.343619000 0 0
1484574653.348104000 0 0
1484574653.350533000 0 0
1484574653.358106000 0 0
1484574653.365750000 0 0
1484574653.365485000 0 0
1484574653.368053000 0 0
1484574653.369829000 0 0
1484574658.311619000 0 0
1484574658.314328000 0 0
1484574653.339168000 2092 0
1484574653.374115000 402 0
1484574653.363205000 282 0
1484574653.322814000 0 0
1484573723.417431000 0 0
1484574724.530601000 0 0
1484574724.539541000 0 0
1484574724.541886000 0 0
1484574724.550392000 0 0
1484574724.552646000 0 0
1484574724.559628000 0 0
1484574724.561952000 0 0
1484574724.568974000 0 0
1484574724.571144000 0 0
1484574724.578124000 0 0
1484574728.354206000 0 0
1484574728.376135000 0 0
1484574728.649818000 0 0
1484574728.654439000 0 0
1484574728.663215000 0 0
1484574729.227303000 0 0
1484574735.042832000 0 0
1484549333.489273000 0 0
1484574735.049128000 0 0
1484574735.048262000 0 0
1484574735.057197000 0 0
1484574735.063982000 0 0
1484574735.061766000 0 0
1484574735.062778000 0 0
1484574735.074425000 0 0
1484574735.077853000 0 0
1484574735.087515000 0 0
1484574724.536398000 129 0
1484574724.547727000 129 0
1484574724.557401000 129 0
1484574724.566888000 129 0
1484574724.575910000 129 0
1484574728.666618000 402 0
1484574729.233565000 282 0
1484574775.269297000 0 561800
1484574775.395731000 0 0
1484574777.099665000 0 234600
1484574779.929569000 0 0
1484574885.909847000 0 8687
1484574885.919277000 0 0
1484574885.918188000 0 0
1484574886.918188000 0 0
1484574894.557124000 0 0
1484574894.563259000 5116 0
1484574905.834181000 282 0
1484574932.445684000 0 0
1484574932.450536000 0 0
1484574932.458571000 0 0
1484574932.467722000 0 0
1484574932.480084000 0 0
1484574932.482780000 0 0
1484574932.485209000 0 0
1484574932.487618000 0 0
1484574932.499397000 0 0
1484574932.501880000 0 0
1484574932.508966000 0 0
1484574932.511206000 0 0
1484574932.513964000 0 0
1484574932.525538000 0 0
1484574932.528635000 0 0
1484574955.198847000 0 0
1484574932.383500000 282 0
1484574932.465423000 402 0
1484574932.473794000 504 0
1484574932.492988000 504 0
1484574932.518732000 402 0
1484574955.237227000 1508 0
1484574955.242805000 1730 0
1484574955.255437000 1522 0
1484574955.687127000 0 0
1484574955.197356000 0 0
1484574967.023077000 0 0
1484574967.077154000 0 0
1484574967.080804000 0 0
1484574967.089401000 0 0
1484574955.250431000 1506 0
1484574967.095222000 282 0
1484574978.279130000 0 0
1484574978.285876000 0 0
1484574978.317300000 0 0
1484574978.319878000 0 0
1484574978.331880000 0 0
1484574978.337789000 0 0
1484574978.343028000 0 0
1484574978.378566000 0 0
1484574978.381087000 0 0
1484574978.336065000 0 0
1484574989.422557000 0 0
1484574989.429260000 0 0
1484574989.452616000 0 0
1484574989.458501000 0 0
1484574989.460991000 0 0
1484574989.468798000 0 0
1484574989.471702000 0 0
1484574989.475863000 0 0
1484574989.475872000 0 0
1484574989.478321000 0 0
1484574989.429076000 0 0
1484575003.452100000 0 0
1484575003.928811000 0 0
1484575003.932509000 0 0
1484575003.940716000 0 0
1484575012.877487000 0 0
1484575012.880232000 0 0
1484574978.357335000 2092 0
1484575016.999712000 0 0
1484575024.207322000 0 0
1484575024.258176000 0 0
1484574978.384717000 804 0
1484575024.292978000 832 0
1484575024.300984000 0 0
1484575024.315471000 0 0
1484575017.002191000 0 0
1484575025.826704000 0 0
1484575026.272384000 0 0
1484575026.275545000 0 0
1484575026.283516000 0 0
1484575026.547060000 0 0
1484575026.549889000 0 0
1484575033.572133000 0 0
1484575033.575117000 0 0
1484575033.578098000 0 0
1484575033.581841000 0 0
1484575033.611135000 0 0
1484575033.613711000 0 0
1484575033.568396000 0 0
1484575024.299447000 779 0
1484575024.294056000 660 0
1484575033.589630000 2092 0
1484575026.552736000 402 0
1484574978.336113000 846 0
1484575067.965090000 0 0
1484575067.966511000 0 0
1484575067.965096000 0 0
1484575067.968872000 0 0
1484575067.968531000 0 0
1484575067.969320000 0 0
1484575067.975767000 0 0
1484575067.980839000 0 0
1484575067.976732000 0 0
1484575067.978876000 0 0
1484575067.983773000 0 0
1484575067.982973000 0 0
1484575067.984838000 0 0
1484575067.989004000 0 0
1484575067.988087000 0 0
1484575067.986921000 0 0
1484575067.983270000 402 0
1484575067.991318000 504 0
1484575067.996507000 504 0
1484575111.102644000 0 0
1484575111.656535000 0 0
1484575111.651851000 282 0
1484575111.699137000 660 0
1484575111.707845000 779 0
1484575115.117998000 0 0
1484575115.121904000 0 0
1484575115.133029000 0 0
1484575129.401580000 0 0
1484575139.850181000 0 0
1484575139.853109000 0 0
1484575139.855494000 0 0
1484575147.532761000 0 0
1484575180.678472000 0 0
1484575180.690022000 0 0
1484575180.693713000 0 279
1484575180.701142000 0 0
1484575180.704855000 0 0
1484575180.707877000 0 0
1484575180.682163000 0 0
1484575180.710726000 0 0
1484575180.848906000 0 85
1484549392.881712000 3117056 20676608
1484575180.857821000 0 0
1484575180.876267000 0 109
1484575180.884032000 0 0
1484575180.960748000 0 144
1484575180.968325000 0 0
1484575180.978538000 0 175
1484575180.985746000 0 0
1484575181.006386000 0 0
1484549397.043356000 0 4096
1484575181.020860000 0 0
1484575181.024938000 0 0
1484549397.040305000 0 0
1484575181.042335000 0 0
1484575181.158316000 0 0
1484575181.172067000 0 0
1484575181.176184000 0 10
1484575181.187101000 0 0
1484575181.191203000 0 0
1484575181.162764000 0 0
1484575181.194717000 0 0
1484549394.844499000 9440 491251
1484549396.606540000 1053608 318415
1484575181.212375000 0 9466
1484575181.355611000 0 204
1484575181.363164000 0 0
1484575181.370243000 0 305
1484575181.437313000 0 0
1484549398.264379000 0 32768
1484575181.451295000 0 0
1484549398.259095000 57344 98440
1484575181.459621000 0 0
1484575181.462443000 0 0
1484575181.484495000 0 0
1484549398.251039000 0 4096
1484575181.501414000 0 0
1484575181.505777000 0 0
1484549398.247959000 0 0
1484575181.512705000 0 0
1484575181.517039000 0 0
1484575181.530683000 0 0
1484575181.534783000 0 23788
1484575181.555413000 0 0
1484575181.559367000 0 0
1484575181.521196000 0 0
1484575181.562648000 0 0
1484575181.662074000 0 0
1484549398.475443000 30935 5112
1484569831.083164000 0 0
1484574735.069198000 0 0
1484549397.031864000 98304 0
1484549393.834435000 294912 0
1484550903.624450000 65536 0
1484549391.473069000 65536 0
1484549390.790633000 53248 4096
1484549390.797684000 16384 4096
1484549398.250010000 622592 98304
1484549398.239190000 98304 0
1484563717.773075000 98304 0
1484549398.467328000 8606 0
1484575166.423881000 282 0
1484549398.278520000 0 0
1484549398.256204000 0 0
1484549390.146353000 0 0
