1484549098.332612000 0 0
1484549098.336363000 0 0
1484549098.339891000 0 0
1484549098.342898000 0 0
1484549098.345856000 0 0
1484549098.907616000 282 0
1484549099.550469000 0 0
1484549099.552461000 0 0
1484549099.556389000 0 0
1484549100.198333000 0 0
1484549100.200316000 0 0
1484549100.227798000 0 0
1484549100.246542000 0 0
1484549100.271912000 0 0
1484549100.273207000 0 0
1484549100.291650000 0 0
1484549100.293193000 0 0
1484549100.297285000 0 0
1484549100.299357000 0 0
1484549100.305815000 0 0
1484549100.307204000 0 0
1484549100.308920000 0 0
1484549100.313514000 0 0
1484549100.314919000 0 0
1484549100.316287000 0 0
1484549100.329157000 0 0
1484549100.330845000 0 0
1484549099.237524000 111 0
1484549100.272558000 275 0
1484549100.295416000 496 0
1484549100.293476000 552 0
1484549100.308596000 504 0
1484549100.311615000 863 0
1484549100.322170000 856 0
1484549100.329056000 721 0
1484549100.333944000 398 0
1484549100.343171000 229 0
1484549100.275835000 423 0
1484549100.308224000 669 0
1484549099.511146000 282 0
1484549100.510386000 4096 0
1484549101.101956000 0 0
1484549101.135293000 275 0
1484549101.143872000 0 0
1484549101.160340000 496 0
1484549101.172920000 0 0
1484549101.214968000 863 0
1484549101.234294000 0 0
1484549101.525548000 721 0
1484549101.120372000 494 0
1484549101.127588000 497 0
1484549101.303749000 17408 0
1484549101.369267000 11776 0
1484549101.528365000 0 0
1484549101.560418000 18432 0
1484549101.131491000 4096 0
1484549121.943178000 282 0
1484549177.089858000 0 0
1484549177.093127000 0 0
1484549177.099775000 0 65
1484549177.107694000 0 0
1484549177.112242000 65 129
1484549177.177952000 0 0
1484549177.182824000 0 0
1484549177.187867000 0 0
1484549177.195080000 0 0
1484549177.271761000 0 0
1484549177.275410000 0 0
1484549177.288367000 0 0
1484549177.291774000 0 0
1484549177.294901000 0 0
1484549177.298331000 0 0
1484549177.301789000 0 0
1484549177.330630000 0 0
1484549177.336159000 0 544
1484549177.341847000 0 0
1484549177.346362000 0 0
1484549177.359478000 0 0
1484549177.356314000 0 0
1484549177.374253000 0 0
1484549177.377181000 0 0
1484549177.380051000 0 0
1484549177.384135000 0 0
1484549177.396147000 0 0
1484549180.104807000 0 0
1484549180.106194000 0 0
1484549181.761922000 0 0
1484549181.765568000 0 0
1484549181.768883000 0 0
1484549181.806889000 0 0
1484549181.808968000 0 0
1484549181.816496000 0 0
1484549181.818605000 0 0
1484549181.821024000 0 0
1484549181.823538000 0 0
1484549181.825712000 0 0
1484549181.832925000 0 0
1484549181.836995000 0 544
1484549181.841865000 0 0
1484549180.316835000 4096 0
1484549181.845376000 0 0
1484549181.853797000 0 0
1484549181.851276000 0 0
1484549181.865341000 0 0
1484549181.867162000 0 0
1484549181.869268000 0 0
1484549181.871462000 0 0
1484549181.874372000 0 0
1484549181.881007000 0 0
1484549184.119084000 0 0
1484549184.117629000 0 0
1484549186.131327000 0 0
1484549186.129878000 0 0
1484549200.684896000 0 0
1484549200.718865000 0 0
1484549200.768760000 0 0
1484549200.772116000 0 0
1484549200.777871000 0 0
1484549200.782100000 0 0
1484549200.789329000 0 0
1484549201.125554000 0 0
1484549201.154680000 0 0
1484549201.156759000 0 0
1484549177.305005000 129 0
1484549178.080779000 496 0
1484549177.391019000 544 0
1484549181.879906000 544 0
1484549180.152235000 423 0
1484549180.154408000 669 0
1484549201.116467000 2294 0
1484549201.160168000 552 0
1484549177.191958000 564 0
1484549476.544421000 0 0
1484549477.138443000 0 0
1484549477.141837000 0 0
1484549477.148692000 0 0
1484549477.154833000 0 0
1484549477.173416000 0 0
1484549477.186119000 0 0
1484549477.188362000 0 0
1484549477.192146000 0 0
1484549477.193862000 0 0
1484549477.197800000 0 0
1484549477.254174000 0 0
1484549477.276808000 0 0
1484549477.326236000 0 0
1484549477.414630000 0 0
1484549477.416745000 0 0
1484549477.418731000 0 0
1484549477.420864000 0 0
1484549477.422510000 0 0
1484549477.441152000 0 0
1484549477.444214000 0 0
1484549477.477846000 0 0
1484549477.481797000 0 0
1484549477.490682000 0 0
1484549477.525096000 0 0
1484549477.623567000 0 0
1484549477.655206000 0 0
1484549477.690294000 0 0
1484549477.788614000 0 0
1484549477.815121000 0 0
1484549477.817542000 0 18830
1484549478.060596000 0 0
1484549478.063690000 0 0
1484549477.806599000 18830 0
1484549477.810430000 0 0
1484549478.066390000 0 0
1484549478.158232000 0 0
1484549478.200653000 0 0
1484549478.480238000 0 0
1484549478.516175000 0 0
1484549478.599265000 0 0
1484549478.711448000 0 0
1484549478.890736000 0 0
1484549478.892361000 0 0
1484549479.214863000 0 0
1484549479.232472000 0 0
1484549479.235010000 0 0
1484549479.271548000 0 0
1484549479.234275000 0 0
1484549479.276681000 0 0
1484549479.281789000 0 0
1484549479.284389000 0 0
1484549479.286955000 0 0
1484549479.289463000 0 0
1484549479.291482000 0 0
1484549479.293928000 0 0
1484549479.296680000 0 0
1484549479.280280000 0 0
1484549479.302582000 0 0
1484549479.305664000 0 0
1484549479.395013000 0 0
1484549479.399071000 0 0
1484549479.400972000 0 0
1484549479.402957000 0 0
1484549479.404896000 0 0
1484549479.397756000 0 0
1484549479.407560000 0 0
1484549479.410325000 0 0
1484549479.411934000 0 0
1484549479.413596000 0 0
1484549479.415254000 0 0
1484549479.416834000 0 0
1484549479.418477000 0 0
1484549479.409364000 0 0
1484549479.420605000 0 0
1484549480.017024000 0 0
1484549480.051912000 0 0
1484549480.086417000 0 0
1484549480.090825000 0 0
1484549480.124318000 524288 0
1484549480.163705000 0 0
1484549480.174651000 0 0
1484549480.402112000 0 0
1484549480.404354000 0 2
1484549480.410304000 0 0
1484549480.412287000 0 0
1484549480.095016000 2 0
1484549480.386607000 0 0
1484549480.414108000 0 0
1484549480.429617000 0 53
1484549478.155877000 204 0
1484549480.434426000 0 0
1484549481.282664000 0 0
1484549481.303031000 0 0
1484549486.291553000 13529 1368
1484549486.307439000 0 0
1484549486.335368000 0 0
1484549486.600488000 13656 1971
1484549480.045276000 24295 24450
1484549487.676598000 0 0
1484549477.626637000 0 0
1484549493.155548000 0 0
1484549494.456532000 0 0
1484549487.636336000 0 2921672
1484549497.401712000 0 0
1484549486.980282000 0 44570
1484549499.526274000 0 70160
1484549499.537367000 0 0
1484549477.135570000 282 0
1484549477.152574000 10 0
1484549477.167988000 10 0
1484549477.184420000 122 0
1484549477.209326000 208 0
1484549477.297026000 43457 0
1484549477.338800000 16384 0
1484549477.404752000 1603 0
1484549477.498725000 2072 0
1484549477.500579000 497 0
1484549477.650753000 19361 0
1484549477.664606000 8675 0
1484549477.706873000 208620 0
1484549478.173083000 32768 0
1484549478.507477000 59355 0
1484549478.529743000 8 0
1484549478.608762000 504 0
1484549478.657264000 7633 0
1484549478.725109000 6881 0
1484549479.228672000 26486 0
1484549479.473690000 10 0
1484549480.020280000 362 0
1484549480.061180000 1102 0
1484549480.184215000 27 0
1484549499.839157000 0 234600
1484549502.735503000 0 0
1484549506.462705000 0 135712
1484549506.479792000 0 0
1484549480.450593000 9154 0
1484549478.741792000 25 0
1484549480.480784000 9833 0
1484549480.510448000 1623 0
1484549509.217887000 0 6881
1484549509.224395000 0 0
1484549517.894062000 0 0
1484549480.208617000 51584 3252
1484549517.911962000 0 0
1484549518.330723000 0 0
1484549524.116860000 0 0
1484549524.130244000 0 0
1484549494.467683000 5247 0
1484549493.183907000 75806 0
1484549534.525939000 0 0
1484549534.531493000 0 0
1484549534.537487000 0 0
1484549534.541274000 0 0
1484549534.560736000 0 3783
1484549534.553775000 3783 0
1484549534.565801000 0 0
1484549506.770652000 0 267384
1484549537.549397000 0 0
1484549537.602609000 0 0
1484549537.618518000 0 137
1484549537.623881000 0 0
1484549537.606508000 137 0
1484549537.623283000 0 0
1484549537.630587000 0 0
1484549537.634497000 0 0
1484549537.642798000 0 0
1484549537.646052000 0 7258
1484549537.651494000 0 0
1484549537.650911000 0 0
1484549537.656691000 0 0
1484549537.659644000 0 0
1484549537.662267000 0 0
1484549537.665037000 0 0
1484549537.667664000 0 0
1484549537.670651000 0 0
1484549537.673801000 0 0
1484549537.676653000 0 0
1484549537.679053000 0 0
1484549537.681591000 0 0
1484549537.684026000 0 0
1484549537.686460000 0 0
1484549537.688906000 0 0
1484549537.691271000 0 0
1484549524.144379000 55720 0
1484549518.360061000 3781 0
1484549524.120566000 111 0
1484549524.143437000 0 0
1484549537.600484000 0 234600
1484549552.899261000 0 0
1484549537.700895000 51 0
1484549517.902263000 25801 2057
1484549718.200526000 0 7633
1484549718.208580000 0 0
1484549718.207617000 0 0
1484549780.059687000 0 362
1484549780.072137000 0 0
1484549780.070435000 0 0
1484549781.300550000 0 1603
1484549837.168408000 0 0
1484549517.913730000 14259 5498
1484549934.749076000 0 135712
1484549934.803738000 0 0
1484549939.322767000 0 0
1484549934.864802000 0 793144
1484549956.294993000 0 0
1484549939.328037000 75806 6939
1484549518.768200000 52404 0
1484549959.841987000 0 208787
1484549959.850085000 0 0
1484549959.849597000 0 0
1484549956.392220000 0 924192
1484549977.453123000 0 0
1484549977.548281000 0 300728
1484549996.659734000 0 0
1484550001.905811000 0 135712
1484550001.930375000 0 0
1484549499.532414000 0 81880
1484550002.175230000 0 300736
1484550019.550040000 0 0
1484550020.910006000 0 135712
1484550020.928012000 0 0
1484549486.623185000 66353 24316
1484550078.444207000 0 0
1484550078.448528000 15048 2858
1484550078.514800000 0 0
1484550022.083040000 0 924624
1484550078.874979000 0 0
1484550094.281821000 0 135712
1484550094.309994000 0 0
1484550003.262313000 0 65591
1484550101.914810000 0 0
1484550078.520150000 52404 3294
1484550102.550124000 0 234040
1484550102.571944000 0 0
1484550101.918705000 77226 5438
1484550130.783574000 0 234040
1484550130.802310000 0 0
1484550132.112502000 0 135712
1484550132.129836000 0 0
1484550137.761248000 0 8389
1484550137.768815000 0 0
1484550137.768012000 0 0
1484550133.516097000 0 267376
1484550155.342388000 0 0
1484550156.400193000 0 135712
1484550156.419147000 0 0
1484550157.561190000 0 234600
1484550160.466197000 0 0
1484550187.665666000 0 135712
1484550187.685081000 0 0
1484550188.587192000 0 725680
1484550188.630269000 0 0
1484550094.376896000 0 65550
1484550188.984686000 0 333512
1484550217.309454000 0 0
1484550219.458171000 0 135712
1484550219.478629000 0 0
1484550220.776019000 0 366872
1484550244.452147000 0 0
1484550246.657617000 0 135712
1484550246.675222000 0 0
1484550217.063351000 0 56605
1484550247.964236000 0 300720
1484550277.431464000 0 0
1484550285.199040000 0 0
1484550285.620031000 0 0
1484550285.204458000 3781 0
1484550285.625139000 26633 0
1484550326.876359000 0 135712
1484550326.891197000 0 0
1484550326.998674000 0 0
1484550378.498850000 0 0
1484550378.503006000 15146 2956
1484550327.256300000 0 693536
1484550411.693061000 0 0
1484550411.697473000 0 0
1484550437.797052000 0 8544
1484550437.804068000 0 0
1484550437.803063000 0 0
1484550451.622669000 0 168488
1484550451.649784000 0 0
1484550327.002560000 78517 8024
1484550454.022014000 0 0
1484550454.946717000 0 0
1484550454.986417000 2009 61302
1484550455.016702000 0 70160
1484550455.031292000 0 0
1484550455.236827000 61302 0
1484550505.392904000 0 0
1484550517.844333000 0 0
1484550517.913884000 0 0
1484550517.916008000 0 0
1484550517.918730000 0 0
1484550517.935598000 0 0
1484550517.943874000 0 0
1484550517.945958000 0 0
1484550517.947598000 0 0
1484550517.953158000 0 0
1484550517.964045000 0 0
1484550517.965845000 0 0
1484550517.971471000 0 0
1484550517.973085000 0 0
1484550517.975045000 0 0
1484550517.976896000 0 0
1484550518.045492000 0 0
1484550518.047270000 0 0
1484550518.058428000 0 0
1484550518.060161000 0 0
1484550518.061924000 0 0
1484550518.071456000 0 0
1484550518.073279000 0 0
1484550518.074907000 0 0
1484550529.701118000 0 0
1484550529.703944000 0 0
1484550529.706863000 0 0
1484550517.951683000 552 0
1484550517.923179000 282 0
1484550517.980692000 856 0
1484550517.957688000 504 0
1484550455.253352000 0 957256
1484550562.120612000 0 0
1484550562.123677000 0 0
1484550544.633549000 282 0
1484550678.568580000 0 0
1484550678.572824000 15244 3054
1484550680.130909000 0 464
1484550680.142885000 0 0
1484550680.141247000 0 0
1484550685.530117000 0 0
1484550685.606651000 0 0
1484550685.608732000 0 0
1484550685.645582000 0 0
1484550685.647849000 0 0
1484550685.650890000 0 0
1484550685.655929000 398 0
1484550737.836260000 0 8547
1484550737.843997000 0 0
1484550737.843051000 0 0
1484550454.026071000 26633 14726
1484550761.272070000 0 135712
1484550761.303298000 0 0
1484550765.687427000 0 0
1484550765.690438000 0 0
1484550765.694482000 0 0
1484550765.700972000 0 0
1484550765.718418000 0 0
1484550765.721595000 0 0
1484550765.724998000 0 0
1484550765.727562000 0 0
1484550765.739172000 0 0
1484550765.741895000 0 0
1484550765.754651000 0 0
1484550765.756617000 0 0
1484550765.758843000 0 0
1484550765.773314000 0 0
1484550765.775490000 0 0
1484550766.222490000 0 0
1484550766.224404000 0 0
1484550766.608703000 0 0
1484550766.610597000 0 0
1484550766.612804000 0 0
1484550766.617981000 0 0
1484550766.619631000 0 0
1484550766.621235000 0 0
1484550766.627042000 0 0
1484550766.628893000 0 0
1484550766.634950000 0 0
1484550766.636913000 0 0
1484550767.426796000 0 24990
1484550767.439977000 0 0
1484550765.592004000 24340 0
1484550767.438312000 0 0
1484550770.953582000 0 0
1484550765.746011000 282 0
1484550765.698305000 552 0
1484550765.706381000 504 0
1484550765.730300000 856 0
1484550765.763224000 398 0
1484550793.670449000 0 0
1484550770.958480000 29240 0
1484550793.673836000 0 0
1484550818.288384000 0 135712
1484550818.305987000 0 0
1484550818.776599000 0 267944
1484550854.686189000 0 0
1484550860.491487000 0 135712
1484550860.507605000 0 0
1484550872.334312000 0 234600
1484550889.051708000 0 0
1484550946.053804000 0 0
1484550946.095020000 0 0
1484550946.114513000 0 0
1484550946.118834000 0 43570
1484550946.144678000 0 0
1484550946.149068000 0 0
1484550946.152525000 0 0
1484550946.101336000 0 0
1484550946.155843000 0 0
1484550946.360484000 0 0
1484550946.383629000 0 0
1484550978.627318000 0 0
1484550978.633065000 15342 3152
1484550980.156705000 0 362
1484550980.167251000 0 0
1484551037.887485000 0 8844
1484551037.897044000 0 0
1484551037.895859000 0 0
1484551220.939220000 0 0
1484551221.360217000 0 0
1484551220.944641000 3781 0
1484551221.366189000 29240 0
1484550505.398480000 52446 0
1484551278.628351000 0 0
1484551278.682372000 0 0
1484551278.688454000 15440 3250
1484550270.710977000 0 63936
1484551279.170493000 0 922336
1484551279.319825000 0 0
1484551280.180536000 0 437
1484551280.189925000 0 0
1484551280.188936000 0 0
1484551279.928832000 0 1054144
1484551282.090855000 0 0
1484551282.537216000 0 0
1484551282.542794000 0 0
1484551337.931965000 0 8856
1484551337.940351000 0 0
1484551337.939252000 0 0
1484551578.754151000 0 0
1484551578.760578000 15538 3348
1484551637.978643000 0 8856
1484551637.989117000 0 0
1484551637.987488000 0 0
1484551878.653299000 0 0
1484551878.808022000 0 0
1484551878.813275000 15636 3446
1484551879.009067000 0 266816
1484551879.081151000 0 0
1484551879.178606000 0 561800
1484551879.210883000 0 0
1484551938.017783000 0 8856
1484551938.027560000 0 0
1484551938.026340000 0 0
1484552178.877252000 0 0
1484552178.883970000 15734 3544
1484552478.934391000 0 0
1484552478.941175000 15832 3642
1484552778.977414000 0 0
1484552778.979800000 15930 3740
1484553079.014418000 0 0
1484553079.016851000 16028 3838
1484553379.053145000 0 0
1484553379.059130000 16126 3936
1484553679.104475000 0 0
1484553679.109515000 16224 4034
1484553979.163225000 0 0
1484553979.170333000 16322 4132
1484554279.235047000 0 0
1484554279.241704000 16420 134
1484554579.294657000 0 0
1484554579.298829000 16518 232
1484554879.578907000 0 0
1484554879.753279000 16616 330
1484555179.813854000 0 0
1484555179.820961000 16714 428
1484555348.230747000 0 0
1484555348.235634000 0 0
1484555423.817032000 0 0
1484555424.328716000 0 0
1484555424.389955000 0 0
1484555424.392737000 0 0
1484555424.471658000 0 0
1484555424.480477000 0 0
1484555424.487976000 0 0
1484555424.495454000 0 0
1484555424.503510000 0 0
1484555479.331434000 0 955112
1484555479.470767000 0 0
1484555479.870605000 0 0
1484555479.877253000 16812 526
1484555690.941357000 0 8858
1484555690.952735000 0 0
1484555690.951704000 0 0
1484555779.942352000 0 0
1484555779.949521000 16910 624
1484556080.011400000 0 0
1484556080.018538000 17008 722
1484556380.073674000 0 0
1484556380.082391000 17106 820
1484556680.149186000 0 0
1484556680.153494000 17204 918
1484556980.208356000 0 0
1484556980.214926000 17302 1018
1484551278.843095000 0 49647
1484557280.278875000 0 0
1484557280.285421000 17402 1120
1484557580.340404000 0 0
1484557580.347314000 17504 1222
1484557880.406810000 0 0
1484557880.411136000 17606 1324
1484558180.560642000 0 0
1484558180.711835000 17708 1426
1484558479.283357000 0 791232
1484558479.396616000 0 0
1484558480.970103000 0 0
1484558480.972784000 17810 1528
1484558781.022909000 0 0
1484558781.027375000 17912 1606
1484558781.055062000 0 13086
1484559081.086649000 0 0
1484559081.090991000 13086 892
1484559291.160754000 0 8859
1484559291.170147000 0 0
1484559291.169059000 0 0
1484559381.139723000 0 0
1484559381.143557000 13180 986
1484559643.768974000 0 8862
1484559643.780639000 0 0
1484559643.779278000 0 0
1484559681.196516000 0 0
1484559681.201174000 13274 1080
1484559943.819934000 0 8862
1484559943.830034000 0 0
1484559943.828970000 0 0
1484559981.263012000 0 0
1484559981.267963000 13368 1174
1484560119.722813000 0 0
1484560119.775270000 0 0
1484560119.779110000 0 0
1484560119.784719000 0 0
1484560119.799915000 0 0
1484560119.806575000 0 0
1484560119.789308000 282 0
1484560120.007215000 0 0
1484560120.009652000 0 0
1484560120.011638000 0 0
1484560120.016826000 0 0
1484560120.029907000 494 0
1484560120.041239000 497 0
1484560120.170596000 4608 0
1484560121.737798000 0 0
1484560121.736392000 0 0
1484560120.196522000 275 0
1484560120.199177000 0 0
1484560120.204815000 496 0
1484560120.207354000 0 0
1484560120.234451000 863 0
1484560120.237143000 0 0
1484560120.453371000 721 0
1484560120.372416000 17408 0
1484560120.437297000 11776 0
1484560120.456604000 0 0
1484560120.470509000 229 0
1484560120.499093000 18432 0
1484560120.182271000 423 0
1484560120.192412000 669 0
1484560243.851630000 0 8862
1484560243.861762000 0 0
1484560243.860679000 0 0
1484560281.326500000 0 0
1484560281.332819000 13462 1268
1484560543.889439000 0 8862
1484560543.901030000 0 0
1484560543.899345000 0 0
1484560581.387904000 0 0
1484560581.392137000 13556 1366
1484560843.933937000 0 8862
1484560843.946089000 0 0
1484560843.944618000 0 0
1484560881.453187000 0 0
1484560881.461436000 13654 1464
1484561143.965887000 0 8862
1484561143.977671000 0 0
1484561143.975968000 0 0
1484561181.526391000 0 0
1484561181.534155000 13752 1562
1484561410.265325000 0 0
1484561410.271097000 0 0
1484561444.001342000 0 8862
1484561444.011991000 0 0
1484561444.010879000 0 0
1484561481.594463000 0 0
1484561481.598875000 13850 1660
1484561781.655053000 0 0
1484561781.659740000 13948 1758
1484562025.810227000 0 8862
1484562025.819679000 0 0
1484562025.818646000 0 0
1484562081.713262000 0 0
1484562081.718778000 14046 1856
1484562325.851263000 0 8862
1484562325.863626000 0 0
1484562325.861909000 0 0
1484562381.773967000 0 0
1484562381.781322000 14144 1954
1484562567.265430000 0 856784
1484562567.394887000 0 0
1484551278.632535000 104892 20028
1484562578.655003000 0 234040
1484562582.388932000 0 0
1484562584.876741000 0 0
1484562584.906740000 0 0
1484562584.933063000 0 0
1484562584.949146000 3781 0
1484562622.123008000 0 135712
1484562622.140643000 0 0
1484562625.895997000 0 8862
1484562625.907091000 0 0
1484562625.905944000 0 0
1484562623.584472000 0 267944
1484562637.795777000 0 0
1484562638.402008000 0 135712
1484562638.424149000 0 0
1484556980.955800000 0 64829
1484562584.918563000 29240 839
1484562670.132512000 0 6881
1484562670.145908000 0 0
1484562670.144224000 0 0
1484562681.837132000 0 0
1484562681.858877000 0 609
1484562681.868043000 0 0
1484562681.844163000 14242 2052
1484562681.867146000 0 0
1484562638.788620000 0 267944
1484562689.380596000 0 0
1484562748.174235000 0 0
1484562749.015782000 0 0
1484562749.044296000 3965 9216
1484562749.302734000 0 561800
1484562749.392229000 0 0
1484562757.867284000 0 0
1484562584.881022000 54726 8469
1484562765.995257000 0 0
1484550031.549309000 0 171085
1484562749.281186000 9216 0
1484562772.630034000 0 117226
1484562788.355326000 0 59717
1484562796.858416000 0 57335
1484562749.470227000 0 760464
1484562804.605096000 0 0
1484562748.178626000 29511 7147
1484562825.913419000 0 0
1484562826.619067000 0 0
1484562804.711382000 0 234600
1484562826.934769000 0 0
1484562826.839130000 9216 0
1484562827.026070000 0 234600
1484562861.427778000 0 0
1484562925.950751000 0 8869
1484562925.963180000 0 0
1484562925.961486000 0 0
1484562981.912408000 0 464
1484562981.923120000 0 0
1484562981.922124000 0 0
1484549486.329547000 42719 0
1484563085.567218000 0 135712
1484563085.683562000 0 0
1484563085.926473000 0 0
1484562825.917958000 31661 7652
1484562765.999330000 57347 0
1484563086.192059000 0 759104
1484563173.226705000 0 0
1484563173.231962000 0 0
1484563085.959672000 81193 7674
1484563187.091499000 0 234600
1484563215.599434000 0 0
1484563225.989759000 0 8869
1484563226.000371000 0 0
1484563225.999206000 0 0
1484563279.225557000 0 0
1484563288.231622000 0 0
1484563288.237926000 3781 0
1484563477.533753000 0 234040
1484563477.596243000 0 0
1484563479.382099000 0 433024
1484563497.802568000 0 0
1484562638.486153000 0 46546
1484563499.761692000 0 234600
1484563509.044633000 0 0
1484563517.355897000 0 135712
1484563517.374959000 0 0
1484563526.029205000 0 8869
1484563526.039034000 0 0
1484563526.037897000 0 0
1484563517.651894000 0 334080
1484563526.711854000 0 0
1484563534.512964000 0 0
1484563534.519800000 32849 0
1484563666.039972000 0 234040
1484563666.064909000 0 0
1484563683.189715000 0 135712
1484563683.211427000 0 0
1484563279.232489000 57347 0
1484563683.508378000 0 758456
1484563699.577908000 0 0
1484563701.693254000 0 234600
1484563716.593827000 0 0
1484563739.942141000 0 135712
1484563739.962649000 0 0
1484563497.923712000 0 50878
1484563740.369848000 0 301296
1484563748.907205000 0 0
1484563826.060671000 0 8869
1484563826.071544000 0 0
1484563826.070723000 0 0
1484563879.282497000 0 0
1484563882.064362000 0 633
1484563882.078027000 0 0
1484563882.076841000 0 0
1484564108.773510000 0 0
1484564126.112878000 0 8871
1484564126.124680000 0 0
1484564126.123457000 0 0
1484564108.777771000 3781 0
1484564182.109493000 0 770
1484564182.120085000 0 0
1484564182.119286000 0 0
1484564189.259227000 0 25710
1484564189.270768000 0 0
1484564189.269896000 0 0
1484564193.789151000 0 0
1484564193.787508000 282 0
1484564193.794189000 32849 0
1484563879.289211000 57347 0
1484564328.740857000 0 26433
1484564328.755302000 0 0
1484564328.753528000 0 0
1484564426.162273000 0 8871
1484564426.171994000 0 0
1484564426.171055000 0 0
1484564452.126323000 0 27118
1484564452.139680000 0 0
1484564452.138032000 0 0
1484564479.315783000 0 0
1484564509.570388000 0 462848
1484564509.914135000 0 0
1484564569.233836000 0 234040
1484564569.259161000 0 0
1484564726.211209000 0 8871
1484564726.222790000 0 0
1484564726.221094000 0 0
1484564782.198938000 0 738
1484564782.210505000 0 0
1484564782.209559000 0 0
1484564903.314937000 0 0
1484564903.735966000 0 0
1484564479.322378000 57347 0
1484564903.322017000 3781 0
1484564903.742606000 32849 0
1484565017.064714000 0 135712
1484565017.085990000 0 0
1484565019.071775000 0 0
1484563740.376214000 0 45223
1484565026.251492000 0 8871
1484565026.264296000 0 0
1484565026.263259000 0 0
1484565019.306008000 0 1219528
1484565049.530910000 0 0
1484565019.078704000 83797 6537
1484565053.957599000 0 135712
1484565053.975984000 0 0
1484565062.353023000 0 0
1484565062.871623000 0 0
1484565062.935001000 0 0
1484565062.946897000 0 0
1484565062.958951000 0 0
1484565062.989148000 0 0
1484565062.999669000 0 0
1484565063.016830000 0 0
1484565063.023456000 0 0
1484565063.033936000 0 0
1484565063.043414000 0 0
1484565063.129025000 0 0
1484565063.191550000 0 0
1484565063.358891000 0 0
1484565063.363028000 0 0
1484565063.366476000 0 0
1484565063.370352000 0 0
1484565063.373386000 0 0
1484565063.411904000 0 0
1484565063.502213000 0 0
1484565063.506161000 0 0
1484565063.510214000 0 0
1484565063.527484000 0 0
1484565063.558400000 0 0
1484565063.769690000 0 0
1484565063.780013000 0 0
1484565063.799974000 0 0
1484565063.809043000 0 0
1484565063.853119000 0 0
1484565063.861447000 0 0
1484565063.871670000 0 0
1484565063.932952000 0 0
1484565064.141542000 0 0
1484565064.150844000 0 0
1484565064.160200000 0 0
1484565064.198189000 0 0
1484565064.234232000 0 0
1484565064.265371000 0 0
1484565064.367443000 0 0
1484565064.489020000 0 0
1484565064.494138000 0 18830
1484565064.752441000 0 0
1484565064.756036000 0 0
1484565064.468677000 18830 0
1484565064.476772000 0 0
1484565064.759170000 0 0
1484565064.836633000 0 0
1484565065.078643000 0 0
1484565065.133871000 0 0
1484565065.137740000 0 2
1484565065.145496000 0 0
1484565065.148604000 0 0
1484565064.157012000 2 0
1484565065.126420000 0 0
1484565065.151219000 0 0
1484565065.415847000 131072 0
1484565065.433169000 0 0
1484565065.487540000 0 0
1484565065.491562000 0 55610
1484565065.515764000 0 0
1484565065.518940000 0 0
1484565063.327478000 55720 0
1484565065.479220000 0 0
1484565065.521574000 0 0
1484565065.631213000 0 0
1484565065.767803000 0 0
1484565065.767871000 0 0
1484565065.771295000 0 0
1484565065.774409000 0 0
1484565065.779400000 0 0
1484565065.790558000 0 0
1484565065.810583000 0 0
1484565065.824969000 0 0
1484565065.835661000 0 0
1484565065.794563000 0 0
1484565065.789716000 0 0
1484565065.873468000 0 0
1484565065.878831000 0 0
1484565065.868929000 0 4096
1484565065.880022000 0 53
1484565065.888726000 0 0
1484565065.832347000 241 0
1484565065.865937000 0 0
1484565065.889620000 0 0
1484565065.903346000 0 0
1484565065.918770000 0 0
1484565066.080862000 0 0
1484565066.164797000 0 90
1484565066.171789000 0 0
1484565066.409787000 0 0
1484565066.414509000 0 0
1484565066.870592000 0 0
1484565067.384837000 0 0
1484565067.387028000 0 0
1484565067.390731000 0 0
1484565068.262141000 0 0
1484565077.951567000 0 0
1484565065.913395000 0 4096
1484565077.958712000 0 0
1484565077.964146000 0 0
1484565065.910871000 0 0
1484565077.972963000 0 0
1484565065.634748000 0 0
1484565079.365093000 0 0
1484565054.242604000 0 366880
1484565084.726258000 0 0
1484565062.954037000 10 0
1484565062.978452000 10 0
1484565062.995807000 111 0
1484565063.069762000 208 0
1484565063.429271000 16384 0
1484565063.494959000 5526 0
1484565095.620831000 0 0
1484565095.641261000 0 0
1484565095.647623000 0 55739
1484565095.680221000 0 0
1484565095.687333000 0 0
1484565095.692766000 0 0
1484565095.628120000 0 0
1484565095.697101000 0 0
1484565063.880923000 185 0
1484565064.256211000 8675 0
1484565064.282056000 237211 0
1484565065.019439000 116 0
1484565065.096909000 2861 0
1484565065.146836000 309 0
1484565065.650036000 8934 0
1484565065.786580000 29 0
1484565065.859311000 37197 0
1484565066.156006000 34995 0
1484565066.823543000 6276 0
1484565065.876151000 25 0
1484565062.852822000 282 0
1484565067.556213000 4667 0
1484565066.805117000 2254651 0
1484565075.349560000 4046 0
1484565065.863160000 40960 0
1484565120.950281000 0 0
1484565120.967940000 0 0
1484565120.988947000 0 0
1484565120.999839000 0 0
1484565121.073619000 0 4950
1484565121.052661000 4950 0
1484565121.082825000 0 0
1484565123.747736000 0 0
1484565123.759924000 0 0
1484565123.759161000 0 0
1484565123.777615000 0 0
1484565123.783028000 0 55739
1484565123.801883000 0 0
1484565123.806178000 0 0
1484565123.809274000 0 0
1484565123.765363000 0 0
1484565123.812291000 0 0
1484565123.830072000 0 0
1484565123.836223000 0 0
1484565123.841879000 0 0
1484565123.851708000 0 0
1484565123.860966000 0 0
1484565123.869765000 0 0
1484565124.120583000 0 0
1484565124.253812000 0 137
1484565124.261436000 0 0
1484565124.154268000 137 0
1484565124.260930000 0 0
1484565124.299983000 0 0
1484565124.314856000 0 0
1484565124.324823000 0 0
1484565124.328656000 0 55739
1484565124.345639000 0 0
1484565124.348501000 0 0
1484565124.318154000 0 0
1484565124.351375000 0 0
1484565124.393024000 0 0
1484565124.502316000 0 0
1484565124.516469000 0 15428
1484565124.527833000 0 0
1484565124.526846000 0 0
1484565123.892550000 0 2254651
1484565124.547199000 0 0
1484565123.878384000 0 0
1484565124.552601000 0 0
1484565124.564180000 0 0
1484565124.570080000 0 0
1484565124.580875000 0 0
1484565124.585805000 0 0
1484565124.590184000 0 0
1484565124.594758000 0 0
1484565124.682461000 0 0
1484565124.695189000 0 0
1484565124.724243000 0 0
1484565124.896299000 0 0
1484565125.157598000 0 0
1484565125.223203000 0 0
1484565125.452016000 0 0
1484565125.612950000 0 0
1484565125.671544000 0 0
1484565125.676728000 0 0
1484565125.692628000 0 0
1484565125.705471000 0 0
1484565125.722111000 0 0
1484565125.735363000 0 0
1484565125.743380000 0 0
1484565125.751468000 0 0
1484565125.762569000 0 0
1484565125.768101000 0 0
1484565125.780650000 0 0
1484565125.797276000 0 0
1484565125.806632000 0 0
1484565125.816614000 0 0
1484565125.823440000 0 0
1484565125.831361000 0 0
1484565125.836176000 0 0
1484565125.841924000 0 0
1484565125.849678000 0 0
1484565125.854851000 0 0
1484565125.857981000 0 0
1484565125.860971000 0 0
1484565125.864939000 0 0
1484565125.879513000 0 0
1484565125.882874000 0 0
1484565126.012537000 0 0
1484565126.020061000 0 0
1484565126.027596000 0 0
1484565126.033320000 0 0
1484565126.049306000 0 0
1484565126.057534000 0 0
1484565126.072836000 0 0
1484565126.085383000 0 0
1484565126.090317000 0 0
1484565126.094306000 0 0
1484565126.098685000 0 0
1484565126.115701000 0 0
1484565126.196616000 0 0
1484565126.213219000 0 0
1484565126.221061000 0 0
1484565126.234289000 0 0
1484565126.244013000 0 0
1484565126.258266000 0 0
1484565126.263439000 0 0
1484565126.268816000 0 0
1484565126.284786000 0 0
1484565126.295074000 0 0
1484565126.300374000 0 0
1484565126.337932000 0 0
1484565126.353822000 0 0
1484565126.375600000 0 0
1484565126.379624000 0 0
1484565126.384081000 0 0
1484565126.389257000 0 0
1484565126.399785000 0 0
1484565126.422771000 0 0
1484565126.427731000 0 0
1484565126.440302000 0 0
1484565126.444980000 0 0
1484565126.457972000 0 0
1484565126.480293000 0 0
1484565126.485197000 0 0
1484565126.501962000 0 0
1484565126.517616000 0 0
1484565126.530339000 0 0
1484565126.541867000 0 0
1484565126.546723000 0 0
1484565126.556082000 0 0
1484565126.560762000 0 0
1484565126.573955000 0 0
1484565126.578507000 0 0
1484565126.589821000 0 0
1484565126.597772000 0 0
1484565126.604303000 0 0
1484565126.614041000 0 0
1484565126.621767000 0 0
1484565126.631048000 0 0
1484565126.636010000 0 0
1484565126.641004000 0 0
1484565126.646323000 0 0
1484565126.651087000 0 0
1484565126.660701000 0 0
1484565126.665646000 0 0
1484565126.673280000 0 0
1484565126.678075000 0 0
1484565126.682926000 0 0
1484565126.705296000 0 0
1484565126.710837000 0 0
1484565126.723235000 0 0
1484565126.805458000 0 0
1484565126.812966000 0 0
1484565126.832279000 0 0
1484565126.844699000 0 0
1484565126.854633000 0 0
1484565126.869676000 0 0
1484565126.882569000 0 0
1484565126.903211000 0 0
1484565126.917879000 0 0
1484565126.923446000 0 0
1484565126.929183000 0 0
1484565126.935597000 0 0
1484565126.943939000 0 0
1484565126.950247000 0 0
1484565126.962059000 0 0
1484565126.967687000 0 0
1484565126.974590000 0 0
1484565126.980137000 0 0
1484565126.986172000 0 0
1484565126.992167000 0 0
1484565127.007309000 0 0
1484565127.017939000 0 0
1484565127.025268000 0 0
1484565127.034029000 0 0
1484565127.048754000 0 0
1484565127.068003000 0 0
1484565127.075249000 0 0
1484565127.080803000 0 0
1484565127.086624000 0 0
1484565127.109011000 0 0
1484565127.127529000 0 0
1484565127.150917000 0 0
1484565127.165103000 0 0
1484565127.175294000 0 0
1484565127.181001000 0 0
1484565127.192274000 0 0
1484565127.302638000 0 0
1484565127.317151000 0 0
1484565127.329116000 0 0
1484565127.334712000 0 0
1484565127.358699000 0 0
1484565127.364261000 0 0
1484565127.374332000 0 0
1484565127.390291000 0 0
1484565127.404655000 0 0
1484565127.413055000 0 0
1484565127.436946000 0 0
1484565127.442449000 0 0
1484565127.448079000 0 0
1484565127.457945000 0 0
1484565127.463413000 0 0
1484565127.469074000 0 0
1484565127.475353000 0 0
1484565127.578134000 0 0
1484565127.586028000 0 0
1484565127.595626000 0 0
1484565127.613041000 0 0
1484565127.619736000 0 0
1484565127.627378000 0 0
1484565127.633621000 0 0
1484565127.652023000 0 0
1484565127.682044000 0 0
1484565127.692239000 0 0
1484565127.698565000 0 0
1484565127.709367000 0 0
1484565127.728425000 0 0
1484565127.734800000 0 0
1484565127.741848000 0 0
1484565127.747063000 0 0
1484565127.762678000 0 0
1484565127.777124000 0 0
1484565127.792113000 0 0
1484565127.796970000 0 0
1484565127.801709000 0 0
1484565127.819839000 0 0
1484565127.825010000 0 0
1484565127.844354000 0 0
1484565127.849179000 0 0
1484565127.873796000 0 0
1484565127.878615000 0 0
1484565127.883470000 0 0
1484565127.889384000 0 0
1484565127.909328000 0 0
1484565127.914065000 0 0
1484565127.918821000 0 0
1484565127.923735000 0 0
1484565127.928451000 0 0
1484565127.950323000 0 0
1484565127.974416000 0 0
1484565127.979858000 0 0
1484565127.989642000 0 0
1484565128.001678000 0 0
1484565128.006622000 0 0
1484565128.011441000 0 0
1484565128.096773000 0 0
1484565128.108571000 0 0
1484565128.136100000 0 0
1484565128.144173000 0 0
1484565128.151499000 0 0
1484565128.160905000 0 0
1484565128.168916000 0 0
1484565128.178128000 0 0
1484565128.191906000 0 0
1484565128.283899000 0 0
1484565128.293997000 0 0
1484565128.301394000 0 0
1484565128.306506000 0 0
1484565128.311799000 0 0
1484565128.322583000 0 0
1484565128.343130000 0 0
1484565128.360005000 0 0
1484565128.365655000 0 0
1484565128.387368000 0 0
1484565128.392042000 0 0
1484565128.396729000 0 0
1484565128.401430000 0 0
1484565128.406277000 0 0
1484565128.419388000 0 0
1484565128.433527000 0 0
1484565128.439475000 0 0
1484565128.444097000 0 0
1484565128.449444000 0 0
1484565128.455802000 0 0
1484565128.470711000 0 0
1484565128.498639000 0 0
1484565128.508723000 0 0
1484565128.519802000 0 0
1484565128.524295000 0 0
1484565128.528941000 0 0
1484565128.533696000 0 0
1484565128.547015000 0 0
1484565128.551987000 0 0
1484565128.556774000 0 0
1484565128.574384000 0 0
1484565128.588371000 0 0
1484565128.592984000 0 0
1484565128.602975000 0 0
1484565128.607611000 0 0
1484565128.612309000 0 0
1484565128.617046000 0 0
1484565128.622214000 0 0
1484565128.639238000 0 0
1484565128.646194000 0 0
1484565128.651114000 0 0
1484565128.655942000 0 0
1484565128.660598000 0 0
1484565128.681991000 0 0
1484565128.693172000 0 0
1484565128.698411000 0 0
1484565128.705395000 0 0
1484565128.710523000 0 0
1484565128.725714000 0 0
1484565128.729941000 0 0
1484565128.734797000 0 0
1484565128.741735000 0 0
1484565128.756692000 0 0
1484565128.761648000 0 0
1484565128.771660000 0 0
1484565128.776410000 0 0
1484565128.781019000 0 0
1484565128.789180000 0 0
1484565128.793861000 0 0
1484565128.798460000 0 0
1484565128.805751000 0 0
1484565128.815079000 0 0
1484565128.822476000 0 0
1484565128.827234000 0 0
1484565128.848687000 0 0
1484565128.865048000 0 0
1484565128.872753000 0 0
1484565128.877434000 0 0
1484565128.884386000 0 0
1484565128.893982000 0 0
1484565128.901344000 0 0
1484565128.921707000 0 0
1484565128.934485000 0 0
1484565128.941876000 0 0
1484565128.947501000 0 0
1484565128.957368000 0 0
1484565129.075862000 0 0
1484565129.085541000 0 0
1484565129.098921000 0 0
1484565129.107886000 0 0
1484565129.116795000 0 0
1484565129.127460000 0 0
1484565129.134047000 0 0
1484565129.212037000 0 0
1484565129.217592000 0 0
1484565129.223835000 0 0
1484565129.241376000 0 0
1484565129.247686000 0 0
1484565129.257867000 0 0
1484565129.278343000 0 0
1484565129.284173000 0 0
1484565129.300550000 0 0
1484565129.319275000 0 0
1484565129.324623000 0 0
1484565129.337408000 0 0
1484565129.343330000 0 0
1484565129.360879000 0 0
1484565129.367322000 0 0
1484565129.373900000 0 0
1484565129.383136000 0 0
1484565129.390417000 0 0
1484565129.396501000 0 0
1484565129.414891000 0 0
1484565129.433326000 0 0
1484565129.440873000 0 0
1484565129.447352000 0 0
1484565129.463233000 0 0
1484565129.469379000 0 0
1484565129.475650000 0 0
1484565129.482187000 0 0
1484565129.491290000 0 0
1484565129.517270000 0 0
1484565129.524641000 0 0
1484565129.530209000 0 0
1484565129.535981000 0 0
1484565129.553730000 0 0
1484565129.573778000 0 0
1484565129.592661000 0 0
1484565129.598341000 0 0
1484565129.606869000 0 0
1484565129.631365000 0 0
1484565129.640954000 0 0
1484565129.646644000 0 0
1484565129.653299000 0 0
1484565129.659419000 0 0
1484565129.665505000 0 0
1484565129.674524000 0 0
1484565129.680266000 0 0
1484565129.699800000 0 0
1484565129.707743000 0 0
1484565129.717110000 0 0
1484565129.724288000 0 0
1484565129.734290000 0 0
1484565129.747009000 0 0
1484565129.765497000 0 0
1484565129.785598000 0 0
1484565129.791258000 0 0
1484565129.797106000 0 0
1484565129.816849000 0 0
1484565129.823998000 0 0
1484565129.832835000 0 0
1484565129.851798000 0 0
1484565129.857371000 0 0
1484565129.863166000 0 0
1484565129.878463000 0 0
1484565129.891713000 0 0
1484565129.897754000 0 0
1484565129.916474000 0 0
1484565129.932185000 0 0
1484565129.940486000 0 0
1484565129.950134000 0 0
1484565129.957760000 0 0
1484565129.963427000 0 0
1484565129.969186000 0 0
1484565129.975361000 0 0
1484565129.992517000 0 0
1484565129.998332000 0 0
1484565130.016511000 0 0
1484565130.024767000 0 0
1484565130.033285000 0 0
1484565130.040894000 0 0
1484565130.046638000 0 0
1484565130.066684000 0 0
1484565130.081724000 0 0
1484565130.091122000 0 0
1484565130.101373000 0 0
1484565130.107519000 0 0
1484565130.113320000 0 0
1484565130.123648000 0 0
1484565130.135103000 0 0
1484565130.143752000 0 0
1484565130.149492000 0 0
1484565130.156614000 0 0
1484565130.162447000 0 0
1484565130.168360000 0 0
1484565130.174198000 0 0
1484565130.214279000 0 0
1484565130.232052000 0 0
1484565130.240468000 0 0
1484565130.250523000 0 0
1484565130.258268000 0 0
1484565130.327167000 0 0
1484565130.332875000 0 0
1484565130.343574000 0 0
1484565130.349901000 0 0
1484565130.365598000 0 0
1484565130.373569000 0 0
1484565130.379644000 0 0
1484565130.386070000 0 0
1484565130.392069000 0 0
1484565130.404471000 0 0
1484565130.410560000 0 0
1484565130.430212000 0 0
1484565130.440069000 0 0
1484565130.446084000 0 0
1484565130.451838000 0 0
1484565130.458072000 0 0
1484565130.463710000 0 0
1484565130.486876000 0 0
1484565130.564850000 0 0
1484565130.581561000 0 0
1484565130.593193000 0 0
1484565130.601255000 0 0
1484565130.609984000 0 0
1484565130.617447000 0 0
1484565130.657634000 0 0
1484565130.663095000 0 0
1484565130.680945000 0 0
1484565130.700537000 0 0
1484565130.715834000 0 0
1484565130.728129000 0 0
1484565130.741771000 0 0
1484565130.747421000 0 0
1484565130.767138000 0 0
1484565130.773608000 0 0
1484565130.779266000 0 0
1484565130.789493000 0 0
1484565130.795429000 0 0
1484565130.800883000 0 0
1484565130.815634000 0 0
1484565130.822576000 0 0
1484565130.827810000 0 0
1484565130.835748000 0 0
1484565130.844512000 0 0
1484565130.849679000 0 0
1484565123.881850000 0 0
1484565124.664280000 51 0
1484565151.680404000 0 0
1484565151.696759000 0 0
1484565151.701594000 0 55038
1484565151.728867000 0 0
1484565151.734520000 0 0
1484565151.738957000 0 0
1484565151.685971000 0 0
1484565151.743196000 0 0
1484565151.786162000 0 0
1484565151.792426000 0 0
1484565151.799849000 0 0
1484565151.804276000 0 0
1484565151.811595000 0 0
1484565151.814379000 0 0
1484565151.819224000 0 0
1484565151.820623000 0 0
1484565151.828612000 0 0
1484565151.832013000 0 0
1484565151.837987000 0 0
1484565151.838095000 0 0
1484565151.836274000 0 0
1484565151.810186000 0 0
1484565151.860118000 0 0
1484565151.865659000 0 0
1484565151.879169000 0 0
1484565151.895904000 0 0
1484565151.896009000 0 0
1484565151.882618000 0 0
1484565151.919570000 0 0
1484565151.927926000 0 0
1484565151.949901000 0 0
1484565151.962694000 0 0
1484565151.981794000 0 0
1484565151.948299000 0 0
1484565151.864602000 0 0
1484565151.987723000 0 0
1484565151.993973000 0 0
1484565151.992684000 0 0
1484565152.017245000 0 0
1484565151.890684000 0 4096
1484565152.024883000 0 0
1484565151.887120000 0 0
1484565152.035796000 0 0
1484565152.040686000 0 0
1484565152.043393000 0 0
1484565152.047501000 0 0
1484565152.031886000 0 4096
1484565152.055389000 0 0
1484565152.021141000 0 0
1484565152.061019000 0 0
1484565152.036475000 0 4096
1484565152.067712000 0 0
1484565152.069684000 0 0
1484565152.028459000 0 0
1484565152.075916000 0 0
1484565151.957185000 0 4096
1484565152.085011000 0 0
1484565152.086795000 0 0
1484565151.953350000 0 0
1484565152.097405000 0 0
1484565163.848159000 0 0
1484565151.812332000 0 4096
1484565163.857922000 0 0
1484565163.863013000 0 0
1484565151.806847000 0 0
1484565163.872396000 0 0
1484565151.824853000 29 0
1484565151.854094000 55 0
1484565151.901685000 47 0
1484565151.963031000 51 0
1484565151.882262000 753664 0
1484565152.016157000 45056 0
1484565152.020643000 45056 0
1484565151.935022000 524288 0
1484565151.798023000 45056 0
1484565305.936216000 0 237378
1484565305.946496000 0 0
1484565305.945978000 0 0
1484565326.285982000 0 8871
1484565326.298674000 0 0
1484565326.297551000 0 0
1484565065.782231000 85217 5032
1484565424.334368000 0 5526
1484565424.589234000 0 16053
1484565424.599845000 0 0
1484565424.598934000 0 0
1484565438.484265000 0 0
1484565438.520474000 0 122
1484565438.530314000 0 0
1484565438.529706000 0 0
1484565438.543353000 0 0
1484565438.544267000 0 0
1484565438.548961000 0 0
1484565438.548560000 2 0
1484565438.554876000 0 0
1484565438.559729000 0 2
1484565438.996299000 0 146
1484565439.005560000 0 0
1484565439.005011000 0 0
1484565439.072354000 0 181
1484565439.079945000 0 0
1484565439.079473000 0 0
1484565439.086107000 0 0
1484565439.088504000 0 0
1484565439.090205000 0 0
1484565439.097209000 0 0
1484565065.429609000 0 32768
1484565439.102932000 0 5526
1484565439.105835000 0 212
1484565439.107022000 0 0
1484565065.427124000 0 196888
1484565439.115891000 0 0
1484565439.115107000 0 0
1484565439.122641000 0 0
1484565439.125182000 0 0
1484565439.132020000 0 2921
1484565439.141005000 0 0
1484565439.140151000 0 0
1484565439.153356000 0 241
1484565439.157685000 0 0
1484565064.192142000 0 32768
1484565439.163530000 0 0
1484565439.168998000 0 0
1484565439.162457000 0 0
1484565064.188714000 0 426712
1484565439.182919000 0 0
1484565439.185971000 0 0
1484565439.203778000 0 0
1484565065.795520000 0 32768
1484565439.211384000 0 0
1484565065.790964000 0 65648
1484565439.221730000 0 0
1484565439.225016000 0 0
1484565439.230973000 0 0
1484565439.242975000 0 0
1484565439.247449000 0 55156
1484565439.267604000 0 0
1484565439.271221000 0 0
1484565439.274197000 0 0
1484565439.234916000 0 0
1484565439.277063000 0 0
1484565439.312266000 0 6812
1484565439.319943000 0 0
1484565439.319351000 0 0
1484565439.327543000 0 0
1484565439.326045000 0 0
1484565441.288444000 0 234040
1484565441.314257000 0 0
1484565065.760618000 0 0
1484565065.803147000 0 0
1484565063.021108000 0 0
1484565063.662249000 293455 0
1484565446.877695000 0 300168
1484565460.857796000 0 0
1484565068.279028000 98304 0
1484565063.965413000 65536 0
1484565063.443358000 397312 4096
1484565063.473963000 16384 4096
1484565065.422391000 131072 98304
1484565064.184619000 1212416 229376
1484565065.784529000 98304 65536
1484565064.938950000 196608 0
1484565079.372303000 57347 0
1484565517.617924000 0 0
1484565518.039342000 0 0
1484565517.625102000 3781 0
1484565518.046662000 32849 0
1484565626.340965000 0 8871
1484565626.350892000 0 0
1484565626.349889000 0 0
1484565679.400620000 0 0
1484565682.327407000 0 770
1484565682.338121000 0 0
1484565682.337091000 0 0
1484565709.576717000 0 791232
1484565709.639601000 0 0
1484565926.388113000 0 8872
1484565926.398571000 0 0
1484565926.397533000 0 0
1484566226.437889000 0 8872
1484566226.448241000 0 0
1484566226.447242000 0 0
1484566484.668663000 0 0
1484566484.703402000 0 0
1484566484.707248000 0 0
1484566484.713703000 0 0
1484565021.225848000 0 66857
1484566491.644396000 0 824640
1484566491.721662000 0 0
1484566484.720834000 282 0
1484566499.156338000 0 267944
1484566515.854384000 0 0
1484566518.307769000 0 0
1484566518.323949000 0 0
1484566519.157627000 0 0
1484566526.476305000 0 8872
1484566526.485894000 0 0
1484566526.484875000 0 0
1484566518.330801000 3781 0
1484566518.313807000 32849 0
1484566582.479222000 0 840
1484566582.489644000 0 0
1484566582.488783000 0 0
1484566826.514441000 0 8872
1484566826.525507000 0 0
1484566826.524501000 0 0
1484566899.923503000 0 561800
1484566900.014667000 0 0
1484566900.123865000 0 857496
1484566908.294253000 0 0
1484567126.565408000 0 8872
1484567126.574823000 0 0
1484567126.573760000 0 0
1484567182.550430000 0 362
1484567182.559300000 0 0
1484567182.558820000 0 0
1484565679.407759000 57347 0
1484567479.548757000 0 0
1484567503.615213000 0 8872
1484567503.625941000 0 0
1484567503.624840000 0 0
1484567513.773594000 0 300728
1484567529.976810000 0 0
1484567570.675417000 0 0
1484567571.101029000 0 0
1484567570.685000000 3781 0
1484567571.109517000 32849 0
1484567698.788638000 0 0
1484567698.795438000 0 0
1484567698.807871000 55156 0
1484567698.791739000 111 0
1484567698.806494000 0 0
1484567803.668075000 0 8872
1484567803.680587000 0 0
1484567803.678896000 0 0
1484567827.615290000 0 135712
1484567827.637433000 0 0
1484567827.960946000 0 0
1484567827.968018000 86506 1892
1484566491.683057000 0 50562
1484567828.236200000 0 1088188
1484567833.464045000 0 0
1484567828.303759000 0 67285
1484567841.781144000 0 234040
1484567841.805021000 0 0
1484567840.839512000 66439 5581
1484567479.556032000 57347 0
1484568079.598059000 0 0
1484568103.706189000 0 8872
1484568103.715745000 0 0
1484568103.714949000 0 0
1484568132.275409000 0 0
1484568132.280679000 0 0
1484568403.760066000 0 8872
1484568403.771631000 0 0
1484568403.770395000 0 0
1484568703.801842000 0 8872
1484568703.811985000 0 0
1484568703.810923000 0 0
1484568709.742839000 0 758456
1484568709.921707000 0 0
1484569003.835587000 0 8872
1484569003.846098000 0 0
1484569003.845097000 0 0
1484569303.888218000 0 8872
1484569303.897922000 0 0
1484569303.897071000 0 0
1484569603.934274000 0 8872
1484569603.943466000 0 0
1484569603.942495000 0 0
1484569880.717835000 0 266816
1484569880.793252000 0 0
1484569880.892357000 0 529656
1484569884.864281000 0 0
1484569893.087520000 0 267944
1484569902.341973000 0 0
1484569903.980495000 0 8872
1484569903.991569000 0 0
1484569903.990336000 0 0
1484567830.338563000 0 56107
1484569907.395646000 0 267944
1484569915.321325000 0 0
1484569918.460139000 0 234600
1484569921.467817000 0 0
1484569928.855276000 0 0
1484569930.087033000 0 0
1484569928.862038000 3781 0
1484570204.021384000 0 8872
1484570204.032369000 0 0
1484570204.031017000 0 0
1484569930.094050000 32849 370
1484568079.605382000 57347 0
1484570479.746116000 0 0
1484570483.098411000 0 537
1484570483.111314000 0 0
1484570483.109751000 0 0
1484570486.608877000 0 0
1484570487.450606000 0 0
1484570504.058152000 0 8872
1484570504.068806000 0 0
1484570504.067819000 0 0
1484570509.659980000 0 758456
1484570509.728646000 0 0
1484570487.457383000 3781 0
1484570486.615590000 33138 0
1484570514.932664000 0 0
1484570514.937580000 0 0
1484570514.943724000 0 0
1484570514.954418000 0 0
1484570514.972927000 0 0
1484570514.976293000 0 0
1484570514.979609000 0 0
1484570514.983222000 0 0
1484570515.000670000 0 0
1484570515.004247000 0 0
1484570515.023706000 0 0
1484570515.027027000 0 0
1484570515.030263000 0 0
1484570515.053187000 0 0
1484570515.056876000 0 0
1484570516.189373000 0 0
1484570516.191731000 0 0
1484570516.284070000 0 27794
1484570516.294900000 0 0
1484570516.294351000 0 0
1484570516.859741000 0 0
1484570516.862032000 0 0
1484570516.864326000 0 0
1484570516.870143000 0 0
1484570516.872019000 0 0
1484570516.874390000 0 0
1484570516.880288000 0 0
1484570516.882158000 0 0
1484570516.888036000 0 0
1484570516.889980000 0 0
1484570516.041301000 0 0
1484570515.010557000 282 0
1484570514.951177000 552 0
1484570514.961803000 504 0
1484570514.989389000 856 0
1484570515.036525000 398 0
1484570549.810964000 0 0
1484570549.854002000 0 0
1484570549.896532000 0 0
1484570549.899790000 0 0
1484570549.903586000 0 0
1484570550.578748000 0 0
1484570550.580938000 0 0
1484570550.583297000 0 0
1484570550.587472000 0 0
1484570550.595612000 0 0
1484570550.597807000 0 0
1484570550.600068000 0 0
1484570550.607807000 0 0
1484570550.609843000 0 0
1484570550.618192000 0 0
1484570550.620832000 0 0
1484570551.103902000 0 28347
1484570551.257126000 0 0
1484570551.256575000 0 0
1484570555.224187000 0 0
1484570555.645043000 0 0
1484570549.813339000 0 0
1484570549.909160000 282 0
1484570550.585860000 552 0
1484570550.590202000 504 0
1484570550.602400000 856 0
1484570550.612197000 398 0
1484570555.228544000 3781 0
1484570555.649187000 33138 0
1484570643.254868000 0 0
1484570643.547549000 0 0
1484570643.772638000 0 0
1484570643.795462000 0 0
1484570643.823964000 0 0
1484570644.377336000 0 0
1484570644.380123000 0 0
1484570644.382182000 0 0
1484570644.389748000 0 0
1484570644.397654000 0 0
1484570644.399657000 0 0
1484570644.401633000 0 0
1484570644.403561000 0 0
1484570644.413915000 0 0
1484570644.415825000 0 0
1484570644.417925000 0 0
1484570644.427836000 0 0
1484570644.429830000 0 0
1484570644.436786000 0 28902
1484570644.446294000 0 0
1484570644.445718000 0 0
1484570643.849731000 282 0
1484570644.388069000 552 0
1484570644.392743000 504 0
1484570644.408247000 856 0
1484570644.420107000 398 0
1484570643.396761000 0 0
1484570767.292042000 0 267944
1484570782.670587000 0 0
1484570783.150346000 0 362
1484570783.171821000 0 0
1484570783.170840000 0 0
1484570804.110620000 0 8872
1484570804.122809000 0 0
1484570804.121120000 0 0
1484570787.254087000 0 234600
1484570808.698365000 0 0
1484571104.156479000 0 8872
1484571104.166645000 0 0
1484571104.165804000 0 0
1484571404.199608000 0 8872
1484571404.211686000 0 0
1484571404.209996000 0 0
1484571704.239700000 0 8872
1484571704.249085000 0 0
1484571704.248129000 0 0
1484562757.872286000 14340 67898
1484572004.282513000 0 8872
1484572004.292448000 0 0
1484572004.291206000 0 0
1484572304.326386000 0 8872
1484572304.340101000 0 0
1484572304.338444000 0 0
1484572310.262176000 0 397920
1484572310.350658000 0 0
1484572310.470599000 0 1086216
1484572310.559070000 0 0
1484572340.887593000 0 234040
1484572340.915250000 0 0
1484572353.570565000 0 0
1484572353.579275000 3781 0
1484572360.871998000 0 0
1484572360.877998000 0 0
1484572360.884414000 0 0
1484572360.895212000 0 0
1484572360.910429000 0 0
1484572360.913384000 0 0
1484572360.916108000 0 0
1484572360.919935000 0 0
1484572360.934229000 0 0
1484572360.936570000 0 0
1484572360.951797000 0 0
1484572360.954909000 0 0
1484572360.958022000 0 0
1484572360.972032000 0 0
1484572360.974439000 0 0
1484572362.260758000 0 29341
1484572362.275328000 0 0
1484572362.274039000 0 0
1484572366.548255000 0 0
1484572360.892880000 552 0
1484572360.903487000 504 0
1484572360.926955000 856 0
1484572360.944524000 282 0
1484572360.963364000 398 0
1484572366.555689000 33138 0
1484572485.204527000 0 29798
1484572485.217038000 0 0
1484572485.216110000 0 0
1484572583.453821000 0 464
1484572583.468725000 0 0
1484572583.467507000 0 0
1484572604.372145000 0 8873
1484572604.383113000 0 0
1484572604.382116000 0 0
1484572904.412309000 0 8873
1484572904.423764000 0 0
1484572904.422539000 0 0
1484569910.923557000 0 61316
1484572909.875646000 0 856784
1484572909.970795000 0 0
1484572910.049967000 0 923032
1484572912.786229000 0 0
1484573204.463038000 0 8873
1484573204.475086000 0 0
1484573204.473392000 0 0
1484573417.954833000 0 234040
1484573417.984221000 0 0
1484570479.753033000 57347 0
1484573479.928937000 0 0
1484573483.598190000 0 464
1484573483.610198000 0 0
1484573483.609101000 0 0
1484573504.501687000 0 8873
1484573504.512189000 0 0
1484573504.511097000 0 0
1484573509.753403000 0 791232
1484573509.877193000 0 0
1484573666.124637000 0 85
1484573666.133168000 0 0
1484573666.132246000 0 0
1484573666.181892000 0 0
1484573666.192854000 0 0
1484573666.197113000 0 26477
1484573666.205303000 0 0
1484573666.208586000 0 0
1484573666.211419000 0 0
1484573666.185484000 0 0
1484573666.214061000 0 0
1484573666.468972000 0 109
1484573666.476362000 0 0
1484573666.531996000 0 144
1484573666.539283000 0 0
1484549480.160292000 0 32768
1484573666.540037000 0 0
1484573666.548664000 0 0
1484573666.550364000 0 0
1484549480.157840000 57688 562672
1484573666.556798000 0 0
1484573666.558763000 0 0
1484573666.560903000 0 0
1484573666.560631000 0 10
1484573666.567924000 0 0
1484573666.570252000 0 0
1484573666.551913000 0 0
1484573666.572906000 0 0
1484549479.255166000 132037 881528
1484572909.604247000 0 45778
1484573666.593912000 0 132096
1484573666.635239000 0 1603
1484573666.635286000 0 175
1484573666.643826000 0 0
1484573666.652094000 0 204
1484573666.658905000 0 0
1484573666.671595000 0 0
1484549481.356113000 0 32768
1484573666.678721000 0 0
1484549481.352287000 57424 65648
1484573666.688785000 0 0
1484573666.692768000 0 0
1484573666.704294000 0 0
1484549481.321664000 0 4096
1484573666.713542000 0 0
1484573666.718822000 0 0
1484549481.318452000 0 0
1484573666.726942000 0 0
1484573666.732838000 0 0
1484573666.747726000 0 0
1484573666.751519000 0 43620
1484573666.773562000 0 0
1484573666.776508000 0 0
1484573666.738021000 0 0
1484573666.779061000 0 0
1484573666.839617000 0 0
1484549486.350762000 94571 9261
1484563085.362104000 0 31225
1484562797.715209000 0 43657
1484571983.335886000 0 16207
1484549481.390711000 0 0
1484549481.327829000 0 0
1484549477.190679000 0 0
1484549478.219578000 6590464 42565632
1484549478.910432000 163840 0
1484549480.153328000 131072 131072
1484573479.933618000 57347 0
1484550946.084248000 65536 0
1484549477.554012000 65536 0
1484549477.365547000 262144 4096
1484549477.386419000 16384 4096
1484549481.345117000 557056 65536
1484549481.311213000 98304 0
1484551282.588548000 98304 0
1484549837.194812000 98304 0
1484549201.081020000 0 0
1484573765.223746000 0 0
1484549100.206096000 0 0
