1484550521.956715000 0 0
1484550521.962340000 0 0
1484550521.967679000 0 0
1484550521.973443000 0 0
1484550521.978759000 0 0
1484550523.424979000 282 0
1484550525.779284000 0 0
1484550525.781977000 0 0
1484550525.789987000 0 0
1484550527.381798000 0 0
1484550527.384119000 0 0
1484550527.392909000 0 0
1484550527.395878000 0 0
1484550527.398703000 0 0
1484550527.445346000 0 0
1484550527.464608000 0 0
1484550527.547042000 0 0
1484550527.567190000 0 0
1484550527.582123000 0 0
1484550527.582762000 0 0
1484550527.603190000 0 0
1484550527.632847000 0 0
1484550527.723185000 0 0
1484550527.743882000 0 0
1484550527.745543000 0 0
1484550527.747056000 0 0
1484550527.749059000 0 0
1484550527.751417000 0 0
1484550527.760282000 0 0
1484550527.780442000 0 0
1484550527.782441000 0 0
1484550527.797964000 0 0
1484550527.476403000 2121 0
1484550524.062264000 111 0
1484550527.560997000 129 0
1484550527.621864000 129 0
1484550527.632140000 0 0
1484550527.613149000 576 0
1484550527.741508000 129 0
1484550527.766803000 504 0
1484550527.778025000 129 0
1484550527.795862000 129 0
1484550525.412542000 282 0
1484550601.064689000 0 0
1484550601.285002000 0 0
1484550604.047471000 0 0
1484550604.085246000 0 0
1484550604.087526000 0 0
1484550604.095585000 0 0
1484550604.098808000 0 0
1484550604.173211000 0 0
1484550606.488506000 0 0
1484550606.493102000 0 0
1484550606.498512000 0 544
1484550606.503978000 0 0
1484550604.144549000 163840 0
1484550606.506948000 0 0
1484550606.530159000 0 0
1484550606.528077000 0 0
1484550606.541393000 0 0
1484550606.543303000 0 0
1484550606.545640000 0 0
1484550606.547985000 0 0
1484550606.552468000 0 0
1484550606.561466000 0 0
1484550606.566193000 0 0
1484550606.568192000 0 0
1484550606.571188000 0 0
1484550606.572981000 0 0
1484550609.517907000 0 0
1484550609.516904000 0 0
1484550603.932650000 282 0
1484550604.175813000 129 0
1484550606.564052000 129 0
1484550606.570673000 129 0
1484550606.558830000 544 0
1484550607.757961000 163840 0
1484550609.852208000 0 0
1484550609.860861000 0 0
1484550609.863582000 0 0
1484550609.866245000 0 0
1484550614.408362000 0 0
1484550614.419800000 0 0
1484550614.423410000 0 544
1484550614.428612000 0 0
1484550609.870699000 163840 0
1484550614.431557000 0 0
1484550614.440285000 0 0
1484550614.437907000 0 0
1484550614.467912000 0 0
1484550614.469860000 0 0
1484550614.477642000 0 0
1484550614.480962000 0 0
1484550614.484291000 0 0
1484550614.492631000 0 0
1484550617.462227000 0 0
1484550617.461250000 0 0
1484550609.647709000 2121 0
1484550609.651553000 0 0
1484550626.282840000 0 0
1484550626.286067000 0 0
1484550626.288291000 0 0
1484550626.291107000 0 0
1484550626.293405000 0 0
1484550626.296241000 0 0
1484550626.300304000 0 0
1484550626.304999000 0 0
1484550626.307068000 0 0
1484550626.313946000 0 0
1484550627.814906000 0 0
1484550627.817653000 0 0
1484550627.825500000 0 0
1484550627.828744000 0 0
1484550627.832143000 0 0
1484550627.834582000 0 0
1484550627.854444000 0 0
1484550614.491797000 1088 0
1484550627.873319000 0 0
1484550627.879467000 0 0
1484550614.496307000 1088 0
1484550627.883292000 0 0
1484550627.891168000 0 0
1484550626.302731000 129 0
1484550626.311570000 129 0
1484550739.267019000 0 0
1484550739.925579000 0 0
1484550740.931628000 0 0
1484550740.935151000 0 0
1484550740.943298000 0 0
1484550740.957202000 398 0
1484550740.959749000 282 0
1484550740.549363000 0 0
1484550741.298988000 0 0
1484550809.892958000 0 0
1484551136.907021000 0 0
1484551136.917347000 0 0
1484551136.932416000 366 0
1484551136.942558000 369 0
1484551136.975021000 186 0
1484551182.068821000 0 0
1484551182.535836000 0 0
1484551182.539115000 0 0
1484551182.547049000 0 0
1484551182.960211000 0 0
1484551182.963664000 0 0
1484550810.190113000 0 0
1484551160.471146000 564 0
1484551182.550352000 576 0
1484551238.507142000 0 0
1484551238.510384000 0 0
1484551238.512771000 0 0
1484551238.534617000 0 0
1484551238.552452000 0 0
1484551238.557341000 0 0
1484551238.560644000 0 0
1484551334.794351000 0 0
1484551339.485303000 0 0
1484552518.547960000 0 0
1484552518.601118000 0 0
1484552518.603523000 0 0
1484552518.611416000 0 0
1484552520.807661000 0 0
1484552520.813268000 0 0
1484552520.817131000 0 0
1484552520.829911000 0 0
1484552520.864412000 0 0
1484552520.867752000 0 0
1484552520.870631000 0 0
1484552520.877924000 0 0
1484552520.928040000 0 0
1484552520.931240000 0 0
1484552520.934909000 0 0
1484552520.969602000 0 0
1484552520.972552000 0 0
1484552520.962473000 0 0
1484552521.034613000 0 0
1484552521.037211000 0 0
1484552518.617233000 282 0
1484552520.875960000 576 0
1484552520.920491000 504 0
1484552520.941173000 504 0
1484552520.977280000 398 0
1484552522.822669000 0 0
1484552524.859574000 0 0
1484552524.819876000 0 0
1484552525.864991000 98304 0
1484552526.680278000 0 0
1484552526.684007000 0 0
1484552526.704236000 0 0
1484552525.949609000 0 0
1484552526.775189000 0 0
1484552526.795189000 0 0
1484552526.814878000 0 0
1484552526.844355000 0 0
1484552526.855294000 0 0
1484552526.907617000 0 0
1484552526.900495000 0 0
1484552527.001244000 0 0
1484552526.981518000 0 0
1484552527.466243000 0 0
1484552527.448003000 0 0
1484552526.754196000 1796055 0
1484552527.691169000 0 0
1484552527.766863000 0 0
1484552527.771040000 0 0
1484552527.773419000 0 0
1484552527.775845000 0 0
1484552527.778304000 0 0
1484552527.781141000 0 0
1484552527.721701000 1112439 0
1484552529.185923000 0 0
1484552529.261275000 0 0
1484552529.269759000 0 0
1484552529.273270000 0 0
1484552529.285596000 0 0
1484552529.287835000 0 0
1484552529.215179000 1056080 0
1484552529.829776000 0 0
1484552529.871816000 0 0
1484552529.878359000 0 0
1484552529.881170000 0 0
1484552529.883624000 0 0
1484552529.885717000 0 0
1484552529.853206000 1312773 0
1484552530.391411000 0 0
1484552530.452344000 0 0
1484552530.455266000 0 0
1484552530.457958000 0 0
1484552530.460342000 0 0
1484552530.462428000 0 0
1484552530.436184000 1155527 0
1484552530.985900000 0 0
1484552531.076086000 0 0
1484552531.078630000 0 0
1484552531.081183000 0 0
1484552531.084564000 0 0
1484552531.086862000 0 0
1484552531.060593000 1038988 0
1484552531.872168000 0 0
1484552531.896946000 0 0
1484552531.899337000 0 0
1484552531.901765000 0 0
1484552531.904603000 0 0
1484552531.907063000 0 0
1484552531.877376000 1128107 0
1484552532.355264000 0 0
1484552532.401482000 0 0
1484552532.404606000 0 0
1484552532.407306000 0 0
1484552532.409755000 0 0
1484552532.411904000 0 0
1484552532.386532000 1156829 0
1484552532.927141000 0 0
1484552532.998006000 0 0
1484552533.000426000 0 0
1484552533.002766000 0 0
1484552533.005241000 0 0
1484552533.007366000 0 0
1484552532.956179000 1374209 0
1484552533.745624000 0 0
1484552533.821506000 0 0
1484552533.823715000 0 0
1484552533.826174000 0 0
1484552533.828452000 0 0
1484552533.840216000 0 0
1484552533.781799000 1336871 0
1484552534.183574000 0 0
1484552534.379199000 0 0
1484552534.381508000 0 0
1484552534.392177000 0 0
1484552534.394663000 0 0
1484552534.396917000 0 0
1484552534.365277000 1315817 0
1484552534.728303000 0 0
1484552534.769162000 0 0
1484552534.771635000 0 0
1484552534.773986000 0 0
1484552534.776313000 0 0
1484552534.778428000 0 0
1484552534.748819000 1160305 0
1484552535.350324000 0 0
1484552535.403063000 0 0
1484552535.405740000 0 0
1484552535.408676000 0 0
1484552535.411203000 0 0
1484552535.413768000 0 0
1484552535.395008000 60924 0
1484552535.913753000 0 0
1484552535.952787000 0 0
1484552535.955760000 0 0
1484552535.958074000 0 0
1484552535.960364000 0 0
1484552535.972300000 0 0
1484552535.935632000 21717 0
1484552536.666025000 0 0
1484552536.706364000 0 0
1484552536.708670000 0 0
1484552536.710841000 0 0
1484552536.713179000 0 0
1484552536.715335000 0 0
1484552536.697742000 30367 0
1484552537.208160000 0 0
1484552537.261559000 0 0
1484552537.276877000 0 0
1484552537.288099000 0 0
1484552537.290469000 0 0
1484552537.292842000 0 0
1484552537.233419000 120481 0
1484552537.709906000 0 0
1484552537.817610000 0 0
1484552537.829943000 0 0
1484552537.832400000 0 0
1484552537.834908000 0 0
1484552537.837310000 0 0
1484552537.840286000 0 0
1484552537.789406000 119744 0
1484552538.302124000 0 0
1484552538.370976000 0 0
1484552538.373629000 0 0
1484552538.376251000 0 0
1484552538.378808000 0 0
1484552538.381328000 0 0
1484552538.331411000 91162 0
1484552527.528481000 0 0
1484552528.249893000 0 0
1484552538.892226000 0 0
1484552538.912879000 0 0
1484552538.915277000 0 0
1484552538.917725000 0 0
1484552538.920360000 0 0
1484552538.922391000 0 0
1484552538.905857000 91581 0
1484552539.545237000 1796055 0
1484552529.528881000 0 0
1484552530.052679000 0 0
1484552530.648258000 0 0
1484552531.751648000 0 0
1484552532.088639000 0 0
1484552532.577558000 0 0
1484552533.587515000 0 0
1484552534.047641000 0 0
1484552534.601840000 0 0
1484552545.691179000 0 0
1484552524.816612000 0 0
1484552547.775394000 8192 0
1484552548.226727000 0 0
1484552548.229625000 0 0
1484552548.237389000 0 0
1484552548.242973000 0 0
1484552547.786231000 0 0
1484552548.271730000 0 0
1484552548.284790000 0 0
1484552548.288293000 0 0
1484552548.356077000 0 0
1484552548.364720000 0 0
1484552548.376354000 0 0
1484552548.374150000 0 0
1484552548.414006000 0 0
1484552548.382516000 0 0
1484552548.509881000 0 0
1484552548.484211000 0 0
1484552548.261582000 1041454 0
1484552548.938657000 0 0
1484552548.899129000 0 0
1484552549.057844000 0 0
1484552549.059892000 0 0
1484552549.062246000 0 0
1484552549.067517000 0 0
1484552549.097543000 0 0
1484552546.730994000 4096 0
1484552549.049337000 898692 0
1484552550.512815000 0 0
1484552534.987869000 0 0
1484552535.452219000 0 0
1484552536.003530000 0 0
1484552536.752537000 0 0
1484552550.602063000 0 0
1484552537.338154000 0 0
1484552550.621496000 0 0
1484552537.880287000 0 0
1484552550.643863000 0 0
1484552538.408255000 0 0
1484552538.968772000 0 0
1484552550.652070000 0 0
1484552539.785061000 0 0
1484552550.572537000 105615 0
1484552551.172971000 0 0
1484552551.222159000 0 0
1484552551.241678000 0 0
1484552551.261583000 0 0
1484552551.281550000 0 0
1484552551.200036000 241298 0
1484552548.894988000 0 0
1484552551.808190000 1041454 0
1484552549.338180000 0 0
1484552552.548171000 0 0
1484552552.559290000 0 0
1484552552.561630000 0 0
1484552552.564108000 0 0
1484552552.518134000 902788 0
1484552550.731756000 0 0
1484552554.187350000 0 0
1484552554.190201000 0 0
1484552554.196361000 0 0
1484552554.211650000 0 0
1484552554.171902000 105615 0
1484552551.392251000 0 0
1484552556.918824000 0 0
1484552556.927767000 0 0
1484552556.939579000 0 0
1484552556.947833000 0 0
1484552556.901542000 241298 0
1484552552.046237000 0 0
1484552559.534817000 0 0
1484552559.536944000 0 0
1484552559.550401000 0 0
1484552559.553597000 0 0
1484552559.556624000 0 0
1484552559.503773000 1041454 0
1484552552.820807000 0 0
1484552560.325392000 0 0
1484552560.327809000 0 0
1484552560.339300000 0 0
1484552560.347729000 0 0
1484552560.311812000 902788 0
1484552554.280817000 0 0
1484552557.037889000 0 0
1484552560.134214000 0 0
1484552560.560801000 0 0
1484552526.695819000 1152 0
1484552526.714126000 1008 0
1484552527.784606000 564 0
1484552582.058955000 0 0
1484552582.061694000 0 0
1484552582.063834000 0 0
1484552582.066792000 0 0
1484552582.069217000 0 0
1484552522.834404000 0 0
1484552589.105410000 0 0
1484552595.558775000 0 0
1484552595.609455000 0 0
1484552597.469166000 0 0
1484552597.589457000 0 0
1484552597.660654000 0 0
1484552597.680519000 0 0
1484552597.689302000 0 0
1484552597.704929000 0 0
1484552598.021795000 0 0
1484552598.203794000 0 0
1484552598.215796000 0 0
1484552598.202655000 0 0
1484552598.242463000 0 0
1484552597.643722000 0 30208
1484552598.746577000 0 0
1484552598.746058000 0 0
1484552599.083982000 32768 0
1484552599.085322000 0 0
1484552599.474272000 0 0
1484552599.559732000 0 0
1484552599.562254000 0 0
1484552599.582756000 0 0
1484552599.422190000 0 0
1484552599.093693000 268068 0
1484552599.602437000 0 0
1484552599.669496000 0 0
1484552599.683536000 0 0
1484552599.687435000 0 0
1484552599.691466000 0 0
1484552599.695483000 0 0
1484552599.712237000 0 0
1484552599.749434000 0 0
1484552599.744617000 0 0
1484552599.757730000 0 0
1484552599.755037000 0 0
1484552599.802418000 0 0
1484552599.784345000 0 0
1484552599.849386000 0 0
1484552599.828729000 0 0
1484552599.857094000 0 0
1484552599.859488000 0 0
1484552599.861864000 0 0
1484552599.864267000 0 0
1484552599.866960000 0 0
1484552599.869867000 0 0
1484552598.338161000 4096 0
1484552599.844602000 552637 0
1484552600.717079000 0 0
1484552595.550471000 0 0
1484552600.718348000 0 0
1484552599.666796000 0 0
1484552600.768790000 8192 0
1484552582.103989000 576 0
1484552582.106002000 504 0
1484552582.109958000 504 0
1484552582.110503000 398 0
1484552609.422231000 0 0
1484552609.458929000 0 0
1484552609.461141000 0 0
1484552609.463840000 0 0
1484552609.466489000 0 0
1484552609.469684000 0 0
1484552609.500646000 0 0
1484552609.449750000 531493 0
1484552610.153451000 0 0
1484552610.233321000 0 0
1484552610.252723000 0 0
1484552610.264270000 0 0
1484552610.272656000 0 0
1484552610.282664000 0 0
1484552610.186028000 472950 0
1484552597.509809000 32768 0
1484552597.525570000 176616 0
1484552597.815781000 32768 0
1484552597.832029000 390610 0
1484552600.138693000 0 0
1484552600.783422000 0 0
1484552617.715062000 0 0
1484552617.801701000 0 0
1484552617.804401000 0 0
1484552617.814792000 0 0
1484552617.847275000 0 0
1484552617.854800000 0 0
1484552617.793908000 291796 0
1484552618.735563000 0 0
1484552618.875524000 0 0
1484552618.880426000 0 0
1484552618.882757000 0 0
1484552618.894798000 0 0
1484552618.904747000 0 0
1484552618.862104000 485445 0
1484552619.387966000 0 0
1484552619.577930000 0 0
1484552619.596709000 0 0
1484552619.606792000 0 0
1484552619.618185000 0 0
1484552619.646868000 0 0
1484552619.676876000 0 0
1484552619.538959000 422778 0
1484552620.344180000 0 0
1484552620.428636000 0 0
1484552620.436340000 0 0
1484552620.439424000 0 0
1484552620.441532000 0 0
1484552620.443672000 0 0
1484552620.362649000 418985 0
1484552620.964298000 0 0
1484552621.044319000 0 0
1484552621.052958000 0 0
1484552621.072939000 0 0
1484552621.092843000 0 0
1484552621.102983000 0 0
1484552621.008438000 298629 0
1484552621.667857000 0 0
1484552622.038105000 0 0
1484552622.046819000 0 0
1484552622.067000000 0 0
1484552622.087184000 0 0
1484552622.106951000 0 0
1484552622.022226000 447396 0
1484552622.411046000 0 0
1484552622.453822000 0 0
1484552622.456313000 0 0
1484552622.458808000 0 0
1484552622.460988000 0 0
1484552622.463156000 0 0
1484552622.439131000 428554 0
1484552609.671024000 0 0
1484552610.447691000 0 0
1484552582.113333000 564 0
1484552623.121778000 0 0
1484552623.281393000 0 0
1484552623.300918000 0 0
1484552623.310959000 0 0
1484552623.320982000 0 0
1484552623.323355000 0 0
1484552623.268993000 350498 0
1484552623.753722000 0 0
1484552623.792381000 0 0
1484552623.803065000 0 0
1484552623.814507000 0 0
1484552623.822882000 0 0
1484552623.832843000 0 0
1484552623.764954000 423378 0
1484552624.363793000 0 0
1484552624.413375000 0 0
1484552624.422860000 0 0
1484552624.432966000 0 0
1484552624.442940000 0 0
1484552624.452842000 0 0
1484552624.384161000 410682 0
1484552624.945735000 0 0
1484552625.002405000 0 0
1484552625.004856000 0 0
1484552625.007837000 0 0
1484552625.010820000 0 0
1484552625.013785000 0 0
1484552624.992513000 305253 0
1484552625.534854000 0 0
1484552625.645765000 0 0
1484552625.653948000 0 0
1484552625.664002000 0 0
1484552625.673891000 0 0
1484552625.693923000 0 0
1484552625.614478000 300274 0
1484552626.145416000 0 0
1484552626.174427000 0 0
1484552626.183954000 0 0
1484552626.204096000 0 0
1484552626.224204000 0 0
1484552626.234115000 0 0
1484552626.160052000 209384 0
1484552626.785406000 0 0
1484552626.894504000 0 0
1484552626.903903000 0 0
1484552626.921386000 0 0
1484552626.924071000 0 0
1484552626.944021000 0 0
1484552626.870059000 229839 0
1484552627.424976000 0 0
1484552627.514612000 0 0
1484552627.524038000 0 0
1484552627.534056000 0 0
1484552627.544018000 0 0
1484552627.554062000 0 0
1484552627.480056000 213199 0
1484552628.074903000 0 0
1484552628.115480000 0 0
1484552628.117963000 0 0
1484552628.120427000 0 0
1484552628.122729000 0 0
1484552628.125007000 0 0
1484552628.095609000 394878 0
1484552617.928872000 0 0
1484552628.737079000 300836 0
1484552629.496534000 0 0
1484552629.546649000 0 0
1484552629.558289000 0 0
1484552629.569060000 0 0
1484552629.571480000 0 0
1484552629.578334000 0 0
1484552629.516980000 556733 0
1484552630.248494000 0 0
1484552630.278883000 0 0
1484552630.297986000 0 0
1484552630.318271000 0 0
1484552630.328137000 0 0
1484552630.358139000 0 0
1484552630.377971000 0 0
1484552631.500540000 0 0
1484552631.840257000 0 0
1484552631.860105000 0 0
1484552631.870161000 0 0
1484552631.890000000 0 0
1484552631.460867000 472950 0
1484552619.265191000 0 0
1484552620.204926000 0 0
1484552620.603432000 0 0
1484552621.255143000 0 0
1484552622.287230000 0 0
1484552622.601617000 0 0
1484552623.448465000 0 0
1484552624.013294000 0 0
1484552624.613798000 0 0
1484552625.082282000 0 0
1484552625.914318000 0 0
1484552626.304200000 0 0
1484552627.034386000 0 0
1484552627.744681000 0 0
1484552628.299658000 0 0
1484552628.824262000 0 0
1484552630.051921000 0 0
1484552641.164975000 0 0
1484552597.702049000 0 0
1484552641.259212000 0 0
1484552642.828786000 98304 0
1484552642.845530000 0 0
1484552643.167296000 0 0
1484552643.176159000 0 0
1484552643.206780000 0 0
1484552643.255821000 0 0
1484552643.306550000 0 0
1484552643.335972000 0 0
1484552643.329940000 0 0
1484552643.378468000 0 0
1484552643.355698000 0 0
1484552643.155520000 1401899 0
1484552643.478996000 0 0
1484552643.443200000 0 0
1484552643.549590000 0 0
1484552643.544706000 0 0
1484552643.663922000 0 0
1484552643.672349000 0 0
1484552643.692295000 0 0
1484552643.702299000 0 0
1484552643.723539000 0 0
1484552642.138574000 98304 0
1484552643.644023000 1016631 0
1484552645.547698000 0 0
1484552645.593658000 0 0
1484552645.599351000 0 0
1484552645.607919000 0 0
1484552645.610044000 0 0
1484552645.574492000 1114112 0
1484552646.159446000 0 0
1484552646.458697000 0 0
1484552646.461141000 0 0
1484552646.463433000 0 0
1484552646.465508000 0 0
1484552631.333487000 0 0
1484552632.020316000 0 0
1484552646.434651000 2652481 0
1484552647.201580000 0 0
1484552647.309372000 0 0
1484552647.311851000 0 0
1484552647.314308000 0 0
1484552647.316426000 0 0
1484552647.246222000 3285441 0
1484552648.987874000 0 0
1484552649.366805000 0 0
1484552649.369529000 0 0
1484552649.372074000 0 0
1484552649.374230000 0 0
1484552649.308775000 3236417 0
1484552650.233870000 0 0
1484552650.298286000 0 0
1484552650.301405000 0 0
1484552650.303753000 0 0
1484552650.306085000 0 0
1484552650.266707000 848833 0
1484552650.897391000 0 0
1484552650.944005000 0 0
1484552650.956399000 0 0
1484552650.958866000 0 0
1484552650.961112000 0 0
1484552650.923940000 2073281 0
1484552643.523748000 0 0
1484552651.600765000 1401899 0
1484552643.952115000 0 0
1484552652.970473000 0 0
1484552652.973021000 0 0
1484552652.975668000 0 0
1484552652.987860000 0 0
1484552652.956510000 1114935 0
1484552600.730898000 0 0
1484552645.801943000 0 0
1484552647.023110000 0 0
1484552648.869828000 0 0
1484552650.071305000 0 0
1484552650.788221000 0 0
1484552651.370046000 0 0
1484552651.928068000 0 0
1484552653.233575000 0 0
1484552643.251983000 282 0
1484552599.054344000 4096 28160
1484553740.324179000 0 0
1484553745.357808000 0 0
1484553745.378417000 0 0
1484553745.390725000 0 0
1484553740.957957000 282 0
1484551235.244270000 0 0
1484553772.342887000 0 0
1484553881.829281000 0 0
1484553881.838845000 0 0
1484553881.848141000 0 0
1484553881.851673000 0 0
1484553881.855184000 0 0
1484553881.866504000 0 0
1484553881.878660000 0 0
1484554346.635642000 0 0
1484554346.647717000 0 0
1484554346.650963000 0 0
1484554346.663967000 0 0
1484554346.684159000 0 0
1484554346.700189000 0 0
1484554346.713946000 0 0
1484553783.546030000 0 0
1484554505.419664000 0 0
1484554505.422795000 0 0
1484554505.425985000 0 0
1484554505.429287000 0 0
1484554505.432756000 0 0
1484554505.436207000 0 0
1484554505.439236000 0 0
1484557545.270699000 0 0
1484557545.277672000 0 0
