1484549299.249342000 0 0
1484549299.254908000 0 0
1484549299.258723000 0 0
1484549299.263235000 0 0
1484549299.267872000 0 0
1484549309.378635000 0 0
1484549309.407503000 0 0
1484549309.410435000 0 0
1484549309.418290000 0 0
1484549309.342311000 282 0
1484549311.212149000 282 0
1484549314.337986000 0 0
1484549314.340350000 0 0
1484549314.470152000 0 0
1484549314.559820000 0 0
1484549314.561728000 0 0
1484549314.919367000 0 0
1484549315.143102000 0 0
1484549315.405872000 0 0
1484549315.407791000 0 0
1484549315.669314000 0 0
1484549315.672417000 0 0
1484549315.674880000 0 0
1484549315.676910000 0 0
1484549316.170131000 0 0
1484549316.193956000 0 0
1484549316.196316000 0 0
1484549316.207984000 0 0
1484549316.210002000 0 0
1484549316.229363000 0 0
1484549315.153587000 1378 0
1484549315.420757000 402 0
1484549315.701572000 504 0
1484549313.130072000 282 0
1484549316.191605000 129 0
1484549316.205627000 129 0
1484549316.227314000 129 0
1484549316.241473000 544 0
1484549316.953808000 1378 0
1484549316.956353000 0 0
1484549330.318038000 0 0
1484549330.323849000 0 0
1484549338.765222000 0 0
1484549339.948047000 564 0
1484549392.515195000 282 0
1484550066.500855000 0 0
1484550066.543872000 0 0
1484550066.547156000 0 0
1484550066.555573000 0 0
1484550066.819854000 0 0
1484550066.824246000 0 0
1484550045.071369000 564 0
1484550066.561836000 402 0
1484550241.724822000 0 0
1484550241.759676000 0 0
1484550241.762405000 0 0
1484550241.770731000 0 0
1484550241.774095000 282 0
1484550604.440885000 0 0
1484550604.908516000 282 0
1484550783.268057000 0 0
1484550783.272571000 0 0
1484550783.281834000 0 0
1484550783.288619000 402 0
1484552395.653276000 0 0
1484552395.690579000 0 0
1484552395.694220000 0 0
1484552395.704060000 0 0
1484552395.711565000 282 0
1484552422.595018000 0 0
1484552424.162945000 0 0
1484552424.166829000 0 0
1484552424.175379000 0 0
1484552425.348666000 0 0
1484552425.359003000 0 0
1484552425.362200000 0 0
1484552444.361179000 0 0
1484552424.180671000 282 0
1484552425.368092000 402 0
1484552678.985768000 0 0
1484552682.042991000 0 0
1484552682.626273000 0 0
1484552682.622137000 0 0
1484552682.652109000 0 0
1484552682.654510000 0 0
1484552682.654890000 0 0
1484552682.662497000 0 0
1484552682.662578000 0 0
1484552682.666129000 0 0
1484552682.693655000 0 0
1484552682.750313000 0 0
1484552682.753647000 0 0
1484552682.756483000 0 0
1484552682.759072000 0 0
1484552682.804434000 0 0
1484552682.807059000 0 0
1484552682.814993000 0 0
1484552682.817706000 0 0
1484552682.820727000 0 0
1484552682.830492000 0 0
1484552682.832784000 0 0
1484552682.835068000 0 0
1484552444.365213000 0 0
1484552682.619904000 282 0
1484552682.688887000 402 0
1484552682.690997000 402 0
1484552682.763634000 504 0
1484552682.716615000 504 0
1484552712.729367000 0 0
1484552713.076198000 0 0
1484552713.079783000 0 0
1484552713.088495000 0 0
1484552713.570105000 0 0
1484552713.572864000 0 0
1484552713.098074000 282 0
1484552713.575458000 402 0
1484552762.585347000 0 0
1484552762.589551000 0 0
1484552762.598968000 0 0
1484552762.606355000 0 0
1484552762.614735000 0 0
1484552763.132018000 0 0
1484552764.460790000 0 0
1484552765.029128000 0 0
1484552765.031981000 0 0
1484552768.098630000 0 0
1484552768.101273000 0 0
1484552768.249606000 0 0
1484552762.431773000 1378 0
1484552762.508039000 0 0
1484552762.540795000 0 0
1484552780.760390000 0 0
1484552780.763469000 0 0
1484552780.766335000 0 0
1484552768.242566000 0 0
1484552765.038858000 402 0
1484552762.603155000 282 0
1484552768.322662000 80 0
1484552789.347663000 0 0
1484552780.610685000 0 0
1484552764.464322000 0 0
1484553088.523699000 0 0
1484553088.609505000 0 0
1484553088.614591000 0 0
1484553088.623981000 0 0
1484553088.692545000 0 0
1484553088.695310000 0 0
1484553090.090224000 0 0
1484553090.093955000 0 0
1484553090.101988000 0 0
1484553090.109893000 0 0
1484553091.821105000 0 55
1484553091.880597000 55 0
1484553091.889008000 55 103
1484553091.900311000 103 0
1484553091.908185000 103 112
1484553091.917593000 112 0
1484553091.812536000 112 0
1484553091.934964000 0 0
1484553091.939262000 0 5430
1484553091.809646000 0 0
1484553091.955071000 0 0
1484553091.966215000 5430 0
1484553092.008838000 5430 0
1484553091.959733000 224 0
1484553092.036645000 0 5430
1484553092.564798000 0 0
1484553094.839513000 0 0
1484553094.843462000 0 0
1484553092.030092000 0 202
1484553094.881322000 0 0
1484553094.890862000 24576 0
1484553096.854165000 0 0
1484553100.245817000 0 0
1484553094.862087000 202 0
1484553088.633239000 402 0
1484553088.699211000 80 0
1484553116.256629000 0 0
1484552764.187511000 0 0
1484553088.699474000 0 0
1484553054.774952000 0 0
1484552763.129520000 0 0
1484553118.012458000 0 0
1484553118.018054000 0 0
1484553118.015559000 0 0
1484553117.982540000 0 0
1484553117.966871000 0 0
1484553088.639250000 282 0
1484553118.018805000 202 0
1484553177.859593000 0 0
1484553177.863451000 0 0
1484553177.871803000 0 0
1484553177.875727000 282 0
1484553522.021848000 0 0
1484553522.086736000 282 0
1484553655.333393000 0 0
1484553655.410511000 282 0
1484553694.058668000 0 0
1484553694.062414000 0 0
1484553694.071473000 0 0
1484553694.078807000 0 0
1484553694.084959000 0 0
1484553694.140380000 0 0
1484553694.620721000 0 0
1484553694.623195000 0 0
1484553670.895037000 1378 0
1484553693.980599000 1378 0
1484553694.000292000 0 0
1484553694.031055000 0 0
1484553694.626460000 402 0
1484553694.076040000 282 0
1484553731.329964000 0 0
1484553731.417747000 282 0
1484554858.448893000 0 0
1484554858.474232000 0 0
1484554858.477613000 0 0
1484554858.486328000 0 0
1484554858.492913000 282 0
1484554892.087762000 0 0
1484554892.157209000 0 0
1484554892.160421000 0 0
1484554892.169091000 0 0
1484554892.219828000 0 0
1484554892.176266000 402 0
1484554892.179315000 282 0
1484554892.224355000 80 0
1484554892.413902000 202 0
1484554938.885370000 0 0
1484554938.888306000 0 0
1484554938.891698000 0 0
1484554892.234465000 0 0
1484554953.115698000 0 0
1484554953.195514000 0 0
1484554953.200927000 0 0
1484554953.211411000 0 0
1484554953.288087000 0 0
1484554953.291758000 0 0
1484554953.476644000 0 0
1484554953.482676000 24576 0
1484554954.676593000 0 0
1484554954.680402000 0 0
1484554954.685376000 0 0
1484554954.691760000 0 0
1484554956.546191000 0 54
1484554956.562206000 54 0
1484554956.572977000 54 95
1484554956.590016000 95 0
1484554956.600630000 95 104
1484554956.793673000 104 0
1484554956.543382000 104 0
1484554956.816407000 0 0
1484554956.821896000 0 11694
1484554956.540283000 0 0
1484554956.839146000 0 0
1484554956.854262000 11694 0
1484554956.870246000 11694 0
1484554956.844653000 208 0
1484554956.898318000 0 11694
1484554957.417690000 0 0
1484554959.555170000 0 0
1484554959.558095000 0 0
1484554956.892029000 0 180
1484554959.579029000 0 0
1484554959.584253000 139264 0
1484554961.556562000 0 0
1484554959.574169000 180 0
1484554953.229022000 282 0
1484554953.224771000 402 0
1484554953.296462000 80 0
1484554953.468017000 202 0
1484553694.215498000 0 0
1484554938.748266000 0 0
1484555144.104884000 0 0
1484555144.108127000 0 0
1484555144.119431000 0 0
1484555166.165204000 0 0
1484555166.168369000 0 0
1484555166.172024000 0 0
1484555144.115483000 202 0
1484555141.575568000 0 0
1484555355.520657000 0 0
1484555376.265266000 0 0
1484555416.422389000 0 0
1484555416.425813000 0 0
1484555416.429147000 0 0
1484555464.648374000 0 0
1484555464.722302000 0 0
1484555464.728029000 0 0
1484555464.737677000 0 0
1484555464.815480000 0 0
1484555464.818504000 0 0
1484555465.004570000 0 0
1484555465.010136000 24576 0
1484555465.033148000 0 0
1484555465.039151000 139264 0
1484555466.666966000 0 0
1484555482.004530000 0 0
1484555482.009562000 0 0
1484555482.793066000 0 0
1484555482.798603000 0 0
1484555464.743068000 402 0
1484555464.749511000 282 0
1484555464.820030000 80 0
1484555464.997024000 202 0
1484555465.027779000 180 0
1484555407.888660000 0 0
1484555503.866909000 0 0
1484555498.131863000 0 0
1484555640.591993000 0 0
1484555688.428635000 0 0
1484555743.895507000 0 0
1484555743.900188000 0 0
1484555743.909027000 0 0
1484555743.912896000 282 0
1484554944.338885000 0 0
1484555635.748740000 0 0
1484556129.327529000 0 0
1484554953.299705000 0 0
1484555881.640436000 0 0
1484556126.625607000 0 0
1484553694.137758000 0 0
1484556255.923365000 0 0
1484556255.944984000 0 0
1484556255.943467000 0 0
1484556255.927441000 0 0
1484556255.886490000 0 0
1484556255.881052000 0 0
1484556276.854873000 0 0
1484556277.058916000 0 0
1484556255.933719000 202 0
1484556255.941374000 180 0
1484556290.307957000 0 0
1484556290.350079000 0 0
1484556290.353169000 0 0
1484556290.361838000 0 0
1484556290.531691000 0 0
1484556277.056722000 564 0
1484556376.333674000 0 0
1484556376.337406000 0 0
1484556376.346146000 0 0
1484556376.358275000 0 0
1484556376.380355000 0 0
1484556376.384602000 0 0
1484556376.388925000 0 0
1484556376.392787000 0 0
1484556376.411941000 0 0
1484556376.415679000 0 0
1484556376.436631000 0 0
1484556376.440630000 0 0
1484556376.444845000 0 0
1484556376.468020000 0 0
1484556376.472095000 0 0
1484556376.757004000 0 0
1484556382.794116000 0 0
1484556382.798271000 0 0
1484556382.801440000 0 0
1484556382.809915000 0 0
1484556382.812972000 0 0
1484556382.815809000 0 0
1484556382.824754000 0 0
1484556382.827526000 0 0
1484556382.834204000 0 0
1484556382.836610000 0 0
1484556376.423071000 282 0
1484556376.354703000 402 0
1484556376.367885000 504 0
1484556376.399763000 504 0
1484556376.451363000 402 0
1484556412.756996000 0 0
1484556412.797851000 0 0
1484556412.801577000 0 0
1484556412.810272000 0 0
1484556413.111526000 0 0
1484556413.114794000 0 0
1484556413.117372000 0 0
1484556413.122312000 0 0
1484556413.131202000 0 0
1484556413.133688000 0 0
1484556413.136229000 0 0
1484556413.144470000 0 0
1484556413.146932000 0 0
1484556413.155784000 0 0
1484556413.158193000 0 0
1484556431.506353000 0 0
1484556412.815381000 282 0
1484556413.120341000 402 0
1484556413.125917000 504 0
1484556413.138855000 504 0
1484556413.149586000 402 0
1484556575.754533000 0 0
1484556575.788259000 0 0
1484556575.792198000 0 0
1484556575.800915000 0 0
1484556579.323318000 0 0
1484556579.330271000 0 0
1484556579.333027000 0 0
1484556580.992803000 0 0
1484556579.335740000 402 0
1484556575.805117000 282 0
1484556831.551895000 0 0
1484556850.211570000 0 0
1484556850.214745000 0 0
1484556831.549602000 282 0
1484557027.221677000 0 0
1484557015.420374000 1378 0
1484557027.704044000 282 0
1484557162.260564000 0 0
1484557162.352795000 0 0
1484557162.357062000 0 0
1484557162.366421000 0 0
1484557162.373106000 0 0
1484557162.379227000 0 0
1484557162.557315000 0 0
1484557163.094797000 0 0
1484557163.097766000 0 0
1484557165.616129000 0 0
1484557165.619568000 0 0
1484557165.669657000 0 0
1484557162.267504000 1378 0
1484557162.287188000 0 0
1484557162.317892000 0 0
1484557165.848728000 202 0
1484557163.104554000 402 0
1484557162.370627000 282 0
1484557165.674981000 80 0
1484557165.864248000 180 0
1484557167.262814000 0 0
1484557365.536029000 0 0
1484557365.568776000 0 0
1484557365.572596000 0 0
1484557365.581307000 0 0
1484557365.587481000 282 0
1484557614.700718000 0 0
1484557614.707106000 0 0
1484557614.716090000 0 0
1484557614.723633000 402 0
1484557774.491171000 0 0
1484557774.505579000 282 0
1484557933.833056000 0 0
1484557933.827559000 0 0
1484557933.836094000 0 0
1484557933.877961000 0 0
1484557933.877809000 0 0
1484557933.881244000 0 0
1484557933.880266000 0 0
1484557933.890791000 0 0
1484557933.889570000 0 0
1484557933.898379000 0 0
1484557933.926510000 0 0
1484557933.929187000 0 0
1484557933.938664000 0 0
1484557933.941054000 0 0
1484557933.943846000 0 0
1484557933.946415000 0 0
1484557933.825218000 282 0
1484557933.895349000 402 0
1484557933.896939000 402 0
1484557933.905406000 504 0
1484557933.951470000 504 0
1484557165.681817000 0 0
1484557162.832397000 0 0
1484557162.554855000 0 0
1484557969.322166000 0 0
1484557969.340023000 0 0
1484557969.325470000 0 0
1484557969.303517000 0 0
1484557969.301537000 0 0
1484557969.332022000 202 0
1484557969.338236000 180 0
1484558031.186263000 0 0
1484558031.682574000 282 0
1484558325.628892000 0 0
1484550066.828540000 0 0
1484558325.639204000 0 0
1484558325.676166000 0 0
1484558325.679559000 0 0
1484558325.683566000 0 0
1484558325.711787000 0 0
1484558325.716269000 0 0
1484558325.719492000 0 0
1484558325.722721000 0 0
1484558325.734331000 0 0
1484558325.737625000 0 0
1484558325.740560000 0 0
1484558325.743405000 0 0
1484558325.753477000 0 0
1484558325.756306000 0 0
1484558325.767053000 0 0
1484558325.770016000 0 0
1484558325.772808000 0 0
1484558339.276923000 0 0
1484558339.281729000 0 0
1484558339.290638000 0 0
1484558339.296436000 0 0
1484558339.307044000 0 0
1484558339.310282000 0 0
1484558339.313529000 0 0
1484558339.336416000 0 0
1484558339.340685000 0 0
1484558339.348619000 0 0
1484558339.351145000 0 0
1484558339.360716000 0 0
1484558339.363085000 0 0
1484556431.510546000 0 0
1484558343.968921000 0 0
1484558343.971729000 0 0
1484558343.975333000 0 0
1484558343.979426000 0 0
1484558343.984514000 0 0
1484558344.517476000 0 0
1484558344.520580000 0 0
1484558344.536629000 0 0
1484558344.539699000 0 0
1484558343.917913000 1378 0
1484558343.941302000 0 0
1484558343.947823000 0 0
1484558325.690709000 804 0
1484558325.726920000 1008 0
1484558325.746142000 504 0
1484558325.779485000 402 0
1484558325.759232000 282 0
1484558375.247620000 0 0
1484558375.329299000 0 0
1484558383.638408000 0 0
1484558383.642033000 0 0
1484558383.645205000 0 0
1484558383.811325000 0 0
1484558383.814248000 0 0
1484558383.823838000 0 0
1484558383.827677000 402 0
1484558344.083181000 0 0
1484558344.017030000 0 0
1484558482.268848000 0 0
1484558482.277825000 0 0
1484558482.275959000 0 0
1484558482.249464000 0 0
1484558482.250293000 0 0
1484558484.274083000 0 0
1484558482.281954000 202 0
1484558482.288793000 180 0
1484558484.369138000 282 0
1484558631.751680000 0 0
1484558631.755648000 0 0
1484558631.764529000 0 0
1484558631.770754000 0 0
1484558631.776891000 0 0
1484558631.816804000 0 0
1484558631.994157000 0 0
1484558631.997693000 0 0
1484558635.201313000 0 0
1484558635.204624000 0 0
1484558631.689247000 1378 0
1484558631.710959000 0 0
1484558631.733574000 0 0
1484558632.005870000 402 0
1484558631.768533000 282 0
1484558663.532827000 0 0
1484558663.581044000 0 0
1484558663.586066000 0 0
1484558663.595646000 0 0
1484558663.683080000 0 0
1484558663.705634000 0 0
1484558663.717445000 0 0
1484558663.669058000 0 0
1484558663.719867000 0 0
1484558663.603886000 402 0
1484558663.722890000 0 0
1484558663.703545000 129 0
1484558663.725618000 0 0
1484558663.712944000 504 0
1484558663.717126000 504 0
1484558663.734851000 0 0
1484558663.737630000 0 0
1484558663.740932000 0 0
1484558663.743596000 0 0
1484558663.671729000 0 0
1484558636.784588000 0 0
1484558631.882312000 0 0
1484558635.214044000 0 0
1484558689.879811000 0 0
1484558689.891422000 0 0
1484558689.891603000 0 0
1484558689.882659000 0 0
1484558689.859591000 0 0
1484558689.858582000 0 0
1484558631.814612000 0 0
1484558689.885174000 202 0
1484558689.889201000 180 0
1484558744.353968000 0 0
1484558744.820095000 282 0
1484549314.563694000 0 0
1484558876.408477000 0 0
1484558876.445876000 0 0
1484558876.570994000 0 0
1484558876.574893000 0 0
1484558876.584079000 0 0
1484558876.590761000 0 0
1484558878.733350000 0 0
1484558878.741980000 0 0
1484558878.759824000 0 0
1484558878.762691000 0 0
1484558878.765722000 0 0
1484558878.828581000 0 0
1484558878.837767000 0 0
1484558878.854652000 0 0
1484558878.857518000 0 0
1484558878.938425000 0 0
1484558878.941918000 0 0
1484558878.997357000 0 0
1484558879.004249000 0 0
1484558879.019255000 0 0
1484558879.021643000 0 0
1484558876.588459000 402 0
1484558876.595133000 504 0
1484558878.768808000 504 0
1484558878.864248000 402 0
1484558879.026804000 282 0
