1484549598.869326000 0 0
1484549598.874947000 0 0
1484549598.879609000 0 0
1484549598.890791000 0 0
1484549598.896260000 0 0
1484549599.790491000 282 0
1484549601.586410000 0 0
1484549601.589666000 0 0
1484549601.597990000 0 0
1484549602.886679000 0 0
1484549602.889216000 0 0
1484549602.901817000 0 0
1484549603.035480000 0 0
1484549603.037583000 0 0
1484549603.065199000 0 0
1484549603.079894000 0 0
1484549603.238164000 0 0
1484549603.240449000 0 0
1484549599.991375000 111 0
1484549603.085718000 122 0
1484549603.101809000 2083 0
1484549603.114335000 2122 0
1484549603.127131000 440 0
1484549603.138304000 868 0
1484549600.354646000 282 0
1484549603.251342000 574 0
1484549603.264100000 4096 0
1484549603.294779000 0 0
1484549603.296510000 0 0
1484549603.298565000 0 0
1484549603.300591000 0 0
1484549603.317012000 504 0
1484549603.306414000 4096 0
1484549615.398671000 282 0
1484549663.562554000 0 0
1484549664.479785000 0 0
1484549664.488755000 0 0
1484549664.502602000 0 0
1484549664.509880000 0 0
1484549664.530916000 0 0
1484549664.545867000 0 0
1484549664.577557000 0 0
1484549664.589361000 0 0
1484549664.603075000 0 0
1484549664.613461000 0 0
1484549664.822295000 0 0
1484549664.943975000 0 0
1484549664.997230000 0 0
1484549665.110272000 0 0
1484549665.282617000 0 0
1484549665.285820000 0 0
1484549665.288914000 0 0
1484549665.291995000 0 0
1484549665.294518000 0 0
1484549665.324727000 0 0
1484549665.352533000 0 0
1484549665.356284000 0 0
1484549665.459683000 0 0
1484549665.475414000 0 0
1484549665.673209000 0 0
1484549665.945140000 0 0
1484549665.984126000 0 0
1484549666.165722000 0 0
1484549666.296330000 0 0
1484549666.324240000 0 0
1484549666.327110000 0 18830
1484549666.603259000 0 0
1484549666.607722000 0 0
1484549666.312166000 18830 0
1484549666.318543000 0 0
1484549666.611895000 0 0
1484549666.710358000 0 8376
1484549666.841853000 0 0
1484549666.846690000 0 0
1484549666.000163000 8374 0
1484549666.850650000 0 0
1484549666.860661000 0 0
1484549666.868013000 0 0
1484549666.866147000 0 0
1484549667.174256000 0 0
1484549667.568191000 0 0
1484549667.786168000 0 0
1484549668.100044000 0 0
1484549668.270535000 0 0
1484549668.450378000 0 0
1484549668.691070000 7168 0
1484549668.710229000 0 0
1484549668.830273000 0 0
1484549668.909651000 0 0
1484549669.275021000 0 0
1484549669.278034000 0 2
1484549669.285251000 0 0
1484549669.287884000 0 0
1484549668.917644000 2 0
1484549669.265275000 0 0
1484549669.290445000 0 0
1484549669.388017000 0 0
1484549669.396797000 0 0
1484549669.401914000 0 0
1484549669.430024000 0 0
1484549669.400005000 0 0
1484549669.433993000 0 0
1484549669.453640000 0 0
1484549669.458746000 0 0
1484549669.463874000 0 0
1484549669.450799000 0 0
1484549669.471036000 0 0
1484549669.476222000 0 0
1484549669.958613000 0 0
1484549670.942387000 0 0
1484549671.301702000 0 0
1484549671.319073000 0 0
1484549671.331225000 0 0
1484549671.353655000 0 0
1484549671.370671000 0 0
1484549671.394176000 0 0
1484549671.411578000 0 0
1484549671.418232000 0 0
1484549671.436501000 0 0
1484549671.454442000 0 0
1484549671.572402000 0 0
1484549671.621881000 0 0
1484549671.991094000 0 0
1484549671.994825000 0 0
1484549671.998008000 0 0
1484549672.000795000 0 0
1484549672.002844000 0 0
1484549672.007634000 0 0
1484549672.049632000 0 0
1484549672.080011000 0 0
1484549672.163804000 0 0
1484549672.164381000 0 0
1484549672.167869000 0 0
1484549672.212486000 0 0
1484549672.227310000 0 0
1484549672.235968000 0 0
1484549672.336537000 0 0
1484549672.342584000 0 0
1484549672.345416000 0 0
1484549672.360620000 0 0
1484549672.386157000 0 0
1484549672.388870000 0 0
1484549672.391332000 0 0
1484549672.415815000 0 0
1484549672.552376000 0 53
1484549667.168759000 204 0
1484549672.559231000 0 0
1484549672.957331000 0 0
1484549672.963534000 0 0
1484549672.972516000 0 0
1484549673.019686000 0 0
1484549673.036961000 0 0
1484549673.057023000 0 0
1484549673.322812000 0 0
1484549673.337343000 0 0
1484549673.353845000 0 0
1484549673.364151000 0 0
1484549673.369039000 0 18830
1484549673.636329000 0 0
1484549673.639470000 0 0
1484549673.350860000 18830 0
1484549673.357370000 0 0
1484549673.642459000 0 0
1484549673.689455000 0 0
1484549673.975259000 0 0
1484549674.231333000 0 0
1484549674.235040000 0 2
1484549674.242329000 0 0
1484549674.245583000 0 0
1484549672.968463000 2 0
1484549674.216838000 0 0
1484549674.248038000 0 0
1484549674.895418000 524288 0
1484549674.970547000 0 0
1484549675.060197000 0 0
1484549675.158387000 0 0
1484549675.169622000 0 0
1484549675.168328000 0 53
1484549673.743156000 241 0
1484549675.175440000 0 0
1484549675.193879000 0 0
1484549675.197588000 0 0
1484549675.199518000 0 0
1484549675.196402000 0 0
1484549675.190342000 0 0
1484549675.244555000 0 0
1484549675.254162000 0 0
1484549675.237541000 0 4096
1484549675.257226000 0 90
1484549675.259851000 0 0
1484549675.233948000 0 0
1484549675.262843000 0 0
1484549675.266899000 0 0
1484549675.283406000 0 0
1484549675.271563000 0 0
1484549677.116331000 0 0
1484549677.122478000 0 0
1484549678.079030000 0 0
1484549678.081740000 0 0
1484549665.948719000 0 0
1484549683.796348000 0 0
1484549675.063433000 0 0
1484549687.294954000 0 0
1484549675.278733000 0 4096
1484549687.302788000 0 0
1484549687.309364000 0 0
1484549675.275730000 0 0
1484549687.316188000 0 0
1484549664.506918000 10 0
1484549664.523460000 10 0
1484549664.539910000 111 0
1484549664.635408000 208 0
1484549664.971505000 27975 0
1484549665.014529000 4431 0
1484549665.126924000 16384 0
1484549665.261262000 420 0
1484549665.531374000 497 0
1484549665.976831000 12331 0
1484549666.182899000 208620 0
1484549667.355688000 32768 0
1484549667.805940000 1862174 0
1484549668.115423000 8 0
1484549668.281718000 504 0
1484549668.363715000 7636 0
1484549668.460185000 7998 0
1484549669.392283000 586 0
1484549669.619244000 10 0
1484549670.948381000 417 0
1484549664.470422000 282 0
1484549671.339530000 10 0
1484549671.364831000 10 0
1484549671.376720000 111 0
1484549671.499684000 208 0
1484549671.648315000 38892 0
1484549672.067553000 16384 0
1484549672.089018000 27 0
1484549672.165884000 1006 0
1484549672.396458000 185 0
1484549672.586686000 10411 0
1484549668.527000000 25 0
1484549672.655732000 9833 0
1484549672.679773000 1071 0
1484549673.047128000 8376 0
1484549673.086567000 237211 0
1484549673.743890000 116 0
1484549673.985578000 1655 0
1484549674.216265000 309 0
1484549674.224592000 3353 0
1484549675.084396000 19078 0
1484549675.187556000 29 0
1484549675.203249000 1251 0
1484549675.234182000 35063 0
1484549674.357065000 25 0
1484549700.078272000 0 7998
1484549700.086218000 0 0
1484549678.006877000 83 0
1484549704.004021000 0 1626
1484549704.010508000 0 0
1484549705.047474000 0 0
1484549705.064755000 0 0
1484549705.068832000 0 38976
1484549705.091617000 0 0
1484549705.095222000 0 0
1484549705.098422000 0 0
1484549705.052688000 0 0
1484549705.101326000 0 0
1484549675.229564000 40960 0
1484549722.664888000 0 0
1484549722.671859000 0 0
1484549722.679505000 0 0
1484549722.684111000 0 0
1484549722.708949000 0 2870
1484549722.701671000 2870 0
1484549722.714679000 0 0
1484549725.824624000 0 0
1484549725.858325000 0 137
1484549725.866559000 0 0
1484549725.843458000 137 0
1484549725.865342000 0 0
1484549725.903910000 0 0
1484549725.933061000 0 7361
1484549725.941607000 0 0
1484549725.940410000 0 0
1484549729.419458000 0 0
1484549729.425485000 0 0
1484549729.431684000 0 0
1484549729.436163000 0 0
1484549729.457142000 0 4519
1484549729.449998000 4519 0
1484549729.463476000 0 0
1484549732.483756000 0 0
1484549732.500485000 0 137
1484549732.507313000 0 0
1484549732.489577000 137 0
1484549732.506404000 0 0
1484549732.532085000 0 0
1484549732.548196000 0 0
1484549732.554626000 0 0
1484549732.559293000 0 14692
1484549732.567822000 0 0
1484549732.566533000 0 0
1484549732.586234000 0 0
1484549732.590597000 0 0
1484549732.601772000 0 0
1484549732.619390000 0 0
1484549732.655916000 0 0
1484549732.679092000 0 0
1484549732.695900000 0 0
1484549732.706436000 0 0
1484549732.723455000 0 0
1484549732.727963000 0 0
1484549732.731726000 0 0
1484549732.735352000 0 0
1484549732.738987000 0 0
1484549732.747585000 0 0
1484549732.755494000 0 0
1484549732.760860000 0 0
1484549732.764426000 0 0
1484549732.772403000 0 0
1484549732.781388000 0 0
1484549732.785223000 0 0
1484549732.792613000 0 0
1484549732.796179000 0 0
1484549732.804346000 0 0
1484549732.807917000 0 0
1484549732.811608000 0 0
1484549732.814852000 0 0
1484549732.826247000 0 0
1484549732.829928000 0 0
1484549732.833711000 0 0
1484549732.846724000 0 0
1484549732.854110000 0 0
1484549732.864661000 0 0
1484549732.868005000 0 0
1484549732.871275000 0 0
1484549732.874443000 0 0
1484549732.877791000 0 0
1484549732.889920000 0 0
1484549732.893731000 0 0
1484549732.897474000 0 0
1484549732.901541000 0 0
1484549732.905313000 0 0
1484549732.909004000 0 0
1484549732.912716000 0 0
1484549732.916884000 0 0
1484549732.920312000 0 0
1484549732.923632000 0 0
1484549732.928809000 0 0
1484549732.932163000 0 0
1484549732.939553000 0 0
1484549732.953454000 0 0
1484549732.956627000 0 0
1484549732.959998000 0 0
1484549732.963299000 0 0
1484549732.978115000 0 0
1484549732.985724000 0 0
1484549732.996247000 0 0
1484549733.004060000 0 0
1484549733.007663000 0 0
1484549733.011210000 0 0
1484549733.015142000 0 0
1484549733.027807000 0 0
1484549733.036025000 0 0
1484549733.039684000 0 0
1484549733.052414000 0 0
1484549733.057032000 0 0
1484549733.064209000 0 0
1484549733.078020000 0 0
1484549733.081846000 0 0
1484549733.085566000 0 0
1484549733.088768000 0 0
1484549733.101739000 0 0
1484549733.116684000 0 0
1484549733.128946000 0 0
1484549733.132758000 0 0
1484549733.136652000 0 0
1484549733.141881000 0 0
1484549733.166732000 0 0
1484549733.170718000 0 0
1484549733.174149000 0 0
1484549733.186488000 0 0
1484549733.191817000 0 0
1484549733.195660000 0 0
1484549733.206382000 0 0
1484549733.218817000 0 0
1484549733.228617000 0 0
1484549733.232212000 0 0
1484549733.235689000 0 0
1484549733.253165000 0 0
1484549733.257590000 0 0
1484549733.261785000 0 0
1484549733.265616000 0 0
1484549733.269064000 0 0
1484549733.279599000 0 0
1484549733.283026000 0 0
1484549733.295497000 0 0
1484549733.298972000 0 0
1484549733.309145000 0 0
1484549733.323722000 0 0
1484549733.330643000 0 0
1484549733.334471000 0 0
1484549733.337925000 0 0
1484549733.341364000 0 0
1484549733.349817000 0 0
1484549733.353265000 0 0
1484549733.363808000 0 0
1484549733.369367000 0 0
1484549733.373183000 0 0
1484549733.376421000 0 0
1484549733.387533000 0 0
1484549733.391573000 0 0
1484549733.395032000 0 0
1484549733.398493000 0 0
1484549733.405974000 0 0
1484549733.417504000 0 0
1484549733.429249000 0 0
1484549733.432738000 0 0
1484549733.442403000 0 0
1484549733.448676000 0 0
1484549733.452198000 0 0
1484549733.463324000 0 0
1484549733.475212000 0 0
1484549733.479019000 0 0
1484549733.482105000 0 0
1484549733.494541000 0 0
1484549733.502605000 0 0
1484549733.509228000 0 0
1484549733.519237000 0 0
1484549733.532048000 0 0
1484549733.544328000 0 0
1484549733.556450000 0 0
1484549733.567439000 0 0
1484549733.570870000 0 0
1484549733.580974000 0 0
1484549733.585205000 0 0
1484549733.589945000 0 0
1484549733.596585000 0 0
1484549733.600473000 0 0
1484549733.603918000 0 0
1484549733.607537000 0 0
1484549733.610668000 0 0
1484549733.618509000 0 0
1484549733.622319000 0 0
1484549733.625672000 0 0
1484549733.637662000 0 0
1484549733.641351000 0 0
1484549733.644942000 0 0
1484549733.648376000 0 0
1484549733.651963000 0 0
1484549733.658975000 0 0
1484549733.667910000 0 0
1484549733.680513000 0 0
1484549725.952196000 51 0
1484549732.582023000 51 0
1484549906.964464000 0 7636
1484549906.972517000 0 0
1484549906.971545000 0 0
1484549907.012291000 0 0
1484549907.016657000 0 0
1484549915.525017000 0 0
1484549909.098702000 85 0
1484549967.698380000 0 0
1484549967.709487000 3741 3815
1484549967.721117000 0 2644
1484549967.728710000 0 0
1484549967.737743000 5852 1850
1484549970.958919000 0 617
1484549970.969826000 0 0
1484549970.968470000 0 0
1484549973.336048000 0 420
1484550025.993019000 0 7365
1484550026.004209000 0 0
1484550026.002445000 0 0
1484550032.610043000 0 15233
1484550032.618875000 0 0
1484550032.617840000 0 0
1484550148.479818000 0 208787
1484550148.505497000 0 0
1484550148.504597000 0 0
1484550152.939706000 0 3353
1484550152.948023000 0 0
1484550152.947070000 0 0
1484550326.010416000 0 8491
1484550326.020438000 0 0
1484550326.019102000 0 0
1484550332.609665000 0 16383
1484550332.618038000 0 0
1484550332.617001000 0 0
1484550362.642506000 282 0
1484550384.637510000 0 0
1484550384.717704000 0 0
1484550384.720510000 0 0
1484550384.728918000 0 0
1484550385.423027000 0 0
1484550385.428469000 0 0
1484550393.979232000 0 1251
1484550393.987106000 0 0
1484550393.986156000 0 0
1484550384.734365000 574 0
1484550384.628272000 282 0
1484550514.768155000 0 237378
1484550514.796696000 0 0
1484550514.795364000 0 0
1484550626.019418000 0 8491
1484550626.029369000 0 0
1484550626.028089000 0 0
1484550632.624811000 0 16384
1484550632.634360000 0 0
1484550632.633193000 0 0
1484550693.368459000 0 1006
1484550799.773883000 0 0
1484550799.779572000 8376 0
1484550926.049739000 0 8494
1484550926.063244000 0 0
1484550926.061214000 0 0
1484550932.646944000 0 16417
1484550932.657743000 0 0
1484550932.656252000 0 0
1484551102.507408000 0 0
1484551102.513226000 8376 0
1484551211.069810000 0 0
1484551211.111543000 0 0
1484551211.133026000 0 0
1484551211.137774000 0 28055
1484551211.161512000 0 0
1484551211.167542000 0 0
1484551211.172271000 0 0
1484551211.118807000 0 0
1484551211.176463000 0 0
1484551211.235360000 0 0
1484551211.254295000 0 0
1484551211.258553000 0 0
1484551211.261151000 0 38980
1484551211.279423000 0 0
1484551211.302056000 0 0
1484551211.310244000 0 0
1484551211.314968000 0 0
1484551211.240541000 0 0
1484551211.319466000 0 0
1484551211.352281000 0 0
1484551211.364730000 0 0
1484551211.370883000 0 0
1484551211.379005000 0 0
1484551211.384781000 0 0
1484551211.390696000 0 0
1484551211.393702000 0 0
1484551211.398630000 0 0
1484551211.398842000 0 0
1484551211.407522000 0 0
1484551211.410735000 0 0
1484551211.416482000 0 0
1484551211.417711000 0 0
1484551211.415969000 0 0
1484551211.389037000 0 0
1484551211.428076000 0 0
1484551211.432219000 0 0
1484551211.440608000 0 0
1484551211.446690000 0 0
1484551211.452195000 0 0
1484551211.445040000 0 0
1484551211.485221000 0 0
1484551211.502224000 0 0
1484551211.477348000 0 4096
1484551211.509427000 0 0
1484551211.472332000 0 0
1484551211.518025000 0 0
1484551223.407655000 0 0
1484551211.390456000 0 4096
1484551223.415956000 0 0
1484551223.421938000 0 0
1484551211.385946000 0 0
1484551223.428772000 0 0
1484551226.059613000 0 8792
1484551226.069203000 0 0
1484551226.067932000 0 0
1484551232.664191000 0 16731
1484551232.674507000 0 0
1484551232.673145000 0 0
1484551211.403230000 29 0
1484551211.422304000 63 0
1484551211.465586000 45056 0
1484551211.374031000 45056 0
1484551631.413651000 0 0
1484551631.426979000 0 0
1484551631.430751000 0 0
1484551631.434087000 0 0
1484551631.443135000 0 0
1484551631.464393000 0 0
1484551631.467980000 0 0
1484551631.485016000 0 0
1484551631.489807000 0 0
1484551631.498675000 0 0
1484551631.502476000 0 0
1484551631.505997000 0 0
1484551631.519719000 0 0
1484551631.522788000 0 0
1484551631.525930000 0 0
1484551631.529043000 0 0
1484551631.417283000 0 0
1484551631.535488000 0 0
1484552280.247266000 0 16731
1484552280.260151000 0 0
1484552280.258113000 0 0
1484552284.836301000 0 8792
1484552284.846454000 0 0
1484552284.845065000 0 0
1484552347.809873000 0 0
1484552347.886801000 0 0
1484552347.889857000 0 0
1484552347.898900000 0 0
1484552349.980076000 0 0
1484552352.888212000 0 0
1484552352.886536000 0 0
1484552354.375956000 0 0
1484552354.379918000 0 0
1484552354.640275000 0 0
1484552354.645390000 0 0
1484552354.649236000 0 0
1484552354.652528000 0 0
1484552354.851312000 0 0
1484552354.853881000 0 0
1484552354.856504000 0 0
1484552354.883195000 0 0
1484552354.885760000 0 0
1484552354.888317000 0 0
1484552347.905831000 282 0
1484552355.391182000 0 0
1484552355.416508000 0 0
1484552355.414003000 0 0
1484552355.542687000 0 0
1484552355.537729000 0 0
1484552355.600497000 0 0
1484552355.603602000 0 0
1484552355.600188000 0 0
1484552355.690066000 0 0
1484552355.685740000 0 0
1484552355.826520000 0 0
1484552355.822536000 0 0
1484552357.781454000 0 0
1484552357.857804000 0 0
1484552357.863480000 0 0
1484552357.930508000 0 0
1484552358.313214000 0 0
1484552358.315686000 0 0
1484552358.323570000 0 0
1484552358.326120000 0 0
1484552358.353157000 0 0
1484552358.355675000 0 0
1484552358.358000000 0 0
1484552358.363355000 0 0
1484552358.420945000 0 0
1484552358.418904000 0 0
1484552358.426128000 0 0
1484552358.508839000 0 0
1484552358.505670000 0 0
1484552358.518837000 0 0
1484552358.526934000 0 0
1484552358.529089000 0 0
1484552358.531405000 0 0
1484552358.533679000 0 0
1484552358.539592000 0 0
1484552358.786087000 0 0
1484552358.787436000 0 0
1484552358.791930000 122 0
1484552360.798780000 0 0
1484552360.797302000 0 0
1484552362.811365000 0 0
1484552362.809794000 0 0
1484552354.774146000 4120 0
1484552354.783096000 10268 0
1484552358.963425000 4096 0
1484552580.236605000 0 16731
1484552580.247778000 0 0
1484552580.246366000 0 0
1484552584.838422000 0 8794
1484552584.848043000 0 0
1484552584.847111000 0 0
1484552711.357783000 0 0
1484552810.273543000 0 0
1484552812.140398000 0 0
1484552812.144026000 0 0
1484552812.152392000 0 0
1484552812.358327000 398 0
1484552812.365068000 282 0
1484552880.239419000 0 16732
1484552880.251095000 0 0
1484552880.249100000 0 0
1484552884.861344000 0 8794
1484552884.871296000 0 0
1484552884.870051000 0 0
1484553010.321461000 0 0
1484553010.325770000 0 0
1484553010.335217000 0 0
1484553010.344601000 0 0
1484553010.366126000 0 0
1484553010.363976000 0 0
1484553010.342069000 282 0
1484553180.263077000 0 16732
1484553180.274398000 0 0
1484553180.272873000 0 0
1484553184.881974000 0 8794
1484553184.894132000 0 0
1484553184.892414000 0 0
1484553480.281007000 0 16732
1484553480.292327000 0 0
1484553480.291043000 0 0
1484553484.879567000 0 8795
1484553484.890292000 0 0
1484553484.889249000 0 0
1484553654.946815000 0 0
1484553655.029225000 0 0
1484553655.033608000 0 0
1484553655.050103000 0 0
1484553655.053482000 0 0
1484552354.778652000 0 0
1484553655.041182000 0 11080
1484553655.084406000 0 0
1484553655.100015000 0 0
1484553655.069498000 0 0
1484553655.104682000 0 0
1484553655.077189000 0 0
1484553656.087262000 0 0
1484553656.090951000 0 0
1484553656.100349000 0 0
1484553656.113704000 0 0
1484553656.117958000 0 0
1484553656.107799000 282 0
1484553656.122067000 122 0
1484553656.173718000 4096 0
1484553658.053097000 0 0
1484553658.051584000 0 0
1484553660.048786000 0 0
1484553660.047301000 0 0
1484553655.115126000 3257 0
1484553656.193496000 4096 0
1484553755.138128000 0 0
1484553780.292908000 0 16732
1484553780.306704000 0 0
1484553780.305408000 0 0
1484553784.901863000 0 8795
1484553784.912962000 0 0
1484553784.911628000 0 0
1484554080.326559000 0 16732
1484554080.337010000 0 0
1484554080.336129000 0 0
1484554084.899166000 0 8795
1484554084.908619000 0 0
1484554084.907499000 0 0
1484554247.647772000 0 0
1484554247.728958000 0 0
1484554247.746976000 0 0
1484554247.750555000 0 0
1484553655.117697000 0 0
1484554247.737755000 0 11389
1484554247.782837000 0 0
1484554247.797271000 0 0
1484554247.768945000 0 0
1484554247.801239000 0 0
1484554247.777099000 0 0
1484554248.747013000 0 0
1484554248.748659000 0 0
1484554248.743021000 282 0
1484554248.755674000 122 0
1484554248.810812000 4096 0
1484552357.779110000 0 165
1484554250.703268000 0 0
1484554250.706871000 0 0
1484554250.719575000 0 0
1484554250.726531000 0 0
1484554250.750069000 0 0
1484554250.753665000 0 0
1484554250.754243000 0 0
1484554250.753484000 0 0
1484554250.756548000 0 0
1484554250.802661000 0 0
1484554250.723663000 282 0
1484554248.831407000 4096 0
1484554250.890393000 0 0
1484554250.892969000 0 0
1484554250.888478000 0 0
1484554250.903177000 0 0
1484554250.905615000 0 0
1484554250.909270000 0 0
1484554250.997684000 0 0
1484554250.994913000 0 0
1484552352.916237000 0 0
1484554252.752868000 0 0
1484554252.751159000 0 0
1484554254.748433000 0 0
1484554254.747066000 0 0
1484554247.810432000 3257 0
1484554247.813363000 0 0
1484554275.378516000 0 0
1484554252.791700000 4096 0
1484554284.205537000 0 1686
1484554284.217990000 0 0
1484554284.216339000 0 0
1484554315.381153000 0 0
1484554317.399798000 11389 0
1484554471.055946000 0 622
1484554471.068576000 0 0
1484554471.067024000 0 0
1484554680.332554000 0 16732
1484554680.344574000 0 0
1484554680.343464000 0 0
1484554684.944665000 0 8795
1484554684.956966000 0 0
1484554684.955735000 0 0
1484554742.847507000 0 0
1484554742.860527000 1306 0
1484554771.066353000 0 517
1484554771.077985000 0 0
1484554771.076462000 0 0
1484554784.754370000 0 0
1484554784.816419000 0 0
1484554784.820379000 0 0
1484554784.820493000 0 0
1484554784.829202000 0 0
1484554784.834858000 0 0
1484554784.833192000 0 0
1484554785.274665000 0 0
1484554785.410079000 0 0
1484554785.442269000 0 0
1484554785.447164000 0 0
1484554784.843224000 282 0
1484554785.449811000 0 0
1484554785.415678000 122 0
1484554785.459705000 0 0
1484554785.482276000 0 0
1484554785.513013000 0 0
1484554785.515532000 0 0
1484554785.508680000 0 0
1484554785.542735000 0 0
1484554785.544902000 0 0
1484554785.547045000 0 0
1484554785.456254000 574 0
1484554785.469116000 504 0
1484554785.552554000 504 0
1484554785.633595000 7641 0
1484554785.771340000 6497 0
1484554786.575883000 0 0
1484554786.798624000 0 0
1484554789.474941000 0 0
1484554789.477750000 0 0
1484554789.480377000 0 0
1484554789.482772000 0 0
1484554789.485149000 0 0
1484554789.563613000 0 0
1484554789.571424000 0 0
1484554789.568949000 0 0
1484554789.651666000 0 0
1484554789.649122000 0 0
1484554789.659446000 0 0
1484554789.656974000 0 0
1484554789.723954000 0 0
1484554789.719302000 0 0
1484554789.736399000 0 0
1484554789.734614000 0 0
1484554790.083519000 0 0
1484554790.086831000 0 0
1484554790.400152000 0 0
1484554790.403375000 0 0
1484554790.406207000 0 0
1484554790.408844000 0 0
1484554790.411126000 0 0
1484554790.422620000 0 0
1484554789.256083000 0 0
1484554790.869230000 0 162
1484554785.257625000 0 0
1484554791.888377000 0 0
1484554791.890622000 0 0
1484554791.892715000 0 0
1484554792.066253000 0 0
1484554792.069334000 0 0
1484554792.072126000 0 0
1484554792.074733000 0 0
1484554792.078292000 0 0
1484554792.086756000 0 0
1484554792.089292000 0 0
1484554792.091801000 0 0
1484554792.094229000 0 0
1484554792.096533000 0 0
1484554785.891205000 25171 0
1484554792.102841000 0 0
1484554785.929986000 7850 0
1484554790.091757000 282 0
1484554792.197975000 0 0
1484554792.195876000 0 0
1484554792.206381000 0 0
1484554792.292457000 0 0
1484554792.289735000 0 0
1484554791.889589000 0 0
1484554793.880898000 0 0
1484554793.882558000 0 0
1484554802.636643000 0 0
1484554789.622982000 0 0
1484554789.231956000 283095 0
1484554790.472540000 241113 0
1484552811.570413000 0 0
1484552810.270860000 0 0
1484554867.926975000 0 0
1484554868.000511000 0 0
1484554868.006824000 0 0
1484554868.022155000 0 0
1484554867.929898000 0 0
1484554868.002581000 0 0
1484554867.890426000 0 0
1484554867.880320000 0 0
1484554867.952425000 288 0
1484554867.965326000 264 0
1484554867.977871000 237 0
1484554867.989771000 277 0
1484554868.024334000 226 0
1484554868.049593000 302 0
1484554868.078145000 134 0
1484554868.105479000 134 0
1484554868.118949000 134 0
1484554868.131234000 144 0
1484554868.143955000 134 0
1484554868.162761000 134 0
1484554868.179000000 134 0
1484554868.185425000 331 0
1484554868.203362000 248 0
1484554868.216734000 285 0
1484554868.231507000 321 0
1484554868.236772000 229 0
1484554945.659919000 0 0
1484554946.485029000 0 0
1484554946.511829000 0 0
1484554946.549516000 0 0
1484554946.552867000 0 0
1484554790.468526000 0 0
1484554946.521312000 0 240266
1484554946.576231000 0 0
1484554946.583070000 0 0
1484554946.588309000 0 0
1484554946.593578000 0 0
1484554946.561062000 0 0
1484554946.597500000 0 0
1484554946.569538000 0 0
1484554947.530704000 0 0
1484554947.532570000 0 0
1484554947.534755000 0 0
1484554947.539126000 0 0
1484554949.542497000 0 0
1484554949.539954000 0 0
1484554949.541278000 0 0
1484554949.546984000 0 0
1484554951.536689000 0 0
1484554951.537695000 0 0
1484554951.534368000 0 0
1484554951.535481000 0 0
1484554946.607358000 398456 0
1484554947.534563000 282 0
1484554947.546141000 122 0
1484554980.353026000 0 16732
1484554980.365310000 0 0
1484554980.363773000 0 0
1484554984.963988000 0 8796
1484554984.975403000 0 0
1484554984.974093000 0 0
1484555280.367542000 0 16732
1484555280.378704000 0 0
1484555280.377404000 0 0
1484555284.983778000 0 8796
1484555284.994803000 0 0
1484555284.993173000 0 0
1484555330.615612000 0 0
1484555330.640439000 0 0
1484555330.674297000 0 0
1484555330.677813000 0 0
1484554946.610706000 0 0
1484555330.647127000 0 240550
1484555330.803829000 0 0
1484555330.811538000 0 0
1484555330.817070000 0 0
1484555330.823055000 0 0
1484555330.787459000 0 0
1484555330.828162000 0 0
1484555330.796594000 0 0
1484555331.656530000 0 0
1484555331.658194000 0 0
1484555331.657554000 0 0
1484555331.662678000 0 0
1484555333.656841000 0 0
1484555333.659569000 0 0
1484555333.661973000 0 0
1484555333.658131000 0 0
1484555335.654241000 0 0
1484555335.655702000 0 0
1484555335.661260000 0 0
1484555335.657215000 0 0
1484555330.839733000 398465 0
1484555331.660593000 282 0
1484555331.664133000 122 0
1484555391.060110000 0 0
1484555391.063582000 0 0
1484555391.093670000 0 0
1484555391.096957000 0 0
1484555391.105407000 0 0
1484555391.111798000 0 0
1484555391.115836000 0 0
1484555391.119025000 0 0
1484555391.135622000 0 0
1484555391.138529000 0 0
1484555391.141023000 0 0
1484555391.143804000 0 0
1484555391.146031000 0 0
1484555391.152003000 0 0
1484555391.109330000 282 0
1484555391.219922000 0 0
1484555391.218413000 0 0
1484555391.227471000 0 0
1484555391.230645000 0 0
1484555391.230465000 0 0
1484555391.227883000 0 0
1484555391.224493000 0 0
1484555391.236474000 0 0
1484555391.318274000 0 0
1484555391.316347000 0 0
1484555391.426845000 0 0
1484555391.430042000 0 0
1484555391.432957000 0 0
1484555391.435649000 0 0
1484555391.438202000 0 0
1484555391.442693000 0 0
1484555391.450734000 0 0
1484555391.448946000 0 0
1484555525.022932000 0 0
1484555525.040356000 0 0
1484555525.073376000 0 0
1484555525.076710000 0 0
1484555330.843533000 0 0
1484555525.045888000 0 241992
1484555525.202034000 0 0
1484555525.209909000 0 0
1484555525.215322000 0 0
1484555525.221192000 0 0
1484555525.185700000 0 0
1484555525.225596000 0 0
1484555525.193714000 0 0
1484555525.294488000 0 0
1484555526.046534000 0 0
1484555526.071400000 0 0
1484555526.074240000 0 0
1484555526.082432000 0 0
1484555526.092186000 0 0
1484555526.091579000 0 0
1484555526.090225000 0 0
1484555526.092486000 0 0
1484555528.062929000 0 0
1484555528.066016000 0 0
1484555528.064516000 0 0
1484555528.074553000 0 0
1484555530.064121000 0 0
1484555530.060117000 0 0
1484555530.066182000 0 0
1484555530.062668000 0 0
1484554786.804824000 0 0
1484554793.882811000 0 0
1484555525.236214000 398465 0
1484555526.086278000 282 0
1484555526.094790000 122 0
1484555580.388386000 0 16732
1484555580.399790000 0 0
1484555580.398487000 0 0
1484555585.008807000 0 8796
1484555585.021049000 0 0
1484555585.019912000 0 0
1484555880.406358000 0 16733
1484555880.418655000 0 0
1484555880.417293000 0 0
1484555885.018008000 0 8797
1484555885.032573000 0 0
1484555885.030866000 0 0
1484555955.068179000 0 0
1484555955.082023000 0 0
1484555955.115579000 0 0
1484555955.119277000 0 0
1484555525.239963000 0 0
1484555955.088188000 0 242215
1484555955.254015000 0 0
1484555955.270219000 0 0
1484555955.234934000 0 0
1484555955.274750000 0 0
1484555955.245838000 0 0
1484555955.285103000 48 0
1484556013.455870000 0 0
1484556013.459649000 0 0
1484556013.493846000 0 0
1484556013.496679000 0 0
1484556013.504885000 0 0
1484556013.513466000 0 0
1484556013.517284000 0 0
1484556013.520704000 0 0
1484556013.542689000 0 0
1484556013.545288000 0 0
1484556013.545684000 0 0
1484556013.547945000 0 0
1484556013.548344000 0 0
1484556013.550391000 0 0
1484556013.550829000 0 0
1484556013.553621000 0 0
1484556013.553892000 0 0
1484556013.556724000 0 0
1484556013.561523000 0 0
1484556013.511292000 282 0
1484556013.622986000 0 0
1484556013.626074000 0 0
1484556013.620830000 0 0
1484556013.631839000 0 0
1484556013.629952000 0 0
1484556013.634828000 0 0
1484556013.637424000 0 0
1484556013.637221000 0 0
1484556013.645429000 0 0
1484556013.647716000 0 0
1484556013.650200000 0 0
1484556013.652817000 0 0
1484556013.655125000 0 0
1484556013.658481000 0 0
1484556013.663351000 0 0
1484556013.665542000 0 0
1484556013.661305000 0 0
1484556013.722853000 0 0
1484556013.720959000 0 0
1484556013.753839000 0 0
1484556013.751435000 0 0
1484556126.460206000 0 0
1484556126.484975000 0 0
1484556126.521249000 0 0
1484556126.524348000 0 0
1484555955.288529000 0 0
1484556126.493352000 0 242506
1484556126.753845000 0 0
1484556126.773786000 0 0
1484556126.737957000 0 0
1484556126.778246000 0 0
1484556126.746499000 0 0
1484556126.789822000 48 0
1484556180.425839000 0 16733
1484556180.438551000 0 0
1484556180.437034000 0 0
1484556185.039321000 0 8797
1484556185.050426000 0 0
1484556185.049143000 0 0
1484556483.962421000 0 0
1484550385.433466000 0 0
1484556483.977002000 0 0
1484556483.982200000 0 0
1484556483.985973000 0 0
1484556484.423071000 0 0
1484556484.523615000 0 0
1484556485.309934000 0 0
1484556485.312515000 0 0
1484556485.315117000 0 0
1484556485.339132000 0 0
1484556485.341334000 0 0
1484556484.827324000 0 0
1484556484.519290000 0 0
1484556491.892982000 0 0
1484556491.896309000 0 0
1484556491.899897000 0 0
1484556491.890962000 0 0
1484556491.875519000 0 0
1484556491.873321000 0 0
1484556496.230775000 0 0
1484556496.253822000 0 0
1484556496.289968000 0 0
1484556496.293463000 0 0
1484556126.793779000 0 0
1484556496.262020000 0 242734
1484556496.426474000 0 0
1484556496.443285000 0 0
1484556496.411120000 0 0
1484556496.447967000 0 0
1484556496.419319000 0 0
1484556496.500990000 0 0
1484556496.458532000 48 0
1484556485.321218000 398 0
1484556485.323405000 282 0
1484556491.896237000 288 0
1484556491.901966000 264 0
1484556491.906622000 237 0
1484556491.910953000 277 0
1484556491.915436000 226 0
1484556491.919191000 302 0
1484556491.924266000 134 0
1484556491.928680000 134 0
1484556491.933353000 134 0
1484556491.938568000 144 0
1484556491.942894000 134 0
1484556491.947171000 134 0
1484556491.951501000 134 0
1484556491.955242000 331 0
1484556491.960378000 248 0
1484556491.964910000 285 0
1484556491.969074000 321 0
1484556491.973113000 229 0
1484556740.774999000 0 0
1484556740.779959000 0 0
1484556780.438746000 0 16740
1484556780.451819000 0 0
1484556780.450490000 0 0
1484556785.067092000 0 8797
1484556785.081014000 0 0
1484556785.079281000 0 0
1484557080.462781000 0 16748
1484557080.474632000 0 0
1484557080.473328000 0 0
1484557085.084031000 0 8797
1484557085.095867000 0 0
1484557085.094583000 0 0
1484557380.484176000 0 16748
1484557380.497918000 0 0
1484557380.496729000 0 0
1484557385.103985000 0 8797
1484557385.115954000 0 0
1484557385.114586000 0 0
1484557455.841963000 0 0
1484557455.845417000 0 0
1484557455.854799000 0 0
1484557455.860713000 0 0
1484557455.864444000 0 0
1484557456.089091000 0 0
1484557456.132776000 0 0
1484557456.373667000 0 0
1484557456.377015000 0 0
1484557456.379958000 0 0
1484557456.410736000 0 0
1484557456.414085000 0 0
1484557465.774941000 0 0
1484557465.777457000 0 0
1484557465.780122000 0 0
1484557465.782779000 0 0
1484557465.786432000 0 0
1484557465.872095000 0 0
1484557456.387690000 398 0
1484557456.392502000 282 0
1484557465.903550000 0 0
1484557603.308723000 0 0
1484557603.321643000 0 0
1484557603.353297000 0 0
1484557603.356585000 0 0
1484556496.462870000 0 0
1484557603.326568000 0 242831
1484557603.636555000 0 0
1484557603.652842000 0 0
1484557603.621554000 0 0
1484557603.657429000 0 0
1484557603.629501000 0 0
1484557603.700366000 0 0
1484557603.667704000 48 0
1484557664.323507000 0 1657
1484557664.335777000 0 0
1484557664.334319000 0 0
1484557680.492587000 0 16748
1484557680.504247000 0 0
1484557680.502741000 0 0
1484557685.110345000 0 8797
1484557685.120305000 0 0
1484557685.119318000 0 0
1484557717.144604000 0 0
1484557717.148675000 0 0
1484557717.160150000 0 0
1484557717.171055000 0 0
1484557717.185179000 0 0
1484557717.188403000 0 0
1484557717.191394000 0 0
1484557717.194502000 0 0
1484557717.208477000 0 0
1484557717.211217000 0 0
1484557717.223494000 0 0
1484557717.226476000 0 0
1484557717.229962000 0 0
1484557717.246305000 0 0
1484557717.248997000 0 0
1484557717.591979000 0 0
1484557716.929877000 988793 0
1484557717.167726000 574 0
1484557717.177600000 504 0
1484557717.200454000 504 0
1484557717.236043000 398 0
1484557717.214711000 282 0
1484557717.600997000 122 0
1484557718.459200000 0 0
1484557718.480270000 0 0
1484557718.496514000 0 0
1484557718.517124000 0 0
1484557718.566778000 0 0
1484557718.588739000 0 0
1484557718.598491000 0 0
1484557718.607633000 0 0
1484557718.627192000 0 0
1484557718.652614000 0 0
1484557718.666665000 0 0
1484557718.675972000 0 0
1484557718.701371000 0 0
1484557718.710380000 0 0
1484557718.720871000 0 0
1484557718.730128000 0 0
1484557718.747866000 0 0
1484557718.757378000 0 0
1484557718.773471000 0 0
1484557718.789300000 0 0
1484557718.902178000 0 0
1484557718.918267000 0 0
1484557718.926972000 0 0
1484557718.935482000 0 0
1484557718.944260000 0 0
1484557718.954225000 0 0
1484557718.962509000 0 0
1484557718.970997000 0 0
1484557718.990253000 0 0
1484557719.000110000 0 0
1484557719.843269000 0 0
1484557719.856130000 0 0
1484557719.881955000 0 0
1484557719.909982000 0 0
1484557719.936806000 0 0
1484557719.961780000 0 0
1484557719.968051000 0 0
1484557719.985952000 0 0
1484557719.992597000 0 0
1484557719.999799000 0 0
1484557720.015468000 0 0
1484557720.022848000 0 0
1484557720.047565000 0 0
1484557720.080646000 0 0
1484557720.088032000 0 0
1484557720.099511000 0 0
1484557720.106864000 0 0
1484557720.173557000 0 0
1484557720.179987000 0 0
1484557720.185373000 0 0
1484557720.206454000 0 0
1484557720.214394000 0 0
1484557720.218961000 0 0
1484557720.223585000 0 0
1484557720.228118000 0 0
1484557720.232459000 0 0
1484557720.236756000 0 0
1484557720.241087000 0 0
1484557720.246900000 0 0
1484557720.251264000 0 0
1484557720.255588000 0 0
1484557720.260304000 0 0
1484557720.376261000 0 0
1484557720.395972000 0 0
1484557720.414286000 0 0
1484557720.433014000 0 0
1484557720.440691000 0 0
1484557720.447645000 0 0
1484557720.459972000 0 0
1484557720.465655000 0 0
1484557720.477466000 0 0
1484557720.491143000 0 0
1484557720.497371000 0 0
1484557720.504416000 0 0
1484557720.519099000 0 0
1484557720.533012000 0 0
1484557720.539937000 0 0
1484557720.548575000 0 0
1484557720.570431000 0 0
1484557720.577212000 0 0
1484557720.585792000 0 0
1484557720.599061000 0 0
1484557720.605110000 0 0
1484557720.612083000 0 0
1484557720.616985000 0 0
1484557720.623003000 0 0
1484557720.628229000 0 0
1484557720.633166000 0 0
1484557720.638134000 0 0
1484557720.643211000 0 0
1484557721.261389000 0 0
1484557721.271706000 0 0
1484557721.281329000 0 0
1484557721.292547000 0 0
1484557721.299027000 0 0
1484557721.306726000 0 0
1484557721.315901000 0 0
1484557721.321322000 0 0
1484557721.326754000 0 0
1484557721.335709000 0 0
1484557721.341313000 0 0
1484557721.349478000 0 0
1484557721.354290000 0 0
1484557721.359113000 0 0
1484557721.363796000 0 0
1484557721.368401000 0 0
1484557721.373475000 0 0
1484557721.424427000 0 0
1484557721.429830000 0 0
1484557721.434120000 0 0
1484557721.440374000 0 0
1484557721.447049000 0 0
1484557721.470612000 0 0
1484557721.486787000 0 0
1484557721.510911000 0 0
1484557721.527538000 0 0
1484557721.535594000 0 0
1484557721.543316000 0 0
1484557721.563371000 0 0
1484557721.582582000 0 0
1484557721.703361000 0 0
1484557721.719903000 0 0
1484557721.725126000 0 0
1484557721.736138000 0 0
1484557721.793451000 0 0
1484557721.804692000 0 0
1484557722.097916000 0 0
1484557724.185905000 0 989416
1484557724.279233000 0 0
1484557724.278023000 0 0
1484557727.862572000 0 0
1484557727.868695000 0 0
1484557727.878611000 0 0
1484557727.887058000 0 0
1484557727.903742000 0 0
1484557727.907143000 0 0
1484557727.910696000 0 0
1484557727.927724000 0 0
1484557727.931562000 0 0
1484557727.951811000 0 0
1484557727.955998000 0 0
1484557752.850282000 0 0
1484557752.854332000 0 0
1484557752.861074000 0 0
1484557727.883838000 574 0
1484557727.891915000 504 0
1484557727.914615000 504 0
1484557727.938419000 398 0
1484557768.694075000 282 0
1484557907.933231000 0 0
1484557907.964009000 0 0
1484557908.000342000 0 0
1484557908.003707000 0 0
1484557603.670738000 0 0
1484557907.972639000 0 243364
1484557908.122406000 0 0
1484557908.137959000 0 0
1484557908.109022000 0 0
1484557908.141915000 0 0
1484557908.116944000 0 0
1484557908.152062000 48 0
1484557980.516134000 0 16748
1484557980.529865000 0 0
1484557980.528137000 0 0
1484557985.114120000 0 8797
1484557985.123681000 0 0
1484557985.122810000 0 0
1484558101.168568000 0 0
1484558101.287399000 0 0
1484558101.552404000 0 0
1484558101.680952000 0 0
1484557908.154758000 0 0
1484558101.323326000 0 243509
1484558102.193429000 0 0
1484558102.442280000 0 0
1484558101.873159000 0 0
1484558102.559693000 0 0
1484558102.082674000 0 0
1484558110.130512000 0 0
1484558110.214083000 0 0
1484558110.408870000 0 0
1484558110.458981000 0 0
1484558110.682517000 0 0
1484558110.688430000 0 0
1484558110.736440000 0 0
1484558110.754811000 0 0
1484558110.757289000 0 0
1484558110.757362000 0 0
1484558110.790543000 0 0
1484558110.790357000 0 0
1484558110.858317000 0 0
1484558110.868222000 0 0
1484558110.645324000 282 0
1484558110.860412000 0 0
1484558110.872630000 0 0
1484558110.878226000 0 0
1484558110.877859000 0 0
1484558110.878730000 0 0
1484558110.882997000 0 0
1484558110.882929000 0 0
1484558110.886031000 0 0
1484558110.878273000 0 0
1484558110.900078000 0 0
1484558110.931290000 0 0
1484558111.037019000 0 0
1484558111.038988000 0 0
1484558111.007739000 0 0
1484558111.049035000 0 0
1484558111.067711000 0 0
1484558111.085403000 0 0
1484558111.186204000 0 0
1484558111.163265000 0 0
1484558111.370327000 0 0
1484558111.318724000 0 0
1484558111.413019000 0 0
1484558111.505982000 0 0
1484558111.516336000 0 0
1484558111.523739000 0 0
1484558111.526530000 0 0
1484558111.529341000 0 0
1484558111.533208000 0 0
1484558111.542836000 0 0
1484558111.035189000 282 0
1484554802.640255000 0 0
1484558102.682853000 48 0
1484558102.763840000 0 0
1484557456.179033000 0 0
1484557456.127753000 0 0
1484558158.519827000 0 0
1484558159.000467000 0 0
1484558159.063196000 0 0
1484558159.047631000 0 0
1484558159.168003000 0 0
1484558158.595802000 0 0
1484558158.302804000 0 0
1484558158.304945000 0 0
1484558158.679626000 288 0
1484558158.823809000 264 0
1484558158.832013000 237 0
1484558158.961315000 277 0
1484558159.063125000 226 0
1484558159.167863000 302 0
1484558159.326838000 134 0
1484558159.340940000 134 0
1484558159.427014000 134 0
1484558159.449805000 144 0
1484558159.464163000 134 0
1484558159.484078000 134 0
1484558159.628058000 134 0
1484558159.640045000 331 0
1484558159.744015000 248 0
1484558159.778236000 285 0
1484558159.920942000 321 0
1484558159.963948000 229 0
1484558207.733382000 0 1655
1484558207.782182000 0 0
1484558207.780459000 0 0
1484558371.111759000 0 417
1484558371.125390000 0 0
1484558371.123397000 0 0
1484558484.241223000 0 16748
1484558484.248089000 0 8797
1484558484.252733000 0 0
1484558484.251396000 0 0
1484558484.260295000 0 0
1484558484.259012000 0 0
1484560168.258468000 0 8800
1484560168.270552000 0 0
1484560168.269583000 0 0
1484560468.281534000 0 8800
1484560468.292119000 0 0
1484560468.291234000 0 0
1484560672.929024000 0 16751
1484560672.940442000 0 0
1484560672.939366000 0 0
1484560972.323200000 0 8800
1484560972.334205000 0 0
1484560972.332884000 0 0
1484560972.956337000 0 16751
1484560972.971487000 0 0
1484560972.969740000 0 0
1484561272.343025000 0 8800
1484561272.352907000 0 0
1484561272.352029000 0 0
1484561272.961388000 0 16758
1484561272.973965000 0 0
1484561272.972319000 0 0
1484561482.360570000 0 1626
1484561482.375227000 0 0
1484561482.373135000 0 0
1484561513.227548000 0 1686
1484561513.239888000 0 0
1484561513.238715000 0 0
1484561532.332940000 0 0
1484561532.375575000 0 0
1484561532.379880000 0 0
1484561532.380114000 0 0
1484561532.387537000 0 0
1484561532.390894000 0 0
1484561532.393392000 0 0
1484561532.516385000 0 0
1484561532.399639000 282 0
1484561532.541998000 0 0
1484561532.604241000 0 0
1484561532.607118000 0 0
1484561532.609487000 0 0
1484561532.615710000 0 0
1484561532.572912000 122 0
1484561532.625652000 5941 0
1484561533.850978000 0 0
1484561534.054035000 0 0
1484561535.052063000 0 0
1484561535.055816000 0 0
1484561535.059264000 0 0
1484561535.063079000 0 0
1484561535.065659000 0 0
1484561535.072418000 0 0
1484561535.242477000 0 0
1484561535.238729000 0 0
1484561535.268408000 0 0
1484561535.265848000 0 0
1484561535.677266000 0 0
1484561535.679240000 0 0
1484561535.808115000 0 0
1484561535.810957000 0 0
1484561535.813256000 0 0
1484561535.815589000 0 0
1484561535.817654000 0 0
1484561535.820727000 0 0
1484561534.817220000 0 0
1484561536.294759000 0 162
1484561536.901983000 0 0
1484561537.044329000 0 0
1484561537.046869000 0 0
1484561537.049514000 0 0
1484561537.052286000 0 0
1484561537.056600000 0 0
1484561537.064225000 0 0
1484561537.066679000 0 0
1484561537.069340000 0 0
1484561537.071704000 0 0
1484561537.074207000 0 0
1484561537.080502000 0 0
1484561535.682289000 282 0
1484561537.186962000 0 0
1484561537.184266000 0 0
1484561537.206406000 0 0
1484561537.308807000 0 0
1484561537.310230000 0 0
1484561537.305816000 0 0
1484561537.308219000 0 0
1484561537.311740000 0 0
1484561537.309357000 0 0
1484561537.354938000 0 0
1484561532.510350000 0 0
1484561539.305360000 0 0
1484561539.308141000 0 0
1484561534.793416000 285491 0
1484561535.897002000 243509 0
1484561572.362537000 0 8800
1484561572.373677000 0 0
1484561572.372666000 0 0
1484561572.975078000 0 16758
1484561572.989319000 0 0
1484561572.987970000 0 0
1484561588.907100000 0 0
1484561535.412206000 0 0
1484561589.643969000 0 0
1484561589.656777000 0 0
1484561589.689167000 0 0
1484561589.692303000 0 0
1484561535.893603000 0 0
1484561589.662423000 0 243281
1484561589.712915000 0 0
1484561589.718374000 0 0
1484561589.722460000 0 0
1484561589.727167000 0 0
1484561589.700707000 0 0
1484561589.730908000 0 0
1484561589.708758000 0 0
1484561590.680759000 0 0
1484561590.677576000 0 0
1484561590.684611000 0 0
1484561590.679113000 0 0
1484561590.693065000 0 0
1484561592.674473000 0 0
1484561592.677863000 0 0
1484561592.679170000 0 0
1484561592.680911000 0 0
1484561592.681639000 0 0
1484561594.671091000 0 0
1484561594.675247000 0 0
1484561594.672580000 0 0
1484561594.673815000 0 0
1484561594.679453000 0 0
1484561589.740237000 398456 0
1484561592.677709000 282 0
1484561592.686612000 122 0
1484561695.155712000 0 0
1484561872.379165000 0 8800
1484561872.391197000 0 0
1484561872.389864000 0 0
1484561872.997680000 0 16758
1484561873.011036000 0 0
1484561873.009835000 0 0
1484561875.133458000 0 0
1484561875.146124000 0 0
1484561875.177646000 0 0
1484561875.181361000 0 0
1484561589.742997000 0 0
1484561875.150914000 0 244152
1484561875.305699000 0 0
1484561875.313141000 0 0
1484561875.318916000 0 0
1484561875.326049000 0 0
1484561875.289038000 0 0
1484561875.330810000 0 0
1484561875.298620000 0 0
1484561876.154628000 0 0
1484561876.157442000 0 0
1484561876.153752000 0 0
1484561876.155768000 0 0
1484561876.157143000 0 0
1484561878.168704000 0 0
1484561878.170105000 0 0
1484561878.169734000 0 0
1484561878.166884000 0 0
1484561878.170597000 0 0
1484561880.168905000 0 0
1484561880.169361000 0 0
1484561880.165526000 0 0
1484561880.167786000 0 0
1484561880.166566000 0 0
1484561875.342933000 398438 0
1484561876.154067000 282 0
1484561876.164131000 122 0
1484561943.084388000 0 0
1484561943.096285000 0 0
1484561943.127587000 0 0
1484561943.130504000 0 0
1484561875.346116000 0 0
1484561943.101236000 0 244198
1484561943.236195000 0 0
1484561943.242175000 0 0
1484561943.246836000 0 0
1484561943.251500000 0 0
1484561943.224730000 0 0
1484561943.255146000 0 0
1484561943.231796000 0 0
1484561944.108324000 0 0
1484561944.108633000 0 0
1484561944.106524000 0 0
1484561944.107582000 0 0
1484561944.109632000 0 0
1484561946.108025000 0 0
1484561946.106493000 0 0
1484561946.109443000 0 0
1484561946.113614000 0 0
1484561946.110880000 0 0
1484561948.118692000 0 0
1484561948.123662000 0 0
1484561948.122075000 0 0
1484561948.124940000 0 0
1484561948.132533000 0 0
1484561943.264571000 398456 0
1484561944.107535000 282 0
1484561944.112123000 122 0
1484562151.622298000 0 0
1484562151.626116000 0 0
1484562151.660557000 0 0
1484562151.663910000 0 0
1484562151.672147000 0 0
1484562151.678304000 0 0
1484562151.682163000 0 0
1484562151.685515000 0 0
1484562151.702597000 0 0
1484562151.705052000 0 0
1484562151.707586000 0 0
1484562151.709927000 0 0
1484562151.712288000 0 0
1484562151.718404000 0 0
1484562151.767600000 0 0
1484562151.765528000 0 0
1484562151.676265000 282 0
1484562151.778024000 0 0
1484562151.775997000 0 0
1484562151.786393000 0 0
1484562151.782777000 0 0
1484562151.792102000 0 0
1484562151.874038000 0 0
1484562151.871314000 0 0
1484562151.964160000 0 0
1484562151.968269000 0 0
1484562151.972034000 0 0
1484562151.975595000 0 0
1484562151.978963000 0 0
1484562151.983235000 0 0
1484562151.995636000 0 0
1484562151.992931000 0 0
1484562266.394358000 0 0
1484562266.424715000 0 0
1484562266.461839000 0 0
1484562266.465621000 0 0
1484561943.267146000 0 0
1484562266.432929000 0 244388
1484562266.578155000 0 0
1484562266.585412000 0 0
1484562266.590546000 0 0
1484562266.596859000 0 0
1484562266.560397000 0 0
1484562266.601496000 0 0
1484562266.569115000 0 0
1484562266.663320000 0 0
1484562267.445055000 0 0
1484562267.468599000 0 0
1484562267.471341000 0 0
1484562267.480241000 0 0
1484562267.491723000 0 0
1484562267.490387000 0 0
1484562267.491389000 0 0
1484562267.488846000 0 0
1484562267.492376000 0 0
1484562269.451173000 0 0
1484562269.448117000 0 0
1484562269.446749000 0 0
1484562269.454842000 0 0
1484562269.449661000 0 0
1484562271.442384000 0 0
1484562271.451609000 0 0
1484562271.447235000 0 0
1484562271.452280000 0 0
1484562271.448874000 0 0
1484562266.612523000 398447 0
1484562267.483890000 282 0
1484562267.497778000 122 0
1484562472.380340000 0 8800
1484562472.391082000 0 0
1484562472.390145000 0 0
1484562473.014805000 0 16759
1484562473.026038000 0 0
1484562473.024797000 0 0
1484562563.021124000 0 0
1484562563.028582000 0 0
1484562891.694578000 0 0
1484562892.083667000 0 0
1484562892.374392000 0 0
1484562892.373128000 0 0
1484562892.487680000 0 0
1484562892.491378000 0 0
1484562892.500147000 0 0
1484562892.574294000 0 0
1484562892.578522000 0 0
1484562892.581686000 0 0
1484562892.584594000 0 0
1484562892.626355000 0 0
1484562892.630301000 0 0
1484562892.634083000 0 0
1484562892.651239000 0 0
1484562892.654581000 0 0
1484562892.657930000 0 0
1484562892.665521000 0 0
1484562892.507366000 282 0
1484562892.726959000 0 0
1484562892.724804000 0 0
1484562892.758924000 0 0
1484562892.754305000 0 0
1484562892.767044000 0 0
1484562892.855519000 0 0
1484562892.852663000 0 0
1484562892.922191000 0 0
1484562892.931809000 0 0
1484562892.935844000 0 0
1484562893.016570000 0 0
1484562893.020173000 0 0
1484562893.023223000 0 0
1484562893.032227000 0 0
1484562893.034868000 0 0
1484562893.037819000 0 0
1484562893.043928000 0 0
1484562893.105235000 0 0
1484562893.107721000 0 0
1484562893.110417000 0 0
1484562893.115863000 0 0
1484562893.143685000 0 0
1484562893.142091000 0 0
1484562893.149148000 0 0
1484562893.239105000 0 0
1484562893.238848000 0 0
1484562893.237673000 0 0
1484562893.240917000 0 0
1484562893.240142000 0 0
1484562893.243516000 122 0
1484562893.282205000 0 0
1484562893.275657000 0 0
1484562895.938084000 0 0
1484562895.941856000 0 0
1484562895.943358000 0 0
1484562895.944696000 0 0
1484562897.935416000 0 0
1484562897.934281000 0 0
1484562897.937650000 0 0
1484562897.939291000 0 0
1484562892.607906000 4120 0
1484562892.615395000 11389 0
1484562892.920232000 0 165
1484562904.538457000 0 0
1484562904.569222000 0 0
1484562904.574634000 0 0
1484562904.584103000 0 0
1484562904.599512000 0 0
1484562904.614777000 0 0
1484562904.618884000 0 0
1484562904.622423000 0 0
1484562904.629304000 0 0
1484562893.323351000 4096 0
1484562904.709310000 0 0
1484562904.707330000 0 0
1484562904.717516000 0 0
1484562904.808392000 0 0
1484562904.805360000 0 0
1484562892.377386000 0 0
1484562905.549878000 0 0
1484562905.547177000 0 0
1484562905.545999000 0 0
1484562905.550964000 0 0
1484562905.550115000 0 0
1484562892.611294000 0 0
1484562905.597717000 4096 0
1484563072.411808000 0 8800
1484563072.422807000 0 0
1484563072.421579000 0 0
1484563073.036379000 0 16766
1484563073.048132000 0 0
1484563073.046914000 0 0
1484563571.350890000 0 0
1484563576.359106000 0 0
1484563576.363046000 0 0
1484563576.372772000 0 0
1484563577.498788000 0 0
1484563577.507648000 0 0
1484563577.525440000 0 0
1484563578.018900000 0 0
1484563578.030727000 0 0
1484563578.016174000 0 0
1484563576.381532000 282 0
1484563672.436508000 0 8800
1484563672.448287000 0 0
1484563672.447063000 0 0
1484563673.054825000 0 16766
1484563673.067231000 0 0
1484563673.065472000 0 0
1484563780.045560000 0 0
1484563780.125513000 8376 0
1484564272.467311000 0 8800
1484564272.481329000 0 0
1484564272.479801000 0 0
1484564273.076073000 0 16774
1484564273.089484000 0 0
1484564273.088144000 0 0
1484564572.474469000 0 8800
1484564572.486794000 0 0
1484564572.485302000 0 0
1484564573.090451000 0 16774
1484564573.103245000 0 0
1484564573.101796000 0 0
1484564872.488280000 0 8800
1484564872.499822000 0 0
1484564872.498444000 0 0
1484564873.109326000 0 16774
1484564873.120597000 0 0
1484564873.119299000 0 0
1484564924.480623000 0 0
1484564924.484597000 0 0
1484564924.542489000 0 0
1484564924.546011000 0 0
1484564924.554540000 0 0
1484564924.563885000 0 0
1484564924.567761000 0 0
1484564924.571135000 0 0
1484564924.579033000 0 0
1484564924.581490000 0 0
1484564924.583950000 0 0
1484564924.587220000 0 0
1484564924.589532000 0 0
1484564924.589961000 0 0
1484564924.592497000 0 0
1484564924.600860000 0 0
1484564924.603935000 0 0
1484564924.606532000 0 0
1484564924.608880000 0 0
1484564924.611214000 0 0
1484564924.618257000 0 0
1484564924.561912000 282 0
1484564924.657707000 0 0
1484564924.655552000 0 0
1484564924.666242000 0 0
1484564924.669505000 0 0
1484564924.672542000 0 0
1484564924.672881000 0 0
1484564924.669552000 0 0
1484564924.684217000 0 0
1484564924.682271000 0 0
1484564924.696054000 0 0
1484564924.698648000 0 0
1484564924.701038000 0 0
1484564924.701327000 0 0
1484564924.703152000 0 0
1484564924.698469000 0 0
1484564924.705551000 0 0
1484564924.707556000 0 0
1484564924.708962000 0 0
1484564924.716204000 0 0
1484564924.758101000 0 0
1484564924.756041000 0 0
1484564924.792616000 0 0
1484564924.789186000 0 0
1484564961.162904000 0 0
1484564984.081275000 0 0
1484564984.093549000 0 0
1484564984.125180000 0 0
1484564984.128290000 0 0
1484562266.616307000 0 0
1484564984.098803000 0 244393
1484564984.265144000 0 0
1484564984.271939000 0 0
1484564984.277459000 0 0
1484564984.283112000 0 0
1484564984.248081000 0 0
1484564984.287465000 0 0
1484564984.257911000 0 0
1484564984.329727000 0 0
1484564985.108918000 0 0
1484564985.112878000 0 0
1484564985.113167000 0 0
1484564985.112402000 0 0
1484564985.115956000 0 0
1484564987.105688000 0 0
1484564987.106914000 0 0
1484564987.109947000 0 0
1484564987.108077000 0 0
1484564987.109336000 0 0
1484564989.105773000 0 0
1484564989.105367000 0 0
1484564989.103129000 0 0
1484564989.104284000 0 0
1484564989.106387000 0 0
1484564984.297933000 398456 0
1484564985.112705000 282 0
1484564985.120878000 122 0
1484565027.460003000 0 0
1484565027.509399000 0 0
1484565027.512463000 0 0
1484565027.521235000 0 0
1484565027.527673000 0 0
1484565027.531357000 0 0
1484565027.534558000 0 0
1484565027.525259000 282 0
1484565172.486996000 0 8800
1484565172.498057000 0 0
1484565172.497151000 0 0
1484565173.104041000 0 16774
1484565173.114171000 0 0
1484565173.113270000 0 0
1484565291.032605000 0 1657
1484565291.044697000 0 0
1484565291.043172000 0 0
1484565325.270997000 0 1655
1484565325.285004000 0 0
1484565325.283185000 0 0
1484565472.515302000 0 8800
1484565472.526636000 0 0
1484565472.525252000 0 0
1484565473.132041000 0 16781
1484565473.143139000 0 0
1484565473.141921000 0 0
1484565772.526462000 0 8800
1484565772.538824000 0 0
1484565772.537809000 0 0
1484565773.202706000 0 16782
1484565773.215757000 0 0
1484565773.214899000 0 0
1484566072.680167000 0 8800
1484566072.694533000 0 0
1484566072.692784000 0 0
1484566073.190061000 0 16782
1484566073.205254000 0 0
1484566073.203989000 0 0
1484566466.434040000 0 0
1484566470.276997000 0 0
1484566470.280747000 0 0
1484566470.289779000 0 0
1484566470.306127000 0 0
1484566470.310684000 0 0
1484566470.315226000 0 0
1484566470.326438000 0 0
1484566498.096609000 282 0
1484566524.292977000 0 0
1484566524.337826000 0 0
1484566524.340900000 0 0
1484566524.348984000 0 0
1484566524.353477000 282 0
1484566672.582309000 0 8800
1484566672.593332000 0 0
1484566672.591996000 0 0
1484566673.212793000 0 16784
1484566673.224831000 0 0
1484566673.223561000 0 0
1484566748.115930000 0 0
1484566797.292195000 0 0
1484566893.565316000 0 0
1484566916.943590000 0 0
1484566916.947503000 0 0
1484566916.977240000 0 0
1484566916.983680000 0 0
1484566916.989517000 0 0
1484566916.991481000 0 0
1484566916.993228000 0 0
1484566916.999761000 0 0
1484566917.003228000 0 0
1484566917.002236000 0 0
1484566917.008735000 0 0
1484566917.009670000 0 0
1484566917.013465000 0 0
1484566917.015011000 0 0
1484566917.017490000 0 0
1484566917.019600000 0 0
1484566917.037373000 0 0
1484566917.039877000 0 0
1484566917.042441000 0 0
1484566917.045379000 0 0
1484566917.047955000 0 0
1484566917.051481000 0 0
1484566917.058984000 0 0
1484566917.092695000 0 0
1484566917.090678000 0 0
1484566917.006822000 282 0
1484566917.107252000 0 0
1484566917.105309000 0 0
1484566917.109849000 0 0
1484566917.106508000 0 0
1484566917.116979000 0 0
1484566917.121323000 0 0
1484566917.123820000 0 0
1484566917.124234000 0 0
1484566917.126901000 0 0
1484566917.129776000 0 0
1484566917.132642000 0 0
1484566917.135650000 0 0
1484566917.138882000 0 0
1484566917.146597000 0 0
1484566917.218316000 0 0
1484566917.216105000 0 0
1484561588.910948000 0 0
1484566917.597437000 0 0
1484566917.597503000 0 0
1484566917.595591000 0 0
1484566917.594414000 0 0
1484566917.598170000 0 0
1484564984.300876000 0 0
1484566917.608422000 131571 0
1484566917.690857000 0 0
1484566917.602792000 122 0
1484567207.496528000 0 1686
1484567207.508055000 0 0
1484567207.506755000 0 0
1484567272.599645000 0 8800
1484567272.613120000 0 0
1484567272.611413000 0 0
1484567273.234904000 0 16813
1484567273.246720000 0 0
1484567273.245630000 0 0
1484567665.857669000 0 0
1484567665.914744000 0 0
1484567665.918316000 0 0
1484567665.928798000 0 0
1484561534.059960000 0 0
1484561539.320061000 0 0
1484567665.936490000 282 0
1484567872.733241000 0 8800
1484567872.747500000 0 0
1484567872.746154000 0 0
1484567873.257997000 0 16813
1484567873.270610000 0 0
1484567873.269412000 0 0
1484568231.324039000 0 16813
1484568231.337648000 0 0
1484568231.335851000 0 0
1484568232.731170000 0 8800
1484568232.744100000 0 0
1484568232.742369000 0 0
1484568531.333978000 0 16813
1484568531.346773000 0 0
1484568531.345429000 0 0
1484568532.744419000 0 8800
1484568532.757673000 0 0
1484568532.755979000 0 0
1484568624.975057000 0 0
1484568624.981407000 0 0
1484568831.356153000 0 16813
1484568831.368671000 0 0
1484568831.367311000 0 0
1484568832.759187000 0 8800
1484568832.771986000 0 0
1484568832.770256000 0 0
1484569246.721272000 0 8800
1484569246.732394000 0 0
1484569246.731015000 0 0
1484569247.002595000 0 16813
1484569247.014465000 0 0
1484569247.013030000 0 0
1484569546.727311000 0 8800
1484569546.738772000 0 0
1484569546.737601000 0 0
1484569547.016288000 0 16813
1484569547.028372000 0 0
1484569547.027040000 0 0
1484569846.725561000 0 8800
1484569846.736682000 0 0
1484569846.735820000 0 0
1484569847.070979000 0 16813
1484569847.081287000 0 0
1484569847.080356000 0 0
1484570101.256733000 0 0
1484570149.271552000 0 16813
1484570149.487498000 0 0
1484570149.486014000 0 0
1484570446.730396000 0 8800
1484570446.740773000 0 0
1484570446.739928000 0 0
1484570455.307831000 0 16813
1484570455.319405000 0 0
1484570455.318198000 0 0
1484570755.263688000 0 16813
1484570755.274845000 0 0
1484570755.273964000 0 0
1484571046.766185000 0 8800
1484571046.777851000 0 0
1484571046.776548000 0 0
1484571055.269045000 0 16813
1484571055.281785000 0 0
1484571055.280404000 0 0
1484571619.352813000 0 16813
1484571619.364143000 0 0
1484571619.363045000 0 0
1484571621.763071000 0 8800
1484571621.775127000 0 0
1484571621.773927000 0 0
1484571919.363959000 0 16813
1484571919.374861000 0 0
1484571919.373750000 0 0
1484571921.775014000 0 8800
1484571921.786124000 0 0
1484571921.784807000 0 0
1484572219.389021000 0 16813
1484572219.401913000 0 0
1484572219.400451000 0 0
1484572322.947333000 0 8800
1484572322.963417000 0 0
1484572322.961693000 0 0
1484572745.264393000 0 16813
1484572745.274723000 0 0
1484572745.273684000 0 0
1484572747.142632000 0 8800
1484572747.155704000 0 0
1484572747.153989000 0 0
1484572948.616694000 0 0
1484572948.629463000 0 0
1484572948.634067000 0 586
1484572948.642197000 0 0
1484572948.646437000 0 0
1484572948.649423000 0 0
1484572948.621369000 0 0
1484572948.652423000 0 0
1484572948.773921000 0 85
1484572948.782413000 0 0
1484572948.808236000 0 109
1484572948.816226000 0 0
1484572948.887181000 0 144
1484572948.898391000 0 0
1484572949.004966000 0 175
1484572949.013542000 0 0
1484572949.190507000 0 0
1484572949.197756000 0 0
1484549668.704900000 0 4096
1484572949.206193000 0 0
1484572949.207807000 0 0
1484572949.213181000 0 0
1484572949.213369000 0 0
1484549668.701640000 0 0
1484572949.217352000 0 0
1484572949.211520000 0 10
1484572949.222026000 0 0
1484572949.230507000 0 0
1484572949.234784000 0 0
1484572949.196722000 0 0
1484572949.238763000 0 0
1484549669.421872000 19555 204824
1484549671.264706000 3004618 353047
1484572949.257432000 0 19555
1484572949.429904000 0 204
1484572949.436865000 0 420
1484572949.439816000 0 0
1484572949.483029000 0 0
1484549673.411381000 0 32768
1484572949.491319000 0 0
1484549673.407315000 57496 590448
1484572949.501963000 0 0
1484572949.505056000 0 0
1484572949.534531000 0 0
1484549673.371350000 0 4096
1484572949.544776000 0 0
1484572949.551091000 0 0
1484549673.368102000 0 0
1484572949.566008000 0 0
1484572949.572977000 0 0
1484572949.591349000 0 0
1484572949.596858000 0 28116
1484572949.621689000 0 0
1484572949.626287000 0 0
1484572949.579104000 0 0
1484572949.630840000 0 0
1484572949.762133000 0 0
1484549672.241951000 284885 10424
1484549672.190664000 40717 3999
1484549683.823321000 1357116 55271
1484549667.590388000 360448 0
1484549668.695652000 7168 0
1484551211.092964000 65536 0
1484549665.682182000 4096 0
1484549665.195370000 86016 4096
1484549665.225430000 16384 4096
1484549673.385687000 1146880 524288
1484549673.359203000 98304 0
1484554275.407380000 131072 0
1484549677.163685000 98304 0
1484572950.490311000 0 0
1484572950.525942000 0 0
1484572950.529399000 0 0
1484572950.538214000 0 0
1484549673.437839000 0 0
1484549673.376285000 0 0
1484549664.582237000 0 0
1484572950.544884000 282 0
1484573045.236323000 0 16820
1484573045.249267000 0 0
1484573045.247846000 0 0
1484573345.259075000 0 16820
1484573345.270273000 0 0
1484573345.268900000 0 0
1484573423.419531000 0 0
1484573448.029200000 0 0
1484573448.034448000 0 0
1484573448.338935000 282 0
1484573513.567482000 0 0
1484573513.573802000 0 0
1484573513.583959000 0 0
1484573513.692673000 0 0
1484573513.695522000 0 0
1484573513.808871000 0 0
1484573513.808877000 0 0
1484573513.822771000 0 0
1484573513.826342000 0 0
1484573513.592937000 574 0
1484573513.833314000 398 0
1484573513.833852000 129 0
1484573513.884557000 288 0
1484573513.900656000 70 0
1484573514.026909000 0 0
1484573513.697578000 0 0
1484573514.059744000 0 0
1484573514.067292000 0 0
1484573514.073199000 0 0
1484573514.078647000 0 0
1484573514.082909000 0 0
1484573514.088903000 0 0
1484573514.092865000 0 0
1484573515.667799000 0 0
1484573514.018660000 504 0
1484573514.028658000 504 0
1484573514.035367000 504 0
1484573514.057634000 0 0
1484573515.664130000 282 0
1484573515.689765000 122 0
1484573515.841998000 440 0
1484573515.866313000 0 0
1484573515.869270000 0 0
1484573515.876958000 4096 0
1484573515.930553000 868 0
1484573515.999108000 0 0
1484573516.001623000 0 0
1484573516.017848000 0 0
1484573516.020243000 0 0
1484573516.023718000 0 0
1484573515.974757000 868 0
1484573515.810926000 4244 0
1484573515.785176000 2083 0
1484573516.003480000 0 0
1484573515.964316000 4096 0
1484573516.037605000 486 0
1484573516.058809000 489 0
1484573513.819491000 0 0
1484573516.970765000 0 0
1484573516.976644000 0 0
1484573516.990728000 0 0
1484573517.005433000 0 0
1484573517.042325000 0 0
1484573517.066255000 0 0
1484573517.096950000 0 0
1484573517.235120000 0 0
1484573517.250790000 0 0
1484573517.263034000 0 0
1484573518.372443000 0 0
1484573515.677374000 0 0
1484573516.093459000 4096 0
1484573515.972358000 440 0
1484573518.403968000 0 0
1484573518.377270000 486 0
1484573519.399606000 0 0
1484573518.391537000 0 0
1484573518.382103000 0 0
1484573520.482007000 0 0
1484573519.398107000 0 0
1484573519.410016000 0 0
1484573521.409657000 0 0
1484573520.495408000 0 0
1484573520.489625000 0 0
1484573522.429689000 0 0
1484573522.435318000 0 0
1484573522.440969000 0 0
1484573522.446427000 0 0
1484573523.787198000 0 0
1484573523.793183000 0 0
1484573523.799109000 0 0
1484573523.805121000 0 0
1484573523.812204000 0 0
1484573523.818516000 0 0
1484573523.824489000 0 0
1484573523.830247000 0 0
1484573523.836080000 0 0
1484573523.841224000 0 0
1484573523.846583000 0 0
1484573523.852105000 0 0
1484573523.858315000 0 0
1484573523.864518000 0 0
1484573523.870279000 0 0
1484573523.875648000 0 0
1484573523.882297000 0 0
1484573523.887296000 0 0
1484573523.892417000 0 0
1484573523.897559000 0 0
1484573523.902542000 0 0
1484573523.907868000 0 0
1484573523.913047000 0 0
1484573523.917892000 0 0
1484573523.923354000 0 0
1484573523.928672000 0 0
1484573523.934291000 0 0
1484573523.943151000 0 0
1484573523.948499000 0 0
1484573514.052050000 8806 0
1484573514.063331000 0 0
1484573515.967838000 2083 0
1484573515.973520000 0 0
1484573516.099819000 440 0
1484573518.382255000 489 0
1484573533.661296000 0 0
1484573533.667384000 0 0
1484573533.673467000 0 0
1484573533.679653000 0 0
1484573533.685686000 0 0
1484573518.402675000 0 0
1484573538.507454000 0 0
1484573539.652705000 0 0
1484573539.691120000 0 0
1484573540.854511000 0 0
1484573542.085624000 0 0
1484573542.101719000 0 0
1484573542.107250000 0 0
1484573542.112890000 0 0
1484573542.128157000 0 0
1484573542.136565000 0 0
1484573542.142625000 0 0
1484573542.147713000 0 0
1484573542.161704000 0 0
1484573542.174799000 0 0
1484573542.180117000 0 0
1484573542.196578000 0 0
1484573542.202016000 0 0
1484573542.210873000 0 0
1484573542.216405000 0 0
1484573542.511132000 0 0
1484573521.411813000 0 0
1484573521.418581000 0 0
1484573543.536607000 0 0
1484573544.041002000 0 0
1484573542.518096000 0 0
1484573542.522197000 0 0
1484573547.882355000 0 0
1484573544.052807000 0 0
1484573544.052495000 0 0
1484573549.276969000 0 0
1484573549.995457000 0 0
1484573547.880760000 0 0
1484573547.892389000 0 0
1484573553.546304000 0 0
1484573553.551826000 0 0
1484573553.581935000 0 0
1484573553.585150000 0 0
1484573553.588493000 0 0
1484573550.012484000 0 0
1484573553.594843000 0 0
1484573553.599808000 0 0
1484573553.607864000 0 0
1484573553.615444000 0 0
1484573553.612852000 0 0
1484573553.654679000 0 0
1484573553.654682000 0 0
1484573553.652544000 0 0
1484573553.720435000 0 0
1484573553.717451000 0 0
1484573553.747466000 0 0
1484573553.744038000 0 0
1484573553.514186000 8192 0
1484573583.615825000 0 0
1484573586.180167000 0 0
1484573586.186511000 0 0
1484573586.206558000 0 0
1484573586.210306000 0 0
1484573586.214287000 0 0
1484573586.221231000 0 0
1484573586.225922000 0 0
1484573583.614577000 0 0
1484573586.252576000 0 0
1484573586.255892000 0 0
1484573586.256281000 0 0
1484573586.260149000 0 0
1484573586.250419000 0 0
1484573586.282072000 0 0
1484573586.279104000 0 0
1484573586.297589000 0 0
1484573587.509509000 0 0
1484573587.524179000 0 0
1484573595.065467000 0 0
1484573596.806070000 0 0
1484573596.812439000 0 0
1484573596.831844000 0 0
1484573596.835646000 0 0
1484573596.839285000 0 0
1484573596.846002000 0 0
1484573596.851162000 0 0
1484573595.074560000 0 0
1484573596.861614000 0 0
1484573596.875096000 0 0
1484573596.871790000 0 0
1484573596.881704000 0 0
1484573596.885665000 0 0
1484573596.889208000 0 0
1484573596.889726000 0 0
1484573596.894139000 0 0
1484573596.885146000 0 0
1484573596.954053000 0 0
1484573596.950955000 0 0
1484573597.029700000 0 0
1484573597.025446000 0 0
1484573586.150034000 8192 0
1484573586.296212000 0 0
1484573553.653591000 28672 0
1484573596.788213000 8192 0
1484573550.001379000 0 0
1484573671.051023000 0 0
1484573596.904042000 417792 0
1484573708.300834000 0 1657
1484573708.314282000 0 0
1484573708.312306000 0 0
1484573719.613780000 0 16820
1484573719.625994000 0 0
1484573719.625028000 0 0
1484573723.497319000 0 0
1484573724.024459000 0 0
1484573724.028960000 0 0
1484573724.036137000 0 0
1484573724.044474000 0 0
1484573724.076683000 0 0
1484573724.200645000 0 0
1484573724.204111000 0 0
1484573724.210153000 0 0
1484573724.219604000 0 0
1484573724.226870000 0 0
1484573724.306458000 0 0
1484573724.356747000 0 0
1484573724.372225000 0 0
1484573724.415318000 0 0
1484573724.511331000 0 0
1484573724.514419000 0 0
1484573724.517115000 0 0
1484573724.520126000 0 0
1484573724.523582000 0 0
1484573724.549585000 0 0
1484573724.570089000 0 0
1484573724.573790000 0 0
1484573724.635270000 0 0
1484573724.748690000 0 0
1484573724.938296000 0 0
1484573725.054901000 0 0
1484573725.098773000 0 0
1484573725.250154000 0 0
1484573725.496897000 0 0
1484573725.640395000 0 0
1484573725.645755000 0 18830
1484573725.940664000 0 0
1484573725.946030000 0 0
1484573725.616160000 18830 0
1484573725.627892000 0 0
1484573725.950308000 0 0
1484573726.108349000 0 0
1484573726.210529000 0 0
1484573726.607295000 0 0
1484573727.184225000 0 0
1484573727.277701000 0 0
1484573727.424979000 0 0
1484573727.675205000 7168 0
1484573727.695611000 0 0
1484573727.739190000 0 0
1484573727.746436000 0 0
1484573728.004922000 0 0
1484573728.009943000 0 2
1484573728.018343000 0 0
1484573728.021438000 0 0
1484573727.755879000 2 0
1484573727.996203000 0 0
1484573728.024444000 0 0
1484573728.077146000 0 0
1484573728.086027000 0 0
1484573728.090651000 0 0
1484573728.102897000 0 0
1484573728.089393000 0 0
1484573728.107853000 0 0
1484573728.121034000 0 0
1484573728.123945000 0 0
1484573728.127387000 0 0
1484573728.119673000 0 0
1484573728.132480000 0 0
1484573728.135955000 0 0
1484573728.540010000 0 0
1484573728.542514000 0 0
1484573728.551276000 0 0
1484573728.739142000 0 0
1484573729.241961000 0 0
1484573729.472571000 0 53
1484573726.096586000 204 0
1484573729.480700000 0 0
1484573730.374181000 0 0
1484573730.404152000 0 0
1484573733.441976000 0 0
1484573733.448094000 0 0
1484573733.927911000 0 0
1484573733.930658000 0 0
1484573735.564718000 0 0
1484573738.188736000 0 0
1484573738.206434000 0 0
1484573738.259070000 0 0
1484573725.059440000 0 0
1484573724.042033000 10 0
1484573724.072261000 10 0
1484573724.197734000 111 0
1484573724.250429000 208 0
1484573724.364667000 28116 0
1484573724.388170000 4431 0
1484573724.432886000 16384 0
1484573724.480911000 420 0
1484573724.806079000 497 0
1484573725.085157000 12331 0
1484573725.223981000 8376 0
1484573725.378915000 208787 0
1484573726.137039000 32768 0
1484573726.646572000 1862174 0
1484573727.199361000 8 0
1484573727.298923000 504 0
1484573727.359604000 7636 0
1484573727.445340000 7998 0
1484573728.082857000 586 0
1484573728.215898000 10 0
1484573724.020962000 282 0
1484573728.745135000 417 0
1484573729.256743000 27 0
1484573729.494528000 10411 0
1484573727.508716000 25 0
1484573729.531530000 9833 0
1484573729.547233000 1071 0
1484573758.078154000 0 7998
1484573758.090101000 0 0
1484573781.928218000 0 0
1484573781.945800000 0 0
1484573781.967643000 0 0
1484573781.978079000 0 0
1484573782.022579000 0 2870
1484573782.010728000 2870 0
1484573782.031078000 0 0
1484573784.989412000 0 0
1484573785.017831000 0 137
1484573785.028490000 0 0
1484573784.997179000 137 0
1484573785.027121000 0 0
1484573785.042440000 0 0
1484573785.078673000 0 7358
1484573785.089050000 0 0
1484573785.088185000 0 0
1484573785.100979000 51 0
1484573931.119317000 0 0
1484573932.019807000 0 0
1484573932.034316000 2644 2808
1484574019.629534000 0 16820
1484574019.641444000 0 0
1484574019.639982000 0 0
1484574026.666017000 0 0
1484574026.734155000 0 0
1484574026.788791000 0 0
1484574026.793298000 0 0
1484574026.801647000 0 0
1484574028.736088000 0 0
1484574028.739477000 0 0
1484574028.742388000 0 0
1484574028.750777000 0 0
1484574028.751296000 0 417
1484574028.762147000 0 0
1484574028.761489000 0 0
1484574028.766556000 0 0
1484574028.768829000 0 0
1484574028.771261000 0 0
1484574028.773710000 0 0
1484574028.786075000 0 0
1484574028.788585000 0 0
1484574028.791059000 0 0
1484574028.806301000 0 0
1484574028.809439000 0 0
1484574030.368267000 0 420
1484574026.808470000 282 0
1484574028.748586000 574 0
1484574028.756790000 504 0
1484574028.778981000 504 0
1484574028.796957000 398 0
1484574026.668747000 0 0
1484574085.111591000 0 7361
1484574085.120738000 0 0
1484574085.119871000 0 0
1484574086.828998000 0 0
1484574086.837034000 0 0
1484574113.212085000 0 1655
1484574113.222488000 0 0
1484574113.221522000 0 0
1484574133.974019000 0 122
1484574133.984686000 0 0
1484574133.983575000 0 0
1484574133.995598000 0 146
1484574134.005136000 0 0
1484574134.004326000 0 0
1484574134.098855000 0 181
1484574134.107215000 0 0
1484574134.106478000 0 0
1484574134.257848000 0 212
1484574134.268158000 0 0
1484574134.267098000 0 0
1484574134.293143000 0 0
1484549674.965559000 0 32768
1484574134.301684000 0 0
1484549674.962535000 32768 1667168
1484574134.312890000 0 0
1484574134.316170000 0 0
1484574134.329935000 0 1657
1484574134.334057000 0 1006
1484574134.342067000 0 0
1484574134.340896000 0 0
1484574134.363934000 0 241
1484574134.376389000 0 0
1484574134.373313000 0 0
1484574134.397320000 0 0
1484549672.997281000 0 32768
1484574134.406759000 0 0
1484549672.994613000 57576 791408
1484574134.419839000 0 0
1484574134.423999000 0 0
1484574134.436323000 0 0
1484549675.197274000 0 4096
1484574134.445384000 0 0
1484574134.450908000 0 0
1484549675.194452000 0 0
1484574134.460417000 0 0
1484574134.466849000 0 0
1484574134.485115000 0 0
1484574134.491098000 0 39040
1484574134.518653000 0 0
1484574134.526359000 0 0
1484574134.531793000 0 0
1484574134.472739000 0 0
1484574134.536015000 0 0
1484574134.616993000 0 6951
1484574134.627528000 0 0
1484574134.626406000 0 0
1484574134.640596000 0 0
1484574140.520183000 0 0
1484574140.532399000 0 0
1484574140.535988000 0 586
1484574140.543579000 0 0
1484574140.546939000 0 0
1484574140.550030000 0 0
1484574140.525186000 0 0
1484574140.553055000 0 0
1484574140.629885000 0 85
1484574140.639118000 0 0
1484574140.651229000 0 109
1484574140.659084000 0 0
1484574140.735744000 0 144
1484574140.742805000 0 0
1484574140.851113000 0 0
1484574140.850452000 0 0
1484573727.690370000 0 4096
1484574140.860064000 0 0
1484574140.866167000 0 0
1484573727.687101000 0 0
1484574140.874569000 0 0
1484574140.875050000 0 0
1484574140.883774000 0 0
1484574140.889190000 0 0
1484574140.881180000 0 10
1484574140.905466000 0 0
1484574140.911035000 0 0
1484574140.858175000 0 0
1484574140.915902000 0 0
1484573728.096354000 19555 16259
1484573728.751283000 3209460 10412
1484573931.126434000 1373492 114265
1484574140.937374000 0 19504
1484574141.027245000 0 420
1484574141.035663000 0 175
1484574141.044262000 0 0
1484574141.054085000 0 0
1484573730.430147000 0 4096
1484574141.057376000 0 204
1484574141.062124000 0 0
1484574141.068109000 0 0
1484573730.422929000 0 0
1484574141.066933000 0 0
1484574141.077987000 0 0
1484574141.084430000 0 0
1484573730.406684000 0 4096
1484574141.093351000 0 0
1484574141.098444000 0 0
1484573730.402077000 0 0
1484574141.106420000 0 0
1484574141.111985000 0 0
1484574141.130342000 0 0
1484574141.135197000 0 28254
1484574141.160253000 0 0
1484574141.165022000 0 0
1484574141.118075000 0 0
1484574141.169230000 0 0
1484574141.211821000 0 0
1484573738.193929000 40863 4152
1484549675.609704000 0 0
1484549675.201991000 0 0
1484549671.414968000 0 0
1484573730.449816000 0 0
1484573730.415803000 0 0
1484573724.208088000 0 0
1484549915.548862000 98304 0
1484549672.431516000 65536 0
1484549672.098530000 167936 4096
1484549672.138519000 8192 4096
1484549674.953680000 196608 98304
1484549672.987624000 1015808 720896
1484549675.185079000 98304 0
1484549673.709968000 98304 0
1484549603.039452000 0 0
1484573726.214601000 360448 0
1484573727.680625000 7168 0
1484573724.944047000 4096 0
1484573724.458910000 86016 4096
1484573724.469364000 16384 4096
1484573730.411752000 163840 0
1484573730.388938000 98304 0
1484573735.571627000 131072 0
1484573733.450721000 98304 0
1484573738.211588000 285437 0
