1484549323.994544000 0 0
1484549324.009922000 0 0
1484549324.016199000 0 0
1484549324.022710000 0 0
1484549324.027510000 0 0
1484549325.356424000 0 0
1484549325.358823000 0 0
1484549325.366345000 0 0
1484549325.319211000 282 0
1484549325.650289000 111 0
1484549325.942833000 282 0
1484549326.246347000 0 0
1484549326.248703000 0 0
1484549326.252868000 0 0
1484549326.254645000 0 0
1484549326.282719000 0 0
1484549326.446525000 0 0
1484549326.293895000 0 0
1484549326.462636000 0 0
1484549326.464425000 0 0
1484549326.465060000 0 0
1484549326.466328000 0 0
1484549326.476646000 0 0
1484549326.481822000 0 0
1484549326.576666000 0 0
1484549326.591310000 0 0
1484549326.593282000 0 0
1484549326.595260000 0 0
1484549326.598280000 0 0
1484549326.363737000 492 0
1484549326.398357000 450 0
1484549326.404865000 574 0
1484549326.428510000 721 0
1484549326.434526000 436 0
1484549326.458340000 129 0
1484549326.474640000 129 0
1484549326.332756000 1886 0
1484549326.356016000 876 0
1484549326.541786000 0 0
1484549326.414866000 1471 0
1484549326.549707000 0 0
1484549326.567584000 572 0
1484549326.572759000 129 0
1484549326.230988000 282 0
1484549326.579256000 544 0
1484549326.614900000 504 0
1484549326.567948000 4096 0
1484549334.724971000 0 0
1484549335.391575000 0 0
1484549335.406538000 0 0
1484549335.420825000 0 0
1484549335.427493000 0 0
1484549335.440776000 0 0
1484549335.455476000 0 0
1484549335.468608000 0 0
1484549335.479976000 0 0
1484549335.485194000 0 0
1484549335.491839000 0 0
1484549335.609508000 0 0
1484549335.707350000 0 0
1484549335.746023000 0 0
1484549335.870200000 0 0
1484549335.994445000 0 0
1484549335.998095000 0 0
1484549336.001301000 0 0
1484549336.004213000 0 0
1484549336.007311000 0 0
1484549336.031834000 0 0
1484549336.049143000 0 0
1484549336.052929000 0 0
1484549336.056203000 0 0
1484549336.068022000 0 0
1484549336.083239000 0 0
1484549336.086781000 0 0
1484549336.090260000 0 0
1484549336.093891000 0 0
1484549336.097423000 0 0
1484549336.100892000 0 0
1484549336.104358000 0 0
1484549336.081315000 0 0
1484549336.109202000 0 0
1484549336.120282000 0 0
1484549336.125622000 0 0
1484549336.128425000 0 0
1484549336.131327000 0 0
1484549336.124114000 0 0
1484549336.066132000 0 0
1484549336.218362000 0 0
1484549336.225915000 0 0
1484549336.375175000 0 0
1484549336.654021000 0 0
1484549336.697871000 0 0
1484549336.762171000 0 0
1484549336.874297000 0 0
1484549336.908809000 0 0
1484549336.911830000 0 18830
1484549337.127282000 0 0
1484549337.130670000 0 0
1484549336.895431000 18830 0
1484549336.902468000 0 0
1484549337.133764000 0 0
1484549337.421749000 0 0
1484549337.436909000 0 1544
1484549337.447275000 0 0
1484549337.530431000 0 0
1484549337.639598000 0 0
1484549337.700392000 0 0
1484549337.785116000 0 0
1484549337.834139000 0 0
1484549338.221586000 0 0
1484549326.320954000 1852 0
1484549326.767393000 1852 0
1484549326.896569000 492 0
1484549326.903245000 0 0
1484549326.378098000 718 0
1484549326.912806000 718 0
1484549326.946378000 450 0
1484549326.948903000 0 0
1484549326.963096000 574 0
1484549326.965570000 0 0
1484549327.038516000 721 0
1484549327.045991000 436 0
1484549340.447921000 7168 0
1484549340.470585000 0 0
1484549340.593373000 0 0
1484549340.606296000 0 0
1484549341.180064000 0 0
1484549341.186271000 0 0
1484549341.192770000 0 0
1484549341.198645000 0 0
1484549341.216460000 0 0
1484549341.221292000 0 0
1484549341.238383000 0 0
1484549341.251382000 0 0
1484549341.264161000 0 0
1484549341.267098000 0 0
1484549341.270616000 0 0
1484549341.271169000 0 2
1484549341.280062000 0 0
1484549341.282814000 0 0
1484549340.615926000 2 0
1484549341.257088000 0 0
1484549341.285564000 0 0
1484549341.342170000 0 0
1484549341.364368000 0 0
1484549341.384459000 0 0
1484549341.392321000 0 0
1484549341.393503000 0 0
1484549341.421217000 0 0
1484549341.390730000 0 0
1484549341.429164000 0 0
1484549341.434783000 0 0
1484549341.436435000 0 0
1484549341.437042000 0 0
1484549341.439138000 0 0
1484549341.439090000 0 0
1484549341.441319000 0 0
1484549341.443201000 0 0
1484549341.446344000 0 0
1484549341.448773000 0 0
1484549341.434596000 0 0
1484549341.452206000 0 0
1484549341.454994000 0 0
1484549341.457864000 0 0
1484549341.461010000 0 0
1484549341.461676000 0 0
1484549341.558430000 0 0
1484549341.564165000 0 0
1484549341.573841000 0 0
1484549341.598613000 0 0
1484549341.615404000 0 0
1484549341.618700000 0 0
1484549341.621963000 0 0
1484549341.629537000 0 0
1484549341.632761000 0 0
1484549341.635809000 0 0
1484549341.638628000 0 0
1484549341.606879000 0 0
1484549341.642964000 0 0
1484549341.645891000 0 0
1484549341.656927000 0 0
1484549341.659811000 0 0
1484549341.662778000 0 0
1484549341.649152000 0 0
1484549341.585693000 0 0
1484549341.701911000 0 0
1484549341.708741000 0 0
1484549341.716330000 0 0
1484549341.730805000 0 0
1484549341.734175000 0 0
1484549341.737275000 0 0
1484549341.740400000 0 0
1484549341.743637000 0 0
1484549341.747061000 0 0
1484549341.749402000 0 0
1484549341.859689000 0 0
1484549341.864547000 0 0
1484549341.942707000 0 0
1484549341.964620000 0 0
1484549342.094190000 0 0
1484549342.097762000 0 0
1484549342.100787000 0 0
1484549342.129611000 0 0
1484549342.270911000 0 0
1484549342.277210000 0 0
1484549342.286569000 0 0
1484549342.323359000 0 0
1484549342.338603000 0 0
1484549342.365676000 0 0
1484549342.475516000 0 0
1484549342.527847000 0 0
1484549342.605986000 0 0
1484549343.017549000 0 0
1484549342.531259000 0 18830
1484549343.032293000 0 0
1484549343.037954000 0 0
1484549342.512721000 18830 0
1484549342.519545000 0 0
1484549343.041502000 0 0
1484549343.091389000 0 0
1484549343.182609000 0 0
1484549343.213685000 0 0
1484549343.216816000 0 2
1484549343.223731000 0 0
1484549343.226225000 0 0
1484549342.282801000 2 0
1484549343.203417000 0 0
1484549343.228881000 0 0
1484549343.258485000 0 53
1484549337.418486000 204 0
1484549343.264652000 0 0
1484549343.540609000 1572864 0
1484549343.734252000 0 0
1484549343.832846000 0 0
1484549343.837925000 0 65673
1484549343.887939000 0 0
1484549343.894136000 0 0
1484549341.417428000 65782 0
1484549343.821214000 0 0
1484549343.898687000 0 0
1484549344.054661000 0 0
1484549344.089681000 0 0
1484549344.096085000 0 0
1484549344.238679000 0 53
1484549343.144353000 288 0
1484549344.245530000 0 0
1484549344.369238000 0 0
1484549344.376671000 0 0
1484549344.520731000 0 90
1484549344.521736000 0 0
1484549344.522206000 0 0
1484549344.526351000 0 0
1484549344.526684000 0 0
1484549344.530948000 0 0
1484549344.427503000 0 0
1484549344.553454000 0 0
1484549344.575390000 0 0
1484549344.589294000 0 0
1484549344.557155000 0 0
1484549344.552426000 0 0
1484549344.629220000 0 0
1484549344.638753000 0 0
1484549344.621923000 0 4096
1484549344.645516000 0 0
1484549344.618625000 0 0
1484549344.652945000 0 0
1484549344.671368000 0 0
1484549345.195799000 0 0
1484549345.303520000 0 0
1484549345.312888000 0 0
1484549346.497023000 0 0
1484549346.500184000 0 880
1484549346.506296000 0 0
1484549336.658391000 0 0
1484549336.683426000 24851 0
1484549326.871945000 36864 0
1484549327.015038000 42496 0
1484549327.041289000 0 0
1484549327.049121000 0 0
1484549326.746210000 4096 0
1484549356.678329000 0 0
1484549344.666331000 0 4096
1484549356.685863000 0 0
1484549356.692539000 0 0
1484549344.663028000 0 0
1484549356.700105000 0 0
1484549344.059159000 0 0
1484549335.424663000 10 0
1484549335.435518000 10 0
1484549335.452639000 111 0
1484549335.507567000 208 0
1484549335.733627000 58677 0
1484549335.763059000 4431 0
1484549335.885710000 16384 0
1484549335.988404000 665 0
1484549336.255631000 337 0
1484549361.609584000 0 2992
1484549361.616541000 0 0
1484549361.622371000 0 0
1484549336.710607000 8416 0
1484549336.784486000 208620 0
1484549337.429185000 3072 0
1484549337.662574000 255412 0
1484549337.711559000 8 0
1484549337.846205000 504 0
1484549338.028458000 9790 0
1484549338.236126000 10481 0
1484549341.196203000 10 0
1484549341.211622000 10 0
1484549341.218919000 111 0
1484549341.288742000 208 0
1484549341.378588000 4122 0
1484549341.479729000 16384 0
1484549341.544580000 6330 0
1484549341.713386000 358 0
1484549342.107205000 185 0
1484549342.355734000 8416 0
1484549342.380938000 237211 0
1484549342.609810000 360 0
1484549343.034687000 3037 0
1484549343.137458000 116 0
1484549343.197567000 4513 0
1484549343.211729000 309 0
1484549343.221336000 5656 0
1484549343.278639000 9188 0
1484549339.248419000 25 0
1484549343.348897000 9833 0
1484549343.359610000 55 0
1484549344.089249000 38246 0
1484549344.275661000 40461 0
1484549344.365061000 3773 0
1484549343.335275000 25 0
1484549344.550014000 29 0
1484549346.211668000 674 0
1484549335.388264000 282 0
1484549371.342893000 0 10481
1484549371.350487000 0 0
1484549374.052684000 0 0
1484549374.074149000 0 0
1484549374.079392000 0 65805
1484549374.122299000 0 0
1484549374.129742000 0 0
1484549374.135419000 0 0
1484549374.058945000 0 0
1484549374.140641000 0 0
1484549376.634275000 0 6267
1484549376.642500000 0 0
1484549376.649239000 0 0
1484549344.613693000 40960 0
1484549382.418156000 0 0
1484549383.275018000 0 0
1484549383.583821000 0 0
1484549383.587611000 0 0
1484549383.595599000 0 0
1484549383.625045000 0 0
1484549383.627879000 0 0
1484549383.630407000 0 0
1484549383.632945000 0 0
1484549383.659794000 0 0
1484549383.662399000 0 0
1484549383.664982000 0 0
1484549391.672035000 0 6296
1484549391.683160000 0 0
1484549391.693535000 0 0
1484549393.368997000 0 0
1484549393.374307000 0 0
1484549393.383097000 0 0
1484549393.388843000 0 0
1484549393.411561000 0 66
1484549393.404850000 66 0
1484549393.416865000 0 0
1484549394.116672000 0 0
1484549394.126121000 0 0
1484549396.516181000 0 0
1484549396.543292000 0 137
1484549396.551983000 0 0
1484549396.523715000 137 0
1484549396.550615000 0 0
1484549396.563119000 0 0
1484549396.571589000 0 0
1484549396.589084000 0 6880
1484549396.597023000 0 0
1484549396.596032000 0 0
1484549399.132117000 0 0
1484549399.137141000 0 0
1484549399.143778000 0 0
1484549399.148648000 0 0
1484549399.169853000 0 4070
1484549399.162353000 4070 0
1484549399.177154000 0 0
1484549402.194242000 0 0
1484549402.249796000 0 137
1484549402.259582000 0 0
1484549402.224247000 137 0
1484549402.257693000 0 0
1484549402.280612000 0 0
1484549402.289266000 0 0
1484549402.321162000 0 0
1484549402.326630000 0 13033
1484549402.336841000 0 0
1484549402.335504000 0 0
1484549402.350296000 0 0
1484549402.364200000 0 0
1484549402.399201000 0 0
1484549402.407196000 0 0
1484549402.437520000 0 0
1484549402.538519000 0 0
1484549402.568999000 0 0
1484549402.605504000 0 0
1484549402.635289000 0 0
1484549402.659335000 0 0
1484549402.684095000 0 0
1484549402.695815000 0 0
1484549402.702502000 0 0
1484549402.719768000 0 0
1484549402.726727000 0 0
1484549402.733303000 0 0
1484549402.739942000 0 0
1484549402.759666000 0 0
1484549402.766898000 0 0
1484549402.774420000 0 0
1484549402.781113000 0 0
1484549402.787738000 0 0
1484549402.795540000 0 0
1484549402.801804000 0 0
1484549402.808387000 0 0
1484549402.823458000 0 0
1484549402.837045000 0 0
1484549402.843938000 0 0
1484549402.862498000 0 0
1484549402.870070000 0 0
1484549402.878089000 0 0
1484549402.890073000 0 0
1484549402.902193000 0 0
1484549402.918604000 0 0
1484549402.924797000 0 0
1484549402.931551000 0 0
1484549402.943049000 0 0
1484549402.949102000 0 0
1484549402.977599000 0 0
1484549402.983859000 0 0
1484549402.990489000 0 0
1484549402.997269000 0 0
1484549403.003740000 0 0
1484549403.016860000 0 0
1484549403.030976000 0 0
1484549403.037776000 0 0
1484549403.044450000 0 0
1484549403.050409000 0 0
1484549403.067854000 0 0
1484549403.074337000 0 0
1484549403.080725000 0 0
1484549403.086696000 0 0
1484549403.093304000 0 0
1484549403.104234000 0 0
1484549403.113090000 0 0
1484549403.124417000 0 0
1484549403.140581000 0 0
1484549403.168091000 0 0
1484549403.181493000 0 0
1484549403.192125000 0 0
1484549403.200235000 0 0
1484549403.208442000 0 0
1484549403.215647000 0 0
1484549403.227773000 0 0
1484549403.234735000 0 0
1484549403.250906000 0 0
1484549403.257769000 0 0
1484549403.268747000 0 0
1484549403.276974000 0 0
1484549403.287035000 0 0
1484549403.300851000 0 0
1484549403.308586000 0 0
1484549403.315373000 0 0
1484549403.326991000 0 0
1484549403.342378000 0 0
1484549403.349623000 0 0
1484549403.356266000 0 0
1484549403.363240000 0 0
1484549403.369283000 0 0
1484549403.376060000 0 0
1484549403.382575000 0 0
1484549403.398572000 0 0
1484549403.405274000 0 0
1484549403.412688000 0 0
1484549403.429458000 0 0
1484549403.444067000 0 0
1484549403.450268000 0 0
1484549403.501215000 0 0
1484549403.563904000 0 0
1484549403.573150000 0 0
1484549403.588485000 0 0
1484549403.592933000 0 0
1484549403.596846000 0 0
1484549403.610157000 0 0
1484549403.614300000 0 0
1484549403.618746000 0 0
1484549403.622051000 0 0
1484549403.632305000 0 0
1484549403.636652000 0 0
1484549403.640159000 0 0
1484549403.652999000 0 0
1484549403.667151000 0 0
1484549403.679120000 0 0
1484549403.688561000 0 0
1484549403.693139000 0 0
1484549403.697831000 0 0
1484549403.702297000 0 0
1484549403.707241000 0 0
1484549403.716522000 0 0
1484549403.729841000 0 0
1484549403.734245000 0 0
1484549403.738972000 0 0
1484549404.103218000 0 0
1484549404.106711000 0 0
1484549404.757839000 0 0
1484549404.771994000 0 0
1484549405.042273000 0 0
1484549383.601120000 572 0
1484549383.609384000 282 0
1484549383.638467000 504 0
1484549383.673241000 504 0
1484549341.727086000 1939 2372
1484549396.632428000 51 0
1484549402.380169000 51 0
1484549458.425155000 0 0
1484549458.807022000 683445 0
1484549458.775644000 166272 0
1484549507.555150000 0 0
1484549507.575660000 825972 7128
1484549521.850206000 0 0
1484549521.853408000 0 0
1484549521.861905000 0 0
1484549521.869977000 0 0
1484549521.884269000 0 0
1484549521.886835000 0 0
1484549521.889434000 0 0
1484549521.891948000 0 0
1484549521.900750000 0 0
1484549521.903217000 0 0
1484549521.913372000 0 0
1484549521.915398000 0 0
1484549521.917708000 0 0
1484549521.970724000 0 0
1484549521.973282000 0 0
1484549521.664543000 881666 0
1484549521.866678000 572 0
1484549521.876245000 504 0
1484549521.894509000 504 0
1484549521.905572000 282 0
1484549521.950599000 398 0
1484549526.137599000 0 0
1484549526.379261000 0 0
1484549526.381715000 0 0
1484549527.466537000 0 0
1484549527.469078000 0 0
1484549527.473710000 0 0
1484549527.481738000 0 0
1484549527.483840000 0 0
1484549527.485813000 0 0
1484549527.493656000 0 0
1484549527.495599000 0 0
1484549527.504152000 0 0
1484549527.506122000 0 0
1484549527.542458000 0 0
1484549529.377639000 0 882226
1484549529.463531000 0 0
1484549529.461448000 0 0
1484549525.844504000 0 0
1484549526.385930000 282 0
1484549527.471418000 572 0
1484549527.476204000 504 0
1484549527.487972000 504 0
1484549527.497692000 398 0
1484549578.440349000 0 0
1484549578.473128000 0 9790
1484549578.481008000 0 0
1484549578.480038000 0 0
1484549637.634954000 0 0
1484549637.692525000 0 0
1484549642.654744000 0 1060
1484549642.669661000 0 0
1484549642.667870000 0 0
1484549644.117927000 0 665
1484549645.256940000 0 6330
1484549637.670248000 35478 0
1484549694.084170000 0 0
1484549694.103915000 0 0
1484549694.110575000 0 0
1484549694.131830000 0 0
1484549694.143259000 0 0
1484549694.162498000 0 0
1484549694.136689000 0 65805
1484549694.180631000 0 0
1484549694.185594000 0 0
1484549694.189184000 0 0
1484549694.166165000 0 58757
1484549694.116668000 0 0
1484549694.192529000 0 0
1484549694.201208000 0 0
1484549694.205791000 0 0
1484549694.209772000 0 0
1484549694.209573000 0 0
1484549694.213642000 0 0
1484549694.213740000 0 0
1484549694.152497000 0 0
1484549694.213526000 0 0
1484549694.223005000 0 0
1484549694.228451000 0 0
1484549694.231733000 0 0
1484549694.236353000 0 0
1484549694.243985000 0 0
1484549694.245516000 0 0
1484549694.249162000 0 0
1484549694.253316000 0 0
1484549694.255769000 0 0
1484549694.257330000 0 0
1484549694.249016000 0 0
1484549694.253992000 0 0
1484549694.270213000 0 0
1484549694.226828000 0 0
1484549694.273235000 0 0
1484549694.290840000 0 0
1484549694.294203000 0 0
1484549694.307854000 0 0
1484549694.300791000 0 0
1484549694.315144000 0 0
1484549694.316448000 0 0
1484549694.321677000 0 0
1484549694.327959000 0 0
1484549694.325906000 0 0
1484549694.352712000 0 0
1484549694.351655000 0 0
1484549694.355504000 0 0
1484549694.362938000 0 0
1484549694.369135000 0 0
1484549694.342956000 0 4096
1484549694.359004000 0 0
1484549694.381514000 0 0
1484549694.382611000 0 0
1484549694.337763000 0 0
1484549694.386322000 0 0
1484549694.389967000 0 0
1484549694.393655000 0 0
1484549694.398415000 0 0
1484549694.391412000 0 0
1484549694.423713000 0 0
1484549694.433243000 0 0
1484549694.308580000 0 4096
1484549694.440342000 0 0
1484549694.303919000 0 0
1484549694.446980000 0 0
1484549694.448780000 0 0
1484549694.466053000 0 0
1484549694.469977000 0 0
1484549694.472925000 0 0
1484549694.465861000 0 0
1484549694.485754000 0 0
1484549694.489363000 0 0
1484549694.423904000 0 4096
1484549694.497210000 0 0
1484549694.503773000 0 0
1484549694.399911000 0 0
1484549694.509241000 0 0
1484549694.449411000 0 4096
1484549694.513003000 0 0
1484549694.512620000 0 0
1484549694.516224000 0 0
1484549694.436286000 0 0
1484549694.510836000 0 0
1484549694.285226000 0 0
1484549694.525355000 0 0
1484549694.532654000 0 0
1484549694.538879000 0 0
1484549694.388616000 0 4096
1484549694.541780000 0 0
1484549694.544964000 0 0
1484549694.377452000 0 0
1484549694.555300000 0 0
1484549694.556104000 0 0
1484549694.563029000 0 0
1484549694.566359000 0 0
1484549694.572596000 0 0
1484549694.540099000 0 0
1484549694.590610000 0 0
1484549694.647011000 0 0
1484549694.553135000 0 4096
1484549694.656583000 0 0
1484549694.539423000 0 0
1484549694.665462000 0 0
1484549694.753008000 0 0
1484549694.578200000 0 4096
1484549694.761148000 0 0
1484549694.571746000 0 0
1484549694.771552000 0 0
1484549706.266217000 0 0
1484549694.239667000 0 4096
1484549706.274520000 0 0
1484549706.280689000 0 0
1484549694.231854000 0 0
1484549706.288383000 0 0
1484549694.240403000 29 0
1484549694.264726000 46 0
1484549694.312538000 59 0
1484549694.344914000 44 0
1484549694.371408000 52 0
1484549694.332117000 45056 0
1484549694.399107000 66 0
1484549694.292642000 524288 0
1484549694.479877000 51 0
1484549694.389421000 45056 0
1484549694.519167000 47 0
1484549694.429263000 45056 0
1484549694.365825000 524288 0
1484549694.525624000 397312 0
1484549694.559655000 524288 0
1484549694.224475000 45056 0
1484549887.077367000 0 0
1484549940.212275000 0 208787
1484549940.237712000 0 0
1484549940.236744000 0 0
1484549943.966548000 0 237378
1484549943.995763000 0 0
1484549943.994136000 0 0
1484549971.261441000 0 6614
1484549971.273680000 0 0
1484549971.271685000 0 0
1484549971.285011000 0 0
1484549971.283184000 0 0
1484549986.348244000 0 18712
1484549986.361448000 0 0
1484549986.359869000 0 0
1484549986.370609000 0 0
1484549986.369206000 0 0
1484549971.117212000 19436 0
1484549996.682928000 0 8318
1484549996.691015000 0 0
1484549996.690001000 0 0
1484549998.058439000 0 4513
1484549998.071685000 0 0
1484549998.069402000 0 0
1484550001.349935000 0 19507
1484550001.361813000 0 0
1484550001.360421000 0 0
1484550001.370558000 0 0
1484550001.369408000 0 0
1484550002.436749000 0 14794
1484550002.445581000 0 0
1484550002.444424000 0 0
1484550016.402889000 0 19771
1484550016.417845000 0 0
1484550016.415494000 0 0
1484550016.429829000 0 0
1484550016.427545000 0 0
1484550063.370521000 0 3753
1484550063.384743000 0 0
1484550063.382467000 0 0
1484549409.716660000 0 12042
1484549637.705730000 8237 260
1484549887.080247000 35478 7670
1484549515.895417000 827367 12215
1484550103.428687000 0 0
1484550103.940920000 0 0
1484550108.707797000 0 882711
1484550108.793248000 0 0
1484550108.791007000 0 0
1484550113.010547000 282 0
1484550163.406549000 0 0
1484550163.462468000 0 0
1484550163.510015000 0 0
1484550163.512954000 0 0
1484550163.521538000 0 0
1484550163.528683000 0 0
1484550163.537692000 0 0
1484550163.550883000 0 0
1484550163.547752000 0 0
1484550163.565709000 0 0
1484550163.569881000 0 0
1484550163.573391000 0 0
1484550163.579890000 0 0
1484550163.610483000 0 0
1484550163.613831000 0 0
1484550163.569629000 985 0
1484550163.620701000 572 0
1484550163.525631000 282 0
1484550182.413742000 0 0
1484550182.456058000 0 5656
1484550182.466031000 0 0
1484550182.464977000 0 0
1484550242.732479000 0 1260
1484550242.746517000 0 0
1484550242.744258000 0 0
1484550242.766572000 0 6330
1484550397.944464000 0 0
1484550397.953010000 0 0
1484550397.956305000 0 0
1484550103.433165000 830252 9972
1484550441.158994000 0 0
1484549342.040805000 3156 27134
1484550451.831173000 0 883174
1484550451.918979000 0 0
1484550451.916561000 0 0
1484550103.945875000 38224 0
1484550463.197838000 0 10481
1484550463.207580000 0 0
1484550463.206748000 0 0
1484550455.915136000 282 0
1484550483.109820000 0 0
1484550502.390830000 282 0
1484550528.890025000 0 0
1484550528.894257000 0 0
1484550528.902986000 0 0
1484550528.911908000 0 0
1484550528.927442000 0 0
1484550528.930643000 0 0
1484550528.933826000 0 0
1484550528.937226000 0 0
1484550528.949363000 0 0
1484550528.951923000 0 0
1484550528.959703000 0 0
1484550528.962571000 0 0
1484550528.965711000 0 0
1484550528.978659000 0 0
1484550528.981751000 0 0
1484550537.846513000 0 0
1484550542.762213000 0 1361
1484550542.776353000 0 0
1484550542.774167000 0 0
1484550528.849220000 282 0
1484550528.908854000 572 0
1484550528.917968000 504 0
1484550528.942411000 504 0
1484550528.971019000 398 0
1484550537.849334000 38224 0
1484550596.759470000 0 8322
1484550596.772418000 0 0
1484550596.770134000 0 0
1484550602.477323000 0 14803
1484550602.486440000 0 0
1484550602.485675000 0 0
1484550673.586303000 0 19799
1484550673.601092000 0 0
1484550673.598987000 0 0
1484550673.612553000 0 0
1484550673.610839000 0 0
1484550688.644386000 0 21039
1484550688.659246000 0 0
1484550688.657108000 0 0
1484550688.670481000 0 0
1484550688.668476000 0 0
1484550746.144765000 0 883687
1484550746.231044000 0 0
1484550746.229154000 0 0
1484550441.163414000 833148 9834
1484550750.270881000 0 0
1484550744.875126000 282 0
1484550823.198456000 0 10481
1484550823.211722000 0 0
1484550823.209854000 0 0
1484550837.891776000 0 0
1484550842.793709000 0 1460
1484550842.808905000 0 0
1484550842.806647000 0 0
1484550837.898467000 38224 0
1484550888.923376000 0 21315
1484550888.935873000 0 0
1484550888.934835000 0 0
1484550888.946540000 0 0
1484550888.945120000 0 0
1484550896.793872000 0 8322
1484550896.803680000 0 0
1484550896.802429000 0 0
1484550902.519333000 0 14809
1484550902.531193000 0 0
1484550902.529611000 0 0
1484550903.980092000 0 22520
1484550903.994070000 0 0
1484550903.992304000 0 0
1484550904.003518000 0 0
1484550904.002059000 0 0
1484550919.037656000 0 27203
1484550919.051256000 0 0
1484550919.049673000 0 0
1484550919.062194000 0 0
1484550919.060835000 0 0
1484550934.082715000 0 28457
1484550934.095971000 0 0
1484550934.094774000 0 0
1484550934.106010000 0 0
1484550934.104720000 0 0
1484550963.875048000 0 28457
1484550963.890891000 0 0
1484550963.888620000 0 0
1484550963.903098000 0 0
1484550963.901172000 0 0
1484550978.940141000 0 28485
1484550978.955302000 0 0
1484550978.953450000 0 0
1484550978.965398000 0 0
1484550978.964109000 0 0
1484550994.005080000 0 29640
1484550994.019437000 0 0
1484550994.017956000 0 0
1484550994.029613000 0 0
1484550994.028618000 0 0
1484551138.136032000 0 0
1484551142.006043000 0 0
1484551142.016701000 0 0
1484551142.828346000 0 1666
1484551142.841201000 0 0
1484551142.839192000 0 0
1484550441.353734000 0 10266
1484551138.142419000 38224 0
1484551179.974253000 0 884174
1484551180.062804000 0 0
1484551180.060546000 0 0
1484551196.876792000 0 8322
1484551196.885614000 0 0
1484551196.884646000 0 0
1484551202.570681000 0 14809
1484551202.583485000 0 0
1484551202.581556000 0 0
1484551284.224306000 0 0
1484551284.235544000 0 0
1484551317.275679000 0 10481
1484551317.286677000 0 0
1484551317.285431000 0 0
1484550750.275437000 836061 27040
1484551142.011741000 1877 6710
1484551438.187220000 0 0
1484551442.862920000 0 360
1484551442.878091000 0 0
1484551442.875803000 0 0
1484551446.887642000 0 6330
1484551438.194469000 38224 0
1484551492.469527000 0 10481
1484551492.484032000 0 0
1484551492.481780000 0 0
1484551496.902511000 0 8322
1484551496.915625000 0 0
1484551496.913364000 0 0
1484551497.273626000 0 29370
1484551497.288107000 0 0
1484551497.286685000 0 0
1484551497.298384000 0 0
1484551497.297062000 0 0
1484551502.600356000 0 14810
1484551502.610939000 0 0
1484551502.609864000 0 0
1484551512.340160000 0 30382
1484551512.358062000 0 0
1484551512.355678000 0 0
1484551512.369499000 0 0
1484551512.367127000 0 0
1484551527.409881000 0 30975
1484551527.424023000 0 0
1484551527.422672000 0 0
1484551527.433332000 0 0
1484551527.432133000 0 0
1484551544.002934000 0 31785
1484551544.017704000 0 0
1484551544.016235000 0 0
1484551544.027979000 0 0
1484551544.026237000 0 0
1484551559.074507000 0 32580
1484551559.091210000 0 0
1484551559.088960000 0 0
1484551559.101972000 0 0
1484551559.100317000 0 0
1484551589.780909000 0 0
1484551589.781913000 0 0
1484551589.809036000 0 0
1484551589.813078000 0 0
1484551589.822693000 0 0
1484551589.855038000 0 0
1484551593.010503000 0 0
1484551595.086963000 0 0
1484551593.025636000 876 0
1484551589.829119000 282 0
1484551593.029955000 492 0
1484551593.043355000 574 0
1484551593.047627000 1471 0
1484551593.052246000 721 0
1484551593.056575000 436 0
1484551593.113025000 0 0
1484551593.115796000 0 0
1484551597.925691000 0 0
1484551593.038912000 450 0
1484551606.554516000 0 665
1484551607.441828000 0 0
1484551607.444669000 0 0
1484551607.447339000 0 0
1484551593.017813000 1852 0
1484551593.034475000 718 0
1484551593.023110000 1886 0
1484551599.020860000 0 0
1484551599.231201000 0 0
1484551738.249382000 0 0
1484551742.884094000 0 460
1484551742.896518000 0 0
1484551742.895066000 0 0
1484551284.229343000 2636 8429
1484551738.256572000 38224 0
1484551796.946480000 0 8322
1484551796.957018000 0 0
1484551796.955474000 0 0
1484551802.641028000 0 14810
1484551802.652252000 0 0
1484551802.651195000 0 0
1484551885.310231000 0 0
1484551885.346509000 0 0
1484551885.349463000 0 0
1484551885.357737000 0 0
1484551885.364272000 572 0
1484551950.487536000 0 32856
1484551950.502289000 0 0
1484551950.501046000 0 0
1484551950.510954000 0 0
1484551950.509994000 0 0
1484551965.569202000 0 33387
1484551965.584952000 0 0
1484551965.583065000 0 0
1484551965.596794000 0 0
1484551965.594832000 0 0
1484551994.859754000 0 34122
1484551994.874121000 0 0
1484551994.872755000 0 0
1484551994.884207000 0 0
1484551994.882776000 0 0
1484552009.913702000 0 39351
1484552009.930215000 0 0
1484552009.928658000 0 0
1484552009.940597000 0 0
1484552009.939475000 0 0
1484552024.986452000 0 40922
1484552025.004426000 0 0
1484552025.002468000 0 0
1484552025.015965000 0 0
1484552025.014335000 0 0
1484552038.300133000 0 0
1484552040.062101000 0 42466
1484552040.079282000 0 0
1484552040.077344000 0 0
1484552040.091803000 0 0
1484552040.089469000 0 0
1484552055.126829000 0 42466
1484552055.142108000 0 0
1484552055.140758000 0 0
1484552055.151466000 0 0
1484552055.150001000 0 0
1484552038.304109000 38224 0
1484552096.984724000 0 8322
1484552096.995995000 0 0
1484552096.994461000 0 0
1484552102.678916000 0 14818
1484552102.691020000 0 0
1484552102.689578000 0 0
1484552121.842487000 0 43816
1484552121.859125000 0 0
1484552121.857369000 0 0
1484552121.875439000 0 0
1484552121.873742000 0 0
1484552136.905374000 0 47305
1484552136.919511000 0 0
1484552136.918537000 0 0
1484552136.928579000 0 0
1484552136.927414000 0 0
1484552151.927625000 0 52442
1484552151.943380000 0 0
1484552151.942237000 0 0
1484552151.952855000 0 0
1484552151.951591000 0 0
1484552216.619707000 0 10481
1484552216.634756000 0 0
1484552216.632559000 0 0
1484552221.645177000 0 52706
1484552221.664136000 0 0
1484552221.661846000 0 0
1484552221.676238000 0 0
1484552221.673976000 0 0
1484552251.733260000 0 6330
1484552261.436592000 0 53966
1484552261.452458000 0 0
1484552261.450892000 0 0
1484552261.462926000 0 0
1484552261.461359000 0 0
1484552276.521994000 0 55282
1484552276.542040000 0 0
1484552276.539695000 0 0
1484552276.554343000 0 0
1484552276.552041000 0 0
1484552291.612356000 0 56443
1484552291.630726000 0 0
1484552291.629367000 0 0
1484552291.643283000 0 0
1484552291.641242000 0 0
1484552338.343377000 0 0
1484552342.942174000 0 560
1484552342.956770000 0 0
1484552342.954695000 0 0
1484552338.349474000 38224 0
1484552395.146420000 0 0
1484552397.030663000 0 8322
1484552397.043924000 0 0
1484552397.041616000 0 0
1484552400.964532000 0 0
1484552401.195736000 0 0
1484552401.206645000 0 0
1484552402.712961000 0 14818
1484552402.723853000 0 0
1484552402.722315000 0 0
1484552395.150040000 38224 5072
1484552433.122969000 0 10481
1484552433.137982000 0 0
1484552433.135996000 0 0
1484552489.705037000 0 0
1484552513.208076000 0 56719
1484552513.224958000 0 0
1484552513.223450000 0 0
1484552513.235832000 0 0
1484552513.234512000 0 0
1484552528.314252000 0 57050
1484552528.331368000 0 0
1484552528.329723000 0 0
1484552528.341846000 0 0
1484552528.340527000 0 0
1484552543.380478000 0 57726
1484552543.396854000 0 0
1484552543.395438000 0 0
1484552543.406562000 0 0
1484552543.405103000 0 0
1484552558.457249000 0 58130
1484552558.476540000 0 0
1484552558.474940000 0 0
1484552558.486402000 0 0
1484552558.485046000 0 0
1484552567.173665000 0 0
1484552567.176745000 0 0
1484552567.184601000 0 0
1484552567.192876000 0 0
1484552567.204145000 0 0
1484552567.206582000 0 0
1484552567.208955000 0 0
1484552567.211245000 0 0
1484552567.221130000 0 0
1484552567.223382000 0 0
1484552567.233451000 0 0
1484552567.235784000 0 0
1484552567.238389000 0 0
1484552567.249259000 0 0
1484552567.251512000 0 0
1484552567.190599000 572 0
1484552567.198629000 504 0
1484552567.215680000 504 0
1484552567.227713000 282 0
1484552567.242879000 398 0
1484552573.512225000 0 58130
1484552573.528329000 0 0
1484552573.527577000 0 0
1484552573.537266000 0 0
1484552573.536287000 0 0
1484552642.971136000 0 965
1484552642.985452000 0 0
1484552642.983082000 0 0
1484552697.073287000 0 8322
1484552697.084216000 0 0
1484552697.082661000 0 0
1484552702.770927000 0 14819
1484552702.782857000 0 0
1484552702.781239000 0 0
1484552763.486951000 0 58534
1484552763.503097000 0 0
1484552763.501770000 0 0
1484552763.512506000 0 0
1484552763.511405000 0 0
1484552778.564193000 0 62246
1484552778.583494000 0 0
1484552778.581608000 0 0
1484552778.594981000 0 0
1484552778.592948000 0 0
1484552793.646795000 0 64957
1484552793.664644000 0 0
1484552793.663113000 0 0
1484552793.676548000 0 0
1484552793.674273000 0 0
1484552871.214098000 0 66213
1484552871.235118000 0 0
1484552871.232755000 0 0
1484552871.250048000 0 0
1484552871.247677000 0 0
1484552886.316825000 0 67349
1484552886.336926000 0 0
1484552886.334684000 0 0
1484552886.349440000 0 0
1484552886.347137000 0 0
1484551343.652529000 0 15167
1484552401.201739000 2851 15201
1484552489.710377000 41454 0
1484552939.954941000 0 0
1484552943.001511000 0 1165
1484552943.014376000 0 0
1484552943.012810000 0 0
1484552951.757992000 0 0
1484552951.764332000 0 0
1484552939.959290000 41454 0
1484552997.129644000 0 8322
1484552997.144035000 0 0
1484552997.141896000 0 0
1484553002.828405000 0 14819
1484553002.843567000 0 0
1484553002.841237000 0 0
1484552951.761448000 2147 2297
1484553239.993745000 0 0
1484553244.833095000 0 10481
1484553244.847689000 0 0
1484553244.845374000 0 0
1484553247.027072000 0 6330
1484553240.000380000 41454 0
1484553284.316617000 0 10481
1484553284.331642000 0 0
1484553284.329412000 0 0
1484552400.971533000 842086 25451
1484553297.161501000 0 8322
1484553297.173347000 0 0
1484553297.171946000 0 0
1484553302.865789000 0 14819
1484553302.876863000 0 0
1484553302.875325000 0 0
1484553319.222264000 0 10481
1484553319.237387000 0 0
1484553319.235253000 0 0
1484553354.266699000 0 0
1484553354.271028000 0 0
1484553354.321005000 0 0
1484553354.325871000 0 0
1484553354.337259000 0 0
1484553354.385721000 0 0
1484553354.389793000 0 0
1484553363.922751000 0 0
1484553363.926063000 0 0
1484553372.494199000 0 0
1484553372.535225000 0 0
1484553372.538504000 0 0
1484553372.546455000 0 0
1484553354.393584000 564 0
1484553377.211698000 0 10481
1484553377.226174000 0 0
1484553377.223931000 0 0
1484553354.346420000 398 0
1484553380.660519000 0 0
1484553380.664280000 0 0
1484553380.667204000 0 0
1484553380.672475000 0 0
1484553380.686122000 0 0
1484553380.688796000 0 0
1484553380.691664000 0 0
1484553380.703917000 0 0
1484553380.706629000 0 0
1484553380.716984000 0 0
1484553380.719992000 0 0
1484553380.670161000 572 0
1484553380.678709000 504 0
1484553380.697496000 504 0
1484553380.709547000 398 0
1484553451.540386000 0 10481
1484553451.555421000 0 0
1484553451.553137000 0 0
1484553540.038989000 0 0
1484553543.057998000 0 560
1484553543.072899000 0 0
1484553543.070800000 0 0
1484553540.043656000 41454 0
1484553597.222146000 0 8322
1484553597.235106000 0 0
1484553597.232887000 0 0
1484553602.908353000 0 14819
1484553602.922019000 0 0
1484553602.919766000 0 0
1484553215.309121000 0 7555
1484553840.083042000 0 0
1484553840.089621000 41454 0
1484553909.408874000 0 0
1484553909.413732000 0 0
1484553909.416493000 0 0
1484553909.419325000 0 0
1484553909.421909000 0 0
1484553909.424679000 0 0
1484553909.427097000 0 0
1484553909.429521000 0 0
1484553909.592057000 0 0
1484553909.597119000 0 0
1484553909.602577000 0 0
1484553909.607982000 0 0
1484553909.613081000 0 0
1484553909.655636000 0 0
1484553909.661238000 0 0
1484553909.666681000 0 0
1484553909.411916000 0 0
1484553909.679709000 0 0
1484554011.722411000 0 66782
1484554011.741204000 0 0
1484554011.739612000 0 0
1484554011.755380000 0 0
1484554011.753123000 0 0
1484554140.132693000 0 0
1484554140.135798000 41454 0
1484554347.578543000 0 8322
1484554347.587372000 0 0
1484554347.586550000 0 0
1484554350.586368000 0 14819
1484554350.598459000 0 0
1484554350.597064000 0 0
1484554382.266675000 0 10481
1484554382.282616000 0 0
1484554382.280358000 0 0
1484554422.276893000 0 67156
1484554422.295385000 0 0
1484554422.293795000 0 0
1484554422.305622000 0 0
1484554422.304208000 0 0
1484554437.353565000 0 67156
1484554437.371602000 0 0
1484554437.370278000 0 0
1484554437.381689000 0 0
1484554437.380220000 0 0
1484554440.168277000 0 0
1484554443.158012000 0 560
1484554443.179144000 0 0
1484554443.176967000 0 0
1484554452.409416000 0 67529
1484554452.429200000 0 0
1484554452.427832000 0 0
1484554452.441059000 0 0
1484554452.439544000 0 0
1484554440.174338000 41454 0
1484554467.496931000 0 68685
1484554467.517016000 0 0
1484554467.515249000 0 0
1484554467.528372000 0 0
1484554467.526581000 0 0
1484554482.571648000 0 68685
1484554482.593558000 0 0
1484554482.591719000 0 0
1484554482.611869000 0 0
1484554482.610130000 0 0
1484554497.685618000 0 68685
1484554497.708954000 0 0
1484554497.707695000 0 0
1484554497.719454000 0 0
1484554497.717989000 0 0
1484554512.763475000 0 68685
1484554512.783115000 0 0
1484554512.781620000 0 0
1484554512.793324000 0 0
1484554512.791987000 0 0
1484554527.839784000 0 68685
1484554527.858032000 0 0
1484554527.856451000 0 0
1484554527.868611000 0 0
1484554527.866952000 0 0
1484554542.923803000 0 68685
1484554542.939930000 0 0
1484554542.939048000 0 0
1484554542.948053000 0 0
1484554542.946984000 0 0
1484554558.015575000 0 68685
1484554558.034030000 0 0
1484554558.032761000 0 0
1484554558.045645000 0 0
1484554558.043345000 0 0
1484554573.078832000 0 68685
1484554573.096112000 0 0
1484554573.095028000 0 0
1484554573.106674000 0 0
1484554573.105564000 0 0
1484554588.161180000 0 68475
1484554588.181311000 0 0
1484554588.179828000 0 0
1484554588.192279000 0 0
1484554588.190636000 0 0
1484554647.626245000 0 8322
1484554647.637202000 0 0
1484554647.635862000 0 0
1484554650.625282000 0 14826
1484554650.638543000 0 0
1484554650.636858000 0 0
1484554721.298391000 0 6330
1484554740.324216000 0 0
1484554742.246453000 0 0
1484554742.256165000 0 0
1484554742.251619000 1992 2268
1484554756.854652000 0 68655
1484554756.872107000 0 0
1484554756.871155000 0 0
1484554756.881206000 0 0
1484554756.879919000 0 0
1484554740.328760000 41454 0
1484554771.931152000 0 68503
1484554771.949726000 0 0
1484554771.948230000 0 0
1484554771.960678000 0 0
1484554771.959017000 0 0
1484554838.681832000 0 68503
1484554838.702735000 0 0
1484554838.700353000 0 0
1484554838.715816000 0 0
1484554838.713425000 0 0
1484554853.758866000 0 68503
1484554853.780150000 0 0
1484554853.778629000 0 0
1484554853.791840000 0 0
1484554853.790265000 0 0
1484554868.838340000 0 68503
1484554868.859723000 0 0
1484554868.857421000 0 0
1484554868.872726000 0 0
1484554868.870346000 0 0
1484554883.917438000 0 68503
1484554883.937007000 0 0
1484554883.934352000 0 0
1484554883.947612000 0 0
1484554883.946014000 0 0
1484554898.998630000 0 68503
1484554899.017331000 0 0
1484554899.015913000 0 0
1484554899.028336000 0 0
1484554899.026557000 0 0
1484554914.074221000 0 68503
1484554914.095851000 0 0
1484554914.093965000 0 0
1484554914.108839000 0 0
1484554914.106916000 0 0
1484554929.150413000 0 68503
1484554929.169318000 0 0
1484554929.167925000 0 0
1484554929.179051000 0 0
1484554929.178021000 0 0
1484554944.216823000 0 68503
1484554944.235035000 0 0
1484554944.233779000 0 0
1484554944.245301000 0 0
1484554944.244223000 0 0
1484554947.670633000 0 8322
1484554947.683453000 0 0
1484554947.681561000 0 0
1484554950.659819000 0 14827
1484554950.669947000 0 0
1484554950.668935000 0 0
1484554959.288924000 0 68503
1484554959.306344000 0 0
1484554959.305290000 0 0
1484554959.317894000 0 0
1484554959.316556000 0 0
1484554972.963972000 0 0
1484554972.985615000 0 0
1484554972.989862000 0 0
1484554972.998942000 0 0
1484554973.012530000 0 0
1484554973.363668000 0 0
1484554973.367090000 0 0
1484554973.361435000 0 0
1484554974.340188000 0 68683
1484554974.359421000 0 0
1484554974.358718000 0 0
1484554974.369215000 0 0
1484554974.368457000 0 0
1484554989.419609000 0 68683
1484554989.437850000 0 0
1484554989.436685000 0 0
1484554989.449813000 0 0
1484554989.447565000 0 0
1484555004.481632000 0 68683
1484555004.498851000 0 0
1484555004.497949000 0 0
1484555004.508219000 0 0
1484555004.507235000 0 0
1484555019.572304000 0 68683
1484555019.590897000 0 0
1484555019.589335000 0 0
1484555019.602873000 0 0
1484555019.600626000 0 0
1484555040.372072000 0 0
1484555054.259462000 0 6330
1484555040.378601000 41454 0
1484555068.654769000 0 68683
1484555068.674055000 0 0
1484555068.672636000 0 0
1484555068.687593000 0 0
1484555068.685574000 0 0
1484555083.736691000 0 68683
1484555083.759349000 0 0
1484555083.757000000 0 0
1484555083.771551000 0 0
1484555083.769240000 0 0
1484555118.588611000 0 68866
1484555118.621380000 0 0
1484555118.620399000 0 0
1484555118.632885000 0 0
1484555118.631862000 0 0
1484555133.689747000 0 68865
1484555133.710918000 0 0
1484555133.709255000 0 0
1484555133.724329000 0 0
1484555133.722415000 0 0
1484555148.772307000 0 68865
1484555148.791796000 0 0
1484555148.790517000 0 0
1484555148.802945000 0 0
1484555148.801649000 0 0
1484555163.850767000 0 68865
1484555163.874345000 0 0
1484555163.871872000 0 0
1484555163.887838000 0 0
1484555163.885480000 0 0
1484555178.938841000 0 68695
1484555178.957538000 0 0
1484555178.956158000 0 0
1484555178.969102000 0 0
1484555178.967790000 0 0
1484555213.509891000 0 0
1484555213.513688000 0 0
1484555213.521667000 0 0
1484555213.530392000 0 0
1484555213.543289000 0 0
1484555213.546260000 0 0
1484555213.549060000 0 0
1484555213.551766000 0 0
1484555213.562175000 0 0
1484555213.564792000 0 0
1484555213.576501000 0 0
1484555213.579123000 0 0
1484555213.581687000 0 0
1484555213.592807000 0 0
1484555213.595181000 0 0
1484555213.991795000 0 884683
1484555214.081480000 0 0
1484555214.079172000 0 0
1484555213.528048000 572 0
1484555213.536335000 504 0
1484555213.556814000 504 0
1484555213.570741000 282 0
1484555213.586696000 398 0
1484555247.722680000 0 8322
1484555247.733938000 0 0
1484555247.732522000 0 0
1484555249.540760000 0 0
1484555250.078186000 0 0
1484555250.090858000 0 0
1484555250.700428000 0 14827
1484555250.715801000 0 0
1484555250.713837000 0 0
1484555279.880420000 0 885153
1484555279.968164000 0 0
1484555279.966374000 0 0
1484555289.098433000 0 10481
1484555289.115083000 0 0
1484555289.112804000 0 0
1484555326.094868000 0 0
1484555326.100379000 0 0
1484555340.431575000 0 0
1484555343.227943000 0 560
1484555343.242180000 0 0
1484555343.240653000 0 0
1484555340.437416000 41454 0
1484555385.507483000 0 10481
1484555385.524019000 0 0
1484555385.521745000 0 0
1484555470.934949000 0 6330
1484555547.749407000 0 8323
1484555547.759868000 0 0
1484555547.758858000 0 0
1484555550.749779000 0 14828
1484555550.765349000 0 0
1484555550.762967000 0 0
1484554742.331332000 0 14603
1484550163.530340000 0 0
1484555601.873021000 0 10481
1484555601.888441000 0 0
1484555601.886339000 0 0
1484555603.253951000 0 68459
1484555603.270965000 0 0
1484555603.269119000 0 0
1484555603.283140000 0 0
1484555603.281177000 0 0
1484555618.326820000 0 78807
1484555618.346910000 0 0
1484555618.345634000 0 0
1484555618.358303000 0 0
1484555618.356736000 0 0
1484555631.515916000 0 4544
1484555631.533110000 0 0
1484555631.531319000 0 0
1484555633.417004000 0 80149
1484555633.437780000 0 0
1484555633.436275000 0 0
1484555633.450929000 0 0
1484555633.448573000 0 0
1484555640.487237000 0 0
1484555643.257501000 0 691
1484555643.274346000 0 0
1484555643.272111000 0 0
1484555648.513382000 0 80149
1484555648.533222000 0 0
1484555648.531309000 0 0
1484555648.545237000 0 0
1484555648.543230000 0 0
1484555640.495163000 41454 0
1484555666.195006000 0 80769
1484555666.217659000 0 0
1484555666.215352000 0 0
1484555666.231240000 0 0
1484555666.228780000 0 0
1484555685.075068000 0 81033
1484555685.095388000 0 0
1484555685.093808000 0 0
1484555685.108505000 0 0
1484555685.106221000 0 0
1484555749.788584000 0 0
1484555749.830213000 0 0
1484555749.833508000 0 0
1484555749.841693000 0 0
1484555751.332078000 0 0
1484555751.334542000 0 0
1484555763.193432000 0 0
1484555763.251042000 0 0
1484555763.291487000 0 0
1484555763.295375000 0 0
1484555763.303967000 0 0
1484555749.848190000 564 0
1484555847.795078000 0 8323
1484555847.809921000 0 0
1484555847.808371000 0 0
1484555850.785281000 0 14828
1484555850.796428000 0 0
1484555850.794955000 0 0
1484555891.592156000 0 0
1484555891.600410000 0 0
1484555891.597475000 2075 2351
1484555249.549143000 849716 7083
1484555250.086369000 3137 9713
1484555940.543824000 0 0
1484555943.286147000 0 760
1484555943.302371000 0 0
1484555943.300247000 0 0
1484555940.552884000 41454 0
1484556147.840424000 0 8323
1484556147.851026000 0 0
1484556147.850158000 0 0
1484556150.842134000 0 14828
1484556150.857595000 0 0
1484556150.855050000 0 0
1484556154.024460000 0 0
1484556154.036763000 0 0
1484556154.086381000 0 0
1484556154.090472000 0 0
1484556154.100697000 0 0
1484556154.110877000 0 0
1484556154.119153000 0 0
1484556154.199584000 0 0
1484556154.202891000 0 0
1484556154.176840000 985 0
1484556154.211315000 572 0
1484556154.108248000 282 0
1484556240.604563000 0 0
1484556240.609991000 41454 0
1484556447.881648000 0 8323
1484556447.894597000 0 0
1484556447.892847000 0 0
1484556450.880177000 0 14831
1484556450.892541000 0 0
1484556450.891274000 0 0
1484556484.630655000 0 10481
1484556484.645428000 0 0
1484556484.643761000 0 0
1484556540.778872000 0 0
1484556543.340156000 0 960
1484556543.358920000 0 0
1484556543.356586000 0 0
1484556540.784591000 41454 0
1484556747.925179000 0 8323
1484556747.936874000 0 0
1484556747.935350000 0 0
1484556750.930582000 0 14831
1484556750.945236000 0 0
1484556750.943346000 0 0
1484556761.088774000 0 0
1484556761.095984000 41454 1964
1484556865.306273000 0 0
1484556865.336805000 0 0
1484556865.341454000 0 0
1484556865.351573000 0 0
1484556865.372721000 0 0
1484556865.377507000 0 0
1484556868.694972000 0 0
1484556868.697759000 0 0
1484556868.764532000 0 0
1484556868.770632000 0 0
1484556868.773325000 0 0
1484556868.753879000 0 0
1484553378.469439000 0 0
1484556865.360217000 282 0
1484556868.779060000 398 0
1484556882.419966000 0 0
1484556882.422309000 0 0
1484556882.417437000 0 0
1484556882.447098000 0 0
1484556882.450557000 0 0
1484556882.458322000 0 0
1484556882.415224000 282 0
1484556882.461492000 398 0
1484556865.386059000 572 0
1484556892.808888000 0 0
1484556893.041848000 0 0
1484556893.055212000 0 0
1484555891.650415000 0 8913
1484556908.083106000 0 0
1484556908.085797000 0 0
1484556908.088412000 0 0
1484556918.357061000 0 0
1484556918.393970000 0 0
1484556918.397129000 0 0
1484556918.405266000 0 0
1484556918.410306000 282 0
1484557001.647010000 0 0
1484557001.681535000 0 0
1484557001.685475000 0 0
1484557001.694983000 0 0
1484557001.709331000 0 0
1484557001.712201000 0 0
1484557001.702221000 282 0
1484557001.715472000 572 0
1484557003.342172000 0 0
1484557003.346229000 0 0
1484557003.361877000 0 0
1484555763.196470000 0 0
1484557003.864272000 0 0
1484557003.870300000 0 0
1484557003.873222000 0 0
1484557003.855066000 0 0
1484557003.875880000 398 0
1484557047.966441000 0 8323
1484557047.978573000 0 0
1484557047.976920000 0 0
1484557050.986355000 0 14831
1484557050.999614000 0 0
1484557050.998082000 0 0
1484556761.525584000 0 36530
1484556892.816860000 852667 3454
1484556893.049269000 3279 6660
1484557348.014527000 0 8323
1484557348.028560000 0 0
1484557348.026438000 0 0
1484557351.038632000 0 14831
1484557351.053864000 0 0
1484557351.051695000 0 0
1484557440.901643000 0 0
1484557442.461633000 0 0
1484557442.473366000 0 0
1484557461.930955000 0 0
1484557461.933592000 0 0
1484557461.960626000 0 0
1484557461.965356000 0 0
1484557461.975651000 0 0
1484557461.919670000 0 0
1484557440.907219000 31460 0
1484557464.775529000 0 0
1484557475.841752000 0 0
1484557480.189774000 0 80465
1484557480.208338000 0 0
1484557480.207450000 0 0
1484557480.217840000 0 0
1484557480.216909000 0 0
1484557461.523878000 282 0
1484557461.984610000 398 0
1484557504.211165000 0 0
1484557504.213546000 0 0
1484557504.222236000 0 0
1484557505.408376000 0 0
1484557505.533808000 0 0
1484557505.543084000 0 0
1484557505.954537000 0 0
1484557546.976036000 0 82578
1484557546.995646000 0 0
1484557546.994206000 0 0
1484557547.007049000 0 0
1484557547.005569000 0 0
1484557562.067457000 0 86915
1484557562.097636000 0 0
1484557562.095519000 0 0
1484557562.110024000 0 0
1484557562.107685000 0 0
1484557648.060549000 0 8323
1484557648.072472000 0 0
1484557648.070851000 0 0
1484557651.085622000 0 14831
1484557651.099013000 0 0
1484557651.097333000 0 0
1484557442.468759000 1986 4736
1484557743.475652000 0 1060
1484557743.490749000 0 0
1484557743.488996000 0 0
1484557763.538835000 0 10500
1484557763.551043000 0 0
1484557763.549686000 0 0
1484557771.875399000 0 885615
1484557771.963520000 0 0
1484557771.961770000 0 0
1484557793.661390000 0 10481
1484557793.676246000 0 0
1484557793.673994000 0 0
1484557505.413644000 854342 6585
1484557854.893247000 0 87193
1484557854.913932000 0 0
1484557854.912793000 0 0
1484557854.923648000 0 0
1484557854.922609000 0 0
1484557870.000735000 0 87953
1484557870.021759000 0 0
1484557870.020727000 0 0
1484557870.031996000 0 0
1484557870.030958000 0 0
1484557876.274865000 0 10481
1484557876.289801000 0 0
1484557876.288027000 0 0
1484557885.075195000 0 87941
1484557885.094835000 0 0
1484557885.093723000 0 0
1484557885.104346000 0 0
1484557885.103040000 0 0
1484557505.540036000 3341 6864
1484557908.768086000 0 10481
1484557908.783591000 0 0
1484557908.781512000 0 0
1484557946.653258000 0 10481
1484557946.668954000 0 0
1484557946.666676000 0 0
1484557948.105470000 0 8323
1484557948.118014000 0 0
1484557948.116615000 0 0
1484557951.129443000 0 14839
1484557951.144300000 0 0
1484557951.142305000 0 0
1484558043.520119000 0 1260
1484558043.642520000 0 0
1484558043.640235000 0 0
1484558158.303659000 0 6330
1484557734.104781000 0 6564
1484558206.194179000 0 0
1484558206.980474000 0 0
1484558207.041236000 0 0
1484558248.146495000 0 8323
1484558248.157992000 0 0
1484558248.156599000 0 0
1484558251.171617000 0 14839
1484558251.183687000 0 0
1484558251.181945000 0 0
1484558342.628927000 0 0
1484558342.640510000 0 0
1484558548.207756000 0 8323
1484558548.222011000 0 0
1484558548.219676000 0 0
1484558620.962566000 0 14839
1484558620.975420000 0 0
1484558620.973798000 0 0
1484558848.238747000 0 8323
1484558848.250055000 0 0
1484558848.248715000 0 0
1484558921.001047000 0 14839
1484558921.015475000 0 0
1484558921.013620000 0 0
1484559148.276688000 0 8323
1484559148.288070000 0 0
1484559148.286995000 0 0
1484557505.960506000 31460 16682
1484558206.321547000 855672 9370
1484558207.025243000 3443 6988
1484558342.634218000 1695 6515
1484559221.043222000 0 14839
1484559221.057511000 0 0
1484559221.054593000 0 0
1484559241.105548000 0 0
1484559241.111237000 37362 0
1484559448.313150000 0 8326
1484559448.324542000 0 0
1484559448.323185000 0 0
1484559521.084234000 0 14842
1484559521.098158000 0 0
1484559521.096764000 0 0
1484559541.159386000 0 0
1484559541.165068000 37362 0
1484559645.807550000 0 0
1484559645.818199000 0 0
1484559651.470908000 0 0
1484559651.602423000 0 0
1484559651.613779000 0 0
1484559645.814339000 2256 2295
1484559748.362803000 0 8326
1484559748.377407000 0 0
1484559748.375621000 0 0
1484559790.132843000 0 0
1484559790.177499000 0 0
1484559790.180178000 0 0
1484559790.188252000 0 0
1484559797.818216000 0 0
1484559790.194998000 282 0
1484559821.122044000 0 14842
1484559821.134345000 0 0
1484559821.133203000 0 0
1484559841.210948000 0 0
1484559843.685924000 0 1460
1484559843.701643000 0 0
1484559843.699645000 0 0
1484559841.219234000 37362 0
1484559925.391914000 0 886091
1484559925.480246000 0 0
1484559925.478177000 0 0
1484559944.499988000 0 10481
1484559944.516185000 0 0
1484559944.513957000 0 0
1484559958.176338000 0 0
1484559958.178970000 0 0
1484559958.187223000 0 0
1484559958.190875000 0 0
1484559651.609603000 3505 3585
1484560048.398418000 0 8326
1484560048.412180000 0 0
1484560048.410109000 0 0
1484560121.138028000 0 14842
1484560121.149490000 0 0
1484560121.148573000 0 0
1484560141.270408000 0 0
1484560141.275535000 37362 0
1484560143.752052000 0 1561
1484560143.765397000 0 0
1484560143.764412000 0 0
1484559651.477392000 857253 4209
1484559963.226574000 0 2463
1484560258.317505000 0 0
1484560348.441289000 0 8326
1484560348.453019000 0 0
1484560348.451907000 0 0
1484560421.181048000 0 14842
1484560421.195260000 0 0
1484560421.193509000 0 0
1484560595.331192000 0 90055
1484560595.353222000 0 0
1484560595.351922000 0 0
1484560595.364409000 0 0
1484560595.362667000 0 0
1484560610.416025000 0 96238
1484560610.438645000 0 0
1484560610.436814000 0 0
1484560610.451031000 0 0
1484560610.449195000 0 0
1484560625.503456000 0 96238
1484560625.525563000 0 0
1484560625.523980000 0 0
1484560625.541050000 0 0
1484560625.538761000 0 0
1484560648.484984000 0 8326
1484560648.497986000 0 0
1484560648.496286000 0 0
1484560721.233830000 0 14842
1484560721.247619000 0 0
1484560721.246058000 0 0
1484560725.183541000 0 0
1484560725.430054000 0 0
1484560725.441495000 0 0
1484560258.321451000 37362 13017
1484560725.188009000 858577 7057
1484560736.507988000 0 0
1484559698.933197000 0 11438
1484560743.772904000 0 1761
1484560743.788425000 0 0
1484560743.786183000 0 0
1484560948.538621000 0 8326
1484560948.552573000 0 0
1484560948.550343000 0 0
1484561021.275311000 0 14842
1484561021.288687000 0 0
1484561021.286812000 0 0
1484561043.807994000 0 1760
1484561043.823099000 0 0
1484561043.821206000 0 0
1484560725.436640000 2463 7894
1484560735.999005000 860227 1971
1484560736.512764000 40376 0
1484561248.575530000 0 8326
1484561248.588550000 0 0
1484561248.586798000 0 0
1484561321.319756000 0 14842
1484561321.334622000 0 0
1484561321.332787000 0 0
1484561341.402743000 0 0
1484561341.410323000 40376 0
1484561548.619270000 0 8326
1484561548.632919000 0 0
1484561548.631141000 0 0
1484561621.362749000 0 14842
1484561621.376252000 0 0
1484561621.374410000 0 0
1484561641.464392000 0 0
1484561641.472407000 40376 0
1484560739.287378000 0 4841
1484561848.674039000 0 8326
1484561848.687931000 0 0
1484561848.686102000 0 0
1484561921.405329000 0 14842
1484561921.419069000 0 0
1484561921.416966000 0 0
1484561928.092436000 0 0
1484561928.102822000 0 0
1484561941.517546000 0 0
1484561941.524818000 40376 0
1484562081.125717000 0 0
1484562081.134078000 0 0
1484562110.693663000 0 10481
1484562110.709811000 0 0
1484562110.707582000 0 0
1484562148.709597000 0 8326
1484562148.722499000 0 0
1484562148.720701000 0 0
1484562221.438748000 0 14842
1484562221.451046000 0 0
1484562221.449928000 0 0
1484562241.568605000 0 0
1484562241.576005000 40376 0
1484562448.763521000 0 8326
1484562448.777972000 0 0
1484562448.776199000 0 0
1484562521.487222000 0 14842
1484562521.499370000 0 0
1484562521.497739000 0 0
1484562541.623528000 0 0
1484562541.629964000 40376 0
1484562081.131533000 1645 3668
1484562748.809889000 0 8326
1484562748.823608000 0 0
1484562748.821947000 0 0
1484562772.095029000 0 10481
1484562772.105860000 0 0
1484562772.104984000 0 0
1484562821.506598000 0 14842
1484562821.516858000 0 0
1484562821.515992000 0 0
1484562841.673651000 0 0
1484562841.679548000 40376 0
1484563048.863222000 0 8326
1484563048.878751000 0 0
1484563048.876957000 0 0
1484563141.726799000 0 0
1484563141.735038000 40376 0
1484563441.788362000 0 0
1484563441.796497000 40376 0
1484563741.837494000 0 0
1484563741.843451000 40376 0
1484564041.882564000 0 0
1484564041.886506000 40376 0
1484564341.924191000 0 0
1484564343.086061000 0 0
1484564343.098841000 0 0
1484564341.928262000 40376 0
1484564641.973555000 0 0
1484564641.977294000 40376 0
1484564942.009102000 0 0
1484564942.015478000 40376 0
1484565242.049409000 0 0
1484565242.056570000 40376 0
1484565542.091938000 0 0
1484565542.100187000 40376 0
1484565842.152790000 0 0
1484565842.160570000 40376 0
1484565918.093413000 0 14842
1484565918.105754000 0 0
1484565918.104535000 0 0
1484565918.546875000 0 8326
1484565918.561233000 0 0
1484565918.559406000 0 0
1484556154.153644000 0 0
1484564343.093685000 1845 6604
1484566088.322555000 0 10481
1484566088.338836000 0 0
1484566088.336570000 0 0
1484566142.218375000 0 0
1484566156.075003000 0 0
1484566142.226514000 40376 0
1484566184.626920000 0 10481
1484566184.643625000 0 0
1484566184.641355000 0 0
1484566218.123509000 0 14842
1484566218.136461000 0 0
1484566218.135046000 0 0
1484566218.579369000 0 8326
1484566218.591923000 0 0
1484566218.590349000 0 0
1484566442.281551000 0 0
1484566444.379173000 0 2070
1484566444.395598000 0 0
1484566444.393437000 0 0
1484566442.287492000 40376 0
1484566518.151142000 0 14842
1484566518.162002000 0 0
1484566518.160936000 0 0
1484566518.641642000 0 8326
1484566518.655481000 0 0
1484566518.653131000 0 0
1484566052.708619000 0 9199
1484566742.341081000 0 0
1484566742.346401000 40376 0
1484566818.180744000 0 14842
1484566818.193348000 0 0
1484566818.191666000 0 0
1484566818.674014000 0 8326
1484566818.687045000 0 0
1484566818.686054000 0 0
1484566931.963906000 0 96210
1484566931.985264000 0 0
1484566931.983642000 0 0
1484566931.996217000 0 0
1484566931.994797000 0 0
1484566947.053368000 0 97511
1484566947.077272000 0 0
1484566947.076012000 0 0
1484566947.090334000 0 0
1484566947.088869000 0 0
1484566949.343950000 0 0
1484566949.362260000 8416 0
1484566962.125279000 0 97511
1484566962.149506000 0 0
1484566962.147903000 0 0
1484566962.160935000 0 0
1484566962.159410000 0 0
1484566979.276324000 0 0
1484566979.286061000 0 0
1484566995.381152000 0 10481
1484566995.393543000 0 0
1484566995.392365000 0 0
1484567042.390776000 0 0
1484567044.430086000 0 2475
1484567044.441012000 0 0
1484567044.440095000 0 0
1484567042.398410000 40376 0
1484567118.220446000 0 14842
1484567118.233613000 0 0
1484567118.232266000 0 0
1484567118.715124000 0 8326
1484567118.727112000 0 0
1484567118.725510000 0 0
1484567338.504273000 0 0
1484567338.529526000 0 0
1484567338.532394000 0 0
1484567338.540632000 0 0
1484567342.455685000 0 0
1484567345.544300000 0 0
1484567345.548922000 0 0
1484567345.552840000 0 0
1484567338.548759000 282 0
1484567342.463606000 40376 0
1484567418.276998000 0 14842
1484567418.290124000 0 0
1484567418.288432000 0 0
1484567418.759231000 0 8326
1484567418.770334000 0 0
1484567418.769237000 0 0
1484566979.283054000 1994 4232
1484567630.993723000 0 0
1484567630.999820000 0 0
1484567642.508901000 0 0
1484567643.411020000 0 0
1484567643.421018000 0 0
1484567643.415692000 2127 2342
1484567644.509248000 0 2480
1484567644.529160000 0 0
1484567644.527643000 0 0
1484567642.516637000 40376 0
1484567718.310673000 0 14842
1484567718.323522000 0 0
1484567718.322291000 0 0
1484567718.798020000 0 8326
1484567718.809021000 0 0
1484567718.807955000 0 0
1484567892.865305000 0 0
1484567893.096320000 0 0
1484567893.251521000 0 0
1484567893.256286000 0 0
1484567893.264887000 0 0
1484567893.314534000 0 0
1484567893.318686000 0 0
1484567893.322624000 0 0
1484567893.326295000 0 0
1484567893.361674000 0 0
1484567893.364679000 0 0
1484567893.367731000 0 0
1484567893.371175000 0 0
1484567900.067146000 0 0
1484567900.084446000 0 0
1484567900.088403000 0 0
1484567904.142256000 0 0
1484567893.273620000 572 0
1484567893.093868000 282 0
1484567893.333851000 504 0
1484567893.376957000 504 0
1484567900.095800000 398 0
1484567942.569259000 0 0
1484567944.545279000 0 2575
1484567944.701135000 0 0
1484567944.699180000 0 0
1484567942.574916000 40376 0
1484568014.141209000 0 0
1484568013.702209000 1886 0
1484568014.138895000 282 0
1484568018.332859000 0 14842
1484568018.342781000 0 0
1484568018.341968000 0 0
1484568018.837119000 0 8326
1484568018.848263000 0 0
1484568018.847192000 0 0
1484568242.633863000 0 0
1484568244.582683000 0 2675
1484568244.600090000 0 0
1484568244.597777000 0 0
1484568242.638763000 40376 0
1484567643.490655000 0 10795
1484568318.385049000 0 14842
1484568318.398968000 0 0
1484568318.397103000 0 0
1484568318.880639000 0 8326
1484568318.892157000 0 0
1484568318.890690000 0 0
1484568466.930208000 0 0
1484568466.941550000 0 0
1484568494.580040000 0 10481
1484568494.595323000 0 0
1484568494.593644000 0 0
1484568542.683644000 0 0
1484568544.617453000 0 2810
1484568544.632000000 0 0
1484568544.630687000 0 0
1484568542.690736000 40376 0
1484568574.314053000 0 10481
1484568574.330826000 0 0
1484568574.328557000 0 0
1484568618.433564000 0 14842
1484568618.450495000 0 0
1484568618.448182000 0 0
1484568618.923078000 0 8326
1484568618.940343000 0 0
1484568618.939079000 0 0
1484568842.747443000 0 0
1484568844.656244000 0 2816
1484568844.672761000 0 0
1484568844.670809000 0 0
1484568842.751901000 40376 0
1484568466.935408000 2003 8802
1484568918.468838000 0 14842
1484568918.482991000 0 0
1484568918.481185000 0 0
1484568918.944096000 0 8326
1484568918.955944000 0 0
1484568918.954511000 0 0
1484568904.853603000 0 1573
1484569142.802046000 0 0
1484569142.807478000 40376 0
1484569218.512527000 0 14842
1484569218.526797000 0 0
1484569218.524865000 0 0
1484569219.007898000 0 8326
1484569219.020903000 0 0
1484569219.019084000 0 0
1484569380.011917000 0 0
1484569380.026324000 0 0
1484569405.958443000 0 886565
1484569406.049582000 0 0
1484569406.047999000 0 0
1484569409.553797000 0 10481
1484569409.570268000 0 0
1484569409.568082000 0 0
1484569442.845082000 0 0
1484569444.723582000 0 2917
1484569444.737229000 0 0
1484569444.736184000 0 0
1484569442.853946000 40376 0
1484569679.064533000 0 8326
1484569679.078961000 0 0
1484569679.077386000 0 0
1484569680.114727000 0 14842
1484569680.127848000 0 0
1484569680.125877000 0 0
1484569720.123581000 0 0
1484569380.020569000 1573 3606
1484569979.112502000 0 8326
1484569979.124675000 0 0
1484569979.122951000 0 0
1484569980.165540000 0 14842
1484569980.179076000 0 0
1484569980.177060000 0 0
1484569720.130199000 40376 8686
1484570031.026369000 0 0
1484570031.039340000 0 0
1484570020.312054000 0 33508
1484570044.803533000 0 2916
1484570044.816020000 0 0
1484570044.814856000 0 0
1484570067.003031000 0 10481
1484570067.018592000 0 0
1484570067.016632000 0 0
1484570131.495735000 0 0
1484570131.505959000 0 0
1484570148.739335000 0 0
1484570149.485606000 0 0
1484570149.499625000 0 0
1484570149.519240000 0 0
1484570149.912923000 0 0
1484570149.533418000 282 0
1484570151.345494000 0 0
1484570151.348425000 0 0
1484570151.351271000 282 0
1484570153.947638000 0 0
1484570153.950654000 0 0
1484570153.953515000 0 0
1484570153.961800000 0 0
1484570153.973789000 0 0
1484570153.978334000 0 0
1484570153.980925000 0 0
1484570153.984215000 0 0
1484570153.996283000 0 0
1484570153.998798000 0 0
1484570154.001388000 0 0
1484570154.013205000 0 0
1484570154.015618000 0 0
1484570159.377908000 0 10481
1484570159.393277000 0 0
1484570159.390980000 0 0
1484570153.959467000 572 0
1484570153.968396000 504 0
1484570153.989355000 504 0
1484570154.007194000 398 0
1484570279.159390000 0 8326
1484570279.173013000 0 0
1484570279.170869000 0 0
1484570280.203612000 0 14842
1484570280.218709000 0 0
1484570280.216926000 0 0
1484570031.034415000 2670 8332
1484570045.201767000 31110 0
1484570131.502375000 1813 3720
1484570579.198592000 0 8326
1484570579.209842000 0 0
1484570579.208439000 0 0
1484570580.234161000 0 14842
1484570580.247543000 0 0
1484570580.246043000 0 0
1484570642.981872000 0 0
1484570644.886147000 0 2954
1484570644.902454000 0 0
1484570644.900573000 0 0
1484570642.990891000 31110 0
1484570770.183795000 0 0
1484570770.193761000 0 0
1484570797.307700000 0 10481
1484570797.340660000 0 0
1484570797.338353000 0 0
1484570879.262054000 0 8326
1484570879.276389000 0 0
1484570879.274607000 0 0
1484570880.278988000 0 14842
1484570880.294186000 0 0
1484570880.292439000 0 0
1484570943.045296000 0 0
1484570944.906160000 0 2916
1484570944.916940000 0 0
1484570944.916034000 0 0
1484570943.048157000 31110 0
1484570995.164324000 0 10481
1484570995.180428000 0 0
1484570995.178182000 0 0
1484571017.593274000 0 0
1484571017.620582000 0 0
1484571017.623805000 0 0
1484571017.632206000 0 0
1484571017.682988000 0 0
1484571017.686265000 0 0
1484571017.640383000 282 0
1484571029.496332000 0 0
1484571029.500662000 0 0
1484571029.508920000 0 0
1484571029.518661000 0 0
1484571029.531474000 0 0
1484571029.534329000 0 0
1484571029.537986000 0 0
1484571029.547064000 0 0
1484571029.549696000 0 0
1484571029.558149000 0 0
1484571029.560667000 0 0
1484571029.563235000 0 0
1484571029.576865000 0 0
1484571029.579567000 0 0
1484571035.434198000 0 10481
1484571035.451156000 0 0
1484571035.448863000 0 0
1484571029.515954000 572 0
1484571029.524947000 504 0
1484571029.541576000 504 0
1484571029.552352000 282 0
1484571029.568766000 398 0
1484571179.310221000 0 8326
1484571179.323140000 0 0
1484571179.322009000 0 0
1484571180.381336000 0 14842
1484571180.397966000 0 0
1484571180.395667000 0 0
1484570770.190208000 1870 3856
1484571224.489703000 0 887229
1484571224.578340000 0 0
1484571224.576978000 0 0
1484571238.572030000 0 10481
1484571238.587134000 0 0
1484571238.585510000 0 0
1484571243.078706000 0 0
1484571244.949585000 0 3132
1484571244.964168000 0 0
1484571244.962549000 0 0
1484571251.292686000 0 0
1484571243.083997000 31110 0
1484571479.361265000 0 8326
1484571479.373867000 0 0
1484571479.372286000 0 0
1484571480.361147000 0 14842
1484571480.373388000 0 0
1484571480.371958000 0 0
1484571543.121945000 0 0
1484571543.657991000 0 0
1484571543.670973000 0 0
1484571543.129241000 31110 0
1484571779.403835000 0 8326
1484571779.416509000 0 0
1484571779.415109000 0 0
1484571780.419961000 0 14842
1484571780.433002000 0 0
1484571780.431377000 0 0
1484571843.174187000 0 0
1484571843.179806000 31110 0
1484572143.224922000 0 0
1484571543.666066000 1938 6764
1484572143.231529000 31110 0
1484572200.682865000 0 8326
1484572200.699252000 0 0
1484572200.696957000 0 0
1484572205.052730000 0 14842
1484572205.069102000 0 0
1484572205.067486000 0 0
1484572222.120052000 0 0
1484572222.123667000 0 0
1484572222.127728000 0 0
1484572222.128079000 0 0
1484572223.958739000 0 0
1484572223.962939000 0 0
1484572223.972256000 0 0
1484572223.980220000 282 0
1484572322.436099000 0 97511
1484572322.460465000 0 0
1484572322.458150000 0 0
1484572322.474680000 0 0
1484572322.472311000 0 0
1484572337.534662000 0 97482
1484572337.560491000 0 0
1484572337.558249000 0 0
1484572337.573954000 0 0
1484572337.571701000 0 0
1484572352.635679000 0 102659
1484572352.740602000 0 0
1484572352.738310000 0 0
1484572352.754702000 0 0
1484572352.752797000 0 0
1484572443.280201000 0 0
1484572443.286215000 31110 0
1484572500.724803000 0 8326
1484572500.737163000 0 0
1484572500.735535000 0 0
1484572505.098332000 0 14842
1484572505.113965000 0 0
1484572505.111700000 0 0
1484572522.054624000 0 0
1484572522.060367000 0 0
1484572522.069644000 0 0
1484572522.078814000 0 0
1484572522.090871000 0 0
1484572522.093544000 0 0
1484572522.096295000 0 0
1484572522.098758000 0 0
1484572522.110983000 0 0
1484572522.113474000 0 0
1484572522.121943000 0 0
1484572522.124778000 0 0
1484572522.127490000 0 0
1484572522.138897000 0 0
1484572522.141586000 0 0
1484572145.461742000 0 1573
1484572540.628397000 0 0
1484572540.635488000 0 0
1484572522.076721000 572 0
1484572522.085063000 504 0
1484572522.104008000 504 0
1484572522.116369000 282 0
1484572522.132636000 398 0
1484572743.331314000 0 0
1484572745.111605000 0 3226
1484572745.123942000 0 0
1484572745.122226000 0 0
1484572743.336952000 31110 0
1484572800.779121000 0 8326
1484572800.792950000 0 0
1484572800.790619000 0 0
1484572805.138490000 0 14842
1484572805.152094000 0 0
1484572805.150482000 0 0
1484573043.442236000 0 0
1484572540.632335000 1573 5480
1484573043.449964000 31110 0
1484573100.796287000 0 8326
1484573100.809077000 0 0
1484573100.807591000 0 0
1484573102.622584000 0 10481
1484573102.635771000 0 0
1484573102.634677000 0 0
1484573156.714191000 0 0
1484573158.299352000 0 0
1484573158.616666000 0 0
1484573158.619944000 0 0
1484573158.627970000 0 0
1484573158.658422000 0 0
1484573158.668327000 0 0
1484573158.670930000 0 0
1484573158.649790000 0 0
1484570161.005691000 0 0
1484573158.634386000 282 0
1484573158.676298000 398 0
1484573267.164700000 0 10422
1484573267.180795000 0 0
1484573267.178536000 0 0
1484573321.128809000 0 0
1484573321.175252000 0 0
1484573321.208810000 0 0
1484573321.212741000 0 0
1484573321.222734000 0 0
1484573321.231068000 0 0
1484573321.237498000 0 0
1484573321.505457000 0 0
1484573321.534655000 0 0
1484573321.537887000 0 0
1484573329.974391000 0 14842
1484573329.989038000 0 0
1484573329.987097000 0 0
1484573343.496079000 0 0
1484573345.191007000 0 3285
1484573345.207508000 0 0
1484573345.205963000 0 0
1484573321.495884000 2166 0
1484573321.547942000 572 0
1484573321.227961000 282 0
1484573343.504366000 31110 0
1484573400.857822000 0 8326
1484573400.868937000 0 0
1484573400.867825000 0 0
1484573504.942105000 0 10422
1484573504.958407000 0 0
1484573504.956570000 0 0
1484573508.598161000 0 0
1484573508.606788000 0 0
1484573520.983789000 0 0
1484573535.340834000 0 10481
1484573535.356440000 0 0
1484573535.354696000 0 0
1484573540.342051000 282 0
1484573566.809827000 0 0
1484573566.813749000 0 0
1484573566.822958000 0 0
1484573566.832178000 0 0
1484573566.845475000 0 0
1484573566.848829000 0 0
1484573566.852775000 0 0
1484573566.856391000 0 0
1484573566.873094000 0 0
1484573566.876517000 0 0
1484573566.887052000 0 0
1484573566.890994000 0 0
1484573566.894792000 0 0
1484573566.912611000 0 0
1484573566.916717000 0 0
1484573566.775330000 282 0
1484573566.829836000 572 0
1484573566.838487000 504 0
1484573566.863884000 504 0
1484573566.902011000 398 0
1484573630.022428000 0 14842
1484573630.036225000 0 0
1484573630.034432000 0 0
1484573643.557204000 0 0
1484573645.225972000 0 1217
1484573645.239723000 0 0
1484573645.237919000 0 0
1484573643.565010000 31110 0
1484573700.908700000 0 8326
1484573700.918909000 0 0
1484573700.917800000 0 0
1484573808.532376000 0 10481
1484573808.550650000 0 0
1484573808.548394000 0 0
1484573857.978406000 0 0
1484566156.083127000 861557 193107
1484573508.604220000 1909 5954
1484573883.607685000 0 10481
1484573883.623513000 0 0
1484573883.621263000 0 0
1484573863.216678000 282 0
1484573903.390285000 0 0
1484573903.394274000 0 0
1484573903.402590000 0 0
1484573903.412038000 0 0
1484573903.424720000 0 0
1484573903.428697000 0 0
1484573903.433394000 0 0
1484573903.438139000 0 0
1484573903.454254000 0 0
1484573903.458370000 0 0
1484573903.466781000 0 0
1484573903.470364000 0 0
1484573903.474737000 0 0
1484573903.489348000 0 0
1484573903.492625000 0 0
1484573903.353329000 282 0
1484573903.410001000 572 0
1484573903.416909000 504 0
1484573903.442465000 504 0
1484573903.481233000 398 0
1484573930.073124000 0 14842
1484573930.087945000 0 0
1484573930.086051000 0 0
1484573943.606400000 0 0
1484573943.611489000 31110 0
1484574000.950325000 0 8326
1484574000.962334000 0 0
1484574000.961116000 0 0
1484574018.312010000 0 10481
1484574018.326894000 0 0
1484574018.324750000 0 0
1484574021.066206000 0 0
1484574021.096080000 0 0
1484574021.099106000 0 0
1484574021.107599000 0 0
1484574021.114391000 282 0
1484574033.125512000 0 0
1484574033.137708000 0 0
1484574033.168957000 0 0
1484574033.173637000 0 0
1484574033.183207000 0 0
1484574033.188846000 0 0
1484574033.195896000 0 0
1484574033.300238000 0 0
1484574033.323477000 0 0
1484574033.327019000 0 0
1484574053.149407000 0 0
1484574053.155213000 0 0
1484574033.293068000 985 0
1484574033.332787000 572 0
1484574033.366656000 282 0
1484574195.818936000 0 102709
1484574195.842096000 0 0
1484574195.840016000 0 0
1484574195.855736000 0 0
1484574195.854036000 0 0
1484574223.753824000 0 4542
1484574223.767986000 0 0
1484574223.766149000 0 0
1484574228.354820000 0 0
1484574228.358116000 111 0
1484574228.368470000 208 0
1484574228.486705000 0 0
1484574228.559351000 0 0
1484574230.088647000 0 14842
1484574230.099656000 0 0
1484574230.098889000 0 0
1484574243.659812000 0 0
1484574245.297917000 0 1318
1484574245.311788000 0 0
1484574245.310156000 0 0
1484574243.667470000 31110 0
1484574273.998831000 0 0
1484574274.012114000 0 0
1484574301.009420000 0 8326
1484574301.024820000 0 0
1484574301.022522000 0 0
1484574323.882784000 0 0
1484574329.942217000 0 0
1484574329.946785000 0 0
1484574329.980773000 0 0
1484574329.985602000 0 0
1484574329.995756000 0 0
1484574337.961356000 0 0
1484574337.964545000 0 0
1484574340.775052000 0 0
1484574330.002405000 398 0
1484574323.458228000 1471 0
1484574323.880044000 282 0
1484574274.006118000 2014 2279
1484574450.702293000 0 0
1484574450.705278000 0 0
1484574450.713099000 0 0
1484574450.721706000 0 0
1484574450.732852000 0 0
1484574450.735061000 0 0
1484574450.737413000 0 0
1484574450.739869000 0 0
1484574450.750515000 0 0
1484574450.753376000 0 0
1484574450.761948000 0 0
1484574450.764172000 0 0
1484574450.766609000 0 0
1484574450.775280000 0 0
1484574450.777684000 0 0
1484574451.643292000 0 887831
1484574451.730713000 0 0
1484574451.728670000 0 0
1484574466.762591000 0 10481
1484574466.777488000 0 0
1484574466.775233000 0 0
1484574450.719417000 572 0
1484574450.727555000 504 0
1484574450.744625000 504 0
1484574450.756241000 282 0
1484574450.769312000 398 0
1484574530.150204000 0 14842
1484574530.164391000 0 0
1484574530.162104000 0 0
1484574543.720025000 0 0
1484574545.333240000 0 1418
1484574545.346263000 0 0
1484574545.344821000 0 0
1484574543.725327000 31110 0
1484574601.048448000 0 8326
1484574601.060349000 0 0
1484574601.058767000 0 0
1484574616.592168000 0 105830
1484574616.614878000 0 0
1484574616.613152000 0 0
1484574616.627987000 0 0
1484574616.626232000 0 0
1484574631.613385000 0 107103
1484574631.635533000 0 0
1484574631.634323000 0 0
1484574631.645288000 0 0
1484574631.644228000 0 0
1484574646.683919000 0 107089
1484574646.705527000 0 0
1484574646.703945000 0 0
1484574646.716037000 0 0
1484574646.714601000 0 0
1484574661.767578000 0 107411
1484574661.789360000 0 0
1484574661.787804000 0 0
1484574661.800246000 0 0
1484574661.798715000 0 0
1484574674.337262000 0 0
1484574695.534969000 0 0
1484574695.542589000 0 0
1484574705.046252000 0 888418
1484574705.134854000 0 0
1484574705.132893000 0 0
1484574830.190998000 0 14842
1484574830.202911000 0 0
1484574830.201656000 0 0
1484574843.829789000 0 0
1484574845.376955000 0 1578
1484574845.392515000 0 0
1484574845.390655000 0 0
1484574843.838500000 31110 0
1484574901.109758000 0 8326
1484574901.122819000 0 0
1484574901.121506000 0 0
1484574441.320931000 0 3166
1484575130.244517000 0 14842
1484575130.259363000 0 0
1484575130.257143000 0 0
1484575143.880866000 0 0
1484575145.413868000 0 1679
1484575145.428908000 0 0
1484575145.426659000 0 0
1484575143.886025000 31110 0
1484575201.125831000 0 107360
1484575201.141763000 0 8326
1484575201.145715000 0 0
1484575201.144636000 0 0
1484575201.152809000 0 0
1484575201.152003000 0 0
1484575201.159786000 0 0
1484575201.158612000 0 0
1484575427.322352000 0 109476
1484575427.343820000 0 0
1484575427.342261000 0 0
1484575427.354551000 0 0
1484575427.353007000 0 0
1484575430.279607000 0 14842
1484575430.293330000 0 0
1484575430.291529000 0 0
1484575442.404239000 0 118856
1484575442.426767000 0 0
1484575442.425190000 0 0
1484575442.438271000 0 0
1484575442.436522000 0 0
1484575443.930021000 0 0
1484575454.237838000 0 4513
1484575454.251020000 0 0
1484575454.248795000 0 0
1484575457.499816000 0 119074
1484575457.522784000 0 0
1484575457.521231000 0 0
1484575457.535258000 0 0
1484575457.533005000 0 0
1484575443.937838000 31110 0
1484575484.639719000 0 119695
1484575484.663018000 0 0
1484575484.661242000 0 0
1484575484.673864000 0 0
1484575484.672192000 0 0
1484575499.738687000 0 119988
1484575499.761200000 0 0
1484575499.759647000 0 0
1484575499.771717000 0 0
1484575499.770154000 0 0
1484575501.188388000 0 8326
1484575501.199799000 0 0
1484575501.197891000 0 0
1484575517.166231000 0 120017
1484575517.201758000 0 0
1484575517.199363000 0 0
1484575517.214172000 0 0
1484575517.211776000 0 0
1484575538.770546000 0 119988
1484575538.793209000 0 0
1484575538.791507000 0 0
1484575538.804857000 0 0
1484575538.803146000 0 0
1484575553.857981000 0 120016
1484575553.882451000 0 0
1484575553.880728000 0 0
1484575553.895283000 0 0
1484575553.892903000 0 0
1484575730.339413000 0 14842
1484575730.352701000 0 0
1484575730.350385000 0 0
1484575743.981384000 0 0
1484575743.988888000 31110 0
1484575801.244584000 0 8326
1484575801.256586000 0 0
1484575801.254684000 0 0
1484575970.705702000 0 0
1484575970.706907000 0 0
1484575970.709120000 0 0
1484575970.709980000 0 0
1484575970.719508000 0 0
1484575970.718605000 0 0
1484575970.727692000 0 0
1484575970.728639000 0 0
1484575970.741058000 0 0
1484575970.743301000 0 0
1484575970.744251000 0 0
1484575970.746581000 0 0
1484575970.747376000 0 0
1484575970.749507000 0 0
1484575970.750177000 0 0
1484575970.761535000 0 0
1484575970.760691000 0 0
1484575970.764363000 0 0
1484575970.763653000 0 0
1484575970.776099000 0 0
1484575970.778286000 0 0
1484575970.779277000 0 0
1484575970.782224000 0 0
1484575970.783055000 0 0
1484575970.796832000 0 0
1484575970.797852000 0 0
1484575970.800736000 0 0
1484575970.803000000 0 0
1484575970.725693000 572 0
1484575970.734441000 504 0
1484575970.754221000 504 0
1484575970.769345000 282 0
1484575970.788933000 398 0
1484576007.481587000 0 119988
1484576007.506905000 0 0
1484576007.504577000 0 0
1484576007.519422000 0 0
1484576007.517200000 0 0
1484576026.365589000 0 0
1484576026.373647000 0 0
1484576028.716502000 0 0
1484576028.718961000 0 0
1484576028.726957000 0 0
1484576030.373807000 0 14842
1484576030.387148000 0 0
1484576030.385425000 0 0
1484576044.038470000 0 0
1484576045.537035000 0 1779
1484576045.552028000 0 0
1484576045.549893000 0 0
1484576044.045701000 31110 0
1484576101.297492000 0 8326
1484576101.310429000 0 0
1484576101.308168000 0 0
1484576219.696042000 0 0
1484574674.344795000 981699 25754
1484576235.325033000 0 0
1484576253.615752000 0 10481
1484576253.631047000 0 0
1484576253.628754000 0 0
1484576318.669767000 0 0
1484576318.674448000 0 0
1484576318.683241000 0 0
1484576318.696682000 0 0
1484576318.699696000 0 0
1484576318.689772000 572 0
1484576318.702590000 282 0
1484576318.718555000 1852 0
1484576318.727893000 4096 0
1484576322.506812000 0 0
1484576322.510234000 0 0
1484576330.414606000 0 14842
1484576330.426379000 0 0
1484576330.425215000 0 0
1484576318.784494000 1852 0
1484576318.787726000 0 0
1484576344.092961000 0 0
1484576345.574598000 0 1778
1484576345.589432000 0 0
1484576345.587151000 0 0
1484576318.748815000 4096 0
1484576344.099492000 31110 0
1484576401.346674000 0 8326
1484576401.357480000 0 0
1484576401.355900000 0 0
1484576026.370889000 1593 3952
1484576499.984915000 0 10481
1484576499.996475000 0 0
1484576499.995287000 0 0
1484576624.663670000 0 0
1484576630.462672000 0 14842
1484576630.473877000 0 0
1484576630.472079000 0 0
1484576632.437749000 0 0
1484576632.520435000 0 0
1484576632.542436000 0 0
1484576632.545397000 0 0
1484576632.553301000 0 0
1484576632.515660000 0 0
1484576632.513064000 282 0
1484576632.556842000 398 0
1484576644.212104000 0 0
1484576644.217055000 31110 0
1484576655.475131000 0 0
1484574695.539876000 2816 26884
1484576235.330065000 986947 5565
1484574033.268647000 0 0
1484573321.456385000 0 0
1484576692.083329000 0 119844
1484576692.104925000 0 0
1484576692.103392000 0 0
1484576692.115134000 0 0
1484576692.113547000 0 0
1484576695.539263000 0 0
1484576695.547746000 0 122
1484576695.555508000 0 0
1484576695.554593000 0 0
1484576695.567260000 0 84384
1484576695.576721000 0 146
1484576695.585517000 0 0
1484576695.585564000 0 0
1484576695.584270000 0 0
1484576695.584195000 0 0
1484576695.594461000 0 0
1484576695.598137000 0 0
1484576695.619978000 0 193
1484576695.627776000 0 0
1484576695.626937000 0 0
1484576695.691631000 0 0
1484576695.692231000 0 228
1484576695.695819000 0 0
1484576695.699773000 0 0
1484576695.700706000 0 0
1484576695.699103000 0 0
1484576695.717974000 0 259
1484576695.703971000 0 0
1484576695.724754000 0 0
1484576695.731319000 0 0
1484576695.734101000 0 0
1484576695.736207000 0 0
1484576695.853285000 0 0
1484549343.724215000 0 32768
1484576695.860119000 0 0
1484549343.717996000 0 26785008
1484576695.867966000 0 0
1484576695.870686000 0 0
1484576695.942334000 0 6330
1484576695.943194000 0 4513
1484576695.950976000 0 0
1484576695.961271000 0 0
1484576695.961044000 0 288
1484549342.315921000 0 32768
1484576695.968321000 0 0
1484549342.312744000 8120 6213784
1484576695.968736000 0 0
1484576695.978674000 0 0
1484576695.981543000 0 0
1484576696.144197000 0 0
1484549344.560577000 0 32768
1484576696.151042000 0 0
1484549344.557459000 0 13912
1484576696.162766000 0 0
1484576696.166678000 0 0
1484576696.173063000 0 0
1484576696.188640000 0 0
1484576696.192167000 0 65958
1484576696.230720000 0 0
1484576696.234983000 0 0
1484576696.178763000 0 0
1484576696.238995000 0 0
1484576696.535486000 0 6363
1484576696.546489000 0 0
1484576696.545068000 0 0
1484576696.557136000 0 0
1484576696.841471000 0 0
1484576696.855788000 0 0
1484576696.859559000 0 4214
1484576696.867410000 0 0
1484576696.870630000 0 0
1484576696.873178000 0 0
1484576696.845682000 0 0
1484576696.876040000 0 0
1484576696.942629000 0 0
1484576696.947586000 0 0
1484576696.945872000 0 0
1484576696.952750000 0 0
1484576696.971187000 0 85
1484576696.978616000 0 0
1484576697.000789000 0 109
1484576697.007876000 0 0
1484576697.033724000 0 144
1484576697.041190000 0 0
1484576697.143337000 0 175
1484576697.149930000 0 0
1484576697.176338000 0 0
1484549340.463302000 0 4096
1484576697.214156000 0 0
1484576697.220705000 0 0
1484576697.224328000 0 0
1484576697.224829000 0 0
1484549340.460176000 0 0
1484576697.229843000 0 0
1484576697.230119000 0 0
1484576697.233647000 0 0
1484576697.237508000 0 0
1484576697.241179000 0 0
1484576697.248595000 0 0
1484576697.228400000 0 358
1484576697.260729000 0 0
1484576697.263678000 0 0
1484576697.217857000 0 0
1484576697.266388000 0 0
1484549341.410541000 51551 735940
1484549342.646010000 1629508 502481
1484576697.281316000 0 51543
1484576697.434370000 0 665
1484576697.434051000 0 204
1484576697.440991000 0 0
1484576697.500930000 0 0
1484549344.116155000 0 32768
1484576697.509028000 0 0
1484549344.110351000 57496 164024
1484576697.519485000 0 0
1484576697.523288000 0 0
1484576697.565874000 0 0
1484549344.119744000 0 4096
1484576697.575272000 0 0
1484576697.582075000 0 0
1484549344.116586000 0 0
1484576697.605872000 0 0
1484576697.613230000 0 0
1484576697.636808000 0 0
1484576697.642737000 0 58954
1484576697.690585000 0 0
1484576697.696074000 0 0
1484576697.620173000 0 0
1484576697.700630000 0 0
1484576697.818353000 0 0
1484549404.948308000 275121 25363
1484549326.257267000 0 0
1484549694.095063000 4096 0
1484549342.150645000 4096 0
1484549343.703752000 819200 7307264
1484549341.511830000 806912 4096
1484549341.526437000 8192 4096
1484549342.308593000 507904 1302528
1484549344.551461000 565248 36864
1484549343.098627000 7168 0
1484549337.547724000 360448 0
1484549340.453091000 7168 0
1484576697.245646000 1987 0
1484576697.251176000 3152 0
1484549694.125175000 65536 0
1484549336.390224000 6144 0
1484549335.942374000 151552 4096
1484549335.962940000 8192 4096
1484549344.100404000 753664 98304
1484549344.105268000 98304 0
1484549458.451056000 131072 0
1484549394.259589000 98304 0
1484549404.766652000 8007 0
1484549344.184195000 0 0
1484549344.567699000 0 0
