1484571750.644234000 0 0
1484571750.661486000 0 0
1484571750.667019000 0 0
1484571750.672264000 0 0
1484571750.677225000 0 0
1484571751.394003000 282 0
1484571751.844804000 0 0
1484571751.847999000 0 0
1484571751.856061000 0 0
1484571753.008263000 0 0
1484571753.010895000 0 0
1484571753.015428000 0 0
1484571753.018211000 0 0
1484571753.126662000 0 0
1484571753.139377000 0 0
1484571753.141922000 0 0
1484571753.283059000 0 0
1484571753.285962000 0 0
1484571753.290600000 0 0
1484571753.293106000 0 0
1484571753.295960000 0 0
1484571753.298951000 0 0
1484571753.096103000 0 0
1484571753.331436000 0 0
1484571753.335605000 0 0
1484571753.362698000 0 0
1484571756.158548000 0 0
1484571771.706404000 0 0
1484571771.709715000 0 0
1484571771.712653000 0 0
1484571771.717007000 0 0
1484571771.720083000 0 0
1484571771.724214000 0 0
1484571771.737565000 0 0
1484571771.758472000 0 0
1484571771.761564000 0 0
1484571771.770659000 0 0
1484571771.800740000 0 0
1484571771.805433000 0 0
1484571771.814682000 0 0
1484571771.819249000 0 0
1484571771.833793000 0 0
1484571771.837245000 0 0
1484571771.840325000 0 0
1484571771.843809000 0 0
1484571773.494733000 0 0
1484571773.497372000 0 0
1484571773.500779000 0 0
1484571773.503590000 0 0
1484571773.567048000 0 0
1484571773.575393000 0 0
1484571753.367354000 1088 0
1484571773.581766000 0 0
1484571773.594106000 0 0
1484571751.737012000 111 0
1484571753.171998000 556 0
1484571753.280443000 129 0
1484571753.307163000 504 0
1484571753.328611000 129 0
1484571753.360369000 129 0
1484571753.169640000 436 0
1484571753.296512000 2054 0
1484571771.755064000 129 0
1484571771.768122000 129 0
1484571751.808917000 564 0
1484571819.482909000 0 0
1484571820.495800000 0 0
1484571820.500928000 0 0
1484571820.508977000 0 0
1484571820.517813000 0 0
1484571820.527229000 0 0
1484571820.542698000 0 0
1484571820.546046000 0 0
1484571820.552226000 0 0
1484571820.555184000 0 0
1484571820.562387000 0 0
1484571820.659797000 0 0
1484571820.688878000 0 0
1484571820.708732000 0 0
1484571820.743305000 0 0
1484571820.990900000 0 0
1484571820.995305000 0 0
1484571820.999556000 0 0
1484571821.004545000 0 0
1484571821.008209000 0 0
1484571821.042062000 0 0
1484571821.106892000 0 0
1484571821.111861000 0 0
1484571821.265054000 0 0
1484571821.272945000 0 0
1484571821.469779000 0 0
1484571821.797051000 0 0
1484571821.976239000 0 0
1484571822.179090000 0 0
1484571822.323478000 0 0
1484571822.356609000 0 0
1484571822.360660000 0 18830
1484571822.689564000 0 0
1484571822.696072000 0 0
1484571822.344111000 18830 0
1484571822.350396000 0 0
1484571822.701756000 0 0
1484571823.055891000 0 0
1484571823.318067000 0 0
1484571823.420939000 0 0
1484571823.631749000 0 0
1484571823.790414000 0 0
1484571824.200612000 0 0
1484571824.551701000 0 0
1484571824.554912000 0 0
1484571824.999494000 0 0
1484571825.013836000 0 0
1484571825.018663000 0 0
1484571825.041415000 0 0
1484571825.016937000 0 0
1484571825.045704000 0 0
1484571825.050536000 0 0
1484571825.053639000 0 0
1484571825.056957000 0 0
1484571825.059827000 0 0
1484571825.062554000 0 0
1484571825.049137000 0 0
1484571825.067325000 0 0
1484571825.070396000 0 0
1484571825.194279000 0 0
1484571825.216071000 0 0
1484571825.219566000 0 0
1484571825.223484000 0 0
1484571825.226850000 0 0
1484571825.230088000 0 0
1484571825.234790000 0 0
1484571825.237735000 0 0
1484571825.901519000 0 0
1484571826.002365000 0 0
1484571826.191827000 0 0
1484571826.204783000 0 0
1484571826.246574000 196608 0
1484571826.279831000 0 0
1484571826.291360000 0 0
1484571826.307618000 0 0
1484571826.513460000 0 0
1484571826.518003000 0 2
1484571826.528243000 0 0
1484571826.531658000 0 0
1484571826.213483000 2 0
1484571826.503680000 0 0
1484571826.535527000 0 0
1484571826.576308000 0 53
1484571823.042186000 53 0
1484571826.587102000 0 0
1484571827.557269000 0 0
1484571827.571552000 0 0
1484571827.579760000 0 0
1484571827.585130000 0 0
1484571827.594532000 0 0
1484571827.604700000 0 0
1484571821.801065000 0 0
1484571833.704300000 0 0
1484571833.719861000 0 0
1484571833.732800000 0 0
1484571833.773200000 0 0
1484571833.796601000 0 0
1484571835.717940000 0 0
1484571820.491177000 282 0
1484571820.515079000 10 0
1484571820.523479000 10 0
1484571820.539913000 111 0
1484571820.578176000 208 0
1484571820.699625000 42146 0
1484571820.720794000 4431 0
1484571820.814096000 16384 0
1484571820.958207000 927 0
1484571821.343266000 497 0
1484571821.961121000 17084 0
1484571822.001708000 8312 0
1484571822.188409000 208787 0
1484571823.092865000 32768 0
1484571823.553179000 459748 0
1484571823.665398000 8 0
1484571823.810809000 504 0
1484571823.882616000 7636 0
1484571824.300220000 7706 0
1484571825.010265000 1545 0
1484571825.192281000 152 0
1484571825.910553000 360 0
1484571826.017414000 2481 0
1484571826.608388000 9188 0
1484571824.371303000 25 0
1484571826.643141000 9833 0
1484571826.680863000 55 0
1484571854.997876000 0 7706
1484571855.008645000 0 0
1484571878.469322000 0 0
1484571878.488312000 0 0
1484571878.511883000 0 0
1484571878.530194000 0 0
1484571878.592269000 0 66
1484571878.574809000 66 0
1484571878.602965000 0 0
1484571881.643569000 0 0
1484571881.703442000 0 137
1484571881.713398000 0 0
1484571881.659197000 137 0
1484571881.712538000 0 0
1484571881.730635000 0 0
1484571881.742322000 0 0
1484571881.748204000 0 0
1484571881.753075000 0 8743
1484571881.762484000 0 0
1484571882.133796000 0 0
1484571881.737473000 8743 0
1484571882.147567000 0 0
1484571882.196384000 0 7266
1484571882.207341000 0 0
1484571882.205691000 0 0
1484571882.218269000 0 0
1484571882.232951000 0 0
1484571882.241977000 0 0
1484571882.248320000 0 0
1484571882.255053000 0 0
1484571835.727229000 95930 6644
1484571882.227512000 51 0
1484571977.716921000 0 0
1484571825.923638000 315357 9421
1484572035.827315000 0 0
1484572119.073947000 0 0
1484572119.452067000 0 0
1484572119.458233000 0 0
1484572119.467882000 0 0
1484572119.476592000 0 0
1484572119.489603000 0 0
1484572119.499315000 0 0
1484572119.503266000 0 0
1484572119.510428000 0 0
1484572119.514123000 0 0
1484572119.523113000 0 0
1484572119.586923000 0 0
1484572119.628796000 0 0
1484572119.718836000 0 0
1484572119.724806000 0 0
1484572119.731276000 0 0
1484572119.737396000 0 0
1484572119.742082000 0 0
1484572119.776084000 0 0
1484572119.892343000 0 0
1484572119.962738000 0 0
1484572119.967609000 0 0
1484572119.995919000 0 0
1484572120.004724000 0 0
1484572120.048627000 0 0
1484572120.054137000 0 0
1484572120.059021000 0 0
1484572120.068278000 0 0
1484572120.084466000 0 0
1484572120.088188000 0 0
1484572120.093106000 0 0
1484572120.134421000 0 0
1484572120.306168000 0 0
1484572120.312506000 0 0
1484572120.320892000 0 0
1484572120.330267000 0 0
1484572120.338895000 0 0
1484572120.414560000 0 0
1484572120.437159000 0 0
1484572120.454715000 0 0
1484572120.556056000 0 0
1484572120.581957000 0 0
1484572120.591079000 0 18830
1484572120.942425000 0 0
1484572120.945640000 0 0
1484572120.564287000 18830 0
1484572120.571738000 0 0
1484572120.948799000 0 0
1484572120.984639000 0 0
1484572121.088790000 0 0
1484572121.109651000 0 0
1484572121.113473000 0 2
1484572121.121967000 0 0
1484572121.125319000 0 0
1484572120.319065000 2 0
1484572121.100191000 0 0
1484572121.128521000 0 0
1484572121.412295000 884736 0
1484572121.504962000 0 0
1484572121.516137000 0 0
1484572121.556101000 0 0
1484572121.768312000 0 0
1484572121.826255000 0 0
1484572121.849706000 0 0
1484572121.859845000 0 0
1484572121.886658000 0 0
1484572121.940780000 0 53
1484572121.021799000 90 0
1484572121.966383000 0 0
1484572122.104542000 0 0
1484572122.749485000 0 90
1484572122.763179000 0 0
1484572122.859895000 0 0
1484572122.874444000 0 0
1484572122.880294000 0 0
1484572122.883243000 0 0
1484572122.878671000 0 0
1484572122.873185000 0 0
1484572122.907158000 0 0
1484572122.917522000 0 0
1484572122.902463000 0 4096
1484572122.926976000 0 0
1484572122.898812000 0 0
1484572122.937250000 0 0
1484572122.974567000 0 0
1484572122.448351000 0 0
1484572123.394501000 0 0
1484572123.405942000 0 0
1484572124.324677000 0 55021
1484572124.338426000 0 0
1484572122.392851000 105649 0
1484572124.337670000 0 0
1484572124.349499000 0 0
1484572124.348686000 0 0
1484572125.946847000 0 360
1484572125.962725000 0 0
1484572125.960647000 0 0
1484572127.576236000 0 927
1484572121.771824000 0 0
1484572135.050895000 0 0
1484572122.969447000 0 4096
1484572135.061237000 0 0
1484572135.067112000 0 0
1484572122.966208000 0 0
1484572135.076064000 0 0
1484572139.376797000 0 53852
1484572139.392717000 0 0
1484572139.391177000 0 0
1484572139.404135000 0 0
1484572139.402137000 0 0
1484572119.447845000 282 0
1484572119.474447000 10 0
1484572119.483319000 10 0
1484572119.496645000 111 0
1484572119.536503000 208 0
1484572119.641112000 48743 0
1484572119.898870000 16384 0
1484572119.960481000 7865 0
1484572120.101734000 185 0
1484572120.444864000 8312 0
1484572120.460849000 237378 0
1484572121.024748000 116 0
1484572121.094797000 3611 0
1484572121.102299000 3354 0
1484572121.130211000 309 0
1484572121.777592000 10243 0
1484572122.060908000 1251 0
1484572122.285531000 35011 0
1484572121.411728000 25 0
1484572122.846199000 55 0
1484572122.851470000 6338 0
1484572122.870894000 29 0
1484572123.400722000 6839 0
1484572123.412778000 5903 0
1484572151.766065000 0 0
1484572151.790431000 0 0
1484572151.796711000 0 48882
1484572151.832470000 0 0
1484572151.839361000 0 0
1484572151.844935000 0 0
1484572151.773953000 0 0
1484572151.850495000 0 0
1484572152.767021000 0 3611
1484572152.779071000 0 0
1484572122.894312000 40960 0
1484571825.212345000 1843 0
1484572176.346365000 0 0
1484572176.352861000 0 0
1484572177.079041000 0 0
1484572035.833057000 320078 17211
1484571897.381588000 0 99192
1484572177.143431000 0 0
1484572177.150898000 0 0
1484572177.162707000 0 0
1484572177.168628000 0 0
1484572177.192293000 0 5538
1484572177.183214000 5538 0
1484572177.201567000 0 0
1484572179.801019000 0 0
1484572177.088402000 4777 3114
1484572180.181174000 0 0
1484572180.204223000 0 137
1484572180.215362000 0 0
1484572180.187421000 137 0
1484572180.213849000 0 0
1484572180.230009000 0 0
1484572180.245617000 0 0
1484572180.253316000 0 0
1484572180.259886000 0 16509
1484572180.271667000 0 0
1484572180.284713000 0 0
1484572180.298556000 0 0
1484572180.309032000 0 6820
1484572180.320381000 0 0
1484572180.318934000 0 0
1484572180.238605000 16509 0
1484572180.332606000 0 0
1484572180.362484000 0 0
1484572180.376630000 0 14628
1484572180.389396000 0 0
1484572180.387662000 0 0
1484572180.400018000 0 0
1484572180.404992000 0 0
1484572180.410672000 0 0
1484572180.420713000 0 0
1484572180.416909000 0 0
1484572180.431811000 0 0
1484572180.439081000 0 0
1484572180.448035000 0 0
1484572180.461671000 0 0
1484572180.474537000 0 0
1484572180.484520000 0 0
1484572180.498104000 0 0
1484572180.510257000 0 0
1484572180.536817000 0 0
1484572180.542287000 0 0
1484572180.548113000 0 0
1484572180.554308000 0 0
1484572180.560227000 0 0
1484572180.566554000 0 0
1484572180.572993000 0 0
1484572180.579431000 0 0
1484572180.585587000 0 0
1484572180.592269000 0 0
1484572180.598786000 0 0
1484572180.604721000 0 0
1484572180.609930000 0 0
1484572180.615675000 0 0
1484572180.621783000 0 0
1484572180.628505000 0 0
1484572180.634652000 0 0
1484572180.641725000 0 0
1484572180.647317000 0 0
1484572180.653242000 0 0
1484572180.658997000 0 0
1484572180.664728000 0 0
1484572180.671417000 0 0
1484572180.676948000 0 0
1484572180.685345000 0 0
1484572180.690887000 0 0
1484572180.696428000 0 0
1484572180.702372000 0 0
1484572180.707907000 0 0
1484572180.713526000 0 0
1484572180.719842000 0 0
1484572180.725503000 0 0
1484572180.731439000 0 0
1484572180.737565000 0 0
1484572180.742890000 0 0
1484572180.748608000 0 0
1484572180.754716000 0 0
1484572180.760498000 0 0
1484572180.766423000 0 0
1484572180.772345000 0 0
1484572180.777705000 0 0
1484572180.783469000 0 0
1484572180.789447000 0 0
1484572180.795935000 0 0
1484572180.801475000 0 0
1484572180.807593000 0 0
1484572180.813197000 0 0
1484572180.818401000 0 0
1484572180.824504000 0 0
1484572180.831230000 0 0
1484572180.837345000 0 0
1484572180.842709000 0 0
1484572180.849069000 0 0
1484572180.854631000 0 0
1484572180.862757000 0 0
1484572180.868890000 0 0
1484572180.874430000 0 0
1484572180.880152000 0 0
1484572180.885896000 0 0
1484572180.891810000 0 0
1484572180.897382000 0 0
1484572180.903474000 0 0
1484572180.909031000 0 0
1484572180.914951000 0 0
1484572180.920622000 0 0
1484572180.926540000 0 0
1484572180.932674000 0 0
1484572180.938582000 0 0
1484572180.944158000 0 0
1484572180.950085000 0 0
1484572180.955469000 0 0
1484572180.961402000 0 0
1484572180.967531000 0 0
1484572180.973439000 0 0
1484572180.978963000 0 0
1484572180.985856000 0 0
1484572180.991597000 0 0
1484572180.998482000 0 0
1484572181.004808000 0 0
1484572181.010908000 0 0
1484572181.017238000 0 0
1484572181.023146000 0 0
1484572181.029632000 0 0
1484572181.038835000 0 0
1484572181.043820000 0 0
1484572181.049534000 0 0
1484572181.056033000 0 0
1484572181.061579000 0 0
1484572181.067503000 0 0
1484572181.073424000 0 0
1484572181.079006000 0 0
1484572181.084721000 0 0
1484572181.090402000 0 0
1484572181.096163000 0 0
1484572181.100951000 0 0
1484572181.106371000 0 0
1484572181.111453000 0 0
1484572181.116918000 0 0
1484572181.122421000 0 0
1484572181.127375000 0 0
1484572181.132082000 0 0
1484572181.136752000 0 0
1484572181.143647000 0 0
1484572181.149380000 0 0
1484572181.155029000 0 0
1484572181.160578000 0 0
1484572181.166526000 0 0
1484572181.172739000 0 0
1484572181.177988000 0 0
1484572181.184105000 0 0
1484572181.189757000 0 0
1484572181.196707000 0 0
1484572182.274974000 0 7269
1484572182.286259000 0 0
1484572182.284823000 0 0
1484572185.609372000 0 0
1484572180.371011000 51 0
1484572348.935316000 0 0
1484572348.941075000 5664 2656
1484572348.955448000 0 0
1484572368.985247000 0 0
1484572348.972536000 0 9582
1484572401.065025000 0 0
1484572423.440964000 0 0
1484572423.456668000 0 0
1484572428.393840000 0 7865
1484572425.138480000 0 0
1484572423.447417000 6839 0
1484572423.463551000 5903 0
1484572480.452564000 0 14949
1484572480.465698000 0 0
1484572480.464077000 0 0
1484572482.312251000 0 7285
1484572482.322459000 0 0
1484572482.321309000 0 0
1484572479.602587000 0 0
1484572176.349934000 1843 0
1484572185.614590000 65528 4866
1484572550.531348000 0 0
1484572401.078246000 0 19682
1484572627.199773000 0 15930
1484572633.742327000 0 0
1484572633.751353000 0 0
1484572633.759756000 0 2849
1484572636.955663000 0 0
1484572699.578373000 0 0
1484572699.583880000 0 0
1484572699.594903000 0 0
1484572699.610023000 0 0
1484572699.634742000 0 0
1484572699.639475000 0 0
1484572699.644313000 0 0
1484572699.649509000 0 0
1484572699.670603000 0 0
1484572699.675507000 0 0
1484572699.698646000 0 0
1484572699.703348000 0 0
1484572699.708218000 0 0
1484572699.736234000 0 0
1484572699.741073000 0 0
1484572703.189706000 0 816252
1484572703.271781000 0 0
1484572699.131930000 815768 0
1484572703.269926000 0 0
1484572723.510639000 0 0
1484572723.526482000 0 0
1484572725.587461000 0 927
1484572726.001415000 0 460
1484572726.016251000 0 0
1484572726.014767000 0 0
1484572699.605155000 556 0
1484572699.620846000 504 0
1484572699.656927000 504 0
1484572699.715401000 398 0
1484572699.683028000 282 0
1484572723.516578000 6839 0
1484572723.532040000 5903 0
1484572780.508387000 0 14950
1484572780.522464000 0 0
1484572780.520731000 0 0
1484572782.354258000 0 7292
1484572782.364950000 0 0
1484572782.363637000 0 0
1484572838.473204000 0 54220
1484572838.488440000 0 0
1484572838.487275000 0 0
1484572838.499630000 0 0
1484572838.498414000 0 0
1484572846.244137000 0 122
1484572846.257448000 0 0
1484572846.251982000 0 51134
1484572846.253521000 0 0
1484572846.266398000 0 0
1484572846.265940000 0 0
1484572846.275762000 0 0
1484572846.280793000 0 0
1484572846.318032000 0 146
1484572846.328487000 0 0
1484572846.329223000 0 0
1484572121.524084000 0 32768
1484572846.328235000 0 0
1484572846.338878000 0 0
1484572846.348645000 0 0
1484572121.513346000 590288 864720
1484572846.362017000 0 0
1484572846.363347000 0 181
1484572846.363350000 0 7865
1484572846.377596000 0 0
1484572846.376606000 0 0
1484572846.395151000 0 212
1484572846.405736000 0 0
1484572846.406969000 0 0
1484572120.345910000 0 32768
1484572846.405979000 0 0
1484572846.416498000 0 0
1484572120.336502000 590288 2013864
1484572846.418629000 0 259
1484572846.426368000 0 0
1484572846.429870000 0 0
1484572846.429907000 0 0
1484572846.428645000 0 0
1484572846.442406000 0 3611
1484572846.454338000 0 0
1484572846.452585000 0 0
1484572846.464754000 0 288
1484572846.475035000 0 0
1484572846.473595000 0 0
1484572846.500394000 0 0
1484572121.869908000 0 32768
1484572846.508347000 0 0
1484572121.855996000 196784 65760
1484572846.517487000 0 0
1484572846.521336000 0 0
1484572846.528298000 0 0
1484572846.542410000 0 0
1484572846.547245000 0 48941
1484572846.577229000 0 0
1484572846.581633000 0 0
1484572846.585679000 0 0
1484572846.532105000 0 0
1484572846.589715000 0 0
1484572846.624259000 0 6494
1484572846.634894000 0 0
1484572846.633424000 0 0
1484572846.645704000 0 0
1484572848.651895000 0 0
1484572848.689748000 0 0
1484572848.692827000 0 0
1484572848.701258000 0 0
1484572850.232561000 0 0
1484572850.291774000 0 0
1484572850.295596000 0 0
1484572850.301861000 0 0
1484572850.306404000 0 0
1484572850.315332000 0 0
1484572850.320284000 0 0
1484572119.508135000 0 0
1484572850.329102000 0 0
1484572850.331670000 0 0
1484572850.337174000 0 0
1484572850.379569000 0 0
1484572850.421525000 0 0
1484572850.443306000 0 0
1484572850.445904000 0 0
1484572850.448654000 0 0
1484572850.451965000 0 0
1484572850.454848000 0 0
1484572850.475480000 0 0
1484572850.511971000 0 0
1484572850.531721000 0 0
1484572850.535620000 0 0
1484572850.546935000 0 0
1484572850.554242000 0 0
1484572850.576545000 0 0
1484572850.580655000 0 0
1484572850.584270000 0 0
1484572850.592285000 0 0
1484572850.608594000 0 0
1484572850.612309000 0 0
1484572850.615407000 0 0
1484572850.741723000 0 0
1484572850.748156000 0 0
1484572850.766241000 0 0
1484572850.781869000 0 0
1484572850.794033000 0 0
1484572850.865045000 0 0
1484572850.883359000 0 0
1484572850.887211000 0 18830
1484572851.127862000 0 0
1484572851.132491000 0 0
1484572850.870366000 18830 0
1484572850.876349000 0 0
1484572851.136045000 0 0
1484572851.203944000 0 0
1484572851.272661000 0 0
1484572851.292175000 0 0
1484572851.296750000 0 2
1484572851.305807000 0 0
1484572851.308927000 0 0
1484572850.754086000 2 0
1484572851.283248000 0 0
1484572851.312415000 0 0
1484572121.497749000 753664 491520
1484572851.494984000 884736 0
1484572851.603566000 0 0
1484572851.714305000 0 0
1484572851.754103000 0 0
1484572851.758760000 0 0
1484572851.762880000 0 0
1484572851.795403000 0 0
1484572851.806488000 0 0
1484572852.159192000 0 53
1484572851.231992000 288 0
1484572852.168029000 0 0
1484572852.340346000 0 0
1484572852.353658000 0 0
1484572852.357982000 0 0
1484572852.360617000 0 0
1484572852.356819000 0 0
1484572852.352403000 0 0
1484572852.381501000 0 0
1484572852.391630000 0 0
1484572852.376132000 0 4096
1484572852.398774000 0 90
1484572852.399480000 0 0
1484572852.373138000 0 0
1484572852.410854000 0 0
1484572852.407359000 0 0
1484572852.426906000 0 0
1484572852.617661000 0 0
1484572854.655486000 0 0
1484572852.184782000 51134 0
1484572854.654373000 0 0
1484572854.667349000 0 0
1484572854.674656000 0 0
1484572854.672939000 0 0
1484572854.685426000 0 52200
1484572854.700442000 0 0
1484572864.537177000 0 0
1484572852.422153000 0 4096
1484572864.550553000 0 0
1484572864.557104000 0 0
1484572852.419169000 0 0
1484572864.568072000 0 0
1484572851.717893000 0 0
1484572869.730711000 0 52200
1484572869.746703000 0 0
1484572869.760072000 0 0
1484572848.705236000 282 0
1484572850.304616000 10 0
1484572850.311666000 10 0
1484572850.318413000 111 0
1484572850.343831000 208 0
1484572850.431791000 48941 0
1484572850.517984000 16384 0
1484572850.525767000 7865 0
1484572850.622568000 185 0
1484572850.784605000 8312 0
1484572850.799246000 237378 0
1484572851.234192000 116 0
1484572851.278635000 3611 0
1484572851.283060000 3354 0
1484572851.290317000 309 0
1484572851.723351000 10243 0
1484572852.259235000 1251 0
1484572852.308591000 35011 0
1484572851.302255000 25 0
1484572852.349646000 29 0
1484572852.697752000 55 0
1484572878.794515000 0 0
1484572878.799758000 2849 4270
1484572881.713630000 0 0
1484572881.736939000 0 0
1484572881.742979000 0 49017
1484572881.777615000 0 0
1484572881.784753000 0 0
1484572881.790801000 0 0
1484572881.721318000 0 0
1484572881.796410000 0 0
1484572852.369425000 40960 0
1484572878.809333000 0 0
1484572907.642481000 0 0
1484572907.656516000 0 0
1484572907.675120000 0 0
1484572907.686127000 0 0
1484572907.733873000 0 5538
1484572907.711347000 5538 0
1484572907.746396000 0 0
1484572910.664341000 0 0
1484572910.719386000 0 137
1484572910.733397000 0 0
1484572910.689528000 137 0
1484572910.731233000 0 0
1484572910.749249000 0 0
1484572910.761246000 0 0
1484572910.783442000 0 0
1484572910.791347000 0 14586
1484572910.804083000 0 0
1484572910.802595000 0 0
1484572910.813342000 0 0
1484572910.818960000 0 0
1484572910.825165000 0 0
1484572910.847257000 0 0
1484572910.855146000 0 0
1484572910.878716000 0 0
1484572910.890998000 0 0
1484572910.903839000 0 0
1484572910.915383000 0 0
1484572910.927762000 0 0
1484572910.938305000 0 0
1484572910.950413000 0 0
1484572910.958925000 0 0
1484572910.964808000 0 0
1484572910.970414000 0 0
1484572910.976315000 0 0
1484572910.982253000 0 0
1484572910.989057000 0 0
1484572910.995257000 0 0
1484572911.001318000 0 0
1484572911.008301000 0 0
1484572911.014268000 0 0
1484572911.020535000 0 0
1484572911.026863000 0 0
1484572911.032216000 0 0
1484572911.038238000 0 0
1484572911.044461000 0 0
1484572911.049740000 0 0
1484572911.055421000 0 0
1484572911.061546000 0 0
1484572911.067855000 0 0
1484572911.073794000 0 0
1484572911.079696000 0 0
1484572911.085545000 0 0
1484572911.091605000 0 0
1484572911.097375000 0 0
1484572911.103211000 0 0
1484572911.109187000 0 0
1484572911.115874000 0 0
1484572911.122397000 0 0
1484572911.129004000 0 0
1484572911.135136000 0 0
1484572911.141073000 0 0
1484572911.149767000 0 0
1484572911.155107000 0 0
1484572911.160534000 0 0
1484572911.166121000 0 0
1484572911.172043000 0 0
1484572911.177848000 0 0
1484572911.182709000 0 0
1484572911.188166000 0 0
1484572911.194173000 0 0
1484572911.199585000 0 0
1484572911.205129000 0 0
1484572911.211102000 0 0
1484572911.215919000 0 0
1484572911.221831000 0 0
1484572911.227741000 0 0
1484572911.233071000 0 0
1484572911.239589000 0 0
1484572911.245476000 0 0
1484572911.250446000 0 0
1484572911.256884000 0 0
1484572911.262492000 0 0
1484572911.268115000 0 0
1484572911.273970000 0 0
1484572911.279809000 0 0
1484572911.286501000 0 0
1484572911.292157000 0 0
1484572911.297746000 0 0
1484572911.316462000 0 0
1484572911.323198000 0 0
1484572911.327113000 0 0
1484572911.335716000 0 0
1484572911.340339000 0 0
1484572911.346031000 0 0
1484572911.350861000 0 0
1484572911.355083000 0 0
1484572911.358916000 0 0
1484572911.365929000 0 0
1484572911.371097000 0 0
1484572911.374956000 0 0
1484572911.383393000 0 0
1484572911.389033000 0 0
1484572911.393971000 0 0
1484572911.399675000 0 0
1484572911.403885000 0 0
1484572911.408309000 0 0
1484572911.412855000 0 0
1484572911.417075000 0 0
1484572911.420944000 0 0
1484572911.424919000 0 0
1484572911.428961000 0 0
1484572911.433051000 0 0
1484572911.436998000 0 0
1484572911.440894000 0 0
1484572911.445037000 0 0
1484572911.449427000 0 0
1484572911.453925000 0 0
1484572911.457909000 0 0
1484572911.462319000 0 0
1484572911.466523000 0 0
1484572911.472506000 0 0
1484572911.477210000 0 0
1484572911.483034000 0 0
1484572911.486932000 0 0
1484572911.490921000 0 0
1484572911.496147000 0 0
1484572911.500373000 0 0
1484572911.505451000 0 0
1484572911.510281000 0 0
1484572911.516190000 0 0
1484572911.521436000 0 0
1484572911.526404000 0 0
1484572911.532816000 0 0
1484572911.537318000 0 0
1484572911.541621000 0 0
1484572911.549559000 0 0
1484572911.555371000 0 0
1484572911.559288000 0 0
1484572911.566114000 0 0
1484572911.569970000 0 0
1484572911.573902000 0 0
1484572911.577847000 0 0
1484572910.840611000 51 0
1484572945.128638000 0 0
1484572878.828175000 0 9586
1484572636.961723000 65893 1513
1484573023.242978000 0 0
1484573023.246888000 0 0
1484573023.364458000 0 0
1484573023.596088000 0 0
1484573023.604589000 0 0
1484573023.879693000 0 0
1484573023.883362000 0 0
1484573023.891815000 0 0
1484573026.036368000 0 360
1484573026.047915000 0 0
1484573023.599387000 6839 0
1484573023.609420000 5903 0
1484573023.897317000 398 0
1484573023.902749000 282 0
1484573023.588381000 0 0
1484573023.361524000 0 0
1484573062.149378000 0 0
1484573062.179838000 0 0
1484573062.184166000 0 0
1484573062.188447000 0 0
1484573062.181262000 0 0
1484573062.193441000 0 0
1484573062.197838000 0 0
1484573062.204449000 0 0
1484573062.210022000 0 0
1484573062.115071000 0 0
1484573062.152311000 0 0
1484573062.112975000 0 0
1484573066.101230000 0 0
1484573082.407519000 0 7302
1484573082.419486000 0 0
1484573082.417662000 0 0
1484572965.220789000 0 12394
1484573062.158563000 1701 0
1484573062.166389000 211 0
1484573062.172011000 545 0
1484573062.177403000 274 0
1484573062.185694000 191 0
1484573062.191179000 1615 0
1484573062.199850000 18443 0
1484573062.209168000 336 0
1484573062.216017000 22711 0
1484573062.224803000 224 0
1484573062.231385000 119039 0
1484573062.553936000 289 0
1484573062.560997000 224 0
1484573062.567201000 197 0
1484573062.573068000 192 0
1484573062.579097000 226 0
1484573062.585179000 234 0
1484573062.592823000 14610 0
1484573062.601082000 266 0
1484573062.607654000 649 0
1484573062.613794000 226 0
1484573062.618719000 302 0
1484573062.625565000 134 0
1484573062.630871000 134 0
1484573062.635795000 134 0
1484573062.641648000 144 0
1484573062.647263000 134 0
1484573062.652972000 134 0
1484573062.658678000 134 0
1484573062.664476000 357 0
1484573062.670416000 127 0
1484573062.676226000 122 0
1484573062.682161000 122 0
1484573062.688411000 170 0
1484573062.695460000 165 0
1484573062.703772000 165 0
1484573062.712182000 112 0
1484573062.719022000 148 0
1484573062.725995000 1868 0
1484573062.734257000 557 0
1484573062.741290000 154 0
1484573062.748318000 225 0
1484573062.756513000 133 0
1484573062.763768000 133 0
1484573062.769851000 134 0
1484573062.776518000 133 0
1484573062.784043000 133 0
1484573062.789289000 105 0
1484573062.794857000 281 0
1484573062.802155000 274 0
1484573062.809737000 226 0
1484573062.816393000 140 0
1484573062.821747000 302 0
1484573062.828485000 190 0
1484573085.273986000 0 13242
1484573098.194648000 0 0
1484573098.203969000 0 0
1484573084.089919000 0 0
1484573098.212373000 0 2849
1484573101.879590000 0 0
1484573133.633963000 0 0
1484573133.848296000 0 0
1484573133.851753000 0 0
1484573133.860406000 0 0
1484573152.324350000 0 7865
1484573133.864962000 398 0
1484573133.867714000 282 0
1484573210.872191000 0 14906
1484573210.886275000 0 0
1484573210.884236000 0 0
1484573323.648251000 0 0
1484573323.658465000 0 0
1484573133.654753000 0 0
1484573133.631500000 0 0
1484573333.735518000 0 0
1484573333.754802000 0 0
1484573333.818988000 0 0
1484573333.820270000 0 0
1484573333.828275000 0 0
1484573333.831817000 0 0
1484573333.835615000 0 0
1484573333.838643000 0 0
1484573333.842349000 0 0
1484573333.738420000 0 0
1484573333.719502000 0 0
1484573333.718661000 0 0
1484573342.425743000 0 0
1484573342.429275000 0 0
1484573342.438038000 0 0
1484573323.652183000 6839 0
1484573323.662556000 5903 0
1484573333.744462000 1701 0
1484573333.748837000 211 0
1484573333.750648000 545 0
1484573333.752952000 274 0
1484573333.757057000 191 0
1484573333.758848000 1615 0
1484573333.762938000 18443 0
1484573333.769461000 336 0
1484573333.771449000 22711 0
1484573333.775989000 224 0
1484573333.782821000 119039 0
1484573333.797698000 289 0
1484573333.799664000 224 0
1484573333.801728000 197 0
1484573333.803766000 192 0
1484573333.805730000 226 0
1484573333.807611000 234 0
1484573333.810254000 14610 0
1484573333.814352000 266 0
1484573333.816900000 649 0
1484573333.821645000 226 0
1484573333.824061000 302 0
1484573333.830810000 134 0
1484573333.833027000 134 0
1484573333.834745000 134 0
1484573333.836583000 144 0
1484573333.838492000 134 0
1484573333.839990000 134 0
1484573333.842099000 134 0
1484573333.846629000 357 0
1484573333.849161000 127 0
1484573333.853658000 122 0
1484573333.857913000 122 0
1484573333.860238000 170 0
1484573333.862120000 165 0
1484573333.863882000 165 0
1484573333.865653000 112 0
1484573333.869945000 148 0
1484573333.871808000 1868 0
1484573333.874333000 557 0
1484573333.877791000 154 0
1484573333.879779000 225 0
1484573333.884608000 133 0
1484573333.888799000 133 0
1484573333.890584000 134 0
1484573333.892338000 133 0
1484573333.894312000 133 0
1484573333.896413000 105 0
1484573333.898427000 281 0
1484573333.900756000 274 0
1484573333.902486000 226 0
1484573333.904199000 140 0
1484573333.906128000 302 0
1484573333.910454000 190 0
1484573342.275630000 0 0
1484573342.232166000 0 0
1484573362.418009000 0 0
1484573362.423158000 0 0
1484573362.426348000 0 0
1484573362.429610000 0 0
1484573362.432624000 0 0
1484573362.437040000 0 0
1484573362.439837000 0 0
1484573362.442853000 0 0
1484573362.420941000 0 0
1484573362.399313000 0 0
1484573362.402432000 0 0
1484573364.508895000 0 0
1484573364.515005000 2849 4760
1484573342.442503000 398 0
1484573342.444807000 282 0
1484573364.523216000 0 0
1484573364.538867000 0 7157
1484573376.253355000 0 0
1484573376.262014000 0 0
1484573376.269541000 0 2843
1484573382.471872000 0 7304
1484573382.487260000 0 0
1484573382.485519000 0 0
1484573384.521121000 0 927
1484573362.423585000 1701 0
1484573362.428028000 211 0
1484573362.429944000 545 0
1484573362.434354000 274 0
1484573362.438665000 191 0
1484573362.440734000 1615 0
1484573362.442964000 18443 0
1484573362.446990000 336 0
1484573362.449464000 22711 0
1484573362.456693000 224 0
1484573362.458464000 119039 0
1484573362.472912000 289 0
1484573362.475280000 224 0
1484573362.477024000 197 0
1484573362.481398000 192 0
1484573362.485535000 226 0
1484573362.487749000 234 0
1484573362.490013000 14610 0
1484573362.493829000 266 0
1484573362.498666000 649 0
1484573362.503270000 226 0
1484573362.505391000 302 0
1484573362.508055000 134 0
1484573362.509856000 134 0
1484573362.511656000 134 0
1484573362.513543000 144 0
1484573362.515311000 134 0
1484573362.517141000 134 0
1484573362.521699000 134 0
1484573362.525710000 357 0
1484573362.528111000 127 0
1484573362.529834000 122 0
1484573362.531526000 122 0
1484573362.533460000 170 0
1484573362.535198000 165 0
1484573362.537323000 165 0
1484573362.539611000 112 0
1484573362.542380000 148 0
1484573362.546849000 1868 0
1484573362.549551000 557 0
1484573362.551730000 154 0
1484573362.553504000 225 0
1484573362.555532000 133 0
1484573362.557233000 133 0
1484573362.558991000 134 0
1484573362.563352000 133 0
1484573362.565066000 133 0
1484573362.566910000 105 0
1484573362.571834000 281 0
1484573362.573718000 274 0
1484573362.575495000 226 0
1484573362.577287000 140 0
1484573362.581622000 302 0
1484573362.586020000 190 0
1484573462.506007000 0 52647
1484573462.524011000 0 0
1484573462.521731000 0 0
1484573462.535837000 0 0
1484573462.534016000 0 0
1484573463.858359000 0 0
1484573470.913988000 0 98840
1484573470.951043000 0 0
1484573477.576385000 0 53204
1484573477.595223000 0 0
1484573477.592969000 0 0
1484573477.610061000 0 0
1484573477.608227000 0 0
1484573459.528392000 6338 0
1484573492.641384000 0 56353
1484573492.659004000 0 0
1484573492.657437000 0 0
1484573492.670660000 0 0
1484573492.669189000 0 0
1484573507.710198000 0 73161
1484573507.730991000 0 0
1484573507.729094000 0 0
1484573507.744150000 0 0
1484573507.741859000 0 0
1484573510.910533000 0 14920
1484573510.921967000 0 0
1484573510.920555000 0 0
1484573522.782327000 0 73392
1484573522.802109000 0 0
1484573522.800182000 0 0
1484573522.814113000 0 0
1484573522.812290000 0 0
1484573596.429293000 0 0
1484573596.436938000 2843 6356
1484573623.692244000 0 0
1484573623.705951000 0 0
1484573623.698986000 6839 0
1484573623.710439000 5903 0
1484573682.508632000 0 7304
1484573682.521045000 0 0
1484573682.519177000 0 0
1484573717.596231000 0 0
1484573717.601531000 3188 4574
1484573101.887594000 66082 3650
1484573717.633460000 0 10773
1484573727.450341000 0 9107
1484573730.159145000 0 0
1484573730.167981000 0 0
1484573730.177487000 0 2849
1484573734.475990000 0 0
1484573717.614227000 0 0
1484573801.175126000 0 0
1484573801.181436000 2849 4181
1484573810.968256000 0 14920
1484573810.983154000 0 0
1484573810.980909000 0 0
1484573801.192006000 0 0
1484573734.481272000 66354 2790
1484573801.210699000 0 13297
1484573824.673895000 0 0
1484573824.683104000 0 0
1484573824.691568000 0 2843
1484573922.513281000 0 0
1484573922.609509000 0 0
1484573922.887350000 0 0
1484573922.889820000 0 0
1484573922.892180000 0 0
1484573922.893468000 0 0
1484573922.904593000 0 0
1484573922.902784000 0 0
1484573922.915733000 0 0
1484573922.939343000 0 0
1484573922.942465000 0 0
1484573922.957569000 0 0
1484573922.960682000 0 0
1484573922.964045000 0 0
1484573922.968216000 0 0
1484573923.749819000 0 0
1484573923.763954000 0 0
1484573922.607749000 282 0
1484573922.912985000 556 0
1484573922.924661000 504 0
1484573922.974573000 504 0
1484573923.757261000 6839 0
1484573923.767416000 5903 0
1484573982.558524000 0 7304
1484573982.570193000 0 0
1484573982.569142000 0 0
1484574111.015629000 0 14923
1484574111.028333000 0 0
1484574111.026570000 0 0
1484574208.133498000 0 0
1484574223.801261000 0 0
1484574223.815427000 0 0
1484574226.150861000 0 365
1484574226.169405000 0 0
1484574226.167121000 0 0
1484574223.805984000 6839 0
1484574223.823207000 5903 0
1484574282.602480000 0 7304
1484574282.614170000 0 0
1484574282.612759000 0 0
1484574332.705547000 0 927
1484574384.958437000 0 73668
1484574384.977686000 0 0
1484574384.975681000 0 0
1484574384.990364000 0 0
1484574384.988145000 0 0
1484574400.055286000 0 74565
1484574400.071595000 0 0
1484574400.070745000 0 0
1484574400.082173000 0 0
1484574400.081244000 0 0
1484574402.067052000 0 0
1484574402.072787000 0 0
1484574411.030183000 0 14986
1484574411.041420000 0 0
1484574411.040467000 0 0
1484574415.337232000 0 75213
1484574415.352377000 0 0
1484574415.351431000 0 0
1484574415.361527000 0 0
1484574415.360538000 0 0
1484574438.565061000 0 75213
1484574438.580620000 0 0
1484574438.579564000 0 0
1484574438.590104000 0 0
1484574438.588991000 0 0
1484574453.613978000 0 74796
1484574453.629264000 0 0
1484574453.628382000 0 0
1484574453.637557000 0 0
1484574453.636714000 0 0
1484574459.100313000 0 0
1484574459.111129000 0 0
1484574459.114682000 0 1596
1484574459.122097000 0 0
1484574459.125388000 0 0
1484574459.128276000 0 0
1484574459.103818000 0 0
1484574459.131198000 0 0
1484574459.265310000 0 360
1484574459.274389000 0 0
1484574459.288771000 0 85
1484574459.297702000 0 0
1484574459.351922000 0 109
1484574459.354346000 0 0
1484571826.297532000 0 4096
1484574459.364939000 0 0
1484574459.362151000 0 0
1484574459.369124000 0 0
1484571826.289685000 0 0
1484574459.375625000 0 0
1484574459.394409000 0 0
1484574459.407848000 0 0
1484574459.414787000 0 0
1484574459.419018000 0 0
1484574459.423706000 0 0
1484574459.428764000 0 0
1484574459.437274000 0 0
1484574459.413329000 0 152
1484574459.473853000 0 0
1484574459.477066000 0 0
1484574459.398701000 0 0
1484574459.480056000 0 0
1484571825.025536000 58404 275824
1484572179.806127000 322371 146205
1484574208.137693000 66490 3198
1484574459.501504000 0 26268
1484574459.574793000 0 927
1484574459.577490000 0 144
1484574459.585375000 0 0
1484574459.593251000 0 0
1484571827.612908000 0 32768
1484574459.597538000 0 175
1484574459.599732000 0 0
1484571827.602509000 459120 1250864
1484574459.605125000 0 0
1484574459.611945000 0 0
1484574459.615290000 0 0
1484574459.616506000 0 204
1484574459.623103000 0 0
1484574459.633433000 0 0
1484571827.593258000 0 4096
1484574459.639796000 0 0
1484574459.644046000 0 0
1484571827.582960000 0 0
1484574459.650753000 0 0
1484574459.656606000 0 0
1484574459.670248000 0 0
1484574459.674400000 0 42342
1484574459.700190000 0 0
1484574459.703384000 0 0
1484574459.660566000 0 0
1484574459.706247000 0 0
1484574459.750869000 0 0
1484571833.739829000 116626 2080
1484571828.192284000 0 0
1484571833.800970000 0 0
1484571827.603839000 0 0
1484571820.550035000 0 0
1484571823.326047000 327680 0
1484571826.273807000 98304 0
1484571824.561145000 229376 0
1484574459.433933000 1843 0
1484574459.461440000 1483 0
1484571821.475906000 6144 0
1484571820.923543000 266240 4096
1484571820.934727000 8192 4096
1484571827.588651000 786432 950272
1484571827.564418000 98304 0
1484571977.820650000 98304 0
1484571833.726299000 8510 0
1484571833.711567000 11244 0
1484574547.575806000 0 122
1484574547.581562000 0 23767
1484574547.586200000 0 0
1484574547.585318000 0 0
1484574547.592936000 0 0
1484574547.591900000 0 0
1484574547.600854000 0 0
1484574547.607077000 0 0
1484574547.652585000 0 146
1484574547.671265000 0 0
1484574547.664872000 0 0
1484572851.596319000 0 32768
1484574547.664692000 0 0
1484574547.679341000 0 7866
1484574547.683267000 0 0
1484574547.682889000 0 181
1484572851.591539000 0 4770656
1484574547.692095000 0 0
1484574547.693145000 0 0
1484574547.690760000 0 0
1484574547.697077000 0 0
1484574547.701372000 0 212
1484574547.709830000 0 0
1484574547.708943000 0 0
1484574547.727275000 0 259
1484574547.744812000 0 0
1484574547.741350000 0 0
1484574547.763133000 0 0
1484574547.762079000 0 3671
1484572850.761051000 0 32768
1484574547.774332000 0 0
1484574547.771809000 0 0
1484572850.758116000 0 5047456
1484574547.772159000 0 0
1484574547.786275000 0 0
1484574547.790467000 0 0
1484574547.789497000 0 288
1484574547.802673000 0 0
1484574547.800748000 0 0
1484574547.846576000 0 0
1484572851.763573000 0 32768
1484574547.856262000 0 0
1484572851.760223000 0 361152
1484574547.870121000 0 0
1484574547.873906000 0 0
1484574547.881645000 0 0
1484574547.900442000 0 0
1484574547.905565000 0 49078
1484574547.936746000 0 0
1484574547.941703000 0 0
1484574547.945463000 0 0
1484574547.886702000 0 0
1484574547.948578000 0 0
1484574547.983383000 0 6520
1484574547.991747000 0 0
1484574547.990845000 0 0
1484574548.000414000 0 0
1484571753.020530000 0 0
1484572121.851284000 0 0
1484572121.920339000 0 0
1484572850.327769000 0 0
