1484550443.177096000 0 0
1484550443.189459000 0 0
1484550443.194834000 0 0
1484550443.209826000 0 0
1484550443.214433000 0 0
1484550444.359027000 446 0
1484550445.150981000 446 0
1484550447.919103000 0 0
1484550447.921484000 0 0
1484550447.929308000 0 0
1484550450.941572000 0 0
1484550450.943828000 0 0
1484550450.953361000 0 0
1484550450.955850000 0 0
1484550450.959762000 0 0
1484550451.001083000 0 0
1484550451.060958000 0 0
1484550451.149483000 0 0
1484550451.191405000 0 0
1484550451.193593000 0 0
1484550451.188773000 0 0
1484550451.204828000 0 0
1484550451.219150000 0 0
1484550451.221557000 0 0
1484550451.273520000 0 0
1484550451.290342000 0 0
1484550451.288611000 0 0
1484550451.310998000 0 0
1484550451.311714000 0 0
1484550451.316727000 0 0
1484550451.318720000 0 0
1484550451.319171000 0 0
1484550451.321386000 0 0
1484550451.320860000 0 0
1484550451.380788000 0 0
1484550445.177683000 111 0
1484550451.173061000 129 0
1484550451.213175000 129 0
1484550451.230318000 129 0
1484550451.280893000 582 0
1484550451.175514000 1667 0
1484550451.299857000 1697 0
1484550451.315721000 129 0
1484550451.354464000 504 0
1484550451.362064000 129 0
1484550451.378715000 2121 0
1484550451.386888000 1397 0
1484550451.420803000 104 0
1484550451.452571000 1087 0
1484550451.469809000 2911 0
1484550450.913853000 446 0
1484550493.197638000 0 0
1484550493.675605000 0 0
1484550496.874865000 0 0
1484550496.877933000 0 0
1484550496.885456000 0 0
1484550496.898539000 398 0
1484550496.903094000 446 0
1484550495.358922000 0 0
1484550840.461640000 0 0
1484550929.406415000 0 0
1484550929.632721000 0 0
1484550929.686667000 0 0
1484550929.689618000 0 0
1484550929.697504000 0 0
1484550929.703644000 0 0
1484550944.367526000 0 0
1484550945.427547000 0 0
1484550945.430760000 0 0
1484550945.438519000 0 0
1484550929.701899000 582 0
1484550929.714565000 504 0
1484550958.234389000 0 0
1484550851.300743000 0 0
1484550929.629440000 892 0
1484550997.745234000 0 0
1484550998.080061000 0 0
1484550998.083925000 0 0
1484550998.092288000 0 0
1484550998.095897000 582 0
1484551125.577248000 0 0
1484551125.630693000 0 0
1484551125.633147000 0 0
1484551125.640933000 0 0
1484551125.696939000 0 0
1484551125.700216000 0 0
1484551103.689249000 892 0
1484551125.644104000 582 0
1484551246.274991000 0 0
1484551394.783510000 0 0
1484551394.945377000 0 0
1484551394.948390000 0 0
1484551394.956601000 0 0
1484551394.972550000 0 0
1484551395.051817000 0 0
1484551395.054233000 0 0
1484551395.343568000 0 0
1484551395.346048000 0 0
1484551394.959966000 582 0
1484551395.350514000 446 0
1484551395.540652000 129 0
1484551395.604084000 292 0
1484551395.622917000 300 0
1484551395.676846000 0 0
1484551395.539162000 0 0
1484551395.819738000 0 0
1484551395.843070000 0 0
1484551395.845787000 0 0
1484551395.848312000 0 0
1484551395.850727000 0 0
1484551395.861243000 0 0
1484551395.861671000 0 0
1484551395.863298000 0 0
1484551395.865961000 0 0
1484551395.868594000 0 0
1484551395.878554000 0 0
1484551395.881152000 0 0
1484551395.494646000 0 0
1484550958.237011000 0 0
1484551395.673024000 295 0
1484551395.686185000 504 0
1484551395.702707000 504 0
1484551395.709950000 504 0
1484551395.815143000 446 0
1484551395.886275000 398 0
1484551430.023059000 0 0
1484551430.026241000 0 0
1484551430.033992000 0 0
1484551432.642877000 0 0
1484551432.645214000 0 0
1484551442.748720000 0 0
1484551430.037407000 582 0
1484551432.649189000 446 0
1484551492.051829000 0 0
1484551492.179243000 0 0
1484551492.174219000 446 0
1484551641.420744000 0 0
1484551442.751372000 0 0
1484551729.490032000 0 0
1484551729.565037000 0 0
1484551729.568364000 0 0
1484551729.576500000 0 0
1484551729.759721000 0 0
1484551743.451936000 0 0
1484551729.584655000 446 0
1484551865.509804000 0 0
1484551743.454360000 0 0
1484551934.069536000 0 0
1484551934.207133000 0 0
1484551955.816096000 0 0
1484551955.880656000 0 0
1484551955.884559000 0 0
1484551955.892674000 0 0
1484551956.071115000 0 0
1484551934.203418000 892 0
1484551988.726337000 0 0
1484551988.786907000 0 0
1484551988.789970000 0 0
1484551988.797713000 0 0
1484552000.090841000 0 0
1484551988.803382000 446 0
1484552070.369468000 0 0
1484552070.371754000 0 0
1484552070.360921000 0 0
1484552070.441269000 0 0
1484552070.445345000 0 0
1484552070.444234000 0 0
1484552070.452758000 0 0
1484552070.452865000 0 0
1484552070.455921000 0 0
1484552070.462713000 0 0
1484552070.479905000 0 0
1484552070.482299000 0 0
1484552070.493163000 0 0
1484552070.495331000 0 0
1484552070.498316000 0 0
1484552070.500645000 0 0
1484552070.137833000 446 0
1484552070.458579000 398 0
1484552070.460707000 582 0
1484552070.467156000 504 0
1484552070.505051000 504 0
1484552117.569922000 0 0
1484552117.614603000 0 0
1484552117.617124000 0 0
1484552117.625161000 0 0
1484552117.628857000 446 0
1484552130.467339000 0 0
1484552130.559250000 0 0
1484551125.703241000 0 0
1484552130.570781000 0 0
1484552000.094019000 0 0
1484552152.532618000 0 0
1484552152.536271000 0 0
1484552152.544253000 0 0
1484552152.548144000 582 0
1484552644.391296000 0 0
1484552644.446836000 0 0
1484552644.449916000 0 0
1484552644.457456000 0 0
1484552644.726033000 0 0
1484552644.551243000 446 0
1484552783.659686000 0 0
1484552862.524926000 0 0
1484552865.842065000 0 0
1484552865.845172000 0 0
1484552865.852792000 0 0
1484552882.103758000 0 0
1484552882.106918000 0 0
1484552882.114576000 0 0
1484552865.856080000 446 0
1484552898.758617000 0 0
1484552882.120245000 582 0
1484552939.565946000 0 0
1484552943.881689000 0 0
1484552943.884997000 0 0
1484552943.893205000 0 0
1484552960.156198000 0 0
1484552964.590435000 0 0
1484552964.597286000 0 0
1484552964.605418000 0 0
1484553135.657941000 0 0
1484553135.719962000 0 0
1484553135.723156000 0 0
1484553135.731175000 0 0
1484553135.911297000 0 0
1484553159.277535000 0 0
1484553135.736086000 446 0
1484553159.280730000 0 0
1484553526.267271000 0 0
1484553526.331056000 0 0
1484553526.334723000 0 0
1484553526.343010000 0 0
1484553526.524966000 0 0
1484553544.833640000 0 0
1484553526.351978000 446 0
1484553706.002168000 0 0
1484553544.836166000 0 0
1484553706.865690000 0 0
1484553721.742491000 0 0
1484553721.748216000 0 0
1484553721.759368000 0 0
1484553721.765540000 446 0
1484553750.917311000 0 0
1484553750.920806000 0 0
1484553750.928996000 0 0
1484553758.172692000 0 0
1484553758.175324000 0 0
1484553750.932985000 582 0
1484553758.179688000 446 0
1484553789.929750000 0 0
1484553808.970169000 0 0
1484553789.932778000 0 0
1484553983.428380000 0 0
1484554001.344082000 0 0
1484554129.481100000 0 0
1484554129.484214000 0 0
1484554129.486884000 0 0
1484554178.751641000 0 0
1484554179.247360000 0 0
1484554179.250897000 0 0
1484554179.259901000 0 0
1484554179.691273000 0 0
1484554179.693683000 0 0
1484554179.267557000 446 0
1484554179.698706000 582 0
1484554210.871537000 0 0
1484554210.911635000 0 0
1484554225.855355000 0 0
1484554226.369267000 0 0
1484554226.371913000 0 0
1484554254.903946000 0 0
1484554254.907167000 0 0
1484554254.923648000 0 0
1484554254.927449000 0 0
1484554254.931446000 0 0
1484554255.044032000 0 0
1484554489.782376000 0 0
1484554489.852530000 0 0
1484554489.855885000 0 0
1484554489.864367000 0 0
1484554490.191609000 0 0
1484554490.227995000 0 0
1484554490.218252000 0 0
1484554489.870006000 446 0
1484554715.112388000 0 0
1484554715.115854000 0 0
1484554715.147858000 0 0
1484554716.877176000 0 0
1484554716.890147000 0 0
1484554716.893405000 0 0
1484554715.132031000 331 0
1484554715.145882000 197 0
1484554715.168732000 226 0
1484554829.383028000 0 0
1484554829.396443000 0 0
1484554829.407998000 0 0
1484554829.411382000 0 0
1484554829.414170000 0 0
1484554829.387076000 0 0
1484554829.340938000 0 0
1484554833.526015000 0 0
1484554833.618651000 0 0
1484554833.622915000 0 0
1484554833.631007000 0 0
1484554833.641261000 0 0
1484554833.653931000 0 0
1484554833.656269000 0 0
1484554833.658676000 0 0
1484554833.661064000 0 0
1484554833.672984000 0 0
1484554833.675409000 0 0
1484554833.685379000 0 0
1484554833.687758000 0 0
1484554833.700697000 0 0
1484554833.703213000 0 0
1484554829.345601000 0 0
1484554829.394590000 197 0
1484554829.398839000 226 0
1484554829.417557000 302 0
1484554829.390787000 331 0
1484554829.433727000 134 0
1484554829.451954000 134 0
1484554829.468278000 134 0
1484554829.480556000 144 0
1484554829.491614000 134 0
1484554829.503164000 134 0
1484554829.510433000 134 0
1484554833.498884000 446 0
1484554833.638661000 582 0
1484554833.647338000 504 0
1484554833.666250000 504 0
1484554833.692537000 398 0
1484554247.034802000 0 0
1484555277.189855000 0 0
1484555277.193106000 0 0
1484555277.201085000 0 0
1484555281.961407000 0 0
1484555281.965004000 0 0
1484555281.967460000 0 0
1484555281.970820000 0 0
1484555281.974623000 0 0
1484555281.977852000 0 0
1484555277.209101000 446 0
1484555277.041815000 0 0
1484556137.547612000 0 0
1484556137.550313000 0 0
1484556137.558421000 0 0
1484556141.535579000 0 0
1484556141.539125000 0 0
1484556141.541475000 0 0
1484556141.544705000 0 0
1484556141.548140000 0 0
1484556141.551161000 0 0
1484556137.564948000 446 0
1484556385.480869000 0 0
1484556385.487724000 0 0
1484556895.670008000 0 0
1484557269.927457000 0 0
1484557269.930835000 0 0
1484557269.933409000 0 0
1484557269.936802000 0 0
1484557269.941961000 0 0
1484557269.944940000 0 0
1484556137.389291000 0 0
1484557303.142935000 0 0
1484557303.147571000 0 0
1484557303.155873000 0 0
1484557303.162238000 446 0
1484558190.191447000 0 0
1484558190.204214000 0 0
1484558190.209217000 0 0
1484558193.175300000 0 0
1484558193.216715000 0 0
1484558193.310344000 0 0
1484558504.358803000 0 0
1484558504.426201000 0 0
1484558504.428973000 0 0
1484558504.437331000 0 0
1484558504.443511000 446 0
1484559306.095453000 0 0
1484559309.525743000 0 0
1484559309.529117000 0 0
1484559309.537295000 0 0
1484559309.543860000 446 0
1484559324.129106000 0 0
1484559324.158054000 0 0
1484559324.170590000 0 0
1484559324.209613000 0 0
1484559324.212976000 0 0
1484559324.137210000 0 0
1484559324.089909000 0 0
1484559327.668152000 0 0
1484559327.672883000 0 0
1484559327.681242000 0 0
1484559327.574865000 0 0
1484559327.692306000 0 0
1484559327.708945000 0 0
1484559327.711819000 0 0
1484559327.714392000 0 0
1484559327.716953000 0 0
1484559327.728954000 0 0
1484559327.731526000 0 0
1484559327.740495000 0 0
1484559327.743485000 0 0
1484559327.756439000 0 0
1484559327.759019000 0 0
1484559324.110192000 0 0
1484559324.146450000 331 0
1484559324.156225000 197 0
1484559324.162600000 226 0
1484559324.167122000 302 0
1484559324.176178000 134 0
1484559324.181213000 134 0
1484559324.186208000 134 0
1484559324.191182000 144 0
1484559324.196310000 134 0
1484559324.201137000 134 0
1484559324.206401000 134 0
1484559327.433117000 446 0
1484559327.690077000 582 0
1484559327.701068000 504 0
1484559327.722162000 504 0
1484559327.748626000 398 0
1484557292.549400000 0 0
