1484587248.270359000 0 0
1484587248.278600000 0 0
1484587248.283548000 0 0
1484587248.288217000 0 0
1484587248.313191000 0 0
1484587249.013056000 0 0
1484587249.015419000 0 0
1484587249.022418000 0 0
1484587249.018625000 0 0
1484587249.030072000 0 0
1484587249.034605000 0 0
1484587249.051917000 0 0
1484587248.914998000 574 0
1484587249.094248000 0 0
1484587249.108870000 0 0
1484587249.108922000 0 0
1484587249.110774000 0 0
1484587249.111020000 0 0
1484587249.133204000 0 0
1484587249.137656000 0 0
1484587249.138535000 0 0
1484587249.142510000 0 0
1484587249.022039000 0 0
1484587249.187224000 0 0
1484587249.204648000 0 0
1484587249.098774000 202 0
1484587249.106556000 129 0
1484587249.246080000 0 0
1484587249.248625000 0 0
1484587249.247726000 0 0
1484587249.250023000 0 0
1484587249.251261000 0 0
1484587249.107672000 146 0
1484587249.252545000 0 0
1484587249.087727000 574 0
1484587249.123615000 129 0
1484587249.174326000 568 0
1484587249.183377000 129 0
1484587249.067817000 13032 0
1484587249.148734000 1915 0
1484587249.209238000 0 0
1484587249.291236000 0 0
1484587249.240293000 129 0
1484587249.276224000 129 0
1484587253.702229000 0 0
1484587253.937947000 0 0
1484587253.939633000 0 0
1484587253.809105000 0 0
1484587256.251760000 0 0
1484587249.138738000 2951 0
1484587269.322300000 0 0
1484587257.111962000 0 0
1484587249.478733000 139 0
1484587253.979998000 402 0
1484587256.282980000 80 0
1484587256.337468000 210 0
1484587256.308416000 195 0
1484587253.982185000 574 0
1484588017.052359000 0 0
1484588017.095580000 0 0
1484588017.097801000 0 0
1484588017.104979000 0 0
1484588017.141110000 0 0
1484588017.143199000 0 0
1484587995.948156000 1148 0
1484588017.108902000 568 0
