1484568902.612245000 0 0
1484568902.614602000 0 0
1484568902.613990000 0 0
1484568902.617133000 0 0
1484568902.619377000 0 0
1484568902.620652000 0 0
1484568902.637400000 0 0
1484568902.751844000 0 0
1484568902.759805000 0 0
1484568902.762113000 0 0
1484568902.762121000 0 0
1484568902.765075000 0 0
1484568902.765837000 0 0
1484568902.768699000 0 0
1484568902.777000000 0 0
1484568902.817160000 0 0
1484568902.819768000 0 0
1484568902.821833000 0 0
1484568902.824077000 0 0
1484568903.025186000 0 0
1484568900.657921000 150 0
1484568902.682493000 51 0
1484568902.757246000 129 0
1484568902.764332000 129 0
1484568902.771090000 568 0
1484568902.773696000 129 0
1484568902.780397000 544 0
1484568902.829966000 504 0
1484568902.653552000 863 0
1484568902.658218000 2741 0
1484568902.663645000 813 0
1484568902.669889000 721 0
1484568902.674421000 919 0
1484568902.687454000 863 0
1484568902.574985000 0 0
1484568902.647064000 423 0
1484568902.651567000 332 0
1484568903.429072000 8192 0
1484568903.599206000 0 0
1484568912.136140000 0 0
1484568913.694300000 0 0
1484568913.731623000 0 0
1484568913.734822000 0 0
1484568913.738528000 0 0
1484568913.741420000 0 0
1484568913.886871000 0 0
1484568913.897585000 0 0
1484568913.895185000 0 0
1484568913.987579000 0 0
1484568914.014030000 0 0
1484568914.016369000 0 0
1484568914.018827000 0 0
1484568903.631225000 863 0
1484568903.644275000 2741 0
1484568903.700681000 813 0
1484568903.706351000 721 0
1484568903.710853000 919 0
1484568903.721326000 863 0
1484568903.603799000 494 0
1484568903.607993000 497 0
1484568903.634095000 0 0
1484568903.657968000 0 0
1484568903.676907000 10240 0
1484568903.696266000 13824 0
1484568903.703280000 0 0
1484568903.708180000 0 0
1484568903.712720000 0 0
1484568903.722889000 0 0
1484568903.612584000 8192 0
1484568913.982656000 2250 0
1484568914.022345000 568 0
1484568914.139777000 454 0
1484569054.711648000 0 0
1484569054.714570000 0 0
1484569054.718484000 0 0
1484569054.723391000 0 0
1484569054.728774000 0 0
1484569054.983228000 0 0
1484569054.996630000 0 0
1484569054.999947000 0 0
1484569055.003684000 0 0
1484569055.009059000 0 0
1484569055.022542000 0 0
1484569055.026340000 0 0
1484569055.029848000 0 0
1484569054.511165000 0 0
1484569054.572364000 0 0
1484569054.721744000 454 0
1484569054.499217000 863 0
1484569860.451489000 0 0
1484569860.553181000 0 0
1484569860.555844000 0 0
1484569860.560054000 0 0
1484569860.567262000 0 0
1484569860.571932000 0 0
1484569860.624613000 0 0
1484569860.630502000 0 0
1484569860.632725000 0 0
1484569860.635368000 0 0
1484569860.637822000 0 0
1484569860.644210000 0 0
1484569860.646348000 0 0
1484569860.648474000 0 0
1484569865.587730000 0 0
1484569865.591315000 0 0
1484569865.813830000 0 0
1484569865.816031000 0 0
1484569865.818536000 0 0
1484569867.512166000 0 0
1484569867.983214000 0 0
1484569867.986830000 0 0
1484569867.992945000 0 0
1484569867.999554000 0 0
1484569868.008607000 0 0
1484569868.016171000 0 0
1484569868.018839000 0 0
1484569868.023490000 0 0
1484569868.025875000 0 0
1484569868.031114000 0 0
1484569868.083276000 0 0
1484569868.108443000 0 0
1484569868.122290000 0 0
1484569868.140953000 0 0
1484569868.168171000 0 0
1484569868.170341000 0 0
1484569868.172358000 0 0
1484569868.174392000 0 0
1484569868.176138000 0 0
1484569868.198827000 0 0
1484569868.211491000 0 0
1484569868.213813000 0 0
1484569868.215706000 0 0
1484569868.218032000 0 0
1484569868.225141000 0 0
1484569868.228799000 0 0
1484569868.231092000 0 0
1484569868.233335000 0 0
1484569868.235706000 0 0
1484569868.237958000 0 0
1484569868.240196000 0 0
1484569868.242422000 0 0
1484569868.227809000 0 0
1484569868.245941000 0 0
1484569868.248069000 0 0
1484569868.251331000 0 0
1484569868.253539000 0 0
1484569868.255740000 0 0
1484569868.250494000 0 0
1484569868.224330000 0 0
1484569868.305785000 0 0
1484569868.311549000 0 0
1484569868.393408000 0 0
1484569868.467360000 0 0
1484569868.479798000 0 0
1484569868.492912000 0 0
1484569868.553414000 0 0
1484569868.569567000 0 0
1484569868.573366000 0 18830
1484569868.801117000 0 0
1484569868.805419000 0 0
1484569868.558312000 18830 0
1484569868.562915000 0 0
1484569868.809163000 0 0
1484569868.934462000 0 0
1484569868.946814000 0 1544
1484569868.956234000 0 0
1484569868.988747000 0 0
1484569869.036727000 0 0
1484569869.050093000 0 0
1484569869.095917000 0 0
1484569869.190841000 0 0
1484569869.361144000 13312 0
1484569869.374832000 0 0
1484569869.390893000 0 0
1484569869.395133000 0 0
1484569869.577997000 0 0
1484569869.581394000 0 2
1484569869.588838000 0 0
1484569869.591283000 0 0
1484569869.399776000 2 0
1484569869.571675000 0 0
1484569869.593706000 0 0
1484569869.627881000 0 0
1484569869.635993000 0 0
1484569869.639236000 0 0
1484569869.649740000 0 0
1484569869.638372000 0 0
1484569869.653541000 0 0
1484569869.657241000 0 0
1484569869.659631000 0 0
1484569869.662381000 0 0
1484569869.665103000 0 0
1484569869.667840000 0 0
1484569869.670557000 0 0
1484569869.656168000 0 0
1484569869.674537000 0 0
1484569869.677209000 0 0
1484569869.682602000 0 0
1484569869.685856000 0 0
1484569869.689098000 0 0
1484569869.692337000 0 0
1484569869.681043000 0 0
1484569869.697394000 0 0
1484569869.760787000 0 0
1484569869.766845000 0 0
1484569869.768860000 0 0
1484569869.771153000 0 0
1484569869.773126000 0 0
1484569869.775172000 0 0
1484569869.777656000 0 0
1484569869.779675000 0 0
1484569869.781804000 0 0
1484569869.784125000 0 0
1484569869.787582000 0 0
1484569869.789637000 0 0
1484569869.791719000 0 0
1484569869.793766000 0 0
1484569870.273138000 0 0
1484569870.298929000 0 0
1484569870.889737000 0 0
1484569870.900901000 0 0
1484569871.093525000 0 53
1484569868.933689000 204 0
1484569871.100749000 0 0
1484569872.205157000 0 0
1484569872.231646000 0 0
1484569860.459518000 863 0
1484569860.469688000 0 0
1484569860.492069000 0 0
1484569874.174317000 0 0
1484569874.184310000 0 0
1484569868.470558000 0 0
1484569879.339553000 0 0
1484569879.978811000 0 0
1484569879.983631000 85688 4628
1484569865.820993000 568 0
1484569860.565866000 454 0
1484569867.997661000 10 0
1484569868.004296000 10 0
1484569868.014269000 111 0
1484569868.040070000 208 0
1484569868.117364000 41585 0
1484569868.127895000 4431 0
1484569868.145441000 16384 0
1484569868.160631000 809 0
1484569868.343762000 337 0
1484569868.476089000 14833 0
1484569868.485573000 8416 0
1484569868.498076000 208787 0
1484569868.940730000 3072 0
1484569869.042054000 289707 0
1484569869.054507000 8 0
1484569869.101019000 504 0
1484569869.141623000 10979 0
1484569869.196323000 9126 0
1484569869.632435000 22276 0
1484569869.759392000 546 0
1484569870.277829000 416 0
1484569870.331983000 135957 0
1484569871.113370000 14000 0
1484569869.211434000 25 0
1484569871.134084000 9833 0
1484569871.144615000 1079 0
1484569899.652256000 0 9126
1484569899.664483000 0 0
1484569905.546920000 0 0
1484569910.868047000 0 0
1484569925.398748000 0 0
1484569925.416606000 0 0
1484569925.437352000 0 0
1484569925.449407000 0 0
1484569925.493434000 0 66
1484569925.476729000 66 0
1484569925.502550000 0 0
1484569928.432085000 0 0
1484569928.474044000 0 137
1484569928.485608000 0 0
1484569928.439253000 137 0
1484569928.483890000 0 0
1484569928.501169000 0 0
1484569928.511809000 0 0
1484569928.535844000 0 0
1484569928.543065000 0 6995
1484569928.553494000 0 0
1484569928.552596000 0 0
1484569928.562005000 0 0
1484569928.566544000 0 0
1484569928.571163000 0 0
1484569928.575627000 0 0
1484569928.580299000 0 0
1484569928.585310000 0 0
1484569928.590223000 0 0
1484569928.594951000 0 0
1484569905.618492000 683445 0
1484569905.611247000 166272 0
1484569928.612482000 51 0
1484570075.366296000 0 0
1484569910.872682000 86548 1293
1484570075.428540000 530826 6516
1484570169.044615000 0 0
1484570169.056648000 0 0
1484570169.074038000 0 0
1484570169.081134000 87309 1395
1484570170.317077000 0 416
1484570170.331385000 0 0
1484570170.329677000 0 0
1484570172.227700000 0 809
1484570169.050856000 6083 0
1484570169.063633000 3276 0
1484570228.622653000 0 7000
1484570228.631926000 0 0
1484570228.631136000 0 0
1484569869.799868000 1514 3330
1484569869.765114000 1919 0
1484570441.937341000 0 0
1484570442.323060000 0 0
1484570442.683162000 0 0
1484570442.681986000 0 0
1484570442.805974000 0 0
1484570442.808301000 0 0
1484570442.811517000 0 0
1484570442.878607000 0 0
1484570442.880976000 0 0
1484570442.883628000 0 0
1484570442.886125000 0 0
1484570442.931573000 0 0
1484570442.934016000 0 0
1484570442.936183000 0 0
1484570442.947659000 0 0
1484570442.949755000 0 0
1484570442.951775000 0 0
1484570442.958397000 0 0
1484570442.818620000 454 0
1484570442.963261000 0 0
1484570442.961841000 0 0
1484570442.968832000 0 0
1484570442.979689000 0 0
1484570442.977491000 0 0
1484570443.057917000 0 0
1484570443.055748000 0 0
1484570443.065700000 0 0
1484570443.130411000 0 0
1484570443.138898000 0 0
1484570443.153085000 0 0
1484570443.151680000 0 0
1484570443.215994000 0 0
1484570443.303097000 0 0
1484570443.305529000 0 0
1484570443.308357000 0 0
1484570443.314497000 0 0
1484570443.316445000 0 0
1484570443.318385000 0 0
1484570443.326814000 0 0
1484570443.389928000 0 0
1484570443.392044000 0 0
1484570443.395224000 0 0
1484570443.399920000 0 0
1484570443.420232000 0 0
1484570443.418729000 0 0
1484570443.431108000 0 0
1484570443.517848000 0 0
1484570443.515887000 0 0
1484570444.145634000 0 0
1484570444.144522000 0 0
1484570446.158987000 0 0
1484570446.157778000 0 0
1484570448.170835000 0 0
1484570448.169399000 0 0
1484570442.910977000 4120 0
1484570442.916786000 22937 0
1484570469.201671000 0 0
1484570469.217210000 0 0
1484570469.234653000 0 0
1484570469.241619000 87411 1497
1484570469.209106000 6083 0
1484570469.221786000 3276 0
1484570507.265310000 0 0
1484570507.268161000 0 0
1484570507.271369000 0 0
1484570528.671365000 0 7001
1484570528.680875000 0 0
1484570528.679730000 0 0
1484570507.286916000 568 0
1484570719.095914000 0 0
1484570719.240296000 0 0
1484570719.242583000 0 0
1484570719.245786000 0 0
1484570719.258856000 0 0
1484570719.305608000 0 0
1484570719.307527000 0 0
1484570719.320498000 0 0
1484570442.686547000 0 0
1484570719.366260000 0 0
1484570719.368459000 0 0
1484570719.569363000 0 0
1484570719.571732000 0 0
1484570719.581320000 0 0
1484570719.881267000 0 0
1484570719.881648000 0 0
1484570719.881473000 0 0
1484570719.910355000 0 0
1484570719.914975000 0 0
1484570720.064942000 0 0
1484570720.128638000 0 0
1484570720.164935000 0 0
1484570720.338998000 0 0
1484570720.366906000 0 0
1484570720.380510000 0 0
1484570720.406100000 0 0
1484570720.465984000 0 0
1484570720.469497000 0 0
1484570720.488986000 0 0
1484570720.491544000 0 0
1484570720.493843000 0 0
1484570720.508421000 0 0
1484570720.512054000 0 0
1484570720.515562000 0 0
1484570720.339332000 0 0
1484570720.406257000 0 0
1484570734.070237000 0 0
1484570736.728468000 0 0
1484570719.910010000 0 0
1484570719.659266000 1726 0
1484570719.888490000 5482 0
1484570720.162382000 1626 0
1484570720.228140000 1442 0
1484570720.382769000 1838 0
1484570720.476049000 1726 0
1484570719.599894000 846 0
1484570719.629531000 664 0
1484570736.911521000 0 0
1484570738.060951000 0 0
1484570738.085072000 0 0
1484570738.089365000 0 0
1484570738.094096000 0 0
1484570738.098306000 0 0
1484570738.104148000 0 0
1484570738.111206000 0 0
1484570738.119984000 0 0
1484570738.126931000 0 0
1484570738.131162000 0 0
1484570738.135374000 0 0
1484570738.139530000 0 0
1484570738.309512000 0 0
1484570738.311928000 0 0
1484570725.541832000 0 0
1484570738.404696000 0 0
1484570443.129310000 0 165
1484570738.471038000 0 0
1484570738.473412000 0 0
1484570738.463667000 0 0
1484570738.466748000 0 23021
1484570738.491329000 0 0
1484570738.501486000 0 0
1484570738.481642000 0 0
1484570738.504039000 0 0
1484570738.487994000 0 0
1484570736.916712000 494 0
1484570736.922887000 497 0
1484570738.519837000 0 0
1484570738.523853000 0 0
1484570738.525849000 0 0
1484570738.523185000 0 0
1484570738.529587000 0 0
1484570738.533684000 0 0
1484570738.532832000 0 0
1484570738.536536000 0 0
1484570738.542380000 0 0
1484570738.544228000 0 0
1484570738.546081000 0 0
1484570738.550540000 0 0
1484570738.554784000 0 0
1484570738.553646000 0 0
1484570738.559334000 0 0
1484570738.563769000 0 0
1484570738.562495000 0 0
1484570738.567032000 0 0
1484570738.601401000 0 0
1484570738.603987000 0 0
1484570738.606138000 0 0
1484570738.609054000 0 0
1484570738.660595000 0 0
1484570738.659382000 0 0
1484570738.665135000 0 0
1484570738.748340000 0 0
1484570738.746314000 0 0
1484570739.111413000 0 0
1484570739.118043000 0 0
1484570741.125272000 0 0
1484570741.123971000 0 0
1484570743.137839000 0 0
1484570743.136155000 0 0
1484570719.309741000 454 0
1484570720.216390000 402 0
1484570720.448484000 51 0
1484570719.248326000 568 0
1484570720.437733000 504 0
1484570720.222281000 504 0
1484569869.806063000 1511 4839
1484570089.804281000 532111 5089
1484570738.512324000 48 0
1484570442.912622000 0 0
1484570769.281527000 0 0
1484570769.295734000 0 0
1484570769.311965000 0 0
1484570769.318614000 87513 1599
1484570769.288261000 6083 0
1484570769.299715000 3276 0
1484570810.900855000 0 0
1484570810.945023000 0 0
1484570810.958221000 0 0
1484570810.961481000 0 0
1484570738.514004000 0 0
1484570810.951356000 0 23014
1484570811.013099000 0 0
1484570811.028969000 0 0
1484570810.997262000 0 0
1484570811.032891000 0 0
1484570811.005945000 0 0
1484570811.965461000 0 0
1484570811.964105000 0 0
1484570813.975456000 0 0
1484570813.974434000 0 0
1484570815.987835000 0 0
1484570815.986411000 0 0
1484570811.043342000 48 0
1484570828.718155000 0 7001
1484570828.725356000 0 0
1484570828.724282000 0 0
1484570811.961467000 454 0
1484570925.087980000 0 0
1484570925.119297000 0 0
1484570925.131590000 0 0
1484570925.134883000 0 0
1484570811.046558000 0 0
1484570925.125439000 0 23009
1484570925.186465000 0 0
1484570925.203185000 0 0
1484570925.169577000 0 0
1484570925.207759000 0 0
1484570925.178583000 0 0
1484570926.145308000 0 0
1484570926.143829000 0 0
1484570928.153841000 0 0
1484570928.152605000 0 0
1484570926.140038000 454 0
1484570928.715071000 423 0
1484570928.720550000 332 0
1484570928.718763000 8192 0
1484570928.801625000 0 0
1484570928.804133000 0 0
1484570928.806587000 0 0
1484570928.811054000 0 0
1484570930.151241000 0 0
1484570930.150527000 0 0
1484570925.218192000 48 0
1484570928.835463000 863 0
1484570928.859052000 2741 0
1484570928.891914000 813 0
1484570928.901593000 721 0
1484570928.906971000 919 0
1484570928.919761000 863 0
1484570928.812741000 494 0
1484570928.814443000 497 0
1484570928.838379000 0 0
1484570928.862127000 0 0
1484570928.875875000 10240 0
1484570928.885768000 13824 0
1484570928.895302000 0 0
1484570928.903598000 0 0
1484570928.908685000 0 0
1484570928.921356000 0 0
1484570930.176809000 423 0
1484570928.818918000 8192 0
1484570930.178583000 332 0
1484571069.363157000 0 0
1484571069.378168000 0 0
1484571069.394763000 0 0
1484571069.398895000 87615 1701
1484571069.370421000 6083 0
1484571069.382621000 3276 0
1484571128.770534000 0 7004
1484571128.781930000 0 0
1484571128.780583000 0 0
1484571369.441892000 0 0
1484571369.456588000 0 0
1484571369.473043000 0 0
1484571369.479309000 87717 1803
1484571369.449274000 6083 0
1484571369.460742000 3276 0
1484571428.825293000 0 7004
1484571428.838052000 0 0
1484571428.836899000 0 0
1484571642.346654000 0 0
1484571642.350761000 0 0
1484571642.355522000 0 0
1484571642.366911000 0 0
1484571642.386963000 0 0
1484571642.390570000 0 0
1484571642.394578000 0 0
1484571642.398516000 0 0
1484571642.417378000 0 0
1484571642.421288000 0 0
1484571642.442803000 0 0
1484571642.446998000 0 0
1484571642.450937000 0 0
1484571642.476898000 0 0
1484571642.481157000 0 0
1484571643.350583000 0 0
1484571643.353022000 0 0
1484571643.355778000 0 0
1484571643.362213000 0 0
1484571643.364251000 0 0
1484571643.366597000 0 0
1484571643.374242000 0 0
1484571643.376387000 0 0
1484571643.384052000 0 0
1484571643.388915000 0 0
1484571643.399046000 0 0
1484571643.401491000 0 0
1484571642.112404000 1034624 0
1484571642.363453000 568 0
1484571642.374715000 504 0
1484571642.404898000 504 0
1484571642.427614000 454 0
1484571642.457830000 402 0
1484571643.947773000 0 0
1484571643.952170000 0 0
1484571643.955736000 0 0
1484571644.134775000 0 0
1484571644.223203000 0 0
1484571644.265590000 0 0
1484571644.361937000 0 0
1484571644.664948000 0 0
1484571644.819689000 0 0
1484571644.823341000 0 0
1484571644.827578000 0 0
1484571645.403003000 0 0
1484571645.409659000 0 0
1484571645.463917000 0 0
1484571645.543820000 0 0
1484571645.574169000 0 0
1484571645.606981000 0 0
1484571645.615887000 0 0
1484571645.621008000 0 0
1484571645.645412000 0 0
1484571645.656211000 0 0
1484571645.660166000 0 0
1484571645.663770000 0 0
1484571645.708149000 0 0
1484571645.791271000 0 0
1484571647.431370000 0 1035287
1484571647.450589000 0 0
1484571647.450018000 0 0
1484571669.519912000 0 0
1484571669.530023000 0 0
1484571669.544353000 0 0
1484571669.547633000 87819 1905
1484571669.525018000 6083 0
1484571669.536341000 3276 0
1484571728.874567000 0 7007
1484571728.885766000 0 0
1484571728.884212000 0 0
1484571779.966842000 0 0
1484571780.006906000 0 0
1484571780.010220000 0 0
1484571780.016489000 0 0
1484571780.587392000 0 0
1484571780.591171000 0 0
1484571780.593387000 0 0
1484570738.403699000 0 165
1484571782.434071000 0 0
1484571782.436063000 0 0
1484571782.438418000 0 0
1484571782.440849000 0 0
1484571782.448989000 0 0
1484571782.451096000 0 0
1484571782.453051000 0 0
1484571782.459154000 0 0
1484571782.474192000 0 0
1484571782.474429000 0 0
1484571782.472916000 0 0
1484571782.478539000 0 0
1484571782.486751000 0 0
1484571780.021558000 454 0
1484571782.568837000 0 0
1484571782.567210000 0 0
1484571782.573961000 0 0
1484571782.635505000 0 0
1484571782.636161000 0 0
1484571782.637754000 0 0
1484571782.640117000 0 0
1484571782.642622000 0 0
1484571782.651976000 0 0
1484571782.654162000 0 0
1484571782.657621000 0 0
1484571782.664274000 0 0
1484571782.672493000 0 0
1484571782.672756000 0 0
1484571782.670931000 0 0
1484571782.760644000 0 0
1484571782.759079000 0 0
1484571782.770938000 0 0
1484571782.862497000 0 0
1484571782.860458000 0 0
1484571783.262181000 0 0
1484571783.268606000 0 0
1484571783.270589000 0 0
1484571783.272553000 0 0
1484571783.274546000 0 0
1484571783.280837000 0 0
1484571783.439418000 0 0
1484571783.444037000 0 0
1484571785.451400000 0 0
1484571785.449919000 0 0
1484571787.463661000 0 0
1484571787.462284000 0 0
1484571782.455313000 48 0
1484571782.459006000 23009 0
1484571815.761916000 0 0
1484571815.796242000 0 0
1484571815.806547000 0 0
1484571815.809106000 0 0
1484570925.221914000 0 0
1484571815.801523000 0 23048
1484571815.827014000 0 0
1484571815.841307000 0 0
1484571815.815446000 0 0
1484571815.845245000 0 0
1484571815.822335000 0 0
1484571816.811365000 0 0
1484571816.810116000 0 0
1484571818.824453000 0 0
1484571818.822984000 0 0
1484571820.842577000 0 0
1484571820.841278000 0 0
1484571815.854272000 48 0
1484571841.187615000 0 0
1484571841.240531000 0 0
1484571841.249713000 0 0
1484571841.252297000 0 0
1484571815.857440000 0 0
1484571841.245279000 0 23136
1484571841.283246000 0 0
1484571841.300506000 0 0
1484571841.269993000 0 0
1484571841.305312000 0 0
1484571841.277574000 0 0
1484571842.254047000 0 0
1484571842.257533000 0 0
1484571844.269438000 0 0
1484571844.268430000 0 0
1484571846.280347000 0 0
1484571846.278891000 0 0
1484571841.315339000 48 0
1484571842.254581000 454 0
1484571906.582347000 0 0
1484571906.622274000 0 0
1484571906.635877000 0 0
1484571906.639084000 0 0
1484571841.317947000 0 0
1484571906.629090000 0 18273
1484571906.682421000 0 0
1484571906.699614000 0 0
1484571906.666353000 0 0
1484571906.703902000 0 0
1484571906.674557000 0 0
1484571907.642613000 0 0
1484571907.641312000 0 0
1484571909.652921000 0 0
1484571909.651544000 0 0
1484571911.726285000 0 0
1484571911.725079000 0 0
1484571906.714325000 48 0
1484571907.637898000 454 0
1484571953.761085000 0 0
1484571953.814050000 0 0
1484571953.827566000 0 0
1484571953.831033000 0 0
1484571906.717614000 0 0
1484571953.820835000 0 18205
1484571953.881018000 0 0
1484571953.899091000 0 0
1484571953.864529000 0 0
1484571953.903858000 0 0
1484571953.873292000 0 0
1484571954.829516000 0 0
1484571954.828026000 0 0
1484571956.842036000 0 0
1484571956.840836000 0 0
1484571958.853995000 0 0
1484571958.852751000 0 0
1484571953.915039000 48 0
1484571969.595101000 0 0
1484571969.607573000 0 0
1484571969.620213000 0 0
1484571969.626865000 87921 2007
1484571969.602375000 6083 0
1484571969.611076000 3276 0
1484572028.924859000 0 7007
1484572028.936096000 0 0
1484572028.935107000 0 0
1484572042.985488000 0 0
1484572043.040816000 0 0
1484572043.049551000 0 0
1484572043.052345000 0 0
1484571953.918909000 0 0
1484572043.045355000 0 23135
1484572043.098015000 0 0
1484572043.114396000 0 0
1484572043.081031000 0 0
1484572043.118879000 0 0
1484572043.090716000 0 0
1484572044.060989000 0 0
1484572044.059559000 0 0
1484572046.069836000 0 0
1484572046.068821000 0 0
1484572048.082429000 0 0
1484572048.081005000 0 0
1484572043.130561000 48 0
1484572044.056322000 454 0
1484572264.566973000 0 0
1484572264.616710000 0 0
1484572264.628447000 0 0
1484572264.631776000 0 0
1484572043.133956000 0 0
1484572264.622508000 0 21337
1484572264.694358000 0 0
1484572264.712595000 0 0
1484572264.677140000 0 0
1484572264.717299000 0 0
1484572264.686168000 0 0
1484572265.639748000 0 0
1484572265.640987000 0 0
1484572267.645539000 0 0
1484572267.644533000 0 0
1484572269.655860000 0 0
1484572269.655137000 0 0
1484572269.688507000 0 0
1484572269.695794000 0 0
1484572269.704492000 0 0
1484572269.709213000 88023 2109
1484572264.727737000 48 0
1484572288.662902000 0 0
1484572288.691314000 0 0
1484572288.702292000 0 0
1484572288.704743000 0 0
1484572264.731514000 0 0
1484572288.696803000 0 21334
1484572288.737750000 0 0
1484572288.755121000 0 0
1484572288.722550000 0 0
1484572288.759480000 0 0
1484572288.730624000 0 0
1484572289.704973000 0 0
1484572289.703524000 0 0
1484572265.636621000 454 0
1484572291.717432000 0 0
1484572291.715993000 0 0
1484572293.727250000 0 0
1484572293.726465000 0 0
1484572269.693249000 6083 0
1484572269.701135000 3276 0
1484572288.769743000 48 0
1484572328.969842000 0 7007
1484572328.983876000 0 0
1484572328.982270000 0 0
1484572340.853967000 0 0
1484572387.277089000 0 0
1484572387.280754000 0 0
1484572387.285825000 0 0
1484572387.293960000 0 0
1484572387.308055000 0 0
1484572387.310276000 0 0
1484572387.312721000 0 0
1484572387.316241000 0 0
1484572387.328437000 0 0
1484572387.331323000 0 0
1484572387.337704000 0 0
1484572387.340002000 0 0
1484572387.342633000 0 0
1484572387.354821000 0 0
1484572387.356980000 0 0
1484572360.748754000 908 0
1484572387.292175000 568 0
1484572387.301897000 504 0
1484572387.322592000 504 0
1484572387.348490000 402 0
1484571782.477733000 0 165
1484572504.557297000 0 0
1484572504.559663000 0 0
1484572504.584432000 0 0
1484572504.586761000 0 0
1484572504.590004000 0 0
1484572504.593675000 0 0
1484572504.604347000 0 0
1484572504.606252000 0 0
1484572504.608306000 0 0
1484572504.612875000 0 0
1484572504.651591000 0 0
1484572504.650250000 0 0
1484572504.592502000 454 0
1484572504.695410000 0 0
1484572504.693263000 0 0
1484572504.703631000 0 0
1484572504.705792000 0 0
1484572504.709653000 0 0
1484572504.790990000 0 0
1484572504.789474000 0 0
1484572505.548149000 0 0
1484572505.552013000 0 0
1484572505.559021000 0 0
1484572505.564071000 0 0
1484572288.773544000 0 0
1484572569.790500000 0 0
1484572569.805319000 0 0
1484572569.825959000 0 0
1484572569.832931000 88125 2211
1484572569.797621000 6083 0
1484572569.812935000 3276 0
1484572629.004763000 0 7007
1484572629.017046000 0 0
1484572629.015254000 0 0
1484572669.194525000 423 0
1484572669.200181000 332 0
1484572669.197064000 8192 0
1484572669.212693000 8192 0
1484572831.209826000 0 0
1484572831.268863000 0 0
1484572831.284079000 0 0
1484572831.289500000 0 0
1484572831.294659000 0 0
1484572831.298786000 0 0
1484572831.312121000 0 0
1484572831.314587000 0 0
1484572831.316692000 0 0
1484572831.321423000 0 0
1484572831.332515000 0 0
1484572831.333022000 0 0
1484572831.331121000 0 0
1484572831.384314000 0 0
1484572831.296838000 454 0
1484572831.420813000 0 0
1484572831.419553000 0 0
1484572831.425926000 0 0
1484572831.500047000 0 0
1484572831.502166000 0 0
1484572831.504534000 0 0
1484572831.507422000 0 0
1484572831.514771000 0 0
1484572831.518778000 0 0
1484572831.519241000 0 0
1484572831.517166000 0 0
1484572831.521594000 0 0
1484572831.534213000 0 0
1484572831.563763000 0 0
1484572831.565926000 0 0
1484572831.568062000 0 0
1484572831.572263000 0 0
1484572831.622044000 0 0
1484572831.620908000 0 0
1484572831.626674000 0 0
1484572831.717621000 0 0
1484572831.715411000 0 0
1484572832.303765000 0 0
1484572832.302314000 0 0
1484572834.302161000 0 0
1484572834.300830000 0 0
1484572836.332067000 0 0
1484572836.330762000 0 0
1484572831.215340000 4120 0
1484572831.220971000 21334 0
1484572869.874488000 0 0
1484572869.889512000 0 0
1484572869.905302000 0 0
1484572869.912444000 88227 2313
1484572882.695326000 0 0
1484572882.752065000 0 0
1484572882.765294000 0 0
1484572882.768329000 0 0
1484572831.216969000 0 0
1484572882.758821000 0 21356
1484572882.791387000 0 0
1484572882.807999000 0 0
1484572882.775482000 0 0
1484572882.812138000 0 0
1484572882.784388000 0 0
1484572883.755551000 0 0
1484572883.754531000 0 0
1484572885.774847000 0 0
1484572885.772812000 0 0
1484572887.785897000 0 0
1484572887.784879000 0 0
1484572882.822401000 48 0
1484572869.882615000 6083 0
1484572869.897445000 3276 0
1484572929.056743000 0 7007
1484572929.066176000 0 0
1484572929.065086000 0 0
1484572996.010029000 0 0
1484572996.062440000 0 0
1484572996.076019000 0 0
1484572996.079216000 0 0
1484572882.825992000 0 0
1484572996.069504000 0 21357
1484572996.122885000 0 0
1484572996.139173000 0 0
1484572996.108452000 0 0
1484572996.144189000 0 0
1484572996.116342000 0 0
1484572997.077814000 0 0
1484572997.079102000 0 0
1484572831.293147000 0 165
1484572999.071261000 0 0
1484572999.073199000 0 0
1484572999.077289000 0 0
1484572999.080045000 0 0
1484572999.086311000 0 0
1484572999.085496000 0 0
1484572999.088311000 0 0
1484572999.090861000 0 0
1484572999.092819000 0 0
1484572999.113758000 0 0
1484572999.125659000 0 0
1484572999.124529000 0 0
1484572997.074158000 454 0
1484572999.184378000 0 0
1484572999.182254000 0 0
1484572999.189561000 0 0
1484572999.273751000 0 0
1484572999.271599000 0 0
1484573001.085748000 0 0
1484573001.084484000 0 0
1484570719.322570000 0 0
1484573002.173471000 0 0
1484573002.185706000 0 0
1484573002.188179000 0 0
1484573002.191757000 0 0
1484573002.191128000 0 0
1484573002.193825000 0 0
1484573002.197038000 0 0
1484573002.205025000 0 0
1484573002.218477000 0 0
1484573002.220356000 0 0
1484573002.228458000 0 0
1484573002.230304000 0 0
1484573002.232397000 0 0
1484573002.234250000 0 0
1484573003.114358000 0 0
1484573003.113053000 0 0
1484573003.115753000 0 0
1484573004.796297000 0 0
1484573006.020183000 0 0
1484573002.201386000 402 0
1484573002.203726000 568 0
1484573002.210859000 504 0
1484573002.240303000 504 0
1484573006.040072000 863 0
1484573006.045740000 2741 0
1484573006.053183000 813 0
1484573006.060001000 721 0
1484573006.066092000 919 0
1484573006.072820000 863 0
1484573006.026955000 423 0
1484573006.034535000 332 0
1484573006.192815000 0 0
1484572996.153874000 48 0
1484572996.157479000 0 0
1484573011.398575000 0 0
1484573011.405701000 0 0
1484573011.410239000 0 0
1484573011.414549000 0 0
1484573011.419873000 0 0
1484573011.426847000 0 0
1484573011.434847000 0 0
1484573011.441785000 0 0
1484573011.446132000 0 0
1484573011.450418000 0 0
1484573011.601781000 0 0
1484573011.604053000 0 0
1484573011.692381000 0 0
1484573011.694654000 0 0
1484573011.685014000 0 0
1484573011.688519000 0 24894
1484573011.711920000 0 0
1484573011.722654000 0 0
1484573011.702260000 0 0
1484573011.725288000 0 0
1484573011.708439000 0 0
1484573011.740843000 0 0
1484573011.742421000 0 0
1484573011.746018000 0 0
1484573011.749571000 0 0
1484573011.757022000 0 0
1484573011.758937000 0 0
1484573011.760838000 0 0
1484573011.765196000 0 0
1484573006.197684000 494 0
1484573011.777031000 0 0
1484573006.203493000 497 0
1484573011.776177000 0 0
1484573011.778914000 0 0
1484573011.769713000 0 0
1484573011.781620000 0 0
1484573011.782192000 0 0
1484573011.791305000 0 0
1484573011.805167000 0 0
1484573011.798774000 0 0
1484573011.806687000 0 0
1484573011.804333000 0 0
1484573011.814787000 0 0
1484573011.815807000 0 0
1484573011.818479000 0 0
1484573011.820462000 0 0
1484573011.823769000 0 0
1484573011.814990000 423 0
1484573011.817113000 332 0
1484573011.870152000 0 0
1484573011.825906000 8192 0
1484573011.871819000 494 0
1484573011.873482000 497 0
1484573011.886551000 0 0
1484573011.885236000 0 0
1484573011.891357000 0 0
1484573011.888660000 0 0
1484573011.899576000 0 0
1484573011.901218000 0 0
1484573011.898460000 0 0
1484573011.905263000 0 0
1484573011.906971000 0 0
1484573011.909175000 0 0
1484573011.911267000 0 0
1484573011.916151000 0 0
1484573011.900003000 0 0
1484573011.909612000 10240 0
1484573011.921680000 13824 0
1484573011.932483000 0 0
1484573011.937373000 0 0
1484573011.941558000 0 0
1484573011.950544000 0 0
1484573011.880946000 8192 0
1484573011.990677000 0 0
1484573011.994655000 0 0
1484573011.989374000 0 0
1484573011.611994000 0 0
1484573012.425504000 0 0
1484573012.424026000 0 0
1484573014.437980000 0 0
1484573014.436622000 0 0
1484573012.497337000 423 0
1484573012.499344000 332 0
1484573012.491351000 8192 0
1484573016.437009000 0 0
1484573016.438132000 0 0
1484573011.732976000 48 0
1484573011.734867000 0 0
1484573011.886604000 863 0
1484573011.898184000 2741 0
1484573011.929848000 813 0
1484573011.935459000 721 0
1484573011.939946000 919 0
1484573011.948903000 863 0
1484573014.498663000 8192 0
1484573016.480669000 423 0
1484573016.482965000 332 0
1484573044.821699000 0 0
1484573044.824650000 0 0
1484573170.019687000 0 0
1484573170.034725000 0 0
1484573170.049815000 0 0
1484573170.056128000 88329 2415
1484573171.463403000 0 0
1484573172.647531000 88431 2737
1484573171.576050000 3566 3695
1484573170.027037000 6083 0
1484573170.041253000 3276 0
1484573201.725867000 0 0
1484573207.839015000 0 0
1484573207.846800000 0 0
1484573201.729836000 88753 9573
1484573229.110160000 0 7007
1484573229.121904000 0 0
1484573229.120139000 0 0
1484573470.097012000 0 0
1484573470.108472000 0 0
1484573470.124462000 0 0
1484573470.131192000 89403 3489
1484573470.102809000 6083 0
1484573470.112277000 3276 0
1484573719.436645000 0 7007
1484573719.446960000 0 0
1484573719.445733000 0 0
1484573770.184006000 0 0
1484573770.198328000 0 0
1484573770.214770000 0 0
1484573770.220333000 89505 3591
1484573770.191135000 6083 0
1484573770.202513000 3276 0
1484573915.872044000 0 0
1484573915.879460000 2746 2782
1484573915.892696000 0 0
1484573915.905966000 0 0
1484573916.549680000 0 0
1484573916.562673000 0 0
1484573916.567007000 0 0
1484573916.579880000 0 0
1484573916.621185000 0 0
1484573916.626416000 0 0
1484573916.625114000 0 0
1484573916.631830000 0 0
1484573916.651930000 0 85
1484573916.660756000 0 0
1484573916.660215000 0 0
1484573916.720248000 0 0
1484573916.733860000 0 0
1484573916.739656000 0 22276
1484573916.751607000 0 0
1484573916.755233000 0 0
1484573916.757925000 0 0
1484573916.723854000 0 0
1484573916.760775000 0 0
1484573916.837299000 0 109
1484573916.846843000 0 0
1484573916.953489000 0 144
1484573916.964882000 0 0
1484573917.031189000 0 175
1484573917.040139000 0 0
1484573917.051483000 0 0
1484573917.052074000 0 0
1484569869.371151000 0 4096
1484573917.057527000 0 0
1484573917.061155000 0 0
1484573917.065051000 0 0
1484573917.065757000 0 0
1484569869.368876000 0 0
1484573917.071342000 0 0
1484573917.075451000 0 0
1484573917.077617000 0 0
1484573917.083119000 0 0
1484573917.086166000 0 0
1484573917.088953000 0 0
1484573917.096528000 0 0
1484573917.070265000 0 546
1484573917.116642000 0 0
1484573917.120230000 0 0
1484573917.054869000 0 0
1484573917.124794000 0 0
1484569869.643813000 78269 76854
1484569879.342766000 0 630
1484569870.283164000 378548 57012
1484573915.914425000 0 5460
1484573207.844263000 1675 5508
1484573917.151891000 0 78298
1484573917.495871000 0 809
1484573917.509160000 0 204
1484573917.521252000 0 0
1484573917.557940000 0 0
1484569872.256234000 0 32768
1484573917.566747000 0 0
1484569872.251002000 344064 459152
1484573917.578506000 0 0
1484573917.583039000 0 0
1484573917.595679000 0 0
1484569872.225084000 0 4096
1484573917.610333000 0 0
1484573917.616786000 0 0
1484569872.220652000 0 0
1484573917.630753000 0 0
1484573917.640262000 0 0
1484573917.661695000 0 0
1484573917.668590000 0 41725
1484573917.701938000 0 0
1484573917.708026000 0 0
1484573917.648886000 0 0
1484573917.712648000 0 0
1484573917.792399000 0 0
1484569870.906965000 521329 1271
1484573919.742817000 0 0
1484568913.970696000 0 0
1484568902.627198000 0 0
1484569872.271340000 0 0
1484569872.235533000 0 0
1484569868.022062000 0 0
1484569868.324763000 375710 0
