1484585364.362006000 0 0
1484585364.367802000 0 0
1484585364.373264000 0 0
1484585364.393229000 0 0
1484585364.408122000 0 0
1484585365.724271000 282 0
1484585366.026682000 282 0
1484585366.072525000 0 0
1484585366.075035000 0 0
1484585366.082519000 0 0
1484585366.105892000 0 0
1484585366.108203000 0 0
1484585366.134632000 0 0
1484585366.146557000 0 0
1484585366.148648000 0 0
1484585366.190973000 0 0
1484585366.305793000 0 0
1484585366.553986000 0 0
1484585366.556105000 0 0
1484585366.589263000 0 0
1484585366.591407000 0 0
1484585366.593598000 0 0
1484585366.595802000 0 0
1484585367.919084000 0 0
1484585367.944310000 0 0
1484585367.954176000 0 0
1484585367.976077000 0 0
1484585367.989850000 0 0
1484585368.017751000 0 0
1484585368.020134000 0 0
1484585368.035850000 0 0
1484585366.328338000 1017 0
1484585366.351239000 2741 0
1484585366.578079000 402 0
1484585366.613465000 504 0
1484585366.365247000 1683 0
1484585367.941273000 129 0
1484585367.973409000 129 0
1484585368.014924000 129 0
1484585368.033292000 129 0
1484585368.038556000 544 0
1484585366.087175000 564 0
1484585412.209543000 0 0
1484585414.289241000 0 0
1484585414.294431000 0 0
1484585414.301426000 0 10
1484585414.318737000 0 0
1484585414.323916000 0 0
1484585414.326815000 0 0
1484585414.335592000 0 29
1484585414.340459000 0 122
1484585414.345809000 0 0
1484585414.355151000 0 0
1484585414.361001000 0 0
1484585414.367934000 0 0
1484585414.373152000 0 228
1484585414.442689000 0 0
1484585414.537517000 0 0
1484585428.368824000 0 286
1484585428.415322000 0 512
1484585428.431416000 0 0
1484585428.439500000 0 33288
1484585428.461756000 0 0
1484585428.469696000 0 33288
1484585428.494305000 0 0
1484585428.503380000 0 0
1484585428.508473000 0 0
1484585428.512914000 0 0
1484585428.517873000 0 0
1484585428.520751000 0 0
1484585428.563465000 0 0
1484585428.594511000 0 0
1484585428.607200000 0 232448
1484585428.683135000 0 0
1484585428.689050000 0 0
1484585428.697491000 0 0
1484585428.694977000 0 28672
1484585428.728274000 0 0
1484585428.744259000 0 0
1484585428.756099000 0 0
1484585414.334065000 0 0
1484585428.989519000 0 7488
1484585429.177018000 0 185
1484585429.182712000 0 0
1484585429.185097000 0 0
1484585429.187396000 0 0
1484585429.192003000 0 0
1484585429.195990000 0 0
1484585429.194914000 0 0
1484585429.211487000 0 0
1484585429.217220000 0 0
1484585429.248266000 0 0
1484585429.251154000 0 2511
1484585429.259507000 0 0
1484585429.262179000 0 0
1484585429.240414000 0 0
1484585429.264905000 0 0
1484585429.320102000 0 512
1484585429.333565000 0 0
1484585429.336405000 0 0
1484585429.338575000 0 0
1484585429.618735000 0 0
1484585430.102166000 0 7887
1484585430.224553000 0 0
1484585430.228758000 0 0
1484585430.232225000 0 0
1484585430.239249000 0 0
1484585430.246045000 0 0
1484585430.244285000 0 0
1484585430.261606000 0 0
1484585430.307552000 0 512
1484585430.329819000 0 0
1484585430.337476000 0 33288
1484585430.361854000 0 0
1484585430.369403000 0 33288
1484585430.392057000 0 0
1484585430.398789000 0 33288
1484585430.420834000 0 0
1484585430.427934000 0 33288
1484585430.448575000 0 0
1484585430.454521000 0 33288
1484585430.476194000 0 0
1484585430.482321000 0 33288
1484585430.499526000 0 0
1484585430.772299000 0 2
1484585430.861184000 0 0
1484585430.864065000 0 2
1484585430.871996000 0 0
1484585430.874832000 0 0
1484585430.844318000 0 0
1484585430.877487000 0 0
1484585430.951528000 0 0
1484585430.965082000 0 0
1484585430.968369000 0 3405
1484585430.977787000 0 0
1484585430.980541000 0 0
1484585430.955342000 0 0
1484585430.983207000 0 0
1484585431.533349000 0 2205
1484585431.540541000 0 0
1484585431.552893000 0 53
1484585431.558374000 0 0
1484585431.688424000 0 0
1484585431.734416000 0 3398
1484585431.741314000 0 0
1484585432.366336000 0 24
1484585432.374140000 0 0
1484585433.380451000 0 1123
1484585433.412699000 0 1731
1484585433.420305000 0 0
1484585433.423580000 0 0
1484585433.410980000 0 0
1484585433.392626000 0 0
1484585433.429240000 0 0
1484585433.497468000 0 0
1484585433.511344000 0 2775
1484585433.518682000 0 0
1484585433.521386000 0 0
1484585433.509549000 0 0
1484585433.500925000 0 0
1484585433.524687000 0 0
1484585433.533019000 0 0
1484585433.545032000 0 3188
1484585433.551885000 0 0
1484585433.554251000 0 0
1484585433.543409000 0 0
1484585433.535946000 0 0
1484585433.557565000 0 0
1484585433.566169000 0 0
1484585433.577857000 0 3781
1484585433.585112000 0 0
1484585433.587546000 0 0
1484585433.576005000 0 0
1484585433.569304000 0 0
1484585433.590935000 0 0
1484585434.218917000 0 0
1484585434.225154000 0 0
1484585432.179614000 0 0
1484585434.292307000 0 0
1484585434.305406000 0 0
1484585434.309217000 0 4127
1484585434.319320000 0 0
1484585434.322187000 0 0
1484585434.295796000 0 0
1484585434.324796000 0 0
1484585434.377988000 0 0
1484585434.382143000 0 0
1484585434.382420000 0 0
1484585434.384396000 0 0
1484585434.373693000 0 512
1484585434.386836000 0 29
1484585434.385462000 0 512
1484585434.396533000 0 0
1484585434.397069000 0 0
1484585434.397226000 0 0
1484585434.399252000 0 0
1484585434.403946000 0 0
1484585434.402249000 0 33288
1484585434.424592000 0 0
1484585434.428135000 0 0
1484585434.428468000 0 512
1484585434.450664000 0 0
1484585434.457954000 0 4616
1484585434.432718000 0 33288
1484585434.517180000 0 0
1484585434.517567000 0 0
1484585434.524913000 0 33288
1484585434.539601000 0 0
1484585434.555964000 0 0
1484585434.570087000 0 0
1484585434.582539000 0 0
1484585434.528592000 0 32768
1484585434.588114000 0 0
1484585434.524603000 0 57672
1484585434.595525000 0 0
1484585434.410428000 0 57344
1484585434.603765000 0 90
1484585434.609503000 0 0
1484585434.619680000 0 0
1484585434.621576000 0 0
1484585434.979406000 0 0
1484585434.982506000 0 46
1484585435.042316000 0 0
1484585435.096705000 0 0
1484585435.104991000 0 0
1484585435.109035000 0 512
1484585435.203974000 0 0
1484585435.210282000 0 4616
1484585435.267800000 0 0
1484585435.343141000 0 0
1484585435.344989000 0 0
1484585435.355223000 0 0
1484585435.358072000 0 0
1484585435.357740000 0 4488
1484585435.368818000 0 0
1484585435.369752000 0 0
1484585435.316152000 0 32768
1484585435.371307000 0 0
1484585435.346361000 0 0
1484585435.374348000 0 0
1484585435.373830000 0 0
1484585435.308057000 0 57672
1484585435.414901000 0 0
1484585435.100824000 0 57344
1484585435.433157000 0 0
1484585435.688942000 0 34995
1484585435.697948000 0 0
1484585436.282141000 0 0
1484585436.285487000 0 569
1484585436.291707000 0 0
1484585446.997957000 0 0
1484585434.614514000 0 32768
1484585447.004718000 0 0
1484585434.609325000 0 12424
1484585447.013999000 0 0
1484585448.292747000 0 0
1484585435.428516000 0 32768
1484585448.298723000 0 0
1484585435.425720000 0 98944
1484585448.310368000 0 0
1484585435.421134000 20480 65536
1484585451.315286000 0 569
1484585451.323938000 0 0
1484585451.332967000 0 0
1484585428.881386000 232312 0
1484585429.169015000 228 0
1484585429.226572000 185 0
1484585431.548527000 29 0
1484585433.575144000 7488 0
1484585462.212786000 0 228
1484585462.221860000 0 0
1484585463.221302000 0 0
1484585463.232053000 0 0
1484585463.234888000 0 4980
1484585463.243311000 0 0
1484585463.246120000 0 0
1484585463.248544000 0 0
1484585463.224445000 0 0
1484585463.251041000 0 0
1484585434.603122000 40960 12288
1484585414.282761000 846 0
1484585478.426564000 0 0
1484585478.432119000 0 0
1484585478.441955000 0 0
1484585478.450482000 0 0
1484585478.485469000 0 0
1484585478.489161000 0 0
1484585478.493026000 0 0
1484585478.496889000 0 0
1484585478.512160000 0 0
1484585478.515489000 0 0
1484585478.530150000 0 0
1484585478.533665000 0 0
1484585478.562762000 0 0
1484585478.566235000 0 0
1484585486.242816000 0 0
1484585486.254572000 0 0
1484585486.266526000 0 0
1484585486.273752000 0 0
1484585486.292939000 0 66
1484585486.300773000 0 0
1484585486.299354000 0 0
1484585489.321063000 0 0
1484585489.330698000 0 135
1484585489.337547000 0 0
1484585489.368043000 0 13863
1484585489.375600000 0 0
1484585489.383238000 0 51
1484585489.389120000 0 0
1484585495.401104000 0 0
1484585495.403590000 0 0
1484585495.407520000 0 222034
1484585495.472992000 0 0
1484585495.469831000 0 0
1484585495.483886000 0 0
1484585495.491740000 0 309
1484585495.503989000 0 0
1484585495.500356000 0 0
1484585495.515703000 0 0
1484585495.523730000 0 6937352
1484585497.924371000 0 0
1484585497.920458000 0 0
1484585497.999722000 0 0
1484585498.489007000 0 0
1484585498.491248000 0 0
1484585498.494641000 0 762312
1484585498.797964000 0 0
1484585498.794090000 0 0
1484585498.817119000 0 0
1484585498.825001000 0 116
1484585498.837406000 0 0
1484585498.833640000 0 0
1484585498.848815000 0 0
1484585478.276829000 282 0
1484585478.446812000 402 0
1484585478.472192000 504 0
1484585478.500479000 504 0
1484585478.546913000 402 0
1484585495.480040000 0 0
1484585495.511842000 0 0
1484585497.996516000 0 0
1484585498.813082000 0 0
1484585498.844862000 0 0
1484585498.893313000 116 0
1484585498.036135000 309 0
1484585526.992360000 0 122
1484585526.998964000 0 0
1484585527.001490000 0 650
1484585527.007372000 0 0
1484585527.011303000 0 146
1484585527.014754000 0 0
1484585527.018366000 0 0
1484585527.018162000 0 0
1484585434.376000000 0 229376
1484585527.074312000 0 181
1484585527.080574000 0 0
1484585527.102557000 0 212
1484585428.725587000 0 311296
1484585527.110241000 0 0
1484585428.753553000 0 40960
1484585527.125216000 0 111
1484585527.126374000 0 259
1484585428.403814000 0 163840
1484585527.131722000 0 0
1484585434.223569000 0 0
1484585527.139545000 0 407
1484585527.148364000 0 0
1484585527.176166000 0 0
1484585429.344950000 0 32768
1484585527.176028000 0 288
1484585527.181919000 0 0
1484585429.342331000 0 3988792
1484585527.183257000 0 0
1484585527.188882000 0 0
1484585527.192357000 0 0
1484585429.314551000 0 3735552
1484585434.402426000 0 0
1484585527.223020000 0 0
1484585434.419053000 0 32768
1484585527.228997000 0 0
1484585434.408336000 0 164128
1484585527.236884000 0 0
1484585527.240995000 0 0
1484585434.365734000 0 131072
1484585527.275597000 0 0
1484585527.297760000 0 0
1484585527.302378000 0 5782
1484585527.314506000 0 0
1484585527.321119000 0 0
1484585527.326730000 0 0
1484585527.282008000 0 0
1484585527.331336000 0 0
1484585527.375711000 0 0
1484585527.379097000 0 0
1484585527.385421000 0 6057
1484585527.392344000 0 0
1484585527.400415000 0 0
1484585430.301796000 0 425984
1484585530.079631000 0 0
1484585530.159223000 0 0
1484585530.162692000 0 0
1484585530.168674000 0 0
1484585530.175288000 0 0
1484585530.179900000 0 0
1484585414.349771000 0 0
1484585530.185818000 0 0
1484585530.187682000 0 0
1484585530.192240000 0 0
1484585530.199561000 228 0
1484585530.203938000 0 208
1484585530.257498000 0 0
1484585530.301508000 0 0
1484585530.311367000 0 0
1484585530.313578000 0 0
1484585530.315605000 0 0
1484585530.317739000 0 0
1484585530.319464000 0 0
1484585530.352583000 0 0
1484585530.387269000 0 0
1484585530.430567000 0 0
1484585530.436697000 0 0
1484585530.456689000 0 0
1484585530.459194000 0 0
1484585530.461511000 0 0
1484585530.466515000 0 0
1484585530.476453000 0 0
1484585530.478565000 0 0
1484585530.480568000 0 0
1484585530.492857000 0 0
1484585530.528087000 0 0
1484585530.530983000 0 6158
1484585530.540574000 0 0
1484585530.543348000 0 0
1484585530.305898000 5782 0
1484585530.520790000 0 0
1484585530.546061000 0 0
1484585530.655376000 0 0
1484585530.661062000 0 0
1484585530.669040000 0 0
1484585530.690686000 0 0
1484585530.706758000 0 0
1484585530.720169000 0 0
1484585530.790092000 0 0
1484585530.803555000 0 0
1484585530.806114000 0 7488
1484585530.887312000 0 0
1484585530.890630000 0 0
1484585530.792559000 7488 0
1484585530.796826000 0 0
1484585530.893771000 0 0
1484585530.936682000 0 0
1484585530.999160000 0 0
1484585531.002086000 0 2
1484585531.008913000 0 0
1484585531.011742000 0 0
1484585530.665276000 2 0
1484585530.990322000 0 0
1484585531.014274000 0 0
1484585531.028423000 0 53
1484585530.971590000 288 0
1484585531.034348000 0 0
1484585531.070959000 0 0
1484585531.127447000 0 0
1484585531.433715000 0 0
1484585531.493321000 0 90
1484585531.494812000 0 0
1484585531.499290000 0 0
1484585531.513358000 0 0
1484585531.527029000 0 0
1484585531.531933000 0 0
1484585531.533967000 0 0
1484585531.530397000 0 0
1484585531.523545000 0 0
1484585531.552496000 0 0
1484585531.561500000 0 0
1484585531.547855000 0 4096
1484585531.566503000 0 0
1484585531.544159000 0 0
1484585531.572028000 0 0
1484585531.594693000 0 0
1484585531.607388000 0 0
1484585531.619740000 0 0
1484585531.623845000 0 0
1484585531.625871000 0 0
1484585531.622509000 0 0
1484585531.618602000 0 0
1484585531.646552000 0 0
1484585531.657410000 0 0
1484585531.641454000 0 4096
1484585531.662175000 0 0
1484585531.638390000 0 0
1484585531.667896000 0 0
1484585531.681446000 0 0
1484585534.327168000 131072 0
1484585534.370416000 0 0
1484585534.397375000 0 0
1484585531.042735000 650 0
1484585534.396172000 0 0
1484585534.406066000 0 0
1484585534.413263000 0 0
1484585534.411211000 0 0
1484585534.422835000 0 1239
1484585534.431446000 0 0
1484585534.453346000 0 0
1484585534.863722000 0 0
1484585534.878553000 0 0
1484585534.882253000 0 6341
1484585534.893814000 0 0
1484585534.897628000 0 0
1484585534.867975000 0 0
1484585534.900794000 0 0
1484585534.916374000 0 122
1484585534.922815000 0 650
1484585534.921989000 0 0
1484585534.928866000 0 0
1484585531.676883000 0 32768
1484585534.929633000 0 0
1484585534.934224000 0 0
1484585534.934571000 0 146
1484585531.674112000 0 12424
1484585534.936579000 0 0
1484585534.941194000 0 0
1484585534.940363000 0 0
1484585534.997775000 0 0
1484585534.362826000 0 4096
1484585535.001022000 0 181
1484585535.003304000 0 0
1484585534.358166000 0 0
1484585535.009606000 0 0
1484585535.007099000 0 0
1484585535.015823000 0 0
1484585535.015185000 0 212
1484585531.589349000 0 4096
1484585535.020682000 0 0
1484585531.586674000 0 0
1484585535.020634000 0 0
1484585535.027491000 0 0
1484585535.028728000 0 259
1484585535.035081000 0 0
1484585530.411032000 111 0
1484585535.054659000 0 111
1484585535.055125000 0 351
1484585531.131592000 407 0
1484585535.060605000 0 0
1484585535.069812000 0 0
1484585530.682785000 0 4096
1484585535.069592000 0 288
1484585535.074290000 0 0
1484585530.680185000 0 0
1484585535.075034000 0 0
1484585535.081236000 0 0
1484585535.086610000 0 0
1484585531.515976000 0 4096
1484585535.091438000 0 0
1484585531.513019000 0 0
1484585535.097389000 0 0
1484585535.100604000 0 0
1484585535.111407000 0 0
1484585535.114286000 0 6399
1484585535.123611000 0 0
1484585535.126321000 0 0
1484585535.103620000 0 0
1484585535.129152000 0 0
1484585535.158432000 0 0
1484585535.166295000 0 135
1484585535.154093000 135 0
1484585535.171941000 0 0
1484585535.191290000 0 13854
1484585535.198584000 0 0
1484585535.204812000 0 0
1484585535.217771000 0 6037
1484585535.223788000 0 0
1484585535.230089000 0 0
1484585535.233678000 0 0
1484585541.063494000 0 0
1484585541.709527000 0 0
1484585542.055360000 0 0
1484585542.068709000 0 0
1484585531.437041000 0 0
1484585543.124827000 0 0
1484585543.128673000 0 0
1484585543.131606000 0 0
1484585543.638261000 0 0
1484585543.641676000 0 0
1484585543.650269000 0 0
1484585543.066329000 0 0
1484585547.985779000 0 3509
1484585548.002175000 0 0
1484585548.010818000 3509 0
1484585548.021004000 3509 0
1484585543.459150000 293 0
1484585544.937981000 0 0
1484585547.983721000 0 0
1484585548.004549000 586 0
1484585548.048957000 0 3509
1484585548.044568000 0 293
1484585548.061655000 0 0
1484585534.440802000 0 0
1484585534.445533000 0 0
1484585531.485157000 0 0
1484585531.521288000 0 0
1484585530.184473000 0 0
1484585551.000539000 0 0
1484585552.088635000 0 0
1484585552.094013000 0 0
1484585552.099517000 0 0
1484585553.012906000 0 0
1484585553.029026000 0 0
1484585553.032777000 0 0
1484585530.170862000 10 0
1484585530.177681000 122 0
1484585530.390679000 16384 0
1484585530.483384000 185 0
1484585530.711665000 7887 0
1484585530.722561000 232312 0
1484585530.970002000 116 0
1484585530.989860000 309 0
1484585530.991944000 3398 0
1484585531.051263000 24 0
1484585531.001210000 29 0
1484585531.246265000 34995 0
1484585531.441028000 3781 0
1484585531.520777000 29 0
1484585531.616300000 46 0
1484585548.059476000 0 0
1484585551.028531000 293 0
1484585531.634728000 86016 4096
1484585534.345452000 98304 0
1484585531.540573000 40960 0
1484585530.495200000 65536 0
1484585530.398499000 53248 4096
1484585530.404826000 8192 4096
1484585530.671776000 163840 0
1484585531.497643000 65536 0
1484585535.146352000 51 0
1484585530.939834000 65536 0
1484585542.062664000 402 0
1484585530.156150000 282 0
1484585542.086384000 80 0
1484585543.295250000 195 0
1484585596.779155000 0 0
1484585596.781736000 293 0
1484585638.919612000 0 0
1484585638.923523000 0 0
1484585638.932918000 0 0
1484585638.940300000 0 0
1484585638.946798000 0 0
1484585639.576978000 0 0
1484585639.580529000 0 0
1484585639.602271000 0 0
1484585639.625794000 0 0
1484585639.651331000 0 0
1484585639.660852000 0 0
1484585639.681815000 0 0
1484585639.696109000 0 0
1484585639.705886000 0 0
1484585639.797435000 0 0
1484585639.870438000 0 0
1484585639.972052000 0 0
1484585640.141572000 0 0
1484585640.145212000 0 0
1484585640.148183000 0 0
1484585640.151079000 0 0
1484585640.153428000 0 0
1484585640.179849000 0 0
1484585640.359459000 0 0
1484585640.365442000 0 0
1484585640.507064000 0 0
1484585640.656064000 0 0
1484585640.683553000 0 0
1484585640.823164000 0 0
1484585640.853088000 0 0
1484585640.855763000 0 18830
1484585641.163803000 0 0
1484585641.168012000 0 0
1484585640.840922000 18830 0
1484585640.847289000 0 0
1484585641.171718000 0 0
1484585641.327503000 0 0
1484585641.493790000 0 0
1484585641.860216000 0 0
1484585642.003498000 0 0
1484585642.208018000 0 0
1484585642.210500000 0 0
1484585642.731621000 0 0
1484585642.738666000 0 0
1484585642.752676000 0 0
1484585642.802357000 0 0
1484585642.751435000 0 0
1484585642.809331000 0 0
1484585642.834304000 0 0
1484585642.845378000 0 0
1484585642.849934000 0 0
1484585642.854309000 0 0
1484585642.858367000 0 0
1484585642.862618000 0 0
1484585642.824137000 0 0
1484585642.885006000 0 0
1484585642.926308000 0 0
1484585642.946212000 0 0
1484585642.940551000 0 0
1484585642.960780000 0 0
1484585642.971890000 0 0
1484585642.989523000 0 0
1484585642.993666000 0 0
1484585643.000459000 0 0
1484585643.004532000 0 0
1484585643.013081000 0 0
1484585643.017206000 0 0
1484585643.032320000 0 0
1484585643.036529000 0 0
1484585643.051530000 0 0
1484585643.055850000 0 0
1484585643.070042000 0 0
1484585643.079034000 0 0
1484585643.092761000 0 0
1484585643.097120000 0 0
1484585643.101421000 0 0
1484585642.968994000 0 0
1484585643.106579000 0 0
1484585643.125171000 0 0
1484585643.132467000 0 0
1484585643.136391000 0 0
1484585643.122799000 0 0
1484585643.141870000 0 0
1484585643.149268000 0 0
1484585643.161583000 0 0
1484585643.175150000 0 0
1484585643.178935000 0 0
1484585643.182978000 0 0
1484585643.194624000 0 0
1484585643.198858000 0 0
1484585643.159130000 0 0
1484585643.204216000 0 0
1484585643.221068000 0 0
1484585643.234358000 0 0
1484585643.238021000 0 0
1484585643.246645000 0 0
1484585643.213240000 0 0
1484585643.251576000 0 0
1484585643.254995000 0 0
1484585643.259550000 0 0
1484585643.271968000 0 0
1484585643.278535000 0 0
1484585643.285461000 0 0
1484585643.283198000 0 0
1484585643.290056000 0 0
1484585643.296927000 0 0
1484585643.294702000 0 0
1484585643.311319000 0 0
1484585643.316090000 0 0
1484585643.319497000 0 0
1484585643.323747000 0 0
1484585643.342986000 0 0
1484585643.362643000 0 0
1484585643.375962000 0 0
1484585643.383871000 0 0
1484585643.388345000 0 0
1484585643.392631000 0 0
1484585643.397150000 0 0
1484585643.401849000 0 0
1484585643.407626000 0 0
1484585643.412039000 0 0
1484585643.416894000 0 0
1484585643.421156000 0 0
1484585643.427130000 0 0
1484585643.340311000 0 0
1484585643.432099000 0 0
1484585643.435752000 0 0
1484585643.440401000 0 0
1484585643.443799000 0 0
1484585643.448867000 0 0
1484585643.453718000 0 0
1484585643.457118000 0 0
1484585643.462242000 0 0
1484585643.466803000 0 0
1484585643.470116000 0 0
1484585643.475349000 0 0
1484585643.479847000 0 0
1484585643.483292000 0 0
1484585643.487968000 0 0
1484585643.492625000 0 0
1484585643.496251000 0 0
1484585643.500303000 0 0
1484585643.504980000 0 0
1484585643.523781000 0 0
1484585643.530494000 0 0
1484585643.538166000 0 0
1484585643.535449000 0 0
1484585643.550038000 0 0
1484585643.555156000 0 0
1484585643.562335000 0 0
1484585643.560119000 0 0
1484585643.567201000 0 0
1484585643.580969000 0 0
1484585643.587959000 0 0
1484585643.585498000 0 0
1484585643.592826000 0 0
1484585643.598141000 0 0
1484585643.604721000 0 0
1484585643.602558000 0 0
1484585643.609681000 0 0
1484585643.629244000 0 0
1484585643.647091000 0 0
1484585643.650957000 0 0
1484585643.654848000 0 0
1484585643.662149000 0 0
1484585643.670389000 0 0
1484585643.691427000 0 0
1484585643.644491000 0 0
1484585643.697264000 0 0
1484585643.702688000 0 0
1484585643.706775000 0 0
1484585643.721631000 0 0
1484585643.749392000 0 0
1484585643.753777000 0 0
1484585643.758173000 0 0
1484585643.762512000 0 0
1484585643.737722000 0 0
1484585643.768016000 0 0
1484585643.775857000 0 0
1484585643.798614000 0 0
1484585643.781262000 0 0
1484585643.803859000 0 0
1484585643.808689000 0 0
1484585643.820354000 0 0
1484585643.824037000 0 0
1484585643.827828000 0 0
1484585643.818059000 0 0
1484585643.832607000 0 0
1484585643.838408000 0 0
1484585643.859487000 0 0
1484585643.842948000 0 0
1484585643.867816000 0 0
1484585643.873199000 0 0
1484585643.878022000 0 0
1484585643.884695000 0 0
1484585643.888944000 0 0
1484585643.902579000 0 0
1484585643.915082000 0 0
1484585643.927447000 0 0
1484585643.900023000 0 0
1484585643.932440000 0 0
1484585643.938199000 0 0
1484585643.954398000 0 0
1484585643.957570000 0 0
1484585643.961046000 0 0
1484585643.964382000 0 0
1484585643.968215000 0 0
1484585643.971739000 0 0
1484585643.951891000 0 0
1484585643.979296000 0 0
1484585643.991598000 0 0
1484585643.994738000 0 0
1484585643.989819000 0 0
1484585643.998821000 0 0
1484585644.012117000 0 0
1484585644.017175000 0 0
1484585644.020655000 0 0
1484585644.534432000 0 0
1484585644.569350000 0 0
1484585644.608192000 0 0
1484585644.614748000 0 0
1484585644.668984000 131072 0
1484585644.705515000 0 0
1484585644.731088000 0 0
1484585644.902798000 0 0
1484585644.905648000 0 2
1484585644.913121000 0 0
1484585644.916067000 0 0
1484585644.618998000 2 0
1484585644.891475000 0 0
1484585644.918650000 0 0
1484585644.971581000 0 53
1484585641.309839000 204 0
1484585644.978463000 0 0
1484585645.286223000 0 0
1484585645.289996000 0 0
1484585645.297064000 0 0
1484585645.434200000 0 0
1484585645.455050000 0 0
1484585645.594747000 0 0
1484585645.649505000 0 168488
1484585645.757177000 0 0
1484585645.949956000 0 0
1484585645.971499000 0 0
1484585644.556952000 11679 8573
1484585638.797974000 1017 0
1484585638.822714000 0 0
1484585638.862774000 0 0
1484585645.824769000 0 1940584
1484585656.835285000 0 0
1484585638.937417000 282 0
1484585639.605965000 10 0
1484585639.641191000 202 0
1484585639.719139000 208 0
1484585639.912839000 18177 0
1484585639.986810000 16384 0
1484585640.109304000 92 0
1484585640.403408000 497 0
1484585640.674885000 7887 0
1484585640.709036000 208620 0
1484585644.768222000 43128 5579
1484585664.024110000 0 0
1484585664.859727000 0 0
1484585665.296557000 0 0
1484585665.780076000 0 0
1484585666.216907000 0 0
1484585666.684945000 0 0
1484585667.121681000 0 0
1484585667.558481000 0 0
1484585667.995294000 0 0
1484585668.524058000 0 0
1484585641.362839000 32768 0
1484585641.864725000 504 0
1484585641.923915000 7645 0
1484585642.020275000 2577 0
1484585642.735370000 418 0
1484585644.073357000 10 0
1484585644.537721000 368 0
1484585644.574948000 27 0
1484585644.736381000 27 0
1484585644.988185000 24 0
1484585642.050044000 29 0
1484585645.032037000 9833 0
1484585645.155100000 1610 0
1484585668.949383000 0 0
1484585669.409313000 0 0
1484585669.861675000 0 0
1484585670.308167000 0 0
1484585670.811458000 0 0
1484585671.311075000 0 0
1484585671.773328000 0 0
1484585672.225470000 0 0
1484585672.723892000 0 0
1484585672.788704000 0 2577
1484585672.797328000 0 0
1484585673.201372000 0 0
1484585673.647201000 0 0
1484585674.096950000 0 0
1484585674.549437000 0 0
1484585674.969663000 0 0
1484585675.401897000 0 0
1484585675.850393000 0 0
1484585676.285853000 0 0
1484585676.723296000 0 0
1484585677.159833000 0 0
1484585677.598671000 0 0
1484585678.034192000 0 0
1484585678.470800000 0 0
1484585678.891377000 0 0
1484585679.328862000 0 0
1484585679.749948000 0 0
1484585680.186174000 0 0
1484585680.623010000 0 0
1484585681.060273000 0 0
1484585681.507875000 0 0
1484585681.939803000 0 0
1484585682.379782000 0 0
1484585682.823753000 0 0
1484585683.306293000 0 0
1484585683.759352000 0 0
1484585684.195815000 0 0
1484585684.648777000 0 0
1484585685.100613000 0 0
1484585685.548637000 0 0
1484585685.987131000 0 0
1484585686.468328000 0 0
1484585652.505043000 5292 0
1484585652.439532000 7464 0
1484585652.282314000 6011 0
1484585664.043685000 3177 0
1484585686.942470000 0 0
1484585687.379956000 0 0
1484585687.835337000 0 0
1484585688.267246000 0 0
1484585688.705055000 0 0
1484585689.145279000 0 0
1484585689.584148000 0 0
1484585690.042334000 0 0
1484585690.616354000 0 0
1484585691.059915000 0 0
1484585691.496734000 0 0
1484585691.933248000 0 0
1484585692.373721000 0 0
1484585664.877658000 14831 0
1484585665.339442000 72144 0
1484585665.794695000 21412 0
1484585666.252701000 22332 0
1484585666.697275000 3967 0
1484585667.143267000 1661 0
1484585667.578229000 1791 0
1484585668.032779000 271367 0
1484585668.539422000 1815 0
1484585668.976314000 55909 0
1484585669.430836000 3195 0
1484585692.809600000 0 0
1484585693.248768000 0 0
1484585693.696949000 0 0
1484585694.131739000 0 0
1484585694.568928000 0 0
1484585695.022379000 0 0
1484585695.881226000 0 0
1484585696.349425000 0 0
1484585696.769864000 0 0
1484585697.268446000 0 0
1484585697.504976000 0 0
1484585697.521074000 0 0
1484585697.536795000 0 0
1484585697.545239000 0 0
1484585697.576141000 0 66
1484585697.564437000 66 0
1484585697.583258000 0 0
1484585697.942869000 0 135712
1484585697.985403000 0 0
1484585698.055793000 0 0
1484585698.080769000 2345 5898
1484585698.103023000 0 70160
1484585698.113600000 1835 5380
1484585698.131393000 0 0
1484585698.157220000 0 0
1484585698.577636000 0 0
1484585669.883097000 35873 0
1484585670.342800000 196601 0
1484585670.839713000 142099 0
1484585671.338038000 64926 0
1484585671.789916000 3158 0
1484585672.253827000 231843 0
1484585672.763139000 43299 0
1484585673.224127000 9556 0
1484585673.665814000 1704 0
1484585674.118849000 8555 0
1484585699.031827000 0 0
1484585699.495384000 0 0
1484585698.475679000 0 758456
1484585699.784660000 0 0
1484585699.926707000 0 0
1484585700.349248000 0 0
1484585700.630501000 0 136
1484585700.638102000 0 0
1484585700.613125000 136 0
1484585700.636823000 0 0
1484585700.674002000 0 7275
1484585700.683016000 0 0
1484585700.681677000 0 0
1484585700.815948000 0 0
1484585701.288860000 0 0
1484585701.757928000 0 0
1484585701.896435000 0 0
1484585701.915486000 832 43624
1484585701.954518000 0 70160
1484585701.982460000 0 0
1484585702.210059000 0 0
1484585702.246929000 0 791232
1484585702.450991000 0 0
1484585697.301190000 169494 8424
1484585702.662529000 0 0
1484585703.116590000 0 0
1484585703.552013000 0 0
1484585704.026633000 0 0
1484585704.458028000 0 0
1484585674.562567000 3590 0
1484585674.982315000 17928 0
1484585675.424438000 9439 0
1484585675.859121000 6923 0
1484585676.304400000 3511 0
1484585676.742377000 5903 0
1484585677.177680000 6874 0
1484585677.609540000 1860 0
1484585678.055897000 2680 0
1484585678.477766000 4407 0
1484585678.905191000 4747 0
1484585679.337430000 2747 0
1484585679.761628000 2675 0
1484585704.871607000 0 0
1484585705.302986000 0 0
1484585705.738047000 0 0
1484585706.157297000 0 0
1484585706.598146000 0 0
1484585707.031948000 0 0
1484585707.492833000 0 0
1484585701.780140000 77869 890
1484585707.920663000 0 0
1484585709.579792000 0 70160
1484585709.605267000 0 0
1484585680.203407000 5736 0
1484585680.640056000 2732 0
1484585681.090749000 9171 0
1484585681.522779000 5143 0
1484585681.961442000 8964 0
1484585682.399812000 4880 0
1484585682.862484000 121377 0
1484585683.325479000 101243 0
1484585683.765619000 15342 0
1484585684.215882000 22069 0
1484585684.671506000 49043 0
1484585685.121731000 4023 0
1484585685.567506000 12894 0
1484585686.021965000 43578 0
1484585686.501670000 65900 0
1484585686.958090000 5150 0
1484585687.405253000 43821 0
1484585687.850935000 11059 0
1484585688.282416000 11150 0
1484585688.718940000 8768 0
1484585689.154126000 39970 0
1484585689.617318000 34545 0
1484585690.189138000 54396 0
1484585690.633732000 15656 0
1484585691.076463000 1693 0
1484585691.519205000 1823 0
1484585691.951928000 2817 0
1484585692.388823000 16195 0
1484585692.829608000 10980 0
1484585693.272473000 12317 0
1484585693.715891000 2755 0
1484585694.146358000 1852 0
1484585694.587235000 7590 0
1484585695.040568000 5509 0
1484585695.913308000 54774 0
1484585698.319309000 9476 0
1484585696.356370000 4101 0
1484585696.808074000 173953 0
1484585700.648199000 51 0
1484585698.161419000 5292 0
1484585698.598288000 18286 0
1484585702.162494000 43624 0
1484585699.052171000 78832 0
1484585699.511392000 15575 0
1484585699.931073000 3330 0
1484585700.386915000 29132 0
1484585700.859573000 113389 0
1484585701.323354000 27722 0
1484585702.227878000 53775 0
1484585702.687616000 19829 0
1484585703.128610000 2647 0
1484585703.585802000 38569 0
1484585709.809718000 0 234600
1484585731.362011000 0 0
1484585734.451782000 0 0
1484585734.496440000 0 135712
1484585734.537792000 0 0
1484585704.041797000 3603 0
1484585704.464132000 3642 0
1484585704.884724000 5797 0
1484585705.320620000 4638 0
1484585705.744152000 3134 0
1484585706.172948000 5186 0
1484585706.608537000 5801 0
1484585707.049430000 3588 0
1484585707.503901000 3183 0
1484585707.926861000 4402 0
1484585734.473663000 4843 1599
1484585761.110428000 0 135712
1484585761.150309000 0 0
1484585771.249247000 0 0
1484585798.597094000 0 2577
1484585798.609007000 0 0
1484585798.607099000 0 0
1484585808.259173000 0 0
1484585808.263170000 0 0
1484585808.272584000 0 0
1484585808.281052000 0 0
1484585808.289730000 0 0
1484585807.622745000 195 0
1484585808.277740000 402 0
1484585808.286068000 80 0
1484585808.202735000 0 0
1484585895.058455000 0 0
1484585895.117475000 0 0
1484585895.138501000 0 0
1484585895.142959000 0 17910
1484585895.159228000 0 0
1484585895.164028000 0 0
1484585895.167837000 0 0
1484585895.123389000 0 0
1484585895.171315000 0 0
1484585895.211967000 0 0
1484585895.248771000 0 0
1484585941.686525000 0 0
1484585941.690955000 7464 3460
1484585941.705375000 0 0
1484585941.722262000 3222 3314
1484585941.734593000 0 0
1484585941.750008000 1786 1878
1484585941.761820000 0 0
1484585941.772697000 3751 3843
1484585941.784982000 0 0
1484585941.803416000 0 0
1484585941.807652000 6011 2005
1484585944.554432000 0 385
1484585944.561814000 0 0
1484585945.956208000 0 92
1484585941.796385000 3878 0
1484586000.714024000 0 7575
1484586000.722165000 0 0
1484586000.721168000 0 0
1484586003.033850000 0 208787
1484586003.058167000 0 0
1484586003.057313000 0 0
1484586072.953770000 0 0
1484586087.398823000 0 0
1484586099.050597000 0 0
1484586116.980113000 0 0
1484586117.035715000 0 0
1484586117.038964000 0 0
1484586117.047314000 0 0
1484586117.291414000 0 0
1484586117.295187000 0 0
1484586131.346058000 0 0
1484586095.576301000 846 0
1484586117.050872000 402 0
1484586145.707394000 0 0
1484586175.929411000 0 0
1484586180.294633000 0 0
1484586172.699407000 0 0
1484586188.139139000 0 0
1484586193.455784000 0 0
1484586193.460023000 0 0
1484586193.469937000 0 0
1484586193.480443000 0 0
1484586193.488500000 0 0
1484586193.384752000 293 0
1484586193.476890000 402 0
1484586193.485306000 80 0
1484586241.445135000 0 7645
1484586241.454817000 0 0
1484586241.453395000 0 0
1484586241.843492000 0 0
1484586241.847828000 3878 0
1484586300.754920000 0 8703
1484586300.763480000 0 0
1484586300.762282000 0 0
1484586386.577615000 0 0
1484586407.597326000 0 0
1484586420.442079000 0 0
1484586439.056224000 0 0
1484586453.779530000 0 0
1484586484.427454000 0 0
1484586541.867991000 0 0
1484586541.872360000 3878 0
1484586600.781368000 0 8703
1484586600.791525000 0 0
1484586600.789832000 0 0
1484586627.373341000 0 0
1484586644.226199000 0 0
1484586658.572080000 0 0
1484586841.889613000 0 0
1484586841.893694000 3878 0
1484586900.811594000 0 8706
1484586900.820259000 0 0
1484586900.819010000 0 0
1484586946.257567000 0 0
1484586961.321411000 0 0
1484586976.886845000 0 0
1484586993.342176000 0 0
1484587014.822299000 0 0
1484587027.372999000 0 0
1484587040.718019000 0 0
1484587048.976250000 0 0
1484587066.604739000 0 0
1484587067.198228000 0 70160
1484587067.226053000 0 0
1484587040.722078000 7590 5576
1484587048.981933000 5509 4786
1484587066.609174000 7556 8671
1484585771.254961000 43988 7483
1484587067.741703000 0 234600
1484587078.772975000 0 0
1484587092.037453000 0 0
1484587092.458700000 0 0
1484587092.879778000 0 0
1484587093.316589000 0 0
1484587093.737853000 0 0
1484587094.158978000 0 0
1484587094.582090000 0 0
1484587095.003367000 0 0
1484587095.424580000 0 0
1484587095.876996000 0 0
1484587096.298264000 0 0
1484587096.735104000 0 0
1484587097.156261000 0 0
1484587097.593067000 0 0
1484587098.045475000 0 0
1484587098.482359000 0 0
1484587098.919061000 0 0
1484587099.340179000 0 0
1484587099.792911000 0 0
1484587100.229598000 0 0
1484587100.650648000 0 0
1484587101.071965000 0 0
1484587101.493076000 0 0
1484587101.914257000 0 0
1484587102.335475000 0 0
1484587102.756616000 0 0
1484587103.177844000 0 0
1484587103.599186000 0 0
1484587104.020265000 0 0
1484587104.441465000 0 0
1484587104.862686000 0 0
1484587105.283857000 0 0
1484587105.705042000 0 0
1484587106.126305000 0 0
1484587106.547435000 0 0
1484587106.968579000 0 0
1484587107.389840000 0 0
1484587107.811021000 0 0
1484587108.232241000 0 0
1484587108.653449000 0 0
1484587109.074649000 0 0
1484587109.495857000 0 0
1484587109.932899000 0 0
1484587110.369376000 0 0
1484587110.790584000 0 0
1484587111.211954000 0 0
1484587111.609774000 0 2577
1484587111.620647000 0 0
1484587111.618762000 0 0
1484587111.648648000 0 0
1484587112.069760000 0 0
1484587112.491041000 0 0
1484587112.927766000 0 0
1484587113.364578000 0 0
1484587113.801408000 0 0
1484587114.222637000 0 0
1484587114.643816000 0 0
1484587092.041860000 3177 0
1484587092.464554000 14831 0
1484587115.065037000 0 0
1484587115.501871000 0 0
1484587115.923040000 0 0
1484587116.359870000 0 0
1484587116.781164000 0 0
1484587117.202223000 0 0
1484587117.623078000 0 0
1484587118.044277000 0 0
1484587118.465894000 0 0
1484587118.887030000 0 0
1484587119.308295000 0 0
1484587119.729523000 0 0
1484587120.150616000 0 0
1484587120.587487000 0 0
1484587092.883960000 72144 0
1484587093.321061000 21412 0
1484587093.742330000 22332 0
1484587094.164727000 3967 0
1484587094.587957000 1661 0
1484587095.008984000 1791 0
1484587095.430603000 271367 0
1484587095.881458000 1815 0
1484587096.302821000 55909 0
1484587096.739665000 3195 0
1484587097.160795000 35873 0
1484587097.597637000 196601 0
1484587098.050001000 142099 0
1484587098.488120000 64926 0
1484587121.008691000 0 0
1484587121.461011000 0 0
1484587121.913429000 0 0
1484587122.334648000 0 0
1484587122.755809000 0 0
1484587123.192643000 0 0
1484587123.613856000 0 0
1484587124.035001000 0 0
1484587124.458253000 0 0
1484587124.895156000 0 0
1484587125.315988000 0 0
1484587125.753057000 0 0
1484587126.189822000 0 0
1484587126.611067000 0 0
1484587098.923575000 3158 0
1484587099.345977000 231843 0
1484587099.797429000 43299 0
1484587100.234167000 9556 0
1484587100.656348000 1704 0
1484587101.076498000 8555 0
1484587101.497586000 3590 0
1484587101.918692000 17928 0
1484587102.340014000 9439 0
1484587102.761076000 6923 0
1484587103.182188000 3511 0
1484587103.603619000 5903 0
1484587104.024749000 6874 0
1484587104.445948000 1860 0
1484587127.032072000 0 0
1484587127.453378000 0 0
1484587127.874558000 0 0
1484587128.296153000 0 0
1484587128.717026000 0 0
1484587129.138179000 0 0
1484587129.559266000 0 0
1484587129.980477000 0 0
1484587130.401858000 0 0
1484587130.823032000 0 0
1484587131.244063000 0 0
1484587104.867176000 2680 0
1484587105.288349000 4407 0
1484587105.710855000 4747 0
1484587106.130820000 2747 0
1484587106.553162000 2675 0
1484587106.972859000 5736 0
1484587107.395549000 2732 0
1484587107.815530000 9171 0
1484587108.236707000 5143 0
1484587108.657987000 8964 0
1484587109.079122000 4880 0
1484587109.500399000 121377 0
1484587109.937362000 101243 0
1484587110.373772000 15342 0
1484587110.794898000 22069 0
1484587111.217793000 49043 0
1484587111.653056000 4023 0
1484587112.074002000 12894 0
1484587112.495539000 43578 0
1484587112.932065000 65900 0
1484587113.368974000 43821 0
1484587113.805912000 11059 0
1484587114.228419000 11150 0
1484587114.648206000 8768 0
1484587115.069500000 39970 0
1484587115.506366000 34545 0
1484587115.928801000 54396 0
1484587116.364220000 15656 0
1484587116.785266000 1693 0
1484587129.143584000 3134 0
1484587129.563355000 5186 0
1484587129.985857000 5801 0
1484587130.406456000 3588 0
1484587130.827482000 3183 0
1484587131.248192000 4402 0
1484587141.910523000 0 0
1484587144.601845000 0 368
1484587144.613438000 0 0
1484587144.611745000 0 0
1484587117.207868000 1823 0
1484587117.626692000 2817 0
1484587118.047772000 16195 0
1484587118.470395000 10980 0
1484587118.891473000 12317 0
1484587119.314066000 2755 0
1484587119.735376000 1852 0
1484587120.155120000 54774 0
1484587120.591911000 4101 0
1484587121.013099000 173953 0
1484587121.466874000 171259 0
1484587121.917789000 5292 0
1484587122.340368000 18286 0
1484587122.760188000 78832 0
1484587123.197172000 15575 0
1484587123.618355000 3330 0
1484587124.039455000 29132 0
1484587124.462657000 113389 0
1484587124.899771000 27722 0
1484587125.320411000 78714 0
1484587125.757512000 53775 0
1484587126.194132000 19829 0
1484587126.615509000 2647 0
1484587127.036163000 38569 0
1484587127.457782000 3603 0
1484587127.878969000 3642 0
1484587128.300615000 5797 0
1484587128.721476000 4638 0
1484587141.914948000 3878 0
1484587200.984650000 0 8707
1484587200.995825000 0 0
1484587200.993854000 0 0
1484587221.863620000 0 0
1484587222.001869000 0 0
1484587222.004896000 0 0
1484587222.012870000 0 0
1484587221.872815000 1683 0
1484587222.017790000 282 0
1484587222.055044000 0 0
1484587222.105244000 0 0
1484587222.122545000 0 0
1484587222.125519000 0 0
1484587222.128099000 0 0
1484587222.133371000 0 0
1484587222.146923000 0 0
1484587222.148976000 0 0
1484587222.158821000 0 0
1484587222.160630000 0 0
1484587222.162659000 0 0
1484587222.164637000 0 0
1484587224.454063000 0 0
1484587227.464972000 0 0
1484587222.053765000 0 0
1484587238.200840000 0 0
1484587227.458849000 0 0
1484587240.545791000 0 0
1484587238.229876000 0 0
1484587244.152347000 0 0
1484587244.158063000 0 0
1484587244.165246000 0 0
1484587244.170341000 0 0
1484587244.175450000 0 0
1484587244.180551000 0 0
1484587244.186056000 0 0
1484587244.191335000 0 0
1484587244.196420000 0 0
1484587244.201625000 0 0
1484587245.887933000 0 0
1484587245.890971000 0 0
1484587245.893747000 0 0
1484587245.899179000 0 0
1484587246.080991000 0 0
1484587224.447073000 0 0
1484587222.131160000 402 0
1484587222.138187000 504 0
1484587222.166723000 504 0
1484587248.222840000 0 0
1484587251.965105000 0 0
1484587252.206753000 0 0
1484587240.539581000 0 0
1484587264.976739000 0 0
1484587252.206554000 0 0
1484587266.247832000 0 0
1484587270.884093000 0 0
1484587270.889687000 0 0
1484587270.894977000 0 0
1484587270.900264000 0 0
1484587270.905254000 0 0
1484587270.910445000 0 0
1484587270.915910000 0 0
1484587271.375708000 0 0
1484587271.617898000 0 0
1484587265.005009000 0 0
1484587277.888893000 0 0
1484587279.483131000 0 0
1484587271.615642000 0 0
1484587281.344049000 0 0
1484587279.508679000 0 0
1484587393.704113000 0 0
1484587393.751820000 0 0
1484587393.755729000 0 0
1484587393.759359000 0 0
1484587393.763207000 0 0
1484587393.765574000 0 0
1484587393.736339000 0 0
1484587393.781333000 0 0
1484587393.782004000 0 0
1484587393.788698000 0 0
1484587393.786432000 0 0
1484587393.821069000 0 0
1484587393.819455000 0 0
1484587393.771204000 0 0
1484587393.869907000 0 0
1484587393.864433000 0 0
1484587393.888002000 0 0
1484587393.885420000 0 0
1484587393.956074000 0 0
1484587394.151163000 0 0
1484587397.589461000 0 0
1484586117.298481000 0 0
1484587397.600851000 0 0
1484587441.720383000 0 0
1484587441.931713000 0 0
1484587425.451473000 282 0
1484587441.936153000 3878 0
1484587476.758674000 0 0
1484587476.774698000 0 0
1484587476.778277000 0 0
1484587476.776396000 0 0
1484587476.810553000 0 0
1484587476.816923000 0 0
1484587476.820533000 0 0
1484587476.824149000 0 0
1484587476.827413000 0 0
1484587476.830473000 0 0
1484587476.835449000 0 0
1484587476.800558000 0 0
1484587476.841629000 0 0
1484587476.839276000 0 0
1484587476.848208000 0 0
1484587476.845423000 0 0
1484587476.893628000 0 0
1484587476.889945000 0 0
1484587476.901257000 0 0
1484587476.902922000 0 0
1484587476.901466000 0 0
1484587476.918857000 0 0
1484587477.071868000 0 0
1484587394.006075000 63034 0
1484587500.862256000 0 8707
1484587500.871152000 0 0
1484587500.869899000 0 0
1484587508.406679000 282 0
1484587741.952690000 0 0
1484587693.770000000 0 0
1484587741.957106000 3878 0
1484587800.888395000 0 8707
1484587800.896690000 0 0
1484587800.895509000 0 0
1484587806.647172000 0 0
1484587806.664228000 0 0
1484587806.667168000 0 0
1484587806.715717000 0 0
1484587806.720477000 0 0
1484587806.724731000 0 0
1484587806.728913000 0 0
1484587806.732622000 0 0
1484587806.744299000 0 0
1484587806.741969000 0 0
1484587806.782873000 0 0
1484587806.783776000 0 0
1484587806.779729000 0 0
1484587806.795261000 0 0
1484587806.793159000 0 0
1484587806.775334000 0 0
1484587806.877205000 0 0
1484587806.960553000 0 0
1484587840.025285000 282 0
1484587992.785961000 0 0
1484587992.829457000 0 0
1484587992.835545000 0 0
1484587992.851122000 0 0
1484587992.871387000 0 0
1484587994.007716000 0 0
1484587994.005190000 0 0
1484588033.517634000 0 0
1484588041.974338000 0 0
1484588051.433827000 0 0
1484588041.978863000 3878 0
1484588100.908691000 0 8707
1484588100.918166000 0 0
1484588100.917018000 0 0
1484588341.996326000 0 0
1484588342.000743000 3878 0
1484588400.927235000 0 8707
1484588400.937588000 0 0
1484588400.935878000 0 0
1484588447.549070000 0 0
1484588447.744102000 0 0
1484588447.761159000 0 0
1484588447.774283000 0 0
1484588447.795194000 0 0
1484588447.804683000 0 0
1484588447.807623000 0 0
1484588447.810454000 0 0
1484588447.789336000 0 0
1484588447.813433000 0 0
1484588447.816112000 0 0
1484588447.821718000 0 0
1484588447.827552000 0 0
1484588447.825648000 0 0
1484588447.833396000 0 0
1484588447.831068000 0 0
1484588447.882564000 0 0
1484588447.884679000 0 0
1484588447.880742000 0 0
1484588447.892299000 0 0
1484588447.891024000 0 0
1484588447.896562000 0 0
1484588448.010365000 0 0
1484588452.792069000 0 0
1484588452.796048000 0 0
1484588452.805599000 0 0
1484587476.937432000 304226 0
1484588452.810342000 282 0
1484588479.415231000 282 0
1484588642.017826000 0 0
1484588642.022319000 3878 0
1484588700.946100000 0 8707
1484588700.955324000 0 0
1484588700.953932000 0 0
1484588942.039776000 0 0
1484588942.044258000 3878 0
1484588951.057867000 282 0
1484589001.025495000 0 8707
1484589001.036783000 0 0
1484589001.034851000 0 0
1484589054.389465000 0 0
1484589054.506527000 0 0
1484589053.885655000 2741 0
1484589054.752496000 0 0
1484589067.208936000 0 0
1484589067.214310000 0 0
1484589077.688092000 282 0
1484589242.059729000 0 0
1484589055.645314000 0 0
1484589242.064268000 3878 0
1484589300.989775000 0 8707
1484589300.999961000 0 0
1484589300.998312000 0 0
1484589542.081810000 0 0
1484589542.086288000 3878 0
1484589601.011594000 0 8707
1484589601.022849000 0 0
1484589601.020917000 0 0
1484589842.103412000 0 0
1484589852.250207000 0 0
1484589842.107830000 3878 0
1484589901.032947000 0 8707
1484589901.042134000 0 0
1484589901.040861000 0 0
1484590142.125580000 0 0
1484590142.130076000 3878 0
1484590201.045405000 0 8707
1484590201.054936000 0 0
1484590201.053425000 0 0
1484590442.147468000 0 0
1484590442.151947000 3878 0
1484590742.169471000 0 0
1484590742.173958000 3878 0
1484590801.130181000 0 8707
1484590801.141410000 0 0
1484590801.139515000 0 0
1484590826.702318000 0 0
1484590826.707932000 0 0
1484591042.191067000 0 0
1484591042.195430000 3878 0
1484591342.211115000 0 0
1484591342.215570000 3878 0
1484591642.233794000 0 0
1484591642.239515000 3878 0
1484591689.996755000 0 8708
1484591690.005552000 0 0
1484591690.004242000 0 0
1484591942.256968000 0 0
1484591942.261512000 3878 0
1484591990.019551000 0 8708
1484591990.028819000 0 0
1484591990.027499000 0 0
1484592242.278719000 0 0
1484592242.283148000 3878 0
1484592290.034711000 0 8708
1484592290.044779000 0 0
1484592290.043111000 0 0
1484592542.299599000 0 0
1484592542.303876000 3878 0
1484592590.057128000 0 8708
1484592590.066203000 0 0
1484592590.064850000 0 0
1484592842.320632000 0 0
1484592842.324968000 3878 0
1484592890.079860000 0 8708
1484592890.088948000 0 0
1484592890.087611000 0 0
1484592916.246422000 0 0
1484592916.625334000 0 0
1484592916.252552000 293 0
1484592948.439680000 195 0
1484593142.342778000 0 0
1484593142.347287000 3878 0
1484593190.092302000 0 8708
1484593190.101943000 0 0
1484593190.100488000 0 0
1484593442.364645000 0 0
1484593442.369061000 3878 0
1484588447.907665000 146729 0
1484593487.136038000 0 0
1484593487.413246000 0 0
1484593487.445148000 0 0
1484593487.495510000 0 0
1484593487.499772000 0 0
1484593487.504199000 0 0
1484593487.508734000 0 0
1484593487.513022000 0 0
1484593487.527946000 0 0
1484593487.548456000 0 0
1484593487.544585000 0 0
1484593487.559311000 0 0
1484593487.554563000 0 0
1484593487.605187000 0 0
1484593487.568988000 0 0
1484593487.637758000 0 0
1484593487.662970000 0 0
1484593487.659995000 0 0
1484593487.624115000 0 0
1484593487.689112000 0 0
1484593487.686828000 0 0
1484593487.755510000 0 0
1484593487.925083000 0 0
1484593490.119718000 0 8708
1484593490.129540000 0 0
1484593490.128204000 0 0
1484593492.486097000 0 0
1484593492.489728000 0 0
1484593492.499103000 0 0
1484593498.599436000 0 0
1484593498.610674000 0 0
1484593498.611926000 0 0
1484593498.635613000 0 0
1484593498.639370000 0 0
1484593498.642638000 0 0
1484593498.645940000 0 0
1484593498.648997000 0 0
1484593498.657132000 0 0
1484593498.635388000 0 0
1484593498.682957000 0 0
1484593498.679926000 0 0
1484593498.693173000 0 0
1484593498.690457000 0 0
1484593498.730009000 0 0
1484593498.870444000 0 0
1484593509.717881000 0 0
1484593509.735798000 0 0
1484593509.738577000 0 0
1484593509.765730000 0 0
1484593509.769950000 0 0
1484593509.773713000 0 0
1484593509.777519000 0 0
1484593509.780851000 0 0
1484593509.782200000 0 0
1484593509.791288000 0 0
1484593509.807498000 0 0
1484593509.804242000 0 0
1484593509.820930000 0 0
1484593509.818756000 0 0
1484593509.769855000 0 0
1484593509.893845000 0 0
1484593509.980993000 0 0
1484593492.505486000 282 0
1484593498.755448000 146729 0
1484593541.359147000 282 0
1484593742.386740000 0 0
1484593742.391188000 3878 0
1484593790.138710000 0 8708
1484593790.147775000 0 0
1484593790.146432000 0 0
1484594042.409423000 0 0
1484594042.413842000 3878 0
1484594090.158086000 0 8708
1484594090.168303000 0 0
1484594090.166646000 0 0
1484594255.627641000 0 0
1484594255.848155000 0 0
1484594255.868394000 0 0
1484594255.918491000 0 0
1484594255.922630000 0 0
1484594255.926592000 0 0
1484594255.930669000 0 0
1484594255.934496000 0 0
1484594255.943321000 0 0
1484594255.951787000 0 0
1484594255.948585000 0 0
1484594255.960786000 0 0
1484594255.956759000 0 0
1484594255.964129000 0 0
1484594255.946331000 0 0
1484594255.981255000 0 0
1484594255.974511000 0 0
1484594256.028693000 0 0
1484594256.025603000 0 0
1484594256.058385000 0 0
1484594256.056250000 0 0
1484594256.078517000 0 0
1484594256.195139000 0 0
1484594260.910785000 0 0
1484594260.914800000 0 0
1484594260.924426000 0 0
1484593487.799626000 72351 0
1484594260.929255000 282 0
1484594287.605222000 282 0
1484594342.430803000 0 0
1484594342.434961000 3878 0
1484594390.178488000 0 8708
1484594390.188773000 0 0
1484594390.187079000 0 0
1484594642.451914000 0 0
1484594642.456360000 3878 0
1484594690.198375000 0 8708
1484594690.207366000 0 0
1484594690.206019000 0 0
1484594942.474038000 0 0
1484594942.478590000 3878 0
1484594990.212185000 0 8708
1484594990.221476000 0 0
1484594990.220043000 0 0
1484595242.496883000 0 0
1484595242.501298000 3878 0
1484595542.518979000 0 0
1484595542.523606000 3878 0
1484595590.241979000 0 8708
1484595590.252658000 0 0
1484595590.250991000 0 0
1484595842.540852000 0 0
1484595842.545193000 3878 0
1484596142.562717000 0 0
1484596142.566858000 3878 0
1484596442.582871000 0 0
1484596442.587279000 3878 0
1484596742.605011000 0 0
1484596763.053647000 0 8711
1484596763.062615000 0 0
1484596763.061248000 0 0
1484596742.610760000 3878 0
1484597042.627565000 0 0
1484597063.074963000 0 8711
1484597063.084626000 0 0
1484597063.083270000 0 0
1484597042.632180000 3878 0
1484597342.649815000 0 0
1484597342.654287000 3878 0
1484597642.671300000 0 0
1484597666.867054000 0 8711
1484597666.874689000 0 0
1484597666.873672000 0 0
1484597642.675240000 3878 0
1484597728.489803000 0 0
1484597729.854248000 0 0
1484597730.283143000 0 0
1484597731.427771000 0 0
1484597749.198453000 0 0
1484597749.211933000 0 0
1484597749.619501000 0 0
1484597749.627327000 0 0
1484597750.041489000 0 0
1484597750.048727000 0 0
1484597750.457531000 0 0
1484597750.867466000 0 0
1484597752.703745000 0 0
1484597728.493856000 3177 0
1484597753.119656000 0 0
1484597753.537695000 0 0
1484597753.955489000 0 0
1484597754.381748000 0 0
1484597755.229883000 0 0
1484597755.679683000 0 0
1484597756.099684000 0 0
1484597756.509641000 0 0
1484597756.954011000 0 0
1484597757.375298000 0 0
1484597757.796803000 0 0
1484597758.206367000 0 0
1484597758.661629000 0 0
1484597759.070407000 0 0
1484597759.484757000 0 0
1484597759.899197000 0 0
1484597760.325970000 0 0
1484597760.735590000 0 0
1484597761.149519000 0 0
1484597761.568276000 0 0
1484597761.985636000 0 0
1484597762.402656000 0 0
1484597762.821138000 0 0
1484597763.240163000 0 0
1484597763.657458000 0 0
1484597764.074479000 0 0
1484597764.493185000 0 0
1484597764.917176000 0 0
1484597765.338668000 0 0
1484597765.757283000 0 0
1484597766.176102000 0 0
1484597766.594703000 0 0
1484597767.032019000 0 0
1484597767.466772000 0 0
1484597767.900033000 0 0
1484597768.321087000 0 0
1484597768.760239000 0 0
1484597769.177840000 0 0
1484597769.599685000 0 0
1484597770.030534000 0 0
1484597770.459850000 0 0
1484597770.888879000 0 0
1484597771.315019000 0 0
1484597771.741196000 0 0
1484597772.156371000 0 0
1484597772.170367000 0 0
1484597772.600815000 0 0
1484597773.028733000 0 0
1484597773.458734000 0 0
1484597773.881592000 0 0
1484597774.302980000 0 0
1484597774.723476000 0 0
1484597775.146237000 0 0
1484597775.569464000 0 0
1484597775.990663000 0 0
1484597776.411778000 0 0
1484597729.870721000 29662 0
1484597730.288821000 144288 0
1484597731.431783000 42824 0
1484597749.202767000 22332 0
1484597749.623493000 3967 0
1484597750.045396000 1661 0
1484597750.461482000 1791 0
1484597750.871694000 271367 0
1484597752.707782000 1815 0
1484597753.123692000 55909 0
1484597753.541586000 3195 0
1484597753.961019000 35873 0
1484597776.829065000 0 0
1484597777.246521000 0 0
1484597778.256645000 0 0
1484597778.684506000 0 0
1484597779.103029000 0 0
1484597779.548034000 0 0
1484597779.989901000 0 0
1484597780.004547000 0 0
1484597780.425361000 0 0
1484597780.848381000 0 0
1484597781.297326000 0 0
1484597781.715742000 0 0
1484597782.148993000 0 0
1484597782.567247000 0 0
1484597754.385682000 196601 0
1484597755.234164000 142099 0
1484597755.683683000 64926 0
1484597756.103442000 3158 0
1484597756.514080000 231843 0
1484597756.958020000 43299 0
1484597757.379381000 9556 0
1484597757.800640000 1704 0
1484597758.210434000 8555 0
1484597758.665326000 3590 0
1484597759.074336000 17928 0
1484597759.488711000 9439 0
1484597783.003654000 0 0
1484597783.429901000 0 0
1484597783.867476000 0 0
1484597784.298738000 0 0
1484597784.722590000 0 0
1484597785.141334000 0 0
1484597785.580004000 0 0
1484597786.000404000 0 0
1484597786.424181000 0 0
1484597786.851885000 0 0
1484597787.272881000 0 0
1484597787.689705000 0 0
1484597788.112501000 0 0
1484597788.531857000 0 0
1484597759.904481000 6923 0
1484597760.329960000 3511 0
1484597760.739474000 5903 0
1484597761.155216000 6874 0
1484597761.573841000 1860 0
1484597761.991268000 2680 0
1484597762.408326000 4407 0
1484597762.826726000 4747 0
1484597763.245835000 2747 0
1484597763.662996000 2675 0
1484597764.080104000 5736 0
1484597764.505982000 2732 0
1484597764.922852000 9171 0
1484597765.344343000 5143 0
1484597788.949928000 0 0
1484597789.367117000 0 0
1484597765.762599000 8964 0
1484597766.181700000 4880 0
1484597766.600317000 121377 0
1484597767.037657000 101243 0
1484597767.472427000 15342 0
1484597767.905481000 22069 0
1484597768.326609000 49043 0
1484597768.765853000 4023 0
1484597769.182899000 12894 0
1484597769.605303000 43578 0
1484597770.035769000 65900 0
1484597772.161747000 5150 0
1484597770.465444000 43821 0
1484597770.894470000 11059 0
1484597771.320392000 11150 0
1484597771.745970000 8768 0
1484597772.175651000 39970 0
1484597772.606527000 34545 0
1484597773.034355000 54396 0
1484597773.464400000 15656 0
1484597773.887172000 1693 0
1484597774.308386000 1823 0
1484597774.728930000 2817 0
1484597775.151887000 16195 0
1484597775.575031000 10980 0
1484597775.996348000 12317 0
1484597776.417377000 2755 0
1484597776.834584000 1852 0
1484597777.252022000 8641 0
1484597779.995484000 6637 0
1484597778.262420000 54774 0
1484597778.690152000 4101 0
1484597779.108566000 173953 0
1484597779.553702000 171259 0
1484597780.010038000 5292 0
1484597780.431022000 18286 0
1484597780.854079000 78832 0
1484597781.302912000 15575 0
1484597781.721319000 3330 0
1484597782.153700000 29132 0
1484597782.572845000 113389 0
1484597783.009278000 27722 0
1484597783.435687000 78714 0
1484597783.873061000 53775 0
1484597784.304425000 19829 0
1484597784.728233000 2647 0
1484597785.146763000 38569 0
1484597785.585515000 3603 0
1484597786.006039000 3642 0
1484597786.429844000 5797 0
1484597786.857626000 4638 0
1484597787.278647000 3134 0
1484597787.695286000 5186 0
1484597788.118117000 5801 0
1484597788.537433000 3588 0
1484597788.955506000 3183 0
1484597789.372742000 4402 0
1484597909.615642000 0 0
1484597909.623141000 0 0
1484597942.690643000 0 0
1484597966.902350000 0 8711
1484597966.911963000 0 0
1484597966.910302000 0 0
1484597942.695133000 3878 0
1484598037.571592000 0 0
1484598037.634774000 0 0
1484598037.731274000 0 0
1484598037.735068000 0 0
1484598037.744888000 0 0
1484587281.338005000 0 0
1484598045.862007000 0 0
1484598045.897609000 0 0
1484598045.902398000 0 0
1484598045.907218000 0 0
1484598045.911732000 0 0
1484598045.927479000 0 0
1484598046.013579000 0 0
1484598046.009304000 0 0
1484598046.183534000 0 0
1484598046.177948000 0 0
1484598046.463870000 0 0
1484598046.460369000 0 0
1484598046.476895000 0 0
1484598046.471444000 0 0
1484598046.655373000 0 0
1484598046.650053000 0 0
1484598046.769985000 0 0
1484598046.772219000 0 0
1484598046.767380000 0 0
1484598046.646459000 0 0
1484598046.863841000 0 0
1484598046.806615000 0 0
1484598047.440258000 0 0
1484598047.593339000 0 0
1484598051.306128000 0 0
1484598051.357198000 0 0
1484598051.368401000 0 0
1484587067.803901000 0 14878
1484598047.175670000 0 0
1484598037.750195000 282 0
1484587441.726010000 45357 0
1484598242.712499000 0 0
1484598266.921026000 0 8711
1484598266.930470000 0 0
1484598266.929015000 0 0
1484598242.717110000 3878 0
1484598271.790637000 0 0
1484598285.215198000 0 0
1484598285.220437000 0 0
1484598285.232378000 0 0
1484598285.237646000 0 0
1484598285.242424000 0 0
1484598285.247032000 0 0
1484598285.252375000 0 0
1484598289.160552000 0 0
1484598037.811109000 0 0
1484598291.431640000 0 0
1484598289.152319000 0 0
1484598292.818509000 0 0
1484598292.826510000 0 0
1484598292.829139000 0 0
1484598292.831731000 0 0
1484598292.837232000 0 0
1484598291.467768000 0 0
1484598297.384233000 0 0
1484598297.417490000 0 0
1484598297.420792000 0 0
1484598297.423811000 0 0
1484598297.427108000 0 0
1484598297.428944000 0 0
1484598297.434055000 0 0
1484598297.406729000 0 0
1484598297.474982000 0 0
1484598297.471440000 0 0
1484598297.484250000 0 0
1484598297.480783000 0 0
1484598297.465782000 0 0
1484598297.571708000 0 0
1484598297.568210000 0 0
1484598297.581557000 0 0
1484598297.578037000 0 0
1484598297.654126000 0 0
1484598297.654691000 0 0
1484598297.650198000 0 0
1484598297.680681000 0 0
1484598297.678719000 0 0
1484598297.712616000 0 0
1484598297.733221000 0 0
1484598297.672740000 0 0
1484598333.564276000 0 0
1484598292.815934000 0 0
1484598336.498938000 0 0
1484598336.500614000 0 0
1484598336.535681000 0 0
1484598336.539727000 0 0
1484598336.543011000 0 0
1484598336.546331000 0 0
1484598336.552069000 0 0
1484598336.555306000 0 0
1484598336.563627000 0 0
1484598336.561070000 0 0
1484598336.571576000 0 0
1484598336.568440000 0 0
1484598336.539857000 0 0
1484598336.607650000 0 0
1484598336.727789000 0 0
1484598336.731119000 0 0
1484598336.726058000 0 0
1484598336.751444000 0 0
1484598336.748546000 0 0
1484598336.761449000 0 0
1484598336.796548000 0 0
1484598297.718160000 124642 0
1484598336.723549000 0 0
1484594256.101702000 128721 0
1484598317.495203000 0 0
1484598371.446743000 0 0
1484598333.601480000 0 0
1484598376.181669000 0 0
1484598376.187023000 0 0
1484598376.192094000 0 0
1484598376.197204000 0 0
1484598376.201770000 0 0
1484598376.214171000 0 0
1484598376.253599000 0 0
1484598376.249185000 0 0
1484598376.351653000 0 0
1484598376.347221000 0 0
1484598376.366756000 0 0
1484598376.364216000 0 0
1484598380.867864000 0 0
1484598380.940746000 0 0
1484598380.944432000 0 0
1484598380.952977000 0 0
1484598381.650651000 0 0
1484598381.654019000 0 0
1484598381.657305000 0 0
1484598381.661104000 0 0
1484598381.665673000 0 0
1484598375.054709000 0 0
1484598381.957255000 0 162
1484598382.760469000 0 0
1484598382.760568000 0 0
1484598382.762695000 0 0
1484598382.764811000 0 0
1484598382.766738000 0 0
1484598382.774410000 0 0
1484598382.780954000 0 0
1484598382.782900000 0 0
1484598382.784536000 0 0
1484598382.786176000 0 0
1484598382.787746000 0 0
1484598381.016750000 282 0
1484598382.793043000 0 0
1484598382.938203000 0 0
1484598382.934675000 0 0
1484598382.962535000 0 0
1484598382.979699000 0 0
1484598383.087833000 0 0
1484598383.085570000 0 0
1484587246.082857000 0 0
1484598384.975232000 0 0
1484598336.772425000 472880 0
1484598374.279501000 120856 0
1484598381.722146000 2048 0
1484598381.728449000 30720 0
1484598047.504679000 567553 0
1484598396.163464000 0 0
1484598378.921784000 0 0
1484598542.742812000 0 0
1484598566.943036000 0 8711
1484598566.953968000 0 0
1484598566.952023000 0 0
1484598542.747357000 3878 0
1484598621.244839000 0 0
1484598621.248319000 0 0
1484598621.282562000 0 0
1484598621.286637000 0 0
1484598621.290543000 0 0
1484598621.295593000 0 0
1484598621.294818000 0 0
1484598621.297915000 0 0
1484598621.298332000 0 0
1484598621.300243000 0 0
1484598621.302718000 0 0
1484598621.304637000 0 0
1484598621.310021000 0 0
1484598621.312161000 0 0
1484598621.314303000 0 0
1484598621.316506000 0 0
1484598621.318439000 0 0
1484598621.325759000 0 0
1484598621.349517000 0 0
1484598621.352721000 0 0
1484598621.356565000 0 0
1484598621.380570000 0 0
1484598621.376945000 0 0
1484598621.389484000 0 0
1484598621.387038000 0 0
1484598621.393902000 0 0
1484598621.395956000 0 0
1484598621.402713000 0 0
1484598621.404752000 0 0
1484598621.406775000 0 0
1484598621.408815000 0 0
1484598621.411828000 0 0
1484598621.416477000 0 0
1484598621.437418000 0 0
1484598621.435175000 0 0
1484598621.442608000 0 0
1484598621.532119000 0 0
1484598621.529136000 0 0
1484598621.903370000 0 0
1484598381.725170000 0 0
1484598622.302181000 0 0
1484598396.167151000 0 0
1484598621.933897000 51200 0
1484598621.964149000 0 0
1484598842.776816000 0 0
1484598866.971746000 0 8711
1484598866.982595000 0 0
1484598866.980698000 0 0
1484598842.781315000 3878 0
1484599142.806884000 0 0
1484599142.811376000 3878 0
1484599191.405777000 0 0
1484598371.442749000 0 0
1484598384.981552000 0 0
1484585546.648261000 0 0
1484585546.808062000 0 0
1484585541.706931000 0 0
1484585543.151530000 0 0
1484599192.662417000 0 0
1484599192.666184000 0 0
1484599192.670994000 0 0
1484599192.665038000 0 0
1484599192.667632000 0 0
1484599192.602030000 0 0
1484599192.604468000 0 0
1484599194.874086000 0 0
1484599194.887521000 0 0
1484599194.890494000 0 418
1484599194.897141000 0 0
1484599194.914676000 0 0
1484599194.918340000 0 0
1484599194.878556000 0 0
1484599194.921936000 0 0
1484599195.185224000 0 85
1484599195.192398000 0 0
1484599195.252350000 0 109
1484599195.259874000 0 0
1484599195.308429000 0 144
1484599195.315071000 0 0
1484599195.394327000 0 175
1484599195.400215000 0 0
1484599195.511574000 0 0
1484585644.700004000 32768 4096
1484599195.517689000 0 0
1484599195.522376000 0 0
1484585644.696199000 0 0
1484599195.527587000 0 0
1484599195.713561000 0 0
1484599195.734646000 0 0
1484599195.738506000 0 10
1484599195.748652000 0 0
1484599195.752944000 0 0
1484599195.719906000 0 0
1484599195.756300000 0 0
1484585642.778860000 57068 336457
1484585646.859867000 2879 39724
1484599195.773281000 0 0
1484599196.192825000 0 92
1484599196.196185000 0 204
1484599196.203842000 0 0
1484599196.264191000 0 0
1484585646.017759000 0 32768
1484599196.269946000 0 0
1484585646.014242000 65616 65648
1484599196.276850000 0 0
1484599196.279983000 0 0
1484599196.314288000 0 0
1484585645.989884000 32768 4096
1484599196.319935000 0 0
1484599196.324489000 0 0
1484585645.985940000 0 0
1484599196.329566000 0 0
1484599196.334746000 0 0
1484599196.354310000 0 0
1484599196.358005000 0 17970
1484599196.378439000 0 0
1484599196.382870000 0 0
1484599196.340429000 0 0
1484599196.386353000 0 0
1484599196.468267000 0 0
1484599196.701782000 0 0
1484599197.528079000 0 0
1484585761.103898000 0 9810
1484599197.763343000 0 0
1484599197.814165000 0 0
1484599197.816913000 0 0
1484599197.824526000 0 0
1484599197.859295000 0 0
1484599197.861255000 0 0
1484599197.714104000 0 0
1484599207.495822000 0 0
1484599207.500830000 0 0
1484599207.517751000 0 0
1484585646.047478000 0 0
1484585645.974966000 98304 0
1484585645.996688000 0 0
1484585645.472998000 2512 0
1484585645.450532000 1402 0
1484585639.665133000 0 0
1484599192.709969000 134 0
1484599192.720781000 134 0
1484599192.726321000 134 0
1484599192.731881000 144 0
1484599192.737364000 134 0
1484599192.758544000 134 0
1484599192.764310000 134 0
1484585641.514478000 3112960 4849664
1484585644.685534000 98304 0
1484585642.239631000 163840 0
1484598271.795136000 45357 0
1484585895.098936000 65536 0
1484585640.542786000 65536 0
1484585640.058320000 86016 4096
1484585640.077061000 32768 4096
1484585646.002671000 557056 65536
1484599197.513047000 402 0
1484599197.532745000 80 0
1484599192.671644000 195 0
1484599192.690566000 293 0
1484599197.518478000 282 0
1484599199.648415000 0 0
1484599197.228999000 0 0
1484599228.436760000 0 0
1484599228.449145000 0 0
1484599228.450690000 0 0
1484599228.439412000 0 0
1484599228.413604000 0 0
1484599228.414682000 0 0
1484599197.832690000 0 0
1484599234.520011000 0 0
1484599228.442494000 195 0
1484599228.447098000 293 0
1484599228.451992000 134 0
1484599228.453964000 134 0
1484599228.456185000 134 0
1484599228.458671000 144 0
1484599228.461345000 134 0
1484599228.463675000 134 0
1484599228.465794000 134 0
1484599253.843270000 282 0
1484599280.422813000 0 0
1484599280.426708000 0 0
1484599280.434735000 0 0
1484599280.441681000 0 0
1484599280.452643000 0 0
1484599280.454578000 0 0
1484599280.456509000 0 0
1484599280.458450000 0 0
1484599280.467769000 0 0
1484599280.469691000 0 0
1484599280.476691000 0 0
1484599280.478505000 0 0
1484599280.488957000 0 0
1484599280.490856000 0 0
1484599280.370161000 282 0
1484599280.439573000 402 0
1484599280.446311000 504 0
1484599280.461435000 504 0
1484599280.480144000 402 0
1484585366.157823000 0 0
