1484552563.751249000 0 0
1484552563.756527000 0 0
1484552563.761274000 0 0
1484552563.765853000 0 0
1484552563.770694000 0 0
1484552564.385195000 282 0
1484552564.903769000 282 0
1484552566.738276000 0 0
1484552566.740801000 0 0
1484552566.748549000 0 0
1484552568.152759000 0 0
1484552568.155172000 0 0
1484552568.159639000 0 0
1484552568.161575000 0 0
1484552568.208905000 0 0
1484552568.211123000 0 0
1484552568.210843000 0 0
1484552568.245514000 0 0
1484552568.249116000 0 0
1484552568.251403000 0 0
1484552568.253691000 0 0
1484552568.198839000 0 0
1484552565.003140000 111 0
1484552568.233424000 564 0
1484552568.223915000 307 0
1484552568.266992000 1582 0
1484552568.272458000 504 0
1484552568.272875000 467 0
1484552568.284346000 891 0
1484552568.327416000 428 0
1484552568.411708000 104 0
1484552568.433894000 721 0
1484552568.132737000 282 0
1484552569.259303000 307 0
1484552569.202551000 4096 0
1484552569.562486000 0 0
1484552569.419976000 721 0
1484552569.428991000 104 0
1484552569.435998000 428 0
1484552569.442722000 891 0
1484552569.450521000 467 0
1484552569.459831000 1582 0
1484552588.778106000 0 0
1484552589.230953000 0 0
1484552589.534559000 0 0
1484552589.732666000 0 0
1484552590.373419000 0 0
1484552590.376078000 0 0
1484552590.379895000 0 0
1484552590.385524000 0 0
1484552592.867465000 0 0
1484552592.881242000 0 0
1484552592.895741000 0 0
1484552569.385009000 34816 0
1484552569.423469000 0 0
1484552569.431168000 0 0
1484552569.438185000 0 0
1484552569.447476000 0 0
1484552569.452994000 0 0
1484552569.462376000 0 0
1484552569.519096000 14336 0
1484552569.571841000 481 0
1484552569.577266000 486 0
1484552569.584812000 473 0
1484552569.602721000 478 0
1484552569.335660000 4096 0
1484552599.553797000 0 0
1484552599.557094000 0 0
1484552599.578591000 0 0
1484552599.704098000 0 0
1484552590.321820000 0 0
1484552605.502909000 0 0
1484552589.726054000 398 0
1484552589.743122000 80 0
1484552589.728602000 282 0
1484552590.517554000 226 0
1484552590.621263000 302 0
1484552605.714310000 281 0
1484552605.753325000 408 0
1484552606.700096000 0 0
1484552605.655488000 638 0
1484552605.671139000 84 0
1484552605.767278000 281 0
1484552605.781708000 286 0
1484552605.797059000 304 0
1484552605.810112000 307 0
1484552605.827349000 307 0
1484552605.842932000 419 0
1484552605.853078000 177 0
1484552605.896719000 420 0
1484552606.001340000 1711 0
1484552606.018128000 211 0
1484552606.030388000 298 0
1484552606.023602000 0 0
1484552606.048725000 433 0
1484552606.063681000 154 0
1484552606.173800000 233 0
1484552606.172639000 0 0
1484552606.194640000 204 0
1484552606.212887000 224 0
1484552606.221852000 197 0
1484552606.242603000 220 0
1484552606.248330000 280 0
1484552606.262829000 285 0
1484552606.274521000 168 0
1484552606.291661000 480 0
1484552606.305037000 112 0
1484552606.318468000 298 0
1484552606.329733000 119 0
1484552605.729144000 905 0
1484552686.314252000 0 0
1484552686.321271000 0 0
1484552686.323813000 0 0
1484552686.326175000 0 0
1484552686.330263000 0 0
1484552689.548690000 0 0
1484552689.554375000 0 0
1484552689.564805000 0 0
1484552689.574334000 0 0
1484552689.602878000 0 0
1484552689.606591000 0 0
1484552689.610886000 0 0
1484552689.614826000 0 0
1484552689.631586000 0 0
1484552689.635655000 0 0
1484552689.788279000 0 0
1484552689.792830000 0 0
1484552689.817514000 0 0
1484552689.821897000 0 0
1484552699.746165000 0 0
1484552699.849583000 0 0
1484552699.852243000 0 0
1484552699.856642000 0 0
1484552699.857182000 0 0
1484552699.861203000 0 0
1484552699.861140000 0 0
1484552699.869631000 0 0
1484552699.874076000 0 0
1484552686.316911000 80 0
1484552713.776215000 0 0
1484552713.780944000 0 0
1484552713.783591000 0 0
1484552713.786154000 0 0
1484552713.790854000 0 0
1484552716.200935000 0 0
1484552716.205843000 0 0
1484552716.215108000 0 0
1484552689.619058000 504 0
1484552689.640119000 282 0
1484552689.570926000 564 0
1484552689.589171000 504 0
1484552737.588439000 0 0
1484552737.591633000 0 0
1484552737.594087000 0 0
1484552737.596410000 0 0
1484552737.599542000 0 0
1484552689.797619000 796 0
1484552747.599399000 0 0
1484552747.603881000 0 0
1484552747.606920000 0 0
1484552747.610598000 0 0
1484552747.602002000 80 0
1484552777.554958000 0 0
1484552777.557838000 0 0
1484552777.561818000 0 0
1484552777.564131000 0 0
1484552777.568042000 0 0
1484552777.573125000 0 0
1484552787.552270000 0 0
1484552787.556871000 0 0
1484552787.561805000 0 0
1484552787.565845000 0 0
1484552791.623719000 0 0
1484552804.567750000 0 0
1484552806.515337000 0 0
1484552806.520836000 0 0
1484552806.529574000 0 0
1484552806.541283000 0 0
1484552806.574800000 0 0
1484552806.577770000 0 0
1484552806.583594000 0 0
1484552806.586161000 0 0
1484552806.591656000 0 0
1484552806.681105000 0 0
1484552806.719712000 0 0
1484552806.788907000 0 0
1484552806.865224000 0 0
1484552807.217692000 0 0
1484552807.221921000 0 0
1484552807.225832000 0 0
1484552807.229832000 0 0
1484552807.233220000 0 0
1484552807.275994000 0 0
1484552807.327689000 0 0
1484552807.332200000 0 0
1484552807.550866000 0 0
1484552807.558126000 0 0
1484552807.880808000 0 0
1484552808.188110000 0 0
1484552808.214377000 0 0
1484552808.434169000 0 0
1484552808.650242000 0 0
1484552808.697637000 0 0
1484552808.701304000 0 18830
1484552809.036394000 0 0
1484552809.042449000 0 0
1484552808.684856000 18830 0
1484552808.691225000 0 0
1484552809.047803000 0 0
1484552809.230086000 0 0
1484552809.551280000 0 0
1484552809.721490000 0 0
1484552810.046314000 0 0
1484552810.158747000 0 0
1484552810.357562000 0 0
1484552810.736951000 0 0
1484552810.739921000 0 0
1484552811.391287000 0 0
1484552811.407519000 0 0
1484552811.411612000 0 0
1484552811.442899000 0 0
1484552811.410298000 0 0
1484552811.449592000 0 0
1484552811.457142000 0 0
1484552811.461658000 0 0
1484552811.466597000 0 0
1484552811.454842000 0 0
1484552811.473333000 0 0
1484552811.658200000 0 0
1484552811.673724000 0 0
1484552811.679019000 0 0
1484552811.686827000 0 0
1484552811.693681000 0 0
1484552811.698808000 0 0
1484552811.704742000 0 0
1484552811.709805000 0 0
1484552811.715602000 0 0
1484552811.720654000 0 0
1484552812.723199000 0 0
1484552813.563384000 0 0
1484552813.628355000 0 0
1484552813.638220000 0 0
1484552816.706753000 0 0
1484552816.710383000 0 0
1484552816.760114000 7168 0
1484552816.777445000 0 0
1484552816.791382000 0 0
1484552816.983477000 0 0
1484552817.126170000 0 0
1484552817.146108000 0 0
1484552817.431409000 0 0
1484552817.435479000 0 2
1484552817.444183000 0 0
1484552817.447495000 0 0
1484552813.644926000 2 0
1484552817.421470000 0 0
1484552817.450661000 0 0
1484552817.499387000 0 53
1484552809.228462000 85 0
1484552817.507355000 0 0
1484552808.192435000 0 0
1484552819.340546000 0 0
1484552819.343476000 0 0
1484552806.512247000 282 0
1484552806.535098000 10 0
1484552806.571988000 111 0
1484552806.617146000 208 0
1484552806.765560000 43853 0
1484552806.805972000 4431 0
1484552806.909894000 16384 0
1484552807.197891000 666 0
1484552807.621073000 497 0
1484552808.206544000 13688 0
1484552808.229632000 8312 0
1484552808.531331000 208620 0
1484552830.781766000 0 0
1484552830.813815000 0 0
1484552830.817272000 0 0
1484552830.827820000 0 0
1484552830.846119000 0 0
1484552830.874118000 0 0
1484552809.421825000 32768 0
1484552809.796474000 568815 0
1484552810.061673000 8 0
1484552810.179334000 504 0
1484552810.268012000 7636 0
1484552810.504876000 7154 0
1484552811.404323000 1734 0
1484552811.654612000 2473 0
1484552812.731480000 359 0
1484552813.570267000 403 0
1484552841.399518000 0 7154
1484552841.410086000 0 0
1484552817.551842000 9172 0
1484552810.563150000 25 0
1484552817.606356000 9833 0
1484552819.259511000 1052 0
1484552864.891061000 0 0
1484552864.909289000 0 0
1484552864.930267000 0 0
1484552864.939672000 0 0
1484552864.970471000 0 66
1484552864.958848000 66 0
1484552864.980442000 0 0
1484552870.424365000 0 0
1484552870.463236000 0 137
1484552870.472545000 0 0
1484552870.450354000 137 0
1484552870.471175000 0 0
1484552870.483312000 0 0
1484552870.681619000 0 0
1484552870.694977000 0 0
1484552870.705392000 0 8768
1484552870.717040000 0 0
1484552870.568992000 8768 0
1484552870.738429000 0 0
1484552870.782557000 0 0
1484552870.795077000 0 7346
1484552870.805250000 0 0
1484552870.803746000 0 0
1484552870.815055000 0 0
1484552870.823578000 0 0
1484552870.829309000 0 0
1484552870.789909000 51 0
1484552973.602167000 0 0
1484552992.408468000 0 0
1484552992.415257000 0 0
1484552992.425744000 0 0
1484552992.435286000 0 0
1484552992.455544000 0 0
1484552992.457839000 0 0
1484552992.460346000 0 0
1484552992.463115000 0 0
1484552992.474775000 0 0
1484552992.478237000 0 0
1484552992.489571000 0 0
1484552992.493126000 0 0
1484552992.506498000 0 0
1484552992.509927000 0 0
1484552992.614904000 0 0
1484552992.617625000 0 0
1484552992.606284000 0 0
1484552992.431745000 564 0
1484552992.446188000 504 0
1484552992.466525000 504 0
1484552992.481684000 282 0
1484552992.496953000 398 0
1484553049.230258000 0 7636
1484553049.243103000 0 0
1484553049.241429000 0 0
1484553081.928948000 0 0
1484553081.935658000 0 0
1484553081.953414000 0 0
1484553081.956721000 0 0
1484553081.961773000 0 0
1484553081.967017000 0 0
1484553091.941857000 0 0
1484553091.948486000 0 0
1484553091.955708000 0 0
1484553091.965607000 0 0
1484553081.943630000 80 0
1484553109.733599000 0 0
1484553109.846592000 2651 2804
1484553109.860409000 0 0
1484553109.911434000 0 0
1484553109.921011000 5527 1527
1484553109.937620000 0 0
1484553112.773036000 0 359
1484553112.788908000 0 0
1484553112.786608000 0 0
1484553116.906490000 0 0
1484553116.910517000 0 0
1484553116.918944000 0 0
1484553116.921544000 0 0
1484553116.925510000 0 0
1484553116.930340000 0 0
1484553124.817183000 0 0
1484553126.901762000 0 0
1484553126.908216000 0 0
1484553126.914624000 0 0
1484553126.923273000 0 0
1484553130.800928000 0 666
1484553134.628072000 0 0
1484553134.630955000 0 0
1484553134.633458000 0 0
1484553134.635924000 0 0
1484553134.639021000 0 0
1484553109.899068000 14129 0
1484553141.945655000 0 0
1484553144.816147000 0 0
1484553144.819176000 0 0
1484553144.825682000 0 0
1484553144.829541000 0 0
1484553144.833210000 0 0
1484553150.044850000 0 0
1484553150.048378000 0 0
1484553150.051240000 0 0
1484553150.053868000 0 0
1484553150.057046000 0 0
1484553162.068427000 0 0
1484553162.072397000 0 0
1484553162.076378000 0 0
1484553162.078697000 0 0
1484553162.082235000 0 0
1484553162.085330000 0 0
1484553170.612222000 0 0
1484553170.615223000 0 0
1484553170.617786000 0 0
1484553170.620145000 0 0
1484553170.623299000 0 0
1484553144.823625000 80 0
1484553180.077241000 0 0
1484553180.080961000 0 0
1484553180.083304000 0 0
1484553180.086539000 0 0
1484553180.089818000 0 0
1484553188.637563000 0 0
1484553188.640867000 0 0
1484553188.643431000 0 0
1484553188.645883000 0 0
1484553188.649322000 0 0
1484553273.462942000 0 0
1484553273.466920000 14129 2899
1484552603.234968000 0 0
1484553349.478831000 0 0
1484553377.326596000 0 0
1484553392.627471000 0 0
1484553392.657758000 0 0
1484553392.660597000 0 0
1484553392.668684000 0 0
1484553398.419161000 0 0
1484553411.012191000 0 208787
1484553411.039676000 0 0
1484553411.038902000 0 0
1484553392.625604000 282 0
1484553440.672005000 0 0
1484553470.924426000 0 8475
1484553470.938246000 0 0
1484553470.936020000 0 0
1484553568.371494000 0 0
1484553568.416060000 0 0
1484553568.430963000 0 0
1484553568.434991000 0 43854
1484553568.462024000 0 0
1484553568.467321000 0 0
1484553568.470334000 0 0
1484553568.421859000 0 0
1484553568.473259000 0 0
1484553568.511591000 0 0
1484553568.524477000 0 0
1484553568.531588000 0 0
1484553568.530548000 0 0
1484553568.541497000 0 0
1484553568.547536000 0 0
1484553568.606195000 0 0
1484553568.545258000 564 0
1484553568.558251000 504 0
1484553568.562062000 282 0
1484553568.623103000 129 0
1484553747.957214000 0 0
1484553747.960650000 0 0
1484553747.970134000 0 0
1484553747.983455000 0 0
1484553748.059168000 0 0
1484553747.979423000 564 0
1484553747.993025000 504 0
1484553748.000630000 282 0
1484553748.061394000 129 0
1484553828.068839000 0 0
1484553828.074157000 0 0
1484553828.083540000 0 0
1484553828.093035000 0 0
1484553828.176887000 0 0
1484553828.088969000 564 0
1484553828.102018000 504 0
1484553828.109614000 282 0
1484553828.179296000 129 0
1484553278.399237000 0 0
1484554071.005839000 0 8776
1484554071.016229000 0 0
1484554071.015036000 0 0
1484554128.964831000 0 0
1484554187.973930000 0 0
1484554188.290189000 0 0
1484554188.299603000 0 0
1484554188.308759000 0 0
1484554188.316966000 0 0
1484554188.333894000 0 0
1484554188.339843000 0 0
1484554188.355241000 0 0
1484554188.373666000 0 0
1484554188.376372000 0 0
1484554188.382801000 0 0
1484554188.455233000 0 0
1484554188.498644000 0 0
1484554188.563079000 0 0
1484554188.567140000 0 0
1484554188.571526000 0 0
1484554188.575646000 0 0
1484554188.578862000 0 0
1484554188.628487000 0 0
1484554188.988832000 0 0
1484554189.164941000 0 0
1484554189.170997000 0 0
1484554189.175295000 0 0
1484554189.181212000 0 0
1484554189.186064000 0 0
1484554189.360493000 0 0
1484554189.373292000 0 0
1484554189.436122000 0 0
1484554189.441253000 0 0
1484554189.446184000 0 0
1484554189.456008000 0 0
1484554189.486566000 0 0
1484554189.490432000 0 0
1484554189.494358000 0 0
1484554189.530521000 0 0
1484554189.728796000 0 0
1484554189.735184000 0 0
1484554189.743832000 0 0
1484554189.797152000 0 0
1484554189.848473000 0 0
1484554189.895877000 0 0
1484554190.048521000 0 0
1484554190.087447000 0 0
1484554190.090878000 0 18830
1484554190.389264000 0 0
1484554190.394558000 0 0
1484554190.074721000 18830 0
1484554190.080755000 0 0
1484554190.399535000 0 0
1484554190.467840000 0 0
1484554190.616769000 0 0
1484554190.651600000 0 0
1484554190.655674000 0 2
1484554190.664198000 0 0
1484554190.667567000 0 0
1484554189.741486000 2 0
1484554190.641698000 0 0
1484554190.670473000 0 0
1484554190.861520000 1048576 0
1484554191.485659000 0 0
1484554191.592221000 0 0
1484554191.695450000 0 53
1484554190.560380000 288 0
1484554191.702902000 0 0
1484554191.812080000 0 0
1484554191.819401000 0 0
1484554191.844856000 0 0
1484554191.850884000 0 0
1484554191.860991000 0 0
1484554191.866184000 0 0
1484554191.868741000 0 0
1484554191.848599000 0 0
1484554191.842820000 0 0
1484554192.014456000 0 90
1484554192.024782000 0 0
1484554192.024556000 0 0
1484554192.040907000 0 0
1484554192.014269000 0 4096
1484554192.049667000 0 0
1484554191.900121000 0 0
1484554192.059876000 0 0
1484554192.077448000 0 0
1484554192.042520000 0 0
1484554193.052947000 0 0
1484554193.056543000 0 0
1484554193.066360000 0 0
1484554193.838871000 0 0
1484554191.722172000 14922 0
1484554193.838008000 0 0
1484554193.849960000 0 0
1484554193.856220000 0 0
1484554193.855059000 0 0
1484554193.867029000 0 15434
1484554193.877078000 0 0
1484554204.088411000 0 0
1484554192.071791000 0 4096
1484554204.098252000 0 0
1484554204.104492000 0 0
1484554192.068322000 0 0
1484554204.112945000 0 0
1484554191.597548000 0 0
1484554177.749091000 281 0
1484554177.802434000 408 0
1484554177.826020000 281 0
1484554177.853182000 286 0
1484554179.925974000 304 0
1484554177.914661000 307 0
1484554181.144125000 419 0
1484554181.171770000 177 0
1484554181.184695000 211 0
1484554208.897583000 0 16565
1484554208.908716000 0 0
1484554208.916192000 0 0
1484554188.314633000 10 0
1484554188.329655000 10 0
1484554188.337565000 111 0
1484554188.398956000 208 0
1484554188.528248000 31893 0
1484554211.792446000 0 6023
1484554194.574235000 6023 0
1484554211.800771000 0 0
1484554189.087288000 16384 0
1484554189.171871000 6105 0
1484554189.502410000 185 0
1484554189.880246000 8312 0
1484554189.928408000 237211 0
1484554190.564162000 116 0
1484554190.629572000 2641 0
1484554190.643655000 309 0
1484554190.689203000 6082 0
1484554191.613315000 9885 0
1484554191.839527000 29 0
1484554191.849417000 36580 0
1484554191.867440000 1667 0
1484554190.722612000 25 0
1484554188.286818000 282 0
1484554220.645650000 0 2612
1484554220.660523000 0 0
1484554221.591315000 0 0
1484554221.837016000 0 0
1484554221.851853000 0 0
1484554221.856924000 0 31973
1484554221.881617000 0 0
1484554221.888696000 0 0
1484554221.893955000 0 0
1484554221.598024000 0 0
1484554221.898729000 0 0
1484554223.945603000 0 23592
1484554223.959878000 0 0
1484554223.971408000 0 0
1484554201.577673000 2535 0
1484554191.895115000 40960 0
1484554239.014192000 0 26503
1484554239.030761000 0 0
1484554239.042775000 0 0
1484554246.006106000 0 0
1484554246.530456000 0 0
1484554246.542076000 0 0
1484554246.553777000 0 0
1484554246.561807000 0 0
1484554246.588549000 0 66
1484554246.578294000 66 0
1484554246.597345000 0 0
1484554248.450147000 0 0
1484554248.453566000 0 0
1484554248.463900000 0 0
1484554248.474001000 0 0
1484554248.501008000 0 0
1484554248.505467000 0 0
1484554248.510080000 0 0
1484554248.514360000 0 0
1484554248.536490000 0 0
1484554248.541112000 0 0
1484554248.561186000 0 0
1484554248.565859000 0 0
1484554248.591818000 0 0
1484554248.596755000 0 0
1484554248.710704000 0 0
1484554248.713361000 0 0
1484554248.701470000 0 0
1484554249.605730000 0 0
1484554249.635957000 0 137
1484554249.646623000 0 0
1484554249.613030000 137 0
1484554249.644892000 0 0
1484554249.673425000 0 0
1484554249.682075000 0 0
1484554249.700292000 0 0
1484554249.707346000 0 14579
1484554249.719897000 0 0
1484554249.718242000 0 0
1484554249.768113000 0 0
1484554249.786419000 0 0
1484554249.808379000 0 0
1484554249.823667000 0 0
1484554249.835120000 0 0
1484554249.851585000 0 0
1484554249.861131000 0 0
1484554249.884272000 0 0
1484554249.889996000 0 0
1484554249.896057000 0 0
1484554249.916564000 0 0
1484554249.922916000 0 0
1484554249.930042000 0 0
1484554249.939152000 0 0
1484554249.948408000 0 0
1484554249.956835000 0 0
1484554249.975032000 0 0
1484554249.984224000 0 0
1484554249.990603000 0 0
1484554249.998466000 0 0
1484554250.004781000 0 0
1484554250.011539000 0 0
1484554250.018547000 0 0
1484554250.025064000 0 0
1484554250.031467000 0 0
1484554250.037855000 0 0
1484554250.044300000 0 0
1484554250.050242000 0 0
1484554250.064253000 0 0
1484554250.070376000 0 0
1484554250.085806000 0 0
1484554250.092146000 0 0
1484554250.098113000 0 0
1484554250.104136000 0 0
1484554250.110011000 0 0
1484554250.114814000 0 0
1484554250.119618000 0 0
1484554250.124286000 0 0
1484554250.129518000 0 0
1484554250.134429000 0 0
1484554250.184611000 0 0
1484554250.193623000 0 0
1484554250.202112000 0 0
1484554250.212092000 0 0
1484554250.220974000 0 0
1484554250.229609000 0 0
1484554250.238391000 0 0
1484554250.250958000 0 0
1484554250.258955000 0 0
1484554250.265610000 0 0
1484554250.272134000 0 0
1484554250.279175000 0 0
1484554250.418249000 0 0
1484554250.426899000 0 0
1484554250.435360000 0 0
1484554250.443627000 0 0
1484554250.452747000 0 0
1484554250.461363000 0 0
1484554250.469572000 0 0
1484554250.476835000 0 0
1484554250.484145000 0 0
1484554250.491554000 0 0
1484554250.498669000 0 0
1484554250.506074000 0 0
1484554250.513167000 0 0
1484554250.520412000 0 0
1484554250.527690000 0 0
1484554250.535009000 0 0
1484554250.542540000 0 0
1484554250.550089000 0 0
1484554250.558433000 0 0
1484554250.565382000 0 0
1484554250.572283000 0 0
1484554250.585555000 0 0
1484554250.593054000 0 0
1484554250.609189000 0 0
1484554250.616660000 0 0
1484554250.627552000 0 0
1484554250.634994000 0 0
1484554250.650395000 0 0
1484554250.658038000 0 0
1484554250.665444000 0 0
1484554250.675332000 0 0
1484554250.683022000 0 0
1484554250.690455000 0 0
1484554250.697276000 0 0
1484554250.704748000 0 0
1484554250.712058000 0 0
1484554250.719783000 0 0
1484554250.727018000 0 0
1484554250.735112000 0 0
1484554250.742557000 0 0
1484554250.750710000 0 0
1484554250.757875000 0 0
1484554250.765009000 0 0
1484554250.783774000 0 0
1484554250.796149000 0 0
1484554250.803293000 0 0
1484554250.810567000 0 0
1484554254.079133000 0 26877
1484554254.094909000 0 0
1484554254.105573000 0 0
1484554265.909145000 0 0
1484554265.913046000 0 0
1484554265.921940000 0 0
1484554265.932235000 0 0
1484554265.931872000 0 98840
1484554265.963624000 0 0
1484554265.963322000 0 0
1484554265.968326000 0 0
1484554265.972601000 0 0
1484554265.984962000 0 0
1484554265.987773000 0 0
1484554265.997776000 0 0
1484554266.000570000 0 0
1484554267.370028000 0 2535
1484554267.381912000 0 0
1484554246.014000000 8312 0
1484554248.545690000 282 0
1484554274.863965000 0 28319
1484554274.880477000 0 0
1484554274.878489000 0 0
1484554274.892698000 0 0
1484554274.890437000 0 0
1484554249.760744000 51 0
1484554248.470000000 1128 0
1484554248.486564000 1008 0
1484554248.521379000 1008 0
1484554248.572926000 796 0
1484554289.927818000 0 29840
1484554289.945205000 0 0
1484554289.943020000 0 0
1484554289.957161000 0 0
1484554289.954942000 0 0
1484554313.496230000 0 31214
1484554313.512739000 0 0
1484554313.511122000 0 0
1484554313.523626000 0 0
1484554313.522002000 0 0
1484554322.970026000 0 0
1484554328.607446000 0 31350
1484554328.625372000 0 0
1484554328.623710000 0 0
1484554328.640502000 0 0
1484554328.638205000 0 0
1484554322.967941000 282 0
1484554337.175489000 0 98840
1484554337.198114000 0 0
1484554338.688906000 0 2535
1484554338.701733000 0 0
1484554338.699520000 0 0
1484554367.637469000 0 31254
1484554367.655415000 0 0
1484554367.653558000 0 0
1484554367.667428000 0 0
1484554367.665565000 0 0
1484554370.783469000 0 0
1484554370.783512000 0 0
1484554370.786924000 0 0
1484554370.785834000 0 0
1484554370.812123000 0 0
1484554370.815370000 0 0
1484554370.815670000 0 0
1484554370.822546000 0 0
1484554370.826066000 0 0
1484554370.825327000 0 0
1484554370.832815000 0 0
1484554370.848448000 0 0
1484554370.851128000 0 0
1484554370.859936000 0 0
1484554370.862268000 0 0
1484554370.864596000 0 0
1484554370.866882000 0 0
1484554370.783283000 282 0
1484554370.830209000 398 0
1484554370.830902000 564 0
1484554370.840351000 504 0
1484554370.869554000 504 0
1484554382.301059000 0 31254
1484554382.315406000 0 0
1484554382.314085000 0 0
1484554382.326314000 0 0
1484554382.324703000 0 0
1484554039.634293000 0 0
1484554387.503188000 0 0
1484554407.222290000 0 0
1484554385.869154000 408 0
1484554386.000545000 281 0
1484554386.132085000 286 0
1484554385.613592000 281 0
1484554391.462097000 307 0
1484554386.530300000 304 0
1484554426.433957000 0 0
1484553273.906889000 0 19612
1484554475.799647000 0 0
1484554475.861251000 0 0
1484554475.867135000 0 0
1484554475.876930000 0 0
1484554475.885254000 0 0
1484554475.902305000 0 0
1484554475.905105000 0 0
1484554475.908199000 0 0
1484554475.911913000 0 0
1484554475.925187000 0 0
1484554475.930149000 0 0
1484554475.945636000 0 0
1484554475.949134000 0 0
1484554475.963406000 0 0
1484554475.967167000 0 0
1484554476.213143000 0 0
1484554476.215849000 0 0
1484554476.218707000 0 0
1484554476.225670000 0 0
1484554476.228368000 0 0
1484554476.230813000 0 0
1484554476.237691000 0 0
1484554476.241420000 0 0
1484554476.248466000 0 0
1484554476.251394000 0 0
1484554476.259115000 0 0
1484554476.261521000 0 0
1484554476.097150000 0 0
1484554476.277946000 0 0
1484554494.337976000 0 6105
1484554475.934377000 282 0
1484554475.881923000 564 0
1484554475.893231000 504 0
1484554475.915619000 504 0
1484554475.952947000 398 0
1484554499.510556000 0 0
1484554579.744238000 0 0
1484554579.868355000 0 0
1484554579.866199000 282 0
1484554615.210196000 0 0
1484554618.718246000 0 0
1484554629.384685000 0 0
1484554629.395020000 0 0
1484554629.398814000 0 0
1484554618.715633000 282 0
1484554671.046158000 0 8776
1484554671.055202000 0 0
1484554671.054377000 0 0
1484554671.276452000 0 237378
1484554671.305399000 0 0
1484554671.304552000 0 0
1484552811.668158000 5006 3076
1484553110.102146000 1955885 4366
1484552811.827950000 2455 0
1484552811.977418000 2507 0
1484554797.260137000 0 0
1484554797.263145000 0 0
1484554797.373154000 0 0
1484554797.395702000 0 157
1484554797.921750000 0 0
1484554797.928009000 0 0
1484554797.936696000 0 0
1484554797.936743000 0 0
1484554798.009071000 0 0
1484554798.026821000 0 0
1484554798.037446000 0 0
1484554798.437504000 0 0
1484554798.443301000 0 0
1484554798.461683000 0 0
1484554800.401369000 0 0
1484554800.423331000 0 0
1484554800.421721000 0 0
1484554800.427761000 0 0
1484554800.436613000 0 0
1484554800.440919000 0 0
1484554802.401167000 0 0
1484554802.421481000 0 0
1484554802.422537000 0 0
1484554802.426907000 0 0
1484554802.430440000 0 0
1484554802.435075000 0 0
1484554801.104736000 281 0
1484554797.997977000 157 0
1484554798.004956000 80 0
1484554798.014018000 226 0
1484554798.020089000 302 0
1484554798.452038000 398 0
1484554798.466615000 638 0
1484554798.473472000 84 0
1484554801.405837000 286 0
1484554801.433773000 281 0
1484554801.466580000 408 0
1484554802.246931000 0 0
1484554829.196526000 0 0
1484554833.876962000 0 0
1484554833.882267000 0 0
1484554833.889112000 0 0
1484554833.891562000 0 0
1484554833.895213000 0 0
1484554833.898736000 0 0
1484554833.901772000 0 0
1484554833.972286000 0 0
1484554833.975400000 0 0
1484554833.984822000 0 0
1484554836.141155000 0 0
1484554836.813256000 0 0
1484554849.803148000 0 16025
1484554849.816063000 0 0
1484554849.814904000 0 0
1484554838.751735000 282 0
1484554895.323611000 0 0
1484554895.356079000 0 0
1484554895.358408000 0 0
1484554895.350396000 0 0
1484554895.401455000 0 0
1484554895.404420000 0 0
1484554895.403757000 0 0
1484554895.412217000 0 0
1484554895.412267000 0 0
1484554895.415789000 0 0
1484554895.423295000 0 0
1484554895.442902000 0 0
1484554895.446326000 0 0
1484554895.454995000 0 0
1484554895.457724000 0 0
1484554895.460352000 0 0
1484554895.463541000 0 0
1484554839.000135000 0 0
1484554910.762271000 0 1667
1484554910.774720000 0 0
1484554910.772895000 0 0
1484554895.344552000 282 0
1484554895.416026000 398 0
1484554895.420967000 564 0
1484554895.434037000 504 0
1484554895.466178000 504 0
1484554927.872553000 282 0
1484554970.161830000 0 6105
1484554971.096311000 0 8776
1484554971.108257000 0 0
1484554971.106497000 0 0
1484554987.467851000 0 0
1484554987.497245000 0 0
1484554987.499897000 0 0
1484554987.508056000 0 0
1484554999.645807000 0 0
1484554999.651121000 0 0
1484554999.659685000 0 0
1484554999.665953000 0 0
1484554999.680919000 0 0
1484554999.683510000 0 0
1484554999.686316000 0 0
1484554999.689103000 0 0
1484554999.700572000 0 0
1484554999.703337000 0 0
1484554999.716451000 0 0
1484554999.719779000 0 0
1484554987.465034000 282 0
1484554999.663601000 564 0
1484554999.673680000 504 0
1484554999.692102000 504 0
1484554999.706387000 398 0
1484555029.790585000 0 0
1484555029.799375000 0 0
1484555029.805752000 0 0
1484555029.812440000 0 0
1484555030.177717000 0 6082
1484555030.190883000 0 0
1484554727.775861000 0 5168
1484554473.701277000 0 19038
1484555019.929764000 282 0
1484555029.820631000 64277 0
1484555109.612415000 0 0
1484555109.747467000 0 0
1484555109.757760000 0 0
1484555109.767532000 0 0
1484555109.771738000 0 31975
1484555109.791982000 0 0
1484555109.796479000 0 0
1484555109.800245000 0 0
1484555109.753392000 0 0
1484555109.803746000 0 0
1484555109.803946000 0 0
1484555109.816742000 0 0
1484555109.825954000 0 0
1484555109.833068000 0 0
1484555109.853833000 0 0
1484555109.859244000 0 0
1484555109.864123000 0 0
1484555109.874545000 0 0
1484555109.878283000 0 0
1484555109.883312000 0 0
1484555109.883996000 0 0
1484555109.886899000 0 0
1484555109.890999000 0 0
1484555109.898681000 0 0
1484555109.901806000 0 0
1484555109.902000000 0 0
1484555109.906574000 0 0
1484555109.910865000 0 0
1484555109.905246000 0 0
1484555109.881944000 0 0
1484555109.927234000 0 0
1484555109.931411000 0 0
1484555109.934485000 0 0
1484555109.938679000 0 0
1484555109.937397000 0 0
1484555109.930170000 0 0
1484555109.949015000 0 0
1484555109.956712000 0 0
1484555109.953387000 0 0
1484555109.965591000 0 0
1484555110.012859000 0 0
1484555110.032026000 0 0
1484555110.006902000 0 4096
1484555110.042697000 0 0
1484555110.001312000 0 0
1484555110.053710000 0 0
1484555110.084934000 0 0
1484555109.960437000 0 4096
1484555110.093818000 0 0
1484555109.957415000 0 0
1484555110.104098000 0 0
1484555121.900333000 0 0
1484555109.878865000 0 4096
1484555121.909685000 0 0
1484555121.914970000 0 0
1484555109.875315000 0 0
1484555121.922786000 0 0
1484555109.830311000 564 0
1484555109.845638000 504 0
1484555109.854539000 282 0
1484555109.894840000 29 0
1484555109.916217000 129 0
1484555109.922184000 46 0
1484555109.944236000 52 0
1484555109.996812000 45056 0
1484555109.949493000 524288 0
1484555109.868635000 45056 0
1484555149.847665000 0 16331
1484555149.859017000 0 0
1484555149.857902000 0 0
1484555210.752465000 0 0
1484555211.668089000 0 0
1484555211.675618000 0 0
1484555211.671864000 4643 3389
1484555210.758425000 11042 0
1484555271.149821000 0 8776
1484555271.161121000 0 0
1484555271.159884000 0 0
1484555504.958032000 0 16336
1484555504.972014000 0 0
1484555504.970096000 0 0
1484555510.788982000 0 0
1484555531.025613000 0 22486
1484555531.050982000 0 0
1484555531.075665000 22486 0
1484555531.087359000 22486 0
1484555528.175501000 281 0
1484555530.701759000 0 0
1484555531.022802000 0 0
1484555531.051475000 562 0
1484555531.110910000 0 22486
1484555531.106529000 0 281
1484555531.123038000 0 0
1484555532.603250000 0 0
1484555533.109292000 0 0
1484555533.121809000 0 0
1484555535.230779000 0 0
1484555535.240148000 0 0
1484555510.793518000 11042 0
1484555531.127098000 0 0
1484555532.608655000 281 0
1484555527.853855000 281 0
1484555528.124598000 408 0
1484555528.214835000 286 0
1484555533.114085000 398 0
1484555533.126873000 80 0
1484555533.132247000 638 0
1484555533.135541000 84 0
1484555599.806618000 0 0
1484555645.149910000 0 0
1484555725.602634000 0 6105
1484555776.435796000 0 0
1484555776.433393000 0 0
1484555776.437995000 0 0
1484555776.467455000 0 0
1484555776.467236000 0 0
1484555776.468065000 0 0
1484555776.472475000 0 0
1484555776.470974000 0 0
1484555776.471623000 0 0
1484555776.480485000 0 0
1484555776.481723000 0 0
1484555776.484686000 0 0
1484555776.491798000 0 0
1484555776.512948000 0 0
1484555776.516401000 0 0
1484555776.524939000 0 0
1484555776.527523000 0 0
1484555776.530318000 0 0
1484555776.533115000 0 0
1484555776.431158000 282 0
1484555776.489070000 564 0
1484555776.492341000 398 0
1484555776.502521000 504 0
1484555776.538949000 504 0
1484555782.433619000 0 0
1484555782.437217000 0 0
1484555782.442481000 0 0
1484555782.452754000 0 0
1484555782.455384000 0 0
1484555782.458045000 0 0
1484555782.467293000 0 0
1484555782.470052000 0 0
1484555782.480942000 0 0
1484555782.483850000 0 0
1484555804.944456000 0 8776
1484555804.956797000 0 0
1484555804.955166000 0 0
1484555804.988278000 0 16336
1484555805.000980000 0 0
1484555804.999120000 0 0
1484555782.440147000 564 0
1484555782.445539000 504 0
1484555782.460688000 504 0
1484555782.473370000 398 0
1484555810.388058000 0 0
1484555810.392308000 0 0
1484555810.400395000 0 0
1484555810.406022000 0 0
1484555810.419441000 0 0
1484555810.422319000 0 0
1484555810.424769000 0 0
1484555810.433263000 0 0
1484555810.435807000 0 0
1484555810.442992000 0 0
1484555810.445465000 0 0
1484555810.454969000 0 0
1484555810.457478000 0 0
1484555810.829490000 0 0
1484555810.495264000 0 0
1484555810.339759000 282 0
1484555810.403893000 564 0
1484555810.412953000 504 0
1484555810.427383000 504 0
1484555810.448152000 398 0
1484555810.836234000 11042 0
1484555893.934542000 0 0
1484555893.939507000 0 0
1484555893.948247000 0 0
1484555893.955191000 0 0
1484555894.005374000 0 0
1484555893.953012000 564 0
1484555893.965563000 504 0
1484555893.969881000 282 0
1484555894.009951000 129 0
1484556104.989567000 0 8776
1484556105.001360000 0 0
1484556104.999934000 0 0
1484556105.021926000 0 16336
1484556105.034875000 0 0
1484556105.033207000 0 0
1484556110.867414000 0 0
1484556110.870536000 11042 0
1484556313.305726000 0 0
1484556313.310893000 0 0
1484556313.314477000 0 0
1484556313.431343000 0 0
1484556313.434343000 0 0
1484556313.437344000 0 0
1484556313.440139000 0 0
1484556313.514145000 0 0
1484556313.565187000 0 0
1484556313.568267000 0 0
1484556313.572080000 0 0
1484556313.574893000 0 0
1484556313.577534000 0 0
1484556313.580307000 0 0
1484556313.583048000 0 0
1484556313.585823000 0 0
1484556313.309141000 0 0
1484556313.591453000 0 0
1484556334.865768000 0 6105
1484556410.901059000 0 0
1484556436.202497000 0 0
1484556410.906284000 11042 0
1484556710.936356000 0 0
1484556710.940112000 11042 0
1484556943.811959000 0 6105
1484557010.974523000 0 0
1484557014.599791000 0 16336
1484557014.611534000 0 0
1484557014.610318000 0 0
1484557014.867185000 0 8776
1484557014.878941000 0 0
1484557014.877751000 0 0
1484557010.980117000 11042 0
1484557060.588545000 0 0
1484557060.591206000 0 0
1484557060.595837000 0 0
1484557060.601625000 0 0
1484557060.605263000 0 0
1484557060.608815000 0 0
1484557060.613557000 0 0
1484557060.616898000 0 0
1484557060.686647000 0 0
1484557060.686505000 0 0
1484557060.692085000 0 0
1484557060.690288000 0 0
1484557060.703055000 0 0
1484557060.701485000 0 0
1484557070.498513000 0 0
1484557070.503136000 0 0
1484557070.505700000 0 0
1484557070.508298000 0 0
1484557070.512579000 0 0
1484557072.306801000 0 0
1484557072.311029000 0 0
1484557072.313633000 0 0
1484557072.317221000 0 0
1484557072.322573000 0 0
1484557082.309742000 0 0
1484557082.316437000 0 0
1484557082.342525000 0 0
1484557082.379797000 0 0
1484557060.603230000 80 0
1484557060.711117000 282 0
1484557060.712432000 398 0
1484557082.323221000 157 0
1484557082.330154000 226 0
1484557082.337034000 302 0
1484557224.154415000 0 0
1484557224.177367000 0 0
1484557224.175039000 0 0
1484557224.180087000 0 0
1484557224.229537000 0 0
1484557224.231115000 0 0
1484557224.232252000 0 0
1484557224.238474000 0 0
1484557224.240790000 0 0
1484557224.242734000 0 0
1484557224.251827000 0 0
1484557224.270884000 0 0
1484557224.273677000 0 0
1484557224.282525000 0 0
1484557224.284989000 0 0
1484557224.287514000 0 0
1484557224.172749000 282 0
1484557224.290160000 0 0
1484557224.245784000 398 0
1484557224.249378000 564 0
1484557224.262103000 504 0
1484557224.296460000 504 0
1484557311.016002000 0 0
1484557314.639755000 0 16336
1484557314.650398000 0 0
1484557314.649517000 0 0
1484557314.903385000 0 8776
1484557314.915681000 0 0
1484557314.914194000 0 0
1484557311.020616000 11042 0
1484557413.142159000 0 0
1484557413.145906000 0 0
1484557413.153965000 0 0
1484557413.162674000 0 0
1484557413.177918000 0 0
1484557413.180461000 0 0
1484557413.183578000 0 0
1484557413.186582000 0 0
1484557413.201146000 0 0
1484557413.203921000 0 0
1484557413.216860000 0 0
1484557413.220245000 0 0
1484557413.160540000 564 0
1484557413.170290000 504 0
1484557413.192329000 504 0
1484557413.209326000 398 0
1484557432.801174000 282 0
1484557552.808831000 0 6105
1484557570.081272000 0 0
1484557570.078239000 282 0
1484557598.743833000 0 0
1484557611.057410000 0 0
1484557614.682887000 0 16336
1484557614.694977000 0 0
1484557614.693576000 0 0
1484557614.944218000 0 8776
1484557614.956932000 0 0
1484557614.955716000 0 0
1484557611.061464000 11042 0
1484557678.368928000 282 0
1484557717.175135000 0 0
1484557717.173520000 564 0
1484557772.804996000 0 0
1484557796.288990000 282 0
1484557881.806408000 0 0
1484557881.835756000 0 0
1484557881.839492000 0 0
1484557881.848127000 0 0
1484557911.095034000 0 0
1484557914.721397000 0 16337
1484557914.739609000 0 0
1484557914.738418000 0 0
1484557914.973586000 0 8776
1484557914.985153000 0 0
1484557914.983800000 0 0
1484557881.804106000 564 0
1484557911.101778000 11042 0
1484557942.980317000 0 0
1484557944.391275000 0 0
1484557944.394004000 0 0
1484557944.443659000 0 0
1484557944.446404000 0 0
1484557944.454564000 0 0
1484557944.461056000 398 0
1484557942.978180000 564 0
1484558002.034946000 0 0
1484558027.854204000 282 0
1484558101.553014000 0 0
1484558101.680283000 0 0
1484558101.727453000 0 0
1484558101.872400000 0 0
1484558102.237408000 0 0
1484558101.837151000 564 0
1484558102.074045000 504 0
1484558102.115819000 282 0
1484558102.313591000 129 0
1484558162.191696000 0 6105
1484558196.523213000 0 31254
1484558196.540127000 0 0
1484558196.539143000 0 0
1484558196.705909000 0 0
1484558196.704722000 0 0
1484558199.340885000 0 122
1484558199.341817000 0 15862
1484558199.374375000 0 0
1484558199.375509000 0 0
1484558199.373483000 0 0
1484558199.374491000 0 0
1484558199.449142000 0 0
1484554191.475834000 0 32768
1484558199.464774000 0 0
1484558199.497395000 0 0
1484558199.500573000 0 6105
1484558199.501746000 0 146
1484554191.470057000 0 51976232
1484558199.510991000 0 0
1484558199.527764000 0 0
1484558199.534094000 0 0
1484558199.525907000 0 0
1484558199.630079000 0 0
1484558199.642160000 0 181
1484558199.681835000 0 0
1484558199.680297000 0 0
1484558199.839092000 0 212
1484558199.870337000 0 0
1484554189.784968000 0 32768
1484558199.875791000 0 0
1484558199.949403000 0 0
1484558199.873787000 0 0
1484554189.780635000 57424 65648
1484558200.024380000 0 0
1484558200.024233000 0 2610
1484558200.160057000 0 0
1484558200.270717000 0 0
1484558200.268308000 0 0
1484558200.339116000 0 241
1484558200.421890000 0 0
1484558200.419880000 0 0
1484558200.511818000 0 288
1484558200.628284000 0 0
1484558200.626008000 0 0
1484558201.173879000 0 0
1484554191.843264000 0 32768
1484558201.268300000 0 0
1484554191.839376000 0 3208
1484558201.393658000 0 0
1484558201.456647000 0 0
1484558201.499725000 0 0
1484558201.667326000 0 0
1484558201.824199000 0 0
1484558201.924289000 0 32034
1484558202.169117000 0 0
1484558202.229709000 0 0
1484558202.307908000 0 0
1484558201.584264000 0 0
1484558202.377385000 0 0
1484558202.620489000 0 6766
1484558202.661039000 0 0
1484558202.658727000 0 0
1484558202.833114000 0 0
1484558211.198501000 0 0
1484554194.033508000 0 0
1484554191.852218000 0 0
1484558213.231668000 0 369
1484558213.295813000 0 0
1484558213.293473000 0 0
1484558215.102520000 0 8776
1484558215.288716000 0 0
1484558215.286898000 0 0
1484554188.370803000 0 0
1484555109.735489000 65536 0
1484554189.555801000 65536 0
1484554189.113900000 495616 4096
1484554189.134617000 16384 4096
1484554191.455353000 1015808 12845056
1484554189.772706000 884736 65536
1484554191.831955000 602112 12288
1484554190.494400000 229376 196608
1484558211.248141000 11042 0
1484558269.734781000 0 0
1484558326.276095000 0 0
1484558326.286492000 0 0
1484558513.258556000 0 359
1484558513.274949000 0 0
1484558513.272662000 0 0
1484558515.077709000 0 8780
1484558515.089327000 0 0
1484558515.087924000 0 0
1484558682.637047000 282 0
1484558774.461617000 282 0
1484558815.133544000 0 8781
1484558815.146851000 0 0
1484558815.145278000 0 0
1484558815.504905000 282 0
1484558887.808863000 282 0
1484558947.029922000 282 0
1484559067.135603000 0 0
1484559067.194630000 0 0
1484559067.198584000 0 0
1484559067.207752000 0 0
1484559067.212143000 282 0
1484559115.177978000 0 8781
1484559115.190528000 0 0
1484559115.188905000 0 0
1484555211.720638000 0 6360
1484558269.740581000 11042 8763
1484559145.309494000 0 0
1484559145.312127000 0 0
1484559145.317632000 0 0
1484559145.326861000 0 0
1484559145.329568000 0 0
1484559145.333570000 0 0
1484559145.339369000 0 0
1484559145.344517000 0 0
1484559145.440798000 0 0
1484559145.446023000 0 0
1484559145.457087000 0 0
1484559147.466757000 0 0
1484559147.435072000 0 0
1484559145.325407000 80 0
1484559145.466847000 398 0
1484559411.394385000 0 0
1484559415.234428000 0 8781
1484559415.246126000 0 0
1484559415.244452000 0 0
1484559397.619244000 282 0
1484559411.400743000 11135 0
1484559483.392345000 0 0
1484559483.398956000 0 0
1484559483.409441000 0 0
1484559483.422339000 0 0
1484559483.501253000 0 0
1484559483.418604000 564 0
1484559483.431718000 504 0
1484559483.442999000 282 0
1484559483.507756000 129 0
1484559516.434347000 282 0
1484559579.710940000 0 0
1484559579.718160000 0 0
1484559579.729218000 0 0
1484559579.739761000 0 0
1484559579.815570000 0 0
1484559579.735663000 564 0
1484559579.749225000 504 0
1484559579.757761000 282 0
1484559579.818623000 129 0
1484559663.043804000 282 0
1484559711.439307000 0 0
1484559715.278805000 0 8781
1484559715.292106000 0 0
1484559715.290344000 0 0
1484559708.769179000 282 0
1484559711.442790000 11135 0
1484559759.994061000 282 0
1484559830.604612000 282 0
1484559894.762918000 282 0
1484560011.486784000 0 0
1484560015.326993000 0 8781
1484560015.340879000 0 0
1484560015.338963000 0 0
1484560011.491947000 11135 0
1484560041.028925000 282 0
1484560116.344820000 282 0
1484560166.490126000 282 0
1484560227.259446000 282 0
1484560279.764826000 282 0
1484560311.544285000 0 0
1484560315.365666000 0 8781
1484560315.380640000 0 0
1484560315.378232000 0 0
1484560311.552324000 11135 0
1484560328.760067000 282 0
1484560372.838046000 282 0
1484560464.417765000 282 0
1484560556.229168000 0 0
1484560556.232949000 0 0
1484560556.240940000 0 0
1484560556.249203000 0 0
1484560556.275061000 0 0
1484560556.277897000 0 0
1484560556.296211000 0 0
1484560556.247212000 564 0
1484560556.256550000 504 0
1484560556.260757000 282 0
1484560556.298714000 129 0
1484560611.597058000 0 0
1484560615.394244000 0 8781
1484560615.404007000 0 0
1484560615.403167000 0 0
1484560611.601708000 11135 0
1484560911.653577000 0 0
1484554388.255873000 0 0
1484560916.708508000 281 0
1484560917.174587000 408 0
1484560911.659258000 11135 0
1484560917.065996000 281 0
1484560917.315638000 286 0
1484560917.240776000 0 0
1484560918.093401000 0 0
1484560945.389379000 0 0
1484560967.071044000 0 0
1484560999.137287000 0 0
1484561146.394550000 0 0
1484561146.398377000 0 0
1484561146.406450000 0 0
1484561146.415987000 0 0
1484561146.461926000 0 0
1484561146.413014000 564 0
1484561146.424326000 504 0
1484561146.429412000 282 0
1484561146.467238000 129 0
1484561186.583607000 0 8781
1484561186.598190000 0 0
1484561186.596147000 0 0
1484561211.705894000 0 0
1484561213.538278000 0 377
1484561213.553724000 0 0
1484561213.551459000 0 0
1484561211.713747000 11135 0
1484561511.755974000 0 0
1484561511.761345000 11135 0
1484561685.931789000 0 8781
1484561685.941497000 0 0
1484561685.940658000 0 0
1484561707.289835000 0 0
1484561752.431369000 0 0
1484561752.458915000 0 0
1484561752.717449000 0 0
1484561752.827070000 0 0
1484561753.271986000 0 0
1484561752.299682000 749946 0
1484561753.489664000 0 0
1484561753.494921000 0 0
1484561753.509182000 0 0
1484561753.672481000 0 0
1484561753.872426000 0 0
1484561753.977971000 0 0
1484561754.036401000 0 0
1484561754.039164000 0 0
1484561754.047534000 0 0
1484561754.215949000 0 0
1484561754.228712000 0 0
1484561754.251666000 0 0
1484561754.257138000 0 0
1484561754.291082000 0 0
1484561754.330768000 0 0
1484561754.351495000 0 0
1484561754.367550000 0 0
1484561754.383420000 0 0
1484561754.404572000 0 0
1484561754.469423000 0 0
1484561754.499981000 0 0
1484561754.507580000 0 0
1484561754.521304000 0 0
1484561754.578182000 0 0
1484561754.609267000 0 0
1484561754.629456000 0 0
1484561754.647568000 0 0
1484561754.698086000 0 0
1484561754.707753000 0 0
1484561754.712352000 0 0
1484561754.716551000 0 0
1484561754.734218000 0 0
1484561754.737605000 0 0
1484561754.740924000 0 0
1484561754.747171000 0 0
1484561754.763451000 0 0
1484561754.764676000 0 0
1484561754.767020000 0 0
1484561754.767924000 0 0
1484561754.769648000 0 0
1484561754.772138000 0 0
1484561754.790657000 0 0
1484561754.793550000 0 0
1484561754.808057000 0 0
1484561754.810639000 0 0
1484561754.860633000 0 0
1484561754.889519000 0 0
1484561754.893991000 0 0
1484561754.926089000 0 0
1484561754.930873000 0 0
1484561754.942955000 0 0
1484561754.947978000 0 0
1484561754.975100000 0 0
1484561754.987669000 0 0
1484561755.002107000 0 0
1484561755.011770000 0 0
1484561755.020962000 0 0
1484561755.127133000 0 0
1484561756.812724000 0 750494
1484561756.885493000 0 0
1484561756.884540000 0 0
1484561754.056035000 282 0
1484561754.744510000 564 0
1484561754.758241000 504 0
1484561754.778751000 504 0
1484561754.799188000 398 0
1484561811.808357000 0 0
1484561811.814046000 11135 0
1484561983.065046000 0 0
1484561983.072744000 0 0
1484561983.083335000 0 0
1484561983.095295000 0 0
1484561983.145033000 0 0
1484561983.148944000 0 0
1484561983.200303000 0 0
1484561985.921993000 0 8781
1484561985.935380000 0 0
1484561985.933667000 0 0
1484561983.090714000 564 0
1484561983.105327000 504 0
1484561983.115844000 282 0
1484561983.206275000 129 0
1484562111.856432000 0 0
1484562111.862393000 11135 0
1484562411.914481000 0 0
1484562411.920613000 11135 0
1484562543.876883000 0 0
1484562711.963691000 0 0
1484562711.969878000 11135 0
1484563012.016264000 0 0
1484563012.022141000 11135 0
1484563312.064122000 0 0
1484563312.072363000 11135 0
1484563396.462504000 0 0
1484563397.182350000 0 0
1484563397.344234000 0 0
1484563397.356958000 0 0
1484563397.445262000 0 0
1484563397.457483000 0 0
1484563397.478540000 0 0
1484563397.494235000 0 0
1484563397.508754000 0 0
1484563397.523312000 0 0
1484563612.466465000 0 0
1484563612.469990000 11135 0
1484563912.504535000 0 0
1484563912.508539000 11135 0
1484564149.026482000 0 0
1484564149.032000000 0 0
1484564212.550398000 0 0
1484564212.555924000 11135 0
1484564512.604360000 0 0
1484564512.607707000 11135 0
1484564653.088427000 0 8784
1484564653.100508000 0 0
1484564653.098955000 0 0
1484564710.207846000 0 0
1484564710.212832000 0 0
1484564710.221962000 0 0
1484564710.232440000 0 0
1484564710.268269000 0 0
1484564710.271019000 0 0
1484564710.303362000 0 0
1484564710.229380000 564 0
1484564710.243068000 504 0
1484564710.250608000 282 0
1484564710.309595000 129 0
1484564773.742223000 0 0
1484564773.746373000 0 0
1484564773.755423000 0 0
1484564773.761476000 0 0
1484564773.778213000 0 0
1484564773.781303000 0 0
1484564773.783901000 0 0
1484564773.793400000 0 0
1484564773.796004000 0 0
1484564773.805977000 0 0
1484564773.808443000 0 0
1484564773.821549000 0 0
1484564773.824160000 0 0
1484564774.403297000 0 751055
1484564774.478914000 0 0
1484564774.476630000 0 0
1484564773.759353000 564 0
1484564773.771794000 504 0
1484564773.786687000 504 0
1484564773.798735000 282 0
1484564773.813656000 398 0
1484564812.642907000 0 0
1484564812.648816000 11135 0
1484564888.042057000 0 0
1484564888.045111000 0 0
1484564888.053845000 0 0
1484564888.068042000 0 0
1484564888.071074000 0 0
1484564888.074712000 0 0
1484564888.078659000 0 0
1484564888.082558000 0 0
1484564888.173154000 0 0
1484564888.178298000 0 0
1484564888.190988000 0 0
1484564896.069384000 0 0
1484564896.075912000 0 0
1484564896.078417000 0 0
1484564896.080914000 0 0
1484564896.083751000 0 0
1484564900.118206000 0 0
1484564900.081277000 0 0
1484564888.061915000 80 0
1484564888.197525000 398 0
1484564953.145539000 0 8784
1484564953.159991000 0 0
1484564953.158421000 0 0
1484565112.695758000 0 0
1484565113.945765000 0 359
1484565113.956729000 0 0
1484565113.955806000 0 0
1484565132.377799000 0 0
1484565132.382622000 0 0
1484565132.500424000 0 0
1484565132.693885000 0 700794
1484565134.497001000 0 0
1484565134.562202000 0 0
1484565134.567420000 0 0
1484565134.577722000 0 0
1484565134.974780000 0 0
1484565134.978946000 0 0
1484565134.984032000 0 0
1484565134.992690000 0 0
1484565135.001032000 0 0
1484565135.646255000 0 162
1484565134.587803000 282 0
1484565134.989208000 564 0
1484565136.302198000 0 0
1484565136.497123000 0 0
1484565136.500043000 0 0
1484565136.503028000 0 0
1484565136.505806000 0 0
1484565136.521800000 0 0
1484565136.524779000 0 0
1484565136.532898000 0 0
1484565136.535548000 0 0
1484565136.543423000 0 0
1484565136.546986000 0 0
1484565136.555204000 0 0
1484565136.580472000 0 0
1484565136.577938000 0 0
1484565136.623351000 0 0
1484565136.621239000 0 0
1484565136.630777000 0 0
1484565136.628395000 0 0
1484565136.643561000 0 0
1484565136.640600000 0 0
1484565136.530713000 564 0
1484565136.673052000 0 0
1484565136.669920000 0 0
1484565136.709891000 0 0
1484565136.713954000 0 0
1484565136.715902000 0 0
1484565136.712009000 0 0
1484565136.723629000 0 0
1484565136.816181000 0 0
1484565136.859839000 0 0
1484565136.856728000 0 0
1484565112.701685000 11135 0
1484565135.389178000 4120 0
1484565135.445833000 700794 0
1484565158.403004000 0 0
1484565134.221287000 0 0
1484565169.240965000 0 0
1484565169.277138000 0 0
1484565169.280877000 0 0
1484565169.290218000 0 0
1484565169.295453000 0 0
1484565169.314060000 0 0
1484565179.119335000 0 0
1484565179.122691000 0 0
1484565179.125134000 0 0
1484565179.127501000 0 0
1484565179.136778000 0 0
1484565179.139467000 0 0
1484565179.143612000 0 0
1484565179.146462000 0 0
1484565179.154706000 0 0
1484565179.246508000 0 0
1484565179.243459000 0 0
1484565179.253077000 0 0
1484565179.339373000 0 0
1484565179.335650000 0 0
1484565241.050973000 0 0
1484565241.055113000 0 0
1484565241.063453000 0 0
1484565241.072167000 0 0
1484565241.119697000 0 0
1484565253.195664000 0 8784
1484565253.208593000 0 0
1484565253.206967000 0 0
1484565241.070083000 564 0
1484565241.082442000 504 0
1484565241.086267000 282 0
1484565241.121777000 129 0
1484565413.123329000 0 0
1484565413.131158000 11135 0
1484565553.244847000 0 8784
1484565553.257508000 0 0
1484565553.256433000 0 0
1484565713.170861000 0 0
1484565713.176726000 11135 0
1484565853.285297000 0 8784
1484565853.296894000 0 0
1484565853.295543000 0 0
1484566013.229487000 0 0
1484566013.237762000 11135 0
1484566153.336630000 0 8784
1484566153.352785000 0 0
1484566153.350530000 0 0
1484566313.288145000 0 0
1484566313.296419000 11135 0
1484566395.051227000 0 0
1484566395.055939000 0 0
1484566395.101110000 0 0
1484566395.104804000 0 0
1484566395.113538000 0 0
1484566395.120383000 0 0
1484566395.130448000 0 0
1484566395.128389000 0 0
1484566395.137272000 0 0
1484566395.142587000 0 0
1484566395.144851000 0 0
1484566395.147257000 0 0
1484566395.150946000 0 0
1484566395.153609000 0 0
1484566395.156209000 0 0
1484566395.158838000 0 0
1484566395.165975000 0 0
1484566395.168576000 0 0
1484566395.176309000 0 0
1484566395.188262000 0 0
1484566395.186583000 0 0
1484566395.198093000 0 0
1484566395.196512000 0 0
1484566395.203318000 0 0
1484566395.210494000 0 0
1484566395.212960000 0 0
1484566395.215592000 0 0
1484566395.117917000 564 0
1484566395.218028000 0 0
1484566395.225251000 0 0
1484566395.233590000 0 0
1484566395.224959000 0 0
1484566395.236989000 0 0
1484566395.242255000 0 0
1484566395.244759000 0 0
1484566395.249045000 0 0
1484566395.248832000 0 0
1484566395.246971000 0 0
1484566395.327779000 0 0
1484566395.330535000 0 0
1484566395.325516000 0 0
1484566396.301858000 0 0
1484566396.307017000 0 0
1484566396.311972000 0 0
1484566396.317048000 0 0
1484566396.321643000 0 0
1484566396.340483000 0 0
1484566396.336134000 0 0
1484566453.382536000 0 8784
1484566453.395245000 0 0
1484566453.393735000 0 0
1484566613.334100000 0 0
1484566613.339921000 11135 0
1484566753.422798000 0 8784
1484566753.434132000 0 0
1484566753.432606000 0 0
1484566913.392248000 0 0
1484566931.415314000 0 0
1484566931.418834000 0 0
1484566931.426960000 0 0
1484566931.436693000 0 0
1484566931.494079000 0 0
1484566931.498255000 0 0
1484566931.538586000 0 0
1484566931.434657000 564 0
1484566931.448989000 504 0
1484566931.461468000 282 0
1484566931.543248000 129 0
1484566913.398025000 11135 0
1484567053.473833000 0 8784
1484567053.488547000 0 0
1484567053.486488000 0 0
1484567213.474873000 0 0
1484567213.478287000 11135 0
1484567353.505453000 0 8784
1484567353.515794000 0 0
1484567353.514832000 0 0
1484567513.508703000 0 0
1484567513.511911000 11135 0
1484567653.530446000 0 8784
1484567653.540290000 0 0
1484567653.539442000 0 0
1484567777.068614000 0 0
1484567777.072858000 0 0
1484567777.081370000 0 0
1484567777.091010000 0 0
1484567777.124412000 0 0
1484567777.127234000 0 0
1484567777.140575000 0 0
1484567777.088760000 564 0
1484567777.101589000 504 0
1484567777.108847000 282 0
1484567777.142983000 129 0
1484567813.547891000 0 0
1484567813.551329000 11135 0
1484567953.567484000 0 8784
1484567953.577041000 0 0
1484567953.576207000 0 0
1484568113.588973000 0 0
1484568113.594299000 11135 0
1484568253.626138000 0 8784
1484568253.641322000 0 0
1484568253.640139000 0 0
1484568413.646773000 0 0
1484568413.653093000 11135 0
1484568455.875949000 0 0
1484568455.884202000 0 0
1484568455.895597000 0 0
1484568455.907249000 0 0
1484568455.991958000 0 0
1484568455.902651000 564 0
1484568455.917319000 504 0
1484568455.926206000 282 0
1484568455.994782000 129 0
1484568553.669216000 0 8784
1484568553.681639000 0 0
1484568553.680033000 0 0
1484568713.705877000 0 0
1484568713.711428000 11135 0
1484568853.711682000 0 8784
1484568853.723689000 0 0
1484568853.722128000 0 0
1484568962.322152000 0 0
1484568962.630812000 0 0
1484568962.644431000 0 0
1484568962.652284000 0 0
1484569013.829704000 0 0
1484569013.838305000 11135 0
1484569153.773005000 0 8784
1484569153.788575000 0 0
1484569153.786271000 0 0
1484569313.879969000 0 0
1484569313.886493000 11135 0
1484569453.822699000 0 8784
1484569453.834625000 0 0
1484569453.833041000 0 0
1484569613.932271000 0 0
1484569624.177559000 0 0
1484569624.183050000 0 0
1484569624.188639000 0 0
1484569624.221593000 0 240128
1484569624.423843000 0 0
1484569624.427885000 0 0
1484569624.437744000 0 0
1484569624.452458000 0 0
1484569624.462117000 0 0
1484569624.617244000 0 0
1484569624.621844000 0 0
1484569624.626318000 0 0
1484569624.629620000 0 0
1484569624.648184000 0 0
1484569624.651100000 0 0
1484569624.654379000 0 0
1484569624.657748000 0 0
1484569624.666056000 0 0
1484569624.669312000 0 0
1484569624.675999000 0 0
1484569613.937545000 11135 0
1484569624.682659000 0 0
1484569624.680415000 0 0
1484569624.447747000 564 0
1484569624.689959000 0 0
1484569624.700257000 0 0
1484569624.697716000 0 0
1484569624.710529000 0 0
1484569624.708941000 0 0
1484569624.737015000 0 0
1484569624.771507000 0 0
1484569624.768601000 0 0
1484569624.781513000 0 0
1484569624.784497000 0 0
1484569624.788159000 0 0
1484569624.868100000 0 0
1484569624.865134000 0 0
1484569625.042511000 0 0
1484569625.312695000 0 0
1484569625.315937000 0 0
1484569625.318020000 0 0
1484569625.326245000 0 0
1484569625.342358000 0 0
1484569625.345040000 0 0
1484569625.348304000 0 0
1484569625.351185000 0 0
1484569625.360498000 0 0
1484569625.429632000 0 0
1484569625.427439000 0 0
1484569625.436065000 0 0
1484569625.516874000 0 0
1484569625.513624000 0 0
1484569624.548040000 4120 0
1484569624.552256000 2048 0
1484569624.565785000 240128 0
1484569662.608286000 0 0
1484569753.872991000 0 8784
1484569753.886256000 0 0
1484569753.884641000 0 0
1484569830.999483000 0 0
1484569831.002183000 0 0
1484569624.555278000 25088 17408
1484569831.027665000 0 0
1484569831.031993000 0 0
1484569831.040355000 0 0
1484569831.046358000 0 0
1484569831.054552000 0 0
1484569831.070260000 0 0
1484569831.073233000 0 0
1484569831.076156000 0 0
1484569831.078704000 0 0
1484569831.084226000 0 0
1484569831.096218000 0 0
1484569831.094630000 0 0
1484569831.105068000 0 0
1484569831.103570000 0 0
1484569831.044168000 564 0
1484569831.136378000 0 0
1484569831.133429000 0 0
1484569831.142438000 0 0
1484569831.219754000 0 0
1484569831.216907000 0 0
1484569846.232543000 0 0
1484569831.013620000 0 0
1484569847.893564000 0 0
1484569847.931715000 0 0
1484569847.935333000 0 0
1484569847.943464000 0 0
1484569847.949388000 0 0
1484569847.956697000 0 0
1484569847.971417000 0 0
1484569847.974224000 0 0
1484569847.974096000 0 0
1484569847.974337000 0 0
1484569847.977635000 0 0
1484569847.978213000 0 0
1484569847.980629000 0 0
1484569847.981020000 0 0
1484569847.981204000 0 0
1484569847.983618000 0 0
1484569847.986668000 0 0
1484569847.987890000 0 0
1484569847.996860000 0 0
1484569847.995131000 0 0
1484569848.006913000 0 0
1484569848.005195000 0 0
1484569848.012209000 0 0
1484569848.019502000 0 0
1484569848.021864000 0 0
1484569848.024374000 0 0
1484569848.027219000 0 0
1484569848.034429000 0 0
1484569847.947272000 564 0
1484569848.046201000 0 0
1484569848.054955000 0 0
1484569848.047232000 0 0
1484569848.063464000 0 0
1484569848.066128000 0 0
1484569848.144532000 0 0
1484569848.142196000 0 0
1484565158.407436000 0 0
1484565135.393199000 0 0
1484569913.989763000 0 0
1484569913.995434000 11135 0
1484570053.903485000 0 8784
1484570053.914097000 0 0
1484570053.913233000 0 0
1484570058.106571000 0 0
1484570058.111734000 0 0
1484570058.154382000 0 20175
1484570058.279987000 0 0
1484570058.284139000 0 0
1484570058.294402000 0 0
1484570058.305951000 0 0
1484570058.315032000 0 0
1484570058.541300000 0 0
1484570058.544473000 0 0
1484570058.548413000 0 0
1484570058.553242000 0 0
1484570058.571238000 0 0
1484570058.573818000 0 0
1484570058.577592000 0 0
1484570058.581835000 0 0
1484570058.590243000 0 0
1484570058.590099000 0 0
1484570058.605399000 0 0
1484570058.603019000 0 0
1484570058.613741000 0 0
1484570058.616241000 0 0
1484570058.619716000 0 0
1484570058.611170000 0 0
1484570058.637749000 0 0
1484570058.636087000 0 0
1484570058.650183000 0 0
1484570058.648148000 0 0
1484570058.301120000 564 0
1484570058.676153000 0 0
1484570058.673119000 0 0
1484570058.683895000 0 0
1484570058.765944000 0 0
1484570058.762530000 0 0
1484570058.879156000 0 0
1484570058.889561000 0 0
1484570058.889560000 0 0
1484570058.898057000 0 0
1484570058.902451000 0 0
1484570058.906467000 0 0
1484570058.915359000 0 0
1484570058.927119000 0 0
1484570058.932232000 0 0
1484570058.937521000 0 0
1484570058.941469000 0 0
1484570058.948832000 0 0
1484570059.012009000 0 0
1484570059.008939000 0 0
1484570059.018660000 0 0
1484570059.104600000 0 0
1484570059.099356000 0 0
1484570058.354138000 4120 0
1484570058.360883000 20175 0
1484570126.789141000 0 0
1484570126.839390000 0 0
1484570126.842946000 0 0
1484570126.852331000 0 0
1484570126.862651000 0 0
1484570126.871950000 0 0
1484570127.802734000 0 0
1484570127.806960000 0 0
1484570149.234037000 0 0
1484570149.383848000 0 0
1484570149.485582000 0 0
1484570149.504943000 0 0
1484570149.515953000 0 0
1484570149.527218000 0 0
1484570126.858506000 564 0
1484570127.813507000 282 0
1484570214.033096000 0 0
1484570214.038842000 11135 0
1484570271.878881000 0 0
1484570271.893928000 0 0
1484570353.961600000 0 8784
1484570353.976467000 0 0
1484570353.974163000 0 0
1484568962.638484000 2507 5144
1484570514.075681000 0 0
1484570514.079122000 11135 0
1484570653.293326000 0 0
1484570653.303059000 0 0
1484570654.018137000 0 8784
1484570654.030611000 0 0
1484570654.029075000 0 0
1484570680.061887000 0 0
1484570680.114597000 0 0
1484570680.118716000 0 0
1484570680.128573000 0 0
1484570684.890510000 0 0
1484570680.135199000 282 0
1484570705.422216000 282 0
1484570731.635545000 0 0
1484570731.640756000 0 0
1484570731.649894000 0 0
1484570731.658410000 0 0
1484570731.682431000 0 0
1484570731.685824000 0 0
1484570731.690011000 0 0
1484570731.693966000 0 0
1484570731.711326000 0 0
1484570731.715234000 0 0
1484570731.728801000 0 0
1484570731.733530000 0 0
1484570731.755744000 0 0
1484570731.759798000 0 0
1484570731.566547000 282 0
1484570731.655012000 564 0
1484570731.669769000 504 0
1484570731.700417000 504 0
1484570731.740623000 398 0
1484570814.164859000 0 0
1484570814.169807000 11135 0
1484570954.080262000 0 8784
1484570954.096305000 0 0
1484570954.094016000 0 0
1484570958.427736000 0 0
1484570958.433572000 0 0
1484570958.443285000 0 0
1484570958.454283000 0 0
1484570958.515359000 0 0
1484570958.451918000 564 0
1484570958.464936000 504 0
1484570958.473048000 282 0
1484570958.520530000 129 0
1484571000.512795000 0 0
1484571000.518258000 0 0
1484571000.529199000 0 0
1484571000.540736000 0 0
1484571000.550612000 0 0
1484571000.568884000 0 0
1484571000.565219000 0 0
1484571000.588167000 0 0
1484571000.592892000 0 0
1484571000.536156000 564 0
1484571114.221572000 0 0
1484571114.227605000 11135 0
1484571200.743537000 0 0
1484571200.748059000 0 0
1484571200.756670000 0 0
1484571200.762596000 0 0
1484571200.807223000 0 0
1484570653.299097000 4703 1466
1484571200.760453000 564 0
1484571200.769998000 504 0
1484571200.773459000 282 0
1484571200.812314000 129 0
1484571254.121852000 0 8784
1484571254.133387000 0 0
1484571254.132202000 0 0
1484571382.976369000 0 0
1484571382.983870000 281 0
1484571414.265367000 0 0
1484571414.271558000 11135 0
1484571448.172939000 0 0
1484571448.176680000 0 0
1484571448.184652000 0 0
1484571448.193294000 0 0
1484571448.220205000 0 0
1484571448.222628000 0 0
1484571448.238225000 0 0
1484571448.191347000 564 0
1484571448.201256000 504 0
1484571448.204759000 282 0
1484571448.243322000 129 0
1484571554.173596000 0 8784
1484571554.188262000 0 0
1484571554.186240000 0 0
1484571714.312738000 0 0
1484571714.317688000 11135 0
1484571854.226099000 0 8784
1484571854.238023000 0 0
1484571854.236758000 0 0
1484572014.355739000 0 0
1484572014.364200000 11135 0
1484572148.049759000 0 0
1484570058.588106000 0 165
1484572149.444437000 0 0
1484572149.480348000 0 0
1484572149.483707000 0 0
1484572149.493079000 0 0
1484572149.503387000 0 0
1484572149.511246000 0 0
1484572149.532799000 0 0
1484572149.535902000 0 0
1484572149.539038000 0 0
1484572149.541712000 0 0
1484572149.549380000 0 0
1484572149.552230000 0 0
1484572149.559803000 0 0
1484572149.501080000 564 0
1484572149.575417000 0 0
1484572149.578605000 0 0
1484572149.573411000 0 0
1484572149.585345000 0 0
1484572149.583685000 0 0
1484572149.589287000 0 0
1484572149.616665000 0 0
1484572149.622123000 0 0
1484572149.683017000 0 0
1484572149.724247000 0 0
1484572149.721296000 0 0
1484572154.276902000 0 8784
1484572154.294365000 0 0
1484572154.292053000 0 0
1484570058.357573000 0 0
1484572314.412381000 0 0
1484572314.420551000 11135 0
1484572454.326292000 0 8784
1484572454.340977000 0 0
1484572454.339192000 0 0
1484572569.688108000 0 0
1484572569.692964000 0 0
1484572569.703177000 0 0
1484572569.713030000 0 0
1484572569.754073000 0 0
1484572569.757138000 0 0
1484572569.778678000 0 0
1484572569.708955000 564 0
1484572569.725533000 504 0
1484572569.734678000 282 0
1484572569.784666000 129 0
1484572614.518540000 0 0
1484572614.524531000 11135 0
1484572629.446803000 281 0
1484572629.653193000 408 0
1484572630.354008000 0 0
1484572658.826241000 0 0
1484572671.345804000 0 0
1484572671.348262000 0 0
1484572671.354669000 0 0
1484572671.361581000 0 0
1484572671.363894000 0 0
1484572671.367151000 0 0
1484572671.370294000 0 0
1484572671.373606000 0 0
1484572671.453354000 0 0
1484572671.458746000 0 0
1484572671.469177000 0 0
1484572681.331282000 0 0
1484572681.340377000 0 0
1484572681.343093000 0 0
1484572681.345787000 0 0
1484572681.348407000 0 0
1484572684.202927000 0 0
1484572684.169697000 0 0
1484572671.361865000 80 0
1484572671.478694000 398 0
1484572700.538938000 0 0
1484572700.544213000 0 0
1484572700.550487000 0 0
1484572700.552872000 0 0
1484572700.556141000 0 0
1484572700.559934000 0 0
1484572701.426536000 0 0
1484572701.413382000 0 0
1484572685.699811000 282 0
1484572754.385104000 0 8784
1484572754.403121000 0 0
1484572754.401367000 0 0
1484572914.561978000 0 0
1484572914.567200000 11135 0
1484573054.426857000 0 8784
1484573054.441075000 0 0
1484573054.439350000 0 0
1484573214.603342000 0 0
1484573214.608968000 11135 0
1484573354.481715000 0 8784
1484573354.495171000 0 0
1484573354.493230000 0 0
1484573401.188269000 0 0
1484573401.194604000 0 0
1484573401.204014000 0 0
1484573401.215594000 0 0
1484573401.259623000 0 0
1484573401.262271000 0 0
1484573401.291061000 0 0
1484573401.212670000 564 0
1484573401.227195000 504 0
1484573401.236676000 282 0
1484573401.296459000 129 0
1484573509.682983000 0 0
1484573509.687316000 0 0
1484573509.696018000 0 0
1484573509.704160000 0 0
1484573509.765225000 0 0
1484573514.654659000 0 0
1484573509.701638000 564 0
1484573509.712292000 504 0
1484573509.717705000 282 0
1484573509.768517000 129 0
1484573514.660555000 11135 0
1484573548.830862000 0 0
1484573587.803299000 0 0
1484573587.948351000 0 0
1484573587.951588000 0 0
1484573587.960842000 0 0
1484573588.000070000 0 0
1484573588.095435000 0 0
1484573588.099501000 0 0
1484573588.115335000 0 0
1484561753.875383000 0 0
1484573588.158314000 0 0
1484573588.161956000 0 0
1484573588.317684000 0 0
1484573588.404271000 0 0
1484573588.423848000 0 0
1484573588.426406000 0 0
1484573588.429816000 0 0
1484573588.432266000 0 0
1484573588.432481000 0 0
1484573588.435924000 0 0
1484573588.446932000 0 0
1484573588.449897000 0 0
1484573588.458866000 0 0
1484573588.461507000 0 0
1484573588.464121000 0 0
1484573588.467233000 0 0
1484573588.504182000 0 0
1484573588.504471000 0 0
1484573609.885912000 0 0
1484573609.893241000 0 0
1484573609.897015000 0 0
1484573609.900737000 0 0
1484573609.905704000 0 0
1484573609.912246000 0 0
1484573609.921269000 0 0
1484573609.930649000 0 0
1484573609.935979000 0 0
1484573609.941056000 0 0
1484573610.159231000 0 0
1484573588.417628000 0 0
1484573610.173110000 0 0
1484573610.170234000 0 0
1484573610.180655000 0 0
1484573590.699987000 0 0
1484573610.178265000 0 0
1484573610.186574000 0 0
1484573610.222504000 0 0
1484573610.502509000 0 0
1484573610.574842000 0 0
1484573610.577910000 0 0
1484573610.564286000 0 0
1484573610.568186000 0 13315
1484573610.600573000 0 0
1484573588.103670000 564 0
1484573610.617018000 0 0
1484573610.617834000 0 0
1484573610.588130000 0 0
1484573610.620997000 0 0
1484573610.625072000 0 0
1484573610.595870000 0 0
1484573610.622855000 0 0
1484573610.632894000 0 0
1484573610.635450000 0 0
1484573610.643284000 0 0
1484573610.668423000 0 0
1484573610.671831000 0 0
1484573610.675303000 0 0
1484573610.687922000 0 0
1484573610.691222000 0 0
1484573610.694324000 0 0
1484573610.700740000 0 0
1484573610.707040000 0 0
1484573610.705307000 0 0
1484573610.714169000 0 0
1484573610.721206000 0 0
1484573610.719450000 0 0
1484573610.731349000 0 0
1484573610.764170000 0 0
1484573610.766597000 0 0
1484573610.769243000 0 0
1484573610.771641000 0 0
1484573610.821478000 0 0
1484573610.819815000 0 0
1484573610.826944000 0 0
1484573610.903349000 0 0
1484573610.900611000 0 0
1484573611.421234000 0 0
1484573611.426217000 0 0
1484573611.424946000 0 0
1484573611.933641000 0 0
1484573611.930580000 0 0
1484573611.932239000 0 0
1484573614.944760000 0 0
1484573614.941792000 0 0
1484573614.943348000 0 0
1484573587.965883000 564 0
1484573588.438462000 504 0
1484573588.441393000 398 0
1484573588.469986000 504 0
1484573588.530301000 467 0
1484573588.604018000 428 0
1484573588.698782000 721 0
1484573588.336725000 307 0
1484573588.473068000 1582 0
1484573588.578262000 891 0
1484573588.626386000 104 0
1484573610.500837000 0 165
1484573615.855074000 0 0
1484573615.862509000 0 0
1484573615.865088000 0 0
1484573615.867870000 0 0
1484573615.870615000 0 0
1484573615.880646000 0 0
1484573615.883991000 0 0
1484573615.887068000 0 0
1484573615.892992000 0 0
1484573615.969836000 0 0
1484573615.967600000 0 0
1484573615.968715000 0 0
1484573615.977973000 0 0
1484573615.975118000 0 0
1484573615.983391000 0 0
1484573616.060752000 0 0
1484573616.058097000 0 0
1484573610.630400000 48 0
1484573610.632712000 0 0
1484573588.119481000 0 0
1484573654.533179000 0 8784
1484573654.545294000 0 0
1484573654.543723000 0 0
1484573676.892185000 0 0
1484573676.908871000 0 0
1484573676.913591000 0 1734
1484573676.923623000 0 0
1484573676.928934000 0 0
1484573676.933316000 0 0
1484573676.897297000 0 0
1484573676.937595000 0 0
1484573677.066450000 0 85
1484573677.075426000 0 0
1484573677.087854000 0 109
1484573677.095936000 0 0
1484573677.147304000 0 144
1484573677.156954000 0 0
1484573677.166991000 0 0
1484552816.812477000 0 4096
1484573677.173454000 0 0
1484573677.174904000 0 0
1484573677.179667000 0 0
1484552816.789017000 0 0
1484573677.182573000 0 0
1484573677.187188000 0 0
1484573677.194180000 0 0
1484573677.200587000 0 0
1484573677.205968000 0 0
1484573677.211253000 0 0
1484573677.216699000 0 0
1484573677.222295000 0 0
1484573677.233374000 0 0
1484573677.242893000 0 0
1484573677.198864000 0 2473
1484573677.261493000 0 0
1484573677.265472000 0 0
1484573677.177636000 0 0
1484573677.269228000 0 0
1484552811.430019000 42161 273584
1484552812.756965000 3546356 196308
1484573677.293836000 0 26778
1484573677.383484000 0 666
1484573677.384941000 0 175
1484573677.394995000 0 0
1484573677.417180000 0 204
1484573677.429332000 0 0
1484573677.461902000 0 0
1484552830.895334000 0 32768
1484573677.470602000 0 0
1484552830.871287000 401952 196952
1484573677.481491000 0 0
1484573677.486624000 0 0
1484573677.510441000 0 0
1484552830.843213000 0 4096
1484573677.520624000 0 0
1484573677.528229000 0 0
1484552830.825046000 0 0
1484573677.537169000 0 0
1484573677.544958000 0 0
1484573677.567522000 0 0
1484573677.573094000 0 43915
1484573677.614926000 0 0
1484573677.621056000 0 0
1484573677.551716000 0 0
1484573677.626289000 0 0
1484573677.683969000 0 0
1484552817.162764000 89003 6761
1484568962.330134000 1955987 7112
1484552830.951615000 0 0
1484552830.854654000 0 0
1484552806.581746000 0 0
1484573700.959239000 0 0
1484573700.962249000 0 0
1484573700.965043000 0 0
1484573701.104959000 0 0
1484552809.576844000 327680 0
1484552810.764834000 294912 0
1484552816.769934000 7168 0
1484573677.228288000 4840 0
1484573677.239082000 2455 0
1484573677.248748000 2583 0
1484553568.398195000 65536 0
1484552807.992370000 4096 0
1484552807.041769000 184320 4096
1484552807.173240000 16384 4096
1484552830.839508000 753664 229376
1484552830.807741000 98304 0
1484552973.626510000 98304 0
1484552817.141994000 1628 0
1484573700.927103000 721 0
1484573700.936714000 104 0
1484573700.946059000 428 0
1484573700.955688000 891 0
1484573700.975377000 467 0
1484573700.982955000 1582 0
1484552605.470427000 0 0
1484552604.581811000 0 0
1484560918.937523000 0 0
1484552589.228701000 0 0
1484573721.178837000 0 0
1484552590.423418000 0 0
1484573721.565630000 0 0
1484573721.569674000 0 0
1484573721.566889000 0 0
1484573721.582553000 0 0
1484573721.662966000 0 0
1484573721.652980000 0 0
1484573721.956997000 0 0
1484573721.962316000 0 0
1484573721.966659000 0 0
1484573721.181768000 0 0
1484573721.147668000 0 0
1484573700.906896000 307 0
1484573700.904457000 34816 0
1484573700.930161000 0 0
1484573700.938434000 0 0
1484573700.948241000 0 0
1484573700.968766000 0 0
1484573700.978702000 0 0
1484573700.985104000 0 0
1484573701.090305000 14336 0
1484573721.148711000 0 0
1484573701.185620000 481 0
1484573701.191194000 486 0
1484573701.209644000 473 0
1484573701.278749000 478 0
1484573700.701598000 4096 0
1484573721.187690000 281 0
1484573721.201617000 420 0
1484573721.215957000 1711 0
1484573721.332691000 307 0
1484573721.350026000 368 0
1484573721.355413000 211 0
1484573721.360330000 307 0
1484573721.372503000 298 0
1484573721.376848000 286 0
1484573721.420866000 154 0
1484573721.428871000 233 0
1484573721.442016000 204 0
1484573721.455628000 267 0
1484573721.471202000 224 0
1484573721.477652000 197 0
1484573721.492972000 905 0
1484573721.509314000 220 0
1484573721.514193000 280 0
1484573721.520109000 304 0
1484573721.529391000 285 0
1484573721.539825000 168 0
1484573721.550679000 2193 0
1484573721.563267000 480 0
1484573721.571210000 157 0
1484573721.576295000 226 0
1484573721.581136000 302 0
1484573721.599984000 134 0
1484573721.613509000 134 0
1484573721.643498000 134 0
1484573721.655141000 144 0
1484573721.665827000 134 0
1484573721.688894000 134 0
1484573721.793431000 134 0
1484573721.591698000 251 0
1484573721.608207000 127 0
1484573721.625477000 122 0
1484573721.649416000 122 0
1484573721.660598000 170 0
1484573721.682944000 656 0
1484573721.786509000 252 0
1484573721.803844000 237 0
1484573721.817657000 226 0
1484573721.823060000 146 0
1484573721.828695000 253 0
1484573721.841655000 205 0
1484573721.859245000 3084 0
1484573721.868993000 201 0
1484573721.882684000 291 0
1484573721.888716000 479 0
1484573721.910288000 470 0
1484573721.916541000 449 0
1484573721.944839000 377 0
1484573721.951391000 356 0
1484573721.958836000 165 0
1484573721.964336000 165 0
1484573721.980610000 112 0
1484573721.996834000 119 0
1484573722.012004000 148 0
1484573722.027237000 298 0
1484573722.037890000 433 0
1484573722.046114000 150 0
1484573722.051494000 233 0
1484573722.055730000 177 0
1484573722.072190000 1089 0
1484573722.081028000 454 0
1484573722.085862000 408 0
1484573722.091195000 133 0
1484573722.096315000 133 0
1484573722.101664000 134 0
1484573722.106254000 133 0
1484573722.110725000 133 0
1484573722.134851000 208 0
1484573722.142025000 818 0
1484573722.148147000 191 0
1484573722.153897000 1605 0
1484573722.200818000 226 0
1484573722.208900000 195 0
1484573722.213566000 419 0
1484573722.218533000 281 0
1484573722.232180000 1615 0
1484573722.238097000 226 0
1484573722.250075000 113 0
1484573722.385040000 461 0
1484573722.391152000 302 0
1484573722.411605000 511 0
1484572686.760197000 0 0
1484552568.165726000 0 0
