1484547332.893108000 0 0
1484547332.898726000 0 0
1484547332.903833000 0 0
1484547332.908910000 0 0
1484547332.913852000 0 0
1484547335.252943000 282 0
1484547349.236707000 0 0
1484547349.279762000 0 0
1484547349.282507000 0 0
1484547349.290245000 0 0
1484547358.782878000 0 0
1484547358.785271000 0 0
1484547358.797587000 0 0
1484547360.040936000 0 0
1484547360.044410000 0 0
1484547360.323585000 0 0
1484547361.628811000 0 0
1484547363.036570000 0 0
1484547363.040206000 0 0
1484547363.047812000 0 0
1484547363.344468000 0 0
1484547363.347413000 0 0
1484547363.349766000 0 0
1484547363.351874000 0 0
1484547363.363757000 0 0
1484547363.388792000 0 0
1484547363.390744000 0 0
1484547363.400908000 0 0
1484547363.402437000 0 0
1484547363.409361000 0 0
1484547338.246013000 150 0
1484547360.358286000 2121 0
1484547360.370237000 1087 0
1484547363.063822000 574 0
1484547363.362270000 504 0
1484547363.386006000 129 0
1484547363.398471000 129 0
1484547363.407120000 129 0
1484547363.422154000 544 0
1484547339.828912000 564 0
1484547520.354001000 0 0
1484547522.229482000 0 0
1484547522.242515000 0 0
1484547522.249902000 0 0
1484547522.255299000 0 0
1484547522.283235000 0 0
1484547522.288391000 0 0
1484547522.290598000 0 0
1484547522.306992000 0 0
1484547522.309023000 0 0
1484547522.314162000 0 0
1484547522.580655000 0 0
1484547522.676721000 0 0
1484547522.750407000 0 0
1484547522.753255000 0 0
1484547522.755815000 0 0
1484547522.757982000 0 0
1484547522.759545000 0 0
1484547522.787661000 0 0
1484547523.076120000 0 0
1484547523.308716000 0 0
1484547523.311909000 0 0
1484547523.403528000 0 0
1484547523.409971000 0 0
1484547523.591231000 0 0
1484547523.594588000 0 0
1484547523.597327000 0 0
1484547523.603635000 0 0
1484547523.616425000 0 0
1484547523.618706000 0 0
1484547523.620537000 0 0
1484547523.649208000 0 0
1484547523.754474000 0 0
1484547523.757163000 0 35456
1484547523.775651000 0 0
1484547523.778527000 0 0
1484547522.698496000 35454 0
1484547523.747221000 0 0
1484547523.780858000 0 0
1484547524.034721000 0 0
1484547524.047950000 0 0
1484547524.050761000 0 35457
1484547524.070166000 0 0
1484547524.073310000 0 0
1484547524.038569000 0 0
1484547524.075851000 0 0
1484547524.443801000 0 0
1484547526.005922000 0 0
1484547526.012648000 0 0
1484547526.025073000 0 0
1484547526.065969000 0 0
1484547526.094186000 0 0
1484547526.262220000 0 0
1484547526.417987000 0 0
1484547526.450978000 0 0
1484547526.453606000 0 18830
1484547526.633004000 0 0
1484547526.635734000 0 0
1484547526.436474000 18830 0
1484547526.443319000 0 0
1484547526.637956000 0 0
1484547526.805810000 0 11329
1484547526.918341000 0 0
1484547526.921445000 0 0
1484547526.109027000 11329 0
1484547526.923933000 0 0
1484547526.930054000 0 0
1484547526.934134000 0 0
1484547526.932861000 0 0
1484547526.963649000 0 0
1484547527.559519000 0 0
1484547528.908795000 0 0
1484547528.912134000 0 2
1484547528.920636000 0 0
1484547528.923836000 0 0
1484547526.026910000 2 0
1484547528.886732000 0 0
1484547528.926225000 0 0
1484547530.363487000 1900544 0
1484547530.866760000 0 0
1484547531.771071000 0 0
1484547532.062646000 0 0
1484547532.074315000 0 0
1484547532.077515000 0 35469
1484547532.096487000 0 0
1484547532.099265000 0 0
1484547532.065977000 0 0
1484547532.101507000 0 0
1484547534.896921000 0 0
1484547535.091168000 0 0
1484547535.130976000 0 53
1484547527.385589000 288 0
1484547535.138467000 0 0
1484547535.267412000 0 0
1484547535.270001000 0 0
1484547535.275424000 0 0
1484547535.302584000 0 0
1484547535.308866000 0 0
1484547535.311227000 0 0
1484547535.306132000 0 0
1484547535.299694000 0 0
1484547535.347975000 0 0
1484547535.363505000 0 0
1484547535.365285000 0 0
1484547535.376737000 0 0
1484547535.358000000 0 4096
1484547535.366397000 0 35471
1484547535.381402000 0 0
1484547535.343320000 0 0
1484547535.392411000 0 0
1484547535.392622000 0 0
1484547535.395038000 0 0
1484547535.351355000 0 0
1484547535.399557000 0 0
1484547535.423498000 0 90
1484547535.428409000 0 0
1484547535.443127000 0 0
1484547535.440866000 0 0
1484547536.906925000 0 0
1484547535.194892000 262714 0
1484547536.906002000 0 0
1484547536.914695000 0 0
1484547536.919482000 0 0
1484547536.918150000 0 0
1484547536.926100000 0 263605
1484547536.954939000 0 0
1484547537.313948000 0 0
1484547537.335230000 0 0
1484547542.961627000 0 0
1484547542.967478000 0 0
1484547544.055086000 0 0
1484547531.774993000 0 0
1484547522.286073000 150 0
1484547522.333262000 208 0
1484547545.636511000 0 0
1484547547.450608000 0 0
1484547535.429611000 0 4096
1484547547.456088000 0 0
1484547547.459438000 0 0
1484547535.426326000 0 0
1484547547.466935000 0 0
1484547523.089492000 16384 0
1484547523.309502000 11590 0
1484547523.625587000 185 0
1484547522.253217000 10 0
1484547522.269863000 10 0
1484547526.279505000 237211 0
1484547527.386030000 116 0
1484547527.566174000 1161 0
1484547527.605167000 3403 0
1484547551.243105000 0 3608
1484547551.255013000 0 0
1484547552.168937000 0 264375
1484547552.198877000 0 0
1484547552.204410000 0 0
1484547528.886845000 309 0
1484547531.814848000 3734 0
1484547557.599536000 0 1132
1484547557.614091000 0 0
1484547561.769443000 0 0
1484547561.782007000 0 0
1484547561.784702000 0 35539
1484547561.801773000 0 0
1484547561.805297000 0 0
1484547561.807888000 0 0
1484547561.773194000 0 0
1484547561.810200000 0 0
1484547535.273629000 1251 0
1484547535.290737000 29 0
1484547535.302381000 34995 0
1484547528.943688000 29 0
1484547535.412611000 319 0
1484547567.171295000 0 280348
1484547567.202755000 0 0
1484547567.208630000 0 0
1484547522.218671000 564 0
1484547535.338582000 40960 0
1484547580.650646000 0 0
1484547580.658227000 0 0
1484547580.664940000 0 0
1484547580.670149000 0 0
1484547580.713743000 0 5733
1484547580.701051000 5733 0
1484547580.719808000 0 0
1484547582.231677000 0 280692
1484547582.263563000 0 0
1484547582.269722000 0 0
1484547586.032153000 0 0
1484547586.098226000 0 137
1484547586.104464000 0 0
1484547586.055633000 137 0
1484547586.103521000 0 0
1484547586.114430000 0 0
1484547586.119356000 0 0
1484547586.135233000 0 0
1484547586.140493000 0 15999
1484547586.149172000 0 0
1484547586.148184000 0 0
1484547586.156481000 0 0
1484547586.160056000 0 0
1484547586.163126000 0 0
1484547586.184576000 0 0
1484547586.189810000 0 0
1484547586.205638000 0 0
1484547586.221292000 0 0
1484547586.232548000 0 0
1484547586.244993000 0 0
1484547586.255065000 0 0
1484547586.265476000 0 0
1484547586.276267000 0 0
1484547586.279923000 0 0
1484547586.283451000 0 0
1484547586.286766000 0 0
1484547586.300411000 0 0
1484547586.304477000 0 0
1484547586.307810000 0 0
1484547586.312525000 0 0
1484547586.316497000 0 0
1484547586.320680000 0 0
1484547586.330651000 0 0
1484547586.334172000 0 0
1484547586.340295000 0 0
1484547586.345096000 0 0
1484547586.348883000 0 0
1484547586.352532000 0 0
1484547586.356210000 0 0
1484547586.368756000 0 0
1484547586.386994000 0 0
1484547586.397733000 0 0
1484547586.401403000 0 0
1484547586.406255000 0 0
1484547586.414566000 0 0
1484547586.418185000 0 0
1484547586.421962000 0 0
1484547586.431097000 0 0
1484547586.435021000 0 0
1484547586.438552000 0 0
1484547586.446211000 0 0
1484547586.449562000 0 0
1484547586.453268000 0 0
1484547586.464075000 0 0
1484547586.468399000 0 0
1484547586.472102000 0 0
1484547586.480827000 0 0
1484547586.484572000 0 0
1484547586.488241000 0 0
1484547586.495752000 0 0
1484547586.499241000 0 0
1484547586.502600000 0 0
1484547586.506427000 0 0
1484547586.515402000 0 0
1484547586.519118000 0 0
1484547586.523240000 0 0
1484547586.535290000 0 0
1484547586.539902000 0 0
1484547586.545386000 0 0
1484547586.549471000 0 0
1484547586.553238000 0 0
1484547586.579677000 0 0
1484547586.584559000 0 0
1484547586.589788000 0 0
1484547586.594175000 0 0
1484547586.597896000 0 0
1484547586.602131000 0 0
1484547586.606100000 0 0
1484547586.609848000 0 0
1484547586.613568000 0 0
1484547586.624345000 0 0
1484547586.629601000 0 0
1484547586.633217000 0 0
1484547586.636692000 0 0
1484547586.640009000 0 0
1484547586.643376000 0 0
1484547586.646831000 0 0
1484547586.650541000 0 0
1484547586.654127000 0 0
1484547586.657815000 0 0
1484547586.661510000 0 0
1484547586.665044000 0 0
1484547586.668604000 0 0
1484547586.671921000 0 0
1484547586.675489000 0 0
1484547586.718091000 0 0
1484547586.721748000 0 0
1484547586.725984000 0 0
1484547586.729289000 0 0
1484547586.733077000 0 0
1484547586.736316000 0 0
1484547586.739836000 0 0
1484547586.743338000 0 0
1484547586.746942000 0 0
1484547586.750237000 0 0
1484547586.753548000 0 0
1484547586.757375000 0 0
1484547586.760736000 0 0
1484547586.764328000 0 0
1484547586.767955000 0 0
1484547586.771152000 0 0
1484547586.774460000 0 0
1484547586.777623000 0 0
1484547586.780885000 0 0
1484547586.784195000 0 0
1484547586.787674000 0 0
1484547586.791170000 0 0
1484547586.794628000 0 0
1484547586.797840000 0 0
1484547586.801184000 0 0
1484547586.804629000 0 0
1484547586.808155000 0 0
1484547586.811351000 0 0
1484547586.814533000 0 0
1484547586.858135000 0 0
1484547586.868401000 0 0
1484547586.872008000 0 0
1484547586.879423000 0 0
1484547586.882972000 0 0
1484547586.886204000 0 0
1484547586.889837000 0 0
1484547586.899945000 0 0
1484547586.904065000 0 0
1484547586.937897000 0 0
1484547587.052360000 0 0
1484547587.102934000 0 0
1484547587.152990000 0 0
1484547587.167357000 0 0
1484547587.176138000 0 0
1484547587.181464000 0 0
1484547587.186639000 0 0
1484547587.191495000 0 0
1484547587.197391000 0 0
1484547587.203052000 0 0
1484547587.210481000 0 0
1484547587.216327000 0 0
1484547587.220466000 0 0
1484547587.229374000 0 0
1484547587.235088000 0 0
1484547587.240591000 0 0
1484547587.245931000 0 0
1484547587.249832000 0 0
1484547587.253855000 0 0
1484547587.262005000 0 0
1484547587.265757000 0 0
1484547587.289908000 0 0
1484547587.295025000 0 0
1484547587.298975000 0 0
1484547587.302870000 0 0
1484547587.307135000 0 0
1484547587.312128000 0 0
1484547587.315935000 0 0
1484547587.320882000 0 0
1484547587.328973000 0 0
1484547587.335142000 0 0
1484547587.340200000 0 0
1484547587.345060000 0 0
1484547587.348873000 0 0
1484547587.352987000 0 0
1484547587.357121000 0 0
1484547587.362418000 0 0
1484547587.366185000 0 0
1484547587.369639000 0 0
1484547587.373514000 0 0
1484547587.378651000 0 0
1484547587.382339000 0 0
1484547587.385902000 0 0
1484547587.390108000 0 0
1484547587.395330000 0 0
1484547587.399256000 0 0
1484547587.402892000 0 0
1484547587.406719000 0 0
1484547587.411789000 0 0
1484547587.415735000 0 0
1484547587.419358000 0 0
1484547587.430616000 0 0
1484547587.440903000 0 0
1484547587.449387000 0 0
1484547587.462371000 0 0
1484547587.466842000 0 0
1484547587.470640000 0 0
1484547587.484263000 0 0
1484547587.496042000 0 0
1484547587.500421000 0 0
1484547587.510287000 0 0
1484547587.515563000 0 0
1484547587.519116000 0 0
1484547587.523198000 0 0
1484547587.528692000 0 0
1484547587.532786000 0 0
1484547587.536097000 0 0
1484547587.540080000 0 0
1484547587.544959000 0 0
1484547587.548199000 0 0
1484547587.561795000 0 0
1484547587.565833000 0 0
1484547587.569190000 0 0
1484547587.584750000 0 0
1484547587.590046000 0 0
1484547587.595339000 0 0
1484547587.598745000 0 0
1484547587.602042000 0 0
1484547587.605342000 0 0
1484547587.611546000 0 0
1484547587.614893000 0 0
1484547587.618172000 0 0
1484547587.621246000 0 0
1484547597.291754000 0 280726
1484547597.323492000 0 0
1484547597.329141000 0 0
1484547586.179666000 51 0
1484547612.348363000 0 280726
1484547612.381267000 0 0
1484547612.379732000 0 0
1484547612.387869000 0 0
1484547612.386883000 0 0
1484547627.412919000 0 282033
1484547627.445191000 0 0
1484547627.444077000 0 0
1484547627.451863000 0 0
1484547627.450772000 0 0
1484547629.375908000 0 3608
1484547629.388703000 0 0
1484547642.421013000 0 283745
1484547642.453369000 0 0
1484547642.452375000 0 0
1484547642.460117000 0 0
1484547642.459152000 0 0
1484547657.485351000 0 285973
1484547657.518307000 0 0
1484547657.517199000 0 0
1484547657.525171000 0 0
1484547657.524084000 0 0
1484547672.554277000 0 288733
1484547672.587564000 0 0
1484547672.586429000 0 0
1484547672.594311000 0 0
1484547672.593131000 0 0
1484547687.621831000 0 288809
1484547687.654698000 0 0
1484547687.653702000 0 0
1484547687.661144000 0 0
1484547687.660168000 0 0
1484547702.627969000 0 288905
1484547702.661391000 0 0
1484547702.660301000 0 0
1484547702.667949000 0 0
1484547702.666873000 0 0
1484547717.694993000 0 288969
1484547717.728326000 0 0
1484547717.727343000 0 0
1484547717.735197000 0 0
1484547717.734155000 0 0
1484547732.762929000 0 288852
1484547732.797006000 0 0
1484547732.795835000 0 0
1484547732.807107000 0 0
1484547732.803606000 0 0
1484547747.839424000 0 288852
1484547747.872814000 0 0
1484547747.871708000 0 0
1484547747.879549000 0 0
1484547747.878475000 0 0
1484547762.937095000 0 288852
1484547762.970953000 0 0
1484547762.969763000 0 0
1484547762.978442000 0 0
1484547762.977287000 0 0
1484547778.018281000 0 288852
1484547778.051752000 0 0
1484547778.050644000 0 0
1484547778.058626000 0 0
1484547778.057620000 0 0
1484547793.081713000 0 288852
1484547793.115208000 0 0
1484547793.114199000 0 0
1484547793.121833000 0 0
1484547793.120865000 0 0
1484547808.150037000 0 288852
1484547808.183682000 0 0
1484547808.182515000 0 0
1484547808.190415000 0 0
1484547808.189291000 0 0
1484547823.213855000 0 288852
1484547823.247335000 0 0
1484547823.246307000 0 0
1484547823.254039000 0 0
1484547823.253081000 0 0
1484547838.203603000 0 11590
1484547838.225702000 0 288852
1484547838.259246000 0 0
1484547838.258095000 0 0
1484547838.266227000 0 0
1484547838.265119000 0 0
1484547853.295099000 0 288852
1484547853.328301000 0 0
1484547853.327199000 0 0
1484547853.335105000 0 0
1484547853.334018000 0 0
1484547868.359235000 0 288356
1484547868.392878000 0 0
1484547868.391874000 0 0
1484547868.400400000 0 0
1484547868.398642000 0 0
1484547886.179287000 0 17458
1484547886.187016000 0 0
1484547886.186070000 0 0
1484547924.156097000 0 0
1484547924.168626000 0 0
1484547924.170954000 0 35541
1484547924.186835000 0 0
1484547924.190456000 0 0
1484547924.192857000 0 0
1484547924.159911000 0 0
1484547924.195096000 0 0
1484547924.231553000 0 0
1484547924.247928000 0 0
1484547924.254421000 0 0
1484547924.260559000 0 0
1484547924.271735000 0 0
1484547924.273101000 0 0
1484547924.277062000 0 0
1484547924.275043000 0 0
1484547924.281348000 0 0
1484547924.283093000 0 0
1484547924.287636000 0 0
1484547924.291435000 0 0
1484547924.287860000 0 0
1484547924.299737000 0 0
1484547924.301683000 0 0
1484547924.305708000 0 0
1484547924.304354000 0 0
1484547924.270608000 0 0
1484547924.318520000 0 0
1484547924.328343000 0 0
1484547924.330212000 0 0
1484547924.335348000 0 0
1484547924.335686000 0 0
1484547924.332939000 0 0
1484547924.342408000 0 0
1484547924.344698000 0 0
1484547924.350096000 0 0
1484547924.355933000 0 0
1484547924.348120000 0 0
1484547924.329892000 0 4096
1484547924.360875000 0 0
1484547924.362898000 0 0
1484547924.362678000 0 0
1484547924.326743000 0 0
1484547924.367306000 0 0
1484547924.368278000 0 0
1484547924.366056000 0 0
1484547924.374395000 0 0
1484547924.376449000 0 0
1484547924.390518000 0 0
1484547924.391032000 0 0
1484547924.398486000 0 0
1484547924.395691000 0 0
1484547924.408551000 0 0
1484547924.410644000 0 0
1484547924.420248000 0 0
1484547924.417269000 0 0
1484547924.426301000 0 0
1484547924.429197000 0 0
1484547924.429200000 0 0
1484547924.386706000 0 4096
1484547924.433607000 0 0
1484547924.436842000 0 0
1484547924.438298000 0 0
1484547924.378797000 0 0
1484547924.436084000 0 0
1484547924.522604000 0 0
1484547924.531884000 0 0
1484547924.571150000 0 0
1484547924.584642000 0 0
1484547924.584811000 0 0
1484547924.421898000 0 4096
1484547924.583591000 0 0
1484547924.594520000 0 0
1484547924.411084000 0 0
1484547924.670460000 0 0
1484547924.673848000 0 0
1484547924.682174000 0 0
1484547924.688503000 0 0
1484547924.368099000 0 4096
1484547924.689312000 0 0
1484547924.692538000 0 0
1484547924.688155000 0 0
1484547924.357908000 0 0
1484547924.695076000 0 0
1484547924.698066000 0 0
1484547924.697702000 0 0
1484547924.696832000 0 0
1484547924.709941000 0 0
1484547924.707582000 0 0
1484547924.718616000 0 0
1484547924.720298000 0 0
1484547924.722679000 0 0
1484547924.725512000 0 0
1484547924.674599000 0 4096
1484547924.735256000 0 0
1484547924.589093000 0 0
1484547924.743384000 0 0
1484547924.751295000 0 0
1484547924.756459000 0 0
1484547924.732889000 0 0
1484547924.765330000 0 0
1484547924.767159000 0 0
1484547924.767621000 0 0
1484547924.713876000 0 4096
1484547924.771927000 0 0
1484547924.772632000 0 0
1484547924.709944000 0 0
1484547924.770348000 0 0
1484547924.777802000 0 0
1484547924.779623000 0 0
1484547924.778562000 0 0
1484547924.785080000 0 0
1484547924.743537000 0 4096
1484547924.786016000 0 0
1484547924.788868000 0 0
1484547924.735440000 0 0
1484547924.826609000 0 0
1484547924.824453000 0 0
1484547924.784824000 0 0
1484547924.829791000 0 0
1484547924.831431000 0 0
1484547924.851436000 0 0
1484547924.862291000 0 0
1484547924.870446000 0 0
1484547924.836913000 0 0
1484547924.874598000 0 0
1484547924.878985000 0 0
1484547924.878848000 0 0
1484547924.882926000 0 0
1484547924.777358000 0 4096
1484547924.883969000 0 0
1484547924.886884000 0 0
1484547924.767523000 0 0
1484547924.891409000 0 0
1484547924.837164000 0 4096
1484547924.892593000 0 0
1484547924.895998000 0 0
1484547924.832624000 0 0
1484547924.882661000 0 0
1484547924.327030000 0 0
1484547924.901767000 0 0
1484547924.901215000 0 0
1484547924.906887000 0 0
1484547924.871401000 0 4096
1484547924.910663000 0 0
1484547924.910937000 0 0
1484547924.867967000 0 0
1484547924.913602000 0 0
1484547924.916607000 0 0
1484547924.926816000 0 0
1484547924.930085000 0 0
1484547924.933643000 0 0
1484547924.935011000 0 0
1484547924.937464000 0 0
1484547924.940696000 0 0
1484547924.943421000 0 0
1484547924.953197000 0 0
1484547924.955007000 0 0
1484547924.929651000 0 4096
1484547924.956333000 0 0
1484547924.959195000 0 0
1484547924.959146000 0 0
1484547924.926129000 0 0
1484547924.961957000 0 0
1484547924.964894000 0 0
1484547924.964425000 0 0
1484547924.972598000 0 0
1484547924.938851000 0 4096
1484547924.976458000 0 0
1484547924.935788000 0 0
1484547924.979276000 0 0
1484547924.981669000 0 0
1484547924.982081000 0 0
1484547924.981833000 0 0
1484547924.995310000 0 0
1484547924.997888000 0 0
1484547924.906668000 0 0
1484547924.997159000 0 0
1484547925.019205000 0 0
1484547925.018807000 0 0
1484547924.992355000 0 4096
1484547925.023263000 0 0
1484547924.989593000 0 0
1484547925.027463000 0 0
1484547924.965588000 0 4096
1484547925.028754000 0 0
1484547925.032885000 0 0
1484547924.955061000 0 0
1484547925.040238000 0 0
1484547925.044672000 0 0
1484547925.062625000 0 0
1484547925.011547000 0 4096
1484547925.068318000 0 0
1484547925.008133000 0 0
1484547925.073715000 0 0
1484547925.097258000 0 0
1484547925.039588000 0 4096
1484547925.102073000 0 0
1484547925.025280000 0 0
1484547925.107562000 0 0
1484547925.112380000 0 0
1484547925.304591000 0 0
1484547925.106851000 0 4096
1484547925.309650000 0 0
1484547925.069732000 0 0
1484547925.316005000 0 0
1484547936.283120000 0 0
1484547924.266207000 0 4096
1484547936.289779000 0 0
1484547936.295323000 0 0
1484547924.263139000 0 0
1484547936.307282000 0 0
1484547924.279121000 29 0
1484547924.294920000 63 0
1484547924.314845000 55 0
1484547924.338730000 50 0
1484547924.354625000 52 0
1484547924.318242000 45056 0
1484547924.370369000 44 0
1484547924.401577000 54 0
1484547924.422995000 50 0
1484547924.441358000 70 0
1484547924.371367000 45056 0
1484547924.588142000 32768 0
1484547924.390802000 36864 0
1484547924.692199000 66 0
1484547924.346336000 458752 0
1484547924.714455000 67 0
1484547924.582876000 45056 0
1484547924.759896000 57 0
1484547924.774859000 56 0
1484547924.704234000 45056 0
1484547924.801442000 43 0
1484547924.723000000 45056 0
1484547924.865170000 53 0
1484547924.761995000 45056 0
1484547924.894158000 63 0
1484547924.797557000 40960 0
1484547924.852891000 45056 0
1484547924.921812000 45056 0
1484547924.924906000 45056 0
1484547924.982994000 45056 0
1484547924.945594000 73728 0
1484547925.001265000 45056 0
1484547925.019049000 45056 0
1484547925.061726000 524288 0
1484547924.251598000 45056 0
1484548006.362383000 0 3403
1484548006.370811000 0 0
1484548006.369833000 0 0
1484548044.792772000 0 288328
1484548044.848259000 0 0
1484548044.838715000 0 0
1484548044.861238000 0 0
1484548044.855801000 0 0
1484548059.791622000 0 288253
1484548059.825354000 0 0
1484548059.824330000 0 0
1484548059.834939000 0 0
1484548059.832592000 0 0
1484548127.871736000 0 237378
1484548127.899972000 0 0
1484548127.898990000 0 0
1484548175.033176000 282 0
1484548227.240809000 0 288225
1484548227.317981000 0 0
1484548227.293532000 0 0
1484548227.358556000 0 0
1484548227.353032000 0 0
1484548237.315197000 0 0
1484548240.300122000 0 0
1484548240.352637000 0 0
1484548240.360735000 0 0
1484548242.392583000 0 288644
1484548242.425789000 0 0
1484548242.424794000 0 0
1484548242.432844000 0 0
1484548242.431803000 0 0
1484548243.492319000 0 0
1484548243.496465000 0 0
1484548216.070144000 564 0
1484548240.364806000 574 0
1484548341.533369000 0 11590
1484548344.272013000 0 0
1484548344.276652000 0 0
1484548344.279370000 0 0
1484548344.281637000 0 0
1484548344.284113000 0 0
1484548344.286417000 0 0
1484548344.288856000 0 0
1484548344.291305000 0 0
1484548344.293547000 0 0
1484548344.295925000 0 0
1484548344.298479000 0 0
1484548344.300839000 0 0
1484548344.303133000 0 0
1484548344.305553000 0 0
1484548344.308141000 0 0
1484548344.310397000 0 0
1484548344.275010000 0 0
1484548344.316628000 0 0
1484548367.142259000 0 1251
1484548367.150573000 0 0
1484548367.149471000 0 0
1484548409.488152000 0 288616
1484548409.523996000 0 0
1484548409.521912000 0 0
1484548409.534109000 0 0
1484548409.532725000 0 0
1484548424.558439000 0 288643
1484548424.592046000 0 0
1484548424.590943000 0 0
1484548424.598881000 0 0
1484548424.597813000 0 0
1484548591.571175000 0 288615
1484548591.604472000 0 0
1484548591.603448000 0 0
1484548591.611334000 0 0
1484548591.610378000 0 0
1484548606.631987000 0 288353
1484548606.665250000 0 0
1484548606.664261000 0 0
1484548606.672090000 0 0
1484548606.671136000 0 0
1484548666.560667000 0 11590
1484548773.703337000 0 288325
1484548773.741384000 0 0
1484548773.739447000 0 0
1484548773.748792000 0 0
1484548773.747729000 0 0
1484548788.772845000 0 303914
1484548788.807928000 0 0
1484548788.806939000 0 0
1484548788.815930000 0 0
1484548788.814838000 0 0
1484548955.930263000 0 303886
1484548955.968747000 0 0
1484548955.964605000 0 0
1484548955.976818000 0 0
1484548955.975607000 0 0
1484548971.002773000 0 304203
1484548971.037642000 0 0
1484548971.036575000 0 0
1484548971.044786000 0 0
1484548971.043821000 0 0
1484549070.881455000 0 11590
1484549137.970972000 0 304175
1484549138.068907000 0 0
1484549138.056352000 0 0
1484549138.156968000 0 0
1484549138.125094000 0 0
1484549150.655664000 0 0
1484549150.668066000 0 0
1484549150.672036000 0 35541
1484549150.690485000 0 0
1484549150.697393000 0 0
1484549150.700692000 0 0
1484549150.660034000 0 0
1484549150.704397000 0 0
1484549153.215771000 0 303851
1484549153.252983000 0 0
1484549153.251528000 0 0
1484549153.264619000 0 0
1484549153.261023000 0 0
1484549168.288055000 0 303851
1484549168.322619000 0 0
1484549168.321546000 0 0
1484549168.330265000 0 0
1484549168.329278000 0 0
1484549183.353541000 0 303851
1484549183.388499000 0 0
1484549183.387486000 0 0
1484549183.395615000 0 0
1484549183.394628000 0 0
1484549198.425526000 0 303851
1484549198.460990000 0 0
1484549198.459654000 0 0
1484549198.469384000 0 0
1484549198.467595000 0 0
1484549213.494478000 0 303851
1484549213.529215000 0 0
1484549213.528207000 0 0
1484549213.536383000 0 0
1484549213.535310000 0 0
1484549320.129582000 0 303823
1484549320.184909000 0 0
1484549320.183895000 0 0
1484549320.193154000 0 0
1484549320.192222000 0 0
1484549335.216815000 0 304203
1484549335.251941000 0 0
1484549335.250939000 0 0
1484549335.259137000 0 0
1484549335.258177000 0 0
1484549435.095212000 0 11590
1484549502.402575000 0 304175
1484549502.446723000 0 0
1484549502.445719000 0 0
1484549502.454352000 0 0
1484549502.453345000 0 0
1484549517.406994000 0 304203
1484549517.442890000 0 0
1484549517.441512000 0 0
1484549517.450827000 0 0
1484549517.449860000 0 0
1484549684.657849000 0 304175
1484549684.735427000 0 0
1484549684.724219000 0 0
1484549684.764473000 0 0
1484549684.756832000 0 0
1484549699.813411000 0 303921
1484549699.848688000 0 0
1484549699.847726000 0 0
1484549699.856158000 0 0
1484549699.855189000 0 0
1484549799.422876000 0 11590
1484549866.945848000 0 303893
1484549866.982707000 0 0
1484549866.981665000 0 0
1484549866.990246000 0 0
1484549866.989269000 0 0
1484549881.935294000 0 288624
1484549881.969488000 0 0
1484549881.968395000 0 0
1484549881.977468000 0 0
1484549881.976387000 0 0
1484550049.143619000 0 288596
1484550049.180362000 0 0
1484550049.179524000 0 0
1484550049.188186000 0 0
1484550049.187212000 0 0
1484550050.237089000 0 0
1484550050.248774000 0 0
1484550050.251890000 0 35541
1484550050.280350000 0 0
1484550050.283976000 0 0
1484550050.287001000 0 0
1484550050.240546000 0 0
1484550050.295779000 0 0
1484550051.752203000 0 0
1484550051.764071000 0 0
1484550051.767316000 0 35541
1484550051.783988000 0 0
1484550051.787077000 0 0
1484550051.755748000 0 0
1484550051.789818000 0 0
1484550064.211010000 0 304476
1484550064.247952000 0 0
1484550064.246965000 0 0
1484550064.256451000 0 0
1484550064.255365000 0 0
1484550163.831113000 0 11590
1484550231.306280000 0 304448
1484550231.343839000 0 0
1484550231.341997000 0 0
1484550231.352878000 0 0
1484550231.351908000 0 0
1484550239.048402000 0 17832
1484550239.057619000 0 0
1484550239.056620000 0 0
1484550246.377419000 0 304179
1484550246.413637000 0 0
1484550246.412428000 0 0
1484550246.421400000 0 0
1484550246.420329000 0 0
1484550254.207192000 0 3608
1484550254.221365000 0 0
1484550261.446973000 0 305003
1484550261.482817000 0 0
1484550261.481820000 0 0
1484550261.490283000 0 0
1484550261.489317000 0 0
1484550264.484475000 0 3608
1484550264.513664000 0 0
1484550276.525568000 0 307509
1484550276.575012000 0 0
1484550276.571058000 0 0
1484550276.605996000 0 0
1484550276.604025000 0 0
1484550279.333719000 0 0
1484550283.088183000 0 3608
1484550283.136501000 0 0
1484550291.651787000 0 308883
1484550291.687936000 0 0
1484550291.686951000 0 0
1484550291.695479000 0 0
1484550291.694519000 0 0
1484550279.359043000 282 0
1484550306.717958000 0 312082
1484550306.754135000 0 0
1484550306.753107000 0 0
1484550306.761688000 0 0
1484550306.760709000 0 0
1484550321.815488000 0 314198
1484550321.852371000 0 0
1484550321.851278000 0 0
1484550321.860412000 0 0
1484550321.859404000 0 0
1484550336.829063000 0 314761
1484550336.865890000 0 0
1484550336.864755000 0 0
1484550336.874105000 0 0
1484550336.872997000 0 0
1484550337.303400000 0 0
1484550351.900985000 0 314761
1484550351.937077000 0 0
1484550351.936106000 0 0
1484550351.944847000 0 0
1484550351.943874000 0 0
1484550336.543671000 504 0
1484550336.548317000 504 0
1484550336.558615000 402 0
1484550336.564948000 574 0
1484550379.465778000 0 314762
1484550379.501864000 0 0
1484550379.500860000 0 0
1484550379.509412000 0 0
1484550379.508328000 0 0
1484550394.535565000 0 314762
1484550394.571876000 0 0
1484550394.570746000 0 0
1484550394.579512000 0 0
1484550394.578429000 0 0
1484550409.607359000 0 314762
1484550409.643997000 0 0
1484550409.642896000 0 0
1484550409.652051000 0 0
1484550409.650969000 0 0
1484550528.448715000 0 11590
1484550539.076499000 0 17855
1484550539.085361000 0 0
1484550539.084242000 0 0
1484550765.412306000 0 0
1484550766.904051000 0 315041
1484550766.940379000 0 0
1484550766.939399000 0 0
1484550766.948272000 0 0
1484550766.947185000 0 0
1484550775.306603000 0 3608
1484550775.320006000 0 0
1484550781.977301000 0 316007
1484550782.013696000 0 0
1484550782.012593000 0 0
1484550782.021690000 0 0
1484550782.020546000 0 0
1484550765.435572000 282 0
1484550797.058703000 0 317520
1484550797.095659000 0 0
1484550797.094535000 0 0
1484550797.103461000 0 0
1484550797.102490000 0 0
1484550812.130537000 0 317928
1484550812.167322000 0 0
1484550812.166322000 0 0
1484550812.175471000 0 0
1484550812.174476000 0 0
1484550827.206700000 0 318300
1484550827.243447000 0 0
1484550827.242339000 0 0
1484550827.251564000 0 0
1484550827.250488000 0 0
1484550834.341729000 0 0
1484550837.451380000 0 0
1484550837.494575000 0 0
1484550837.497812000 0 0
1484550837.506316000 0 0
1484550838.010914000 0 0
1484550838.066514000 0 0
1484550838.069091000 0 0
1484550838.071423000 0 0
1484550838.077538000 0 0
1484550838.095751000 0 0
1484550838.098261000 0 0
1484550838.107463000 0 0
1484550838.109674000 0 0
1484550838.112010000 0 0
1484550838.114368000 0 0
1484550842.295560000 0 318715
1484550842.332248000 0 0
1484550842.331271000 0 0
1484550842.341532000 0 0
1484550842.340481000 0 0
1484550855.762751000 0 0
1484550834.350007000 11329 0
1484550837.509752000 282 0
1484550838.075534000 574 0
1484550838.082689000 504 0
1484550838.118673000 504 0
1484550855.560419000 402 0
1484551062.723228000 0 17856
1484551062.732576000 0 0
1484551062.731454000 0 0
1484551067.823944000 0 11590
1484551083.208115000 0 0
1484551217.436260000 0 0
1484551301.775639000 0 0
1484551362.741459000 0 17856
1484551362.752331000 0 0
1484551362.751279000 0 0
1484551369.310844000 0 318732
1484551369.348303000 0 0
1484551369.347200000 0 0
1484551369.357158000 0 0
1484551369.356086000 0 0
1484551389.187367000 0 0
1484551433.754362000 0 303177
1484551433.789976000 0 0
1484551433.788872000 0 0
1484551433.798789000 0 0
1484551433.797712000 0 0
1484551448.707098000 0 0
1484551535.082283000 0 0
1484551547.349069000 0 303177
1484551547.386733000 0 0
1484551547.385618000 0 0
1484551547.395357000 0 0
1484551547.394223000 0 0
1484551562.442927000 0 303675
1484551562.478887000 0 0
1484551562.477880000 0 0
1484551562.487079000 0 0
1484551562.486121000 0 0
1484551577.519147000 0 303675
1484551577.554761000 0 0
1484551577.553654000 0 0
1484551577.563024000 0 0
1484551577.561944000 0 0
1484551592.598637000 0 303675
1484551592.635245000 0 0
1484551592.634117000 0 0
1484551592.643512000 0 0
1484551592.642411000 0 0
1484551607.671283000 0 303675
1484551607.707406000 0 0
1484551607.706396000 0 0
1484551607.715862000 0 0
1484551607.714905000 0 0
1484551622.740187000 0 303675
1484551622.776240000 0 0
1484551622.775200000 0 0
1484551622.784785000 0 0
1484551622.783793000 0 0
1484551637.815091000 0 303675
1484551637.851118000 0 0
1484551637.850089000 0 0
1484551637.859050000 0 0
1484551637.858066000 0 0
1484551652.888064000 0 303675
1484551652.923843000 0 0
1484551652.922717000 0 0
1484551652.932091000 0 0
1484551652.931019000 0 0
1484551662.759576000 0 17856
1484551662.768555000 0 0
1484551662.767471000 0 0
1484551667.958997000 0 303675
1484551667.994795000 0 0
1484551667.993679000 0 0
1484551668.003147000 0 0
1484551668.002071000 0 0
1484551682.964791000 0 303675
1484551683.003133000 0 0
1484551683.002022000 0 0
1484551683.012054000 0 0
1484551683.011247000 0 0
1484551698.043022000 0 303675
1484551698.078499000 0 0
1484551698.077506000 0 0
1484551698.086765000 0 0
1484551698.085796000 0 0
1484551713.110680000 0 303675
1484551713.145920000 0 0
1484551713.144925000 0 0
1484551713.153842000 0 0
1484551713.152757000 0 0
1484551728.182816000 0 303675
1484551728.218734000 0 0
1484551728.217619000 0 0
1484551728.227218000 0 0
1484551728.226142000 0 0
1484551743.255021000 0 303675
1484551743.291186000 0 0
1484551743.290038000 0 0
1484551743.299611000 0 0
1484551743.298528000 0 0
1484551758.326910000 0 303675
1484551758.365278000 0 0
1484551758.364279000 0 0
1484551758.373021000 0 0
1484551758.372053000 0 0
1484551773.402453000 0 303675
1484551773.438822000 0 0
1484551773.437717000 0 0
1484551773.447137000 0 0
1484551773.446010000 0 0
1484551788.474101000 0 303675
1484551788.510403000 0 0
1484551788.509423000 0 0
1484551788.518835000 0 0
1484551788.517725000 0 0
1484551803.547821000 0 303675
1484551803.583983000 0 0
1484551803.582879000 0 0
1484551803.592106000 0 0
1484551803.591026000 0 0
1484551818.626773000 0 304276
1484551818.669338000 0 0
1484551818.668317000 0 0
1484551818.677417000 0 0
1484551818.676433000 0 0
1484551833.711023000 0 304268
1484551833.747822000 0 0
1484551833.746793000 0 0
1484551833.756958000 0 0
1484551833.755900000 0 0
1484551844.891744000 0 11590
1484551877.313578000 0 304268
1484551877.349968000 0 0
1484551877.348897000 0 0
1484551877.358312000 0 0
1484551877.357232000 0 0
1484551962.777117000 0 17856
1484551962.786757000 0 0
1484551962.785787000 0 0
1484552004.117201000 0 304240
1484552004.153538000 0 0
1484552004.152528000 0 0
1484552004.167060000 0 0
1484552004.166253000 0 0
1484552019.195714000 0 304268
1484552019.231411000 0 0
1484552019.230426000 0 0
1484552019.239449000 0 0
1484552019.238484000 0 0
1484552117.759579000 0 304282
1484552117.795853000 0 0
1484552117.794746000 0 0
1484552117.804289000 0 0
1484552117.803224000 0 0
1484552132.835164000 0 304282
1484552132.871106000 0 0
1484552132.870106000 0 0
1484552132.879096000 0 0
1484552132.878113000 0 0
1484552186.155126000 0 304254
1484552186.230146000 0 0
1484552186.229151000 0 0
1484552186.238180000 0 0
1484552186.237163000 0 0
1484552201.409809000 0 304488
1484552201.445720000 0 0
1484552201.444603000 0 0
1484552201.453915000 0 0
1484552201.452827000 0 0
1484552301.215063000 0 11590
1484552368.045873000 0 304460
1484552368.082703000 0 0
1484552368.082027000 0 0
1484552368.091320000 0 0
1484552368.090390000 0 0
1484552383.053539000 0 304281
1484552383.089614000 0 0
1484552383.088633000 0 0
1484552383.097878000 0 0
1484552383.096792000 0 0
1484552401.808511000 0 17871
1484552401.818755000 0 0
1484552401.817650000 0 0
1484552407.212321000 0 304284
1484552407.248989000 0 0
1484552407.247886000 0 0
1484552407.257551000 0 0
1484552407.256483000 0 0
1484552422.290046000 0 304284
1484552422.326278000 0 0
1484552422.325162000 0 0
1484552422.335658000 0 0
1484552422.334585000 0 0
1484552538.984544000 0 304284
1484552539.116088000 0 0
1484552539.092674000 0 0
1484552539.204022000 0 0
1484552539.125474000 0 0
1484552553.997706000 0 304284
1484552554.035029000 0 0
1484552554.033919000 0 0
1484552554.043953000 0 0
1484552554.042760000 0 0
1484552569.073324000 0 304585
1484552569.110508000 0 0
1484552569.109456000 0 0
1484552569.119009000 0 0
1484552569.118046000 0 0
1484552590.793290000 0 304585
1484552590.834824000 0 0
1484552590.834047000 0 0
1484552590.845162000 0 0
1484552590.843779000 0 0
1484552605.876889000 0 304585
1484552605.913773000 0 0
1484552605.912400000 0 0
1484552605.923236000 0 0
1484552605.922207000 0 0
1484552620.953887000 0 304585
1484552620.990326000 0 0
1484552620.989307000 0 0
1484552620.998675000 0 0
1484552620.997590000 0 0
1484552636.030373000 0 304585
1484552636.067471000 0 0
1484552636.066355000 0 0
1484552636.076812000 0 0
1484552636.075738000 0 0
1484552651.107881000 0 304585
1484552651.145269000 0 0
1484552651.144166000 0 0
1484552651.154116000 0 0
1484552651.153037000 0 0
1484552665.250197000 0 11590
1484552666.186819000 0 304585
1484552666.223548000 0 0
1484552666.222456000 0 0
1484552666.233562000 0 0
1484552666.232483000 0 0
1484552681.265290000 0 304585
1484552681.303588000 0 0
1484552681.302349000 0 0
1484552681.312366000 0 0
1484552681.311143000 0 0
1484552696.343970000 0 304585
1484552696.382084000 0 0
1484552696.381033000 0 0
1484552696.390520000 0 0
1484552696.389675000 0 0
1484552701.816152000 0 17879
1484552701.826137000 0 0
1484552701.825149000 0 0
1484552711.419619000 0 304585
1484552711.456846000 0 0
1484552711.455777000 0 0
1484552711.466139000 0 0
1484552711.465096000 0 0
1484552726.493206000 0 304585
1484552726.530431000 0 0
1484552726.529295000 0 0
1484552726.539103000 0 0
1484552726.538014000 0 0
1484552741.570557000 0 304585
1484552741.607712000 0 0
1484552741.606841000 0 0
1484552741.616687000 0 0
1484552741.615805000 0 0
1484552756.650702000 0 304585
1484552756.688311000 0 0
1484552756.687215000 0 0
1484552756.697093000 0 0
1484552756.695998000 0 0
1484552771.727844000 0 304585
1484552771.764087000 0 0
1484552771.762992000 0 0
1484552771.772698000 0 0
1484552771.771625000 0 0
1484552786.805984000 0 304585
1484552786.843229000 0 0
1484552786.842072000 0 0
1484552786.854503000 0 0
1484552786.853406000 0 0
1484552801.888391000 0 305187
1484552801.925351000 0 0
1484552801.924242000 0 0
1484552801.933854000 0 0
1484552801.932775000 0 0
1484553001.837146000 0 17881
1484553001.847791000 0 0
1484553001.846560000 0 0
1484553008.886951000 0 305187
1484553008.923387000 0 0
1484553008.922327000 0 0
1484553008.933218000 0 0
1484553008.932178000 0 0
1484553023.978089000 0 306097
1484553024.014636000 0 0
1484553024.013525000 0 0
1484553024.023431000 0 0
1484553024.022353000 0 0
1484553035.517003000 0 11590
1484553039.060520000 0 307170
1484553039.097222000 0 0
1484553039.096080000 0 0
1484553039.105555000 0 0
1484553039.104468000 0 0
1484553054.136240000 0 307170
1484553054.173988000 0 0
1484553054.172885000 0 0
1484553054.182862000 0 0
1484553054.181770000 0 0
1484553069.217700000 0 307958
1484553069.254472000 0 0
1484553069.253494000 0 0
1484553069.263303000 0 0
1484553069.262128000 0 0
1484553084.298250000 0 308486
1484553084.335256000 0 0
1484553084.334154000 0 0
1484553084.344528000 0 0
1484553084.343446000 0 0
1484553096.323619000 0 0
1484553099.380244000 0 309153
1484553099.417070000 0 0
1484553099.416066000 0 0
1484553099.425346000 0 0
1484553099.424400000 0 0
1484553096.329949000 11329 0
1484553100.432873000 0 0
1484553100.456216000 0 0
1484553100.471498000 0 0
1484553100.481250000 0 0
1484553100.490735000 0 0
1484553112.155503000 0 0
1484553100.454135000 282 0
1484553126.405831000 0 0
1484553275.019372000 0 309167
1484553275.056821000 0 0
1484553275.055691000 0 0
1484553275.065949000 0 0
1484553275.064861000 0 0
1484553290.100027000 0 309167
1484553290.137104000 0 0
1484553290.136010000 0 0
1484553290.146950000 0 0
1484553290.145996000 0 0
1484553301.863846000 0 17881
1484553301.875875000 0 0
1484553301.874834000 0 0
1484553360.166043000 0 11590
1484553385.192955000 0 309196
1484553385.232120000 0 0
1484553385.230999000 0 0
1484553385.241821000 0 0
1484553385.240740000 0 0
1484553400.276738000 0 310226
1484553400.313883000 0 0
1484553400.312710000 0 0
1484553400.322732000 0 0
1484553400.321574000 0 0
1484553415.361845000 0 312006
1484553415.401589000 0 0
1484553415.400486000 0 0
1484553415.412533000 0 0
1484553415.411463000 0 0
1484553430.454133000 0 312006
1484553430.491565000 0 0
1484553430.490535000 0 0
1484553430.500335000 0 0
1484553430.499375000 0 0
1484553445.531731000 0 312006
1484553445.569391000 0 0
1484553445.568266000 0 0
1484553445.577986000 0 0
1484553445.576895000 0 0
1484553460.608240000 0 312006
1484553460.646534000 0 0
1484553460.645233000 0 0
1484553460.655693000 0 0
1484553460.654606000 0 0
1484553475.684173000 0 312006
1484553475.721813000 0 0
1484553475.720566000 0 0
1484553475.730276000 0 0
1484553475.729250000 0 0
1484553490.769549000 0 312006
1484553490.806742000 0 0
1484553490.805643000 0 0
1484553490.815455000 0 0
1484553490.814386000 0 0
1484553505.850903000 0 312006
1484553505.902428000 0 0
1484553505.887528000 0 0
1484553505.914106000 0 0
1484553505.912960000 0 0
1484553521.156419000 0 312006
1484553521.193894000 0 0
1484553521.192734000 0 0
1484553521.204495000 0 0
1484553521.203418000 0 0
1484553536.238982000 0 312006
1484553536.275972000 0 0
1484553536.274878000 0 0
1484553536.285658000 0 0
1484553536.284576000 0 0
1484553551.317296000 0 312006
1484553551.354481000 0 0
1484553551.353362000 0 0
1484553551.363074000 0 0
1484553551.361999000 0 0
1484553566.397329000 0 312608
1484553566.434030000 0 0
1484553566.433017000 0 0
1484553566.442122000 0 0
1484553566.441167000 0 0
1484553581.476829000 0 297057
1484553581.512974000 0 0
1484553581.511868000 0 0
1484553581.522681000 0 0
1484553581.521604000 0 0
1484553596.554632000 0 297057
1484553596.592040000 0 0
1484553596.590960000 0 0
1484553596.601553000 0 0
1484553596.600584000 0 0
1484553601.879354000 0 17889
1484553601.889233000 0 0
1484553601.888142000 0 0
1484553625.681510000 0 297057
1484553625.717234000 0 0
1484553625.716224000 0 0
1484553625.726081000 0 0
1484553625.725130000 0 0
1484553640.690110000 0 297057
1484553640.727942000 0 0
1484553640.726868000 0 0
1484553640.737648000 0 0
1484553640.736603000 0 0
1484553672.326418000 0 297057
1484553672.362884000 0 0
1484553672.361705000 0 0
1484553672.371534000 0 0
1484553672.370452000 0 0
1484553689.975648000 0 11590
1484553709.938409000 0 297057
1484553710.325394000 0 0
1484553710.324282000 0 0
1484553710.336342000 0 0
1484553710.335075000 0 0
1484553725.371739000 0 297057
1484553725.410324000 0 0
1484553725.409321000 0 0
1484553725.420042000 0 0
1484553725.419102000 0 0
1484553740.451791000 0 297057
1484553740.487717000 0 0
1484553740.486636000 0 0
1484553740.496864000 0 0
1484553740.495801000 0 0
1484553786.854107000 0 297460
1484553786.890873000 0 0
1484553786.889755000 0 0
1484553786.901687000 0 0
1484553786.900614000 0 0
1484553801.936107000 0 299321
1484553801.972733000 0 0
1484553801.971720000 0 0
1484553801.983050000 0 0
1484553801.982071000 0 0
1484553817.019405000 0 300363
1484553817.056549000 0 0
1484553817.055519000 0 0
1484553817.065523000 0 0
1484553817.064555000 0 0
1484553901.898176000 0 17889
1484553901.909040000 0 0
1484553901.907950000 0 0
1484553909.006204000 0 300363
1484553909.043076000 0 0
1484553909.042099000 0 0
1484553909.051865000 0 0
1484553909.050909000 0 0
1484553938.644981000 0 300363
1484553938.682642000 0 0
1484553938.681541000 0 0
1484553938.693075000 0 0
1484553938.691997000 0 0
1484553968.566481000 0 300363
1484553968.602972000 0 0
1484553968.601871000 0 0
1484553968.611401000 0 0
1484553968.610331000 0 0
1484553983.640345000 0 300363
1484553983.677392000 0 0
1484553983.676301000 0 0
1484553983.686619000 0 0
1484553983.685555000 0 0
1484553998.726866000 0 301811
1484553998.763128000 0 0
1484553998.762073000 0 0
1484553998.771477000 0 0
1484553998.770477000 0 0
1484554013.814893000 0 304708
1484554013.852686000 0 0
1484554013.851625000 0 0
1484554013.861846000 0 0
1484554013.860858000 0 0
1484554028.894229000 0 306590
1484554028.930995000 0 0
1484554028.929979000 0 0
1484554028.939650000 0 0
1484554028.938583000 0 0
1484554043.975065000 0 308136
1484554044.012219000 0 0
1484554044.011096000 0 0
1484554044.021407000 0 0
1484554044.020311000 0 0
1484554094.408937000 0 11590
1484554115.623931000 0 308136
1484554115.661023000 0 0
1484554115.660030000 0 0
1484554115.670559000 0 0
1484554115.669477000 0 0
1484554130.705257000 0 308136
1484554130.742936000 0 0
1484554130.741826000 0 0
1484554130.753748000 0 0
1484554130.752656000 0 0
1484554145.823235000 0 0
1484554145.822060000 0 0
1484554145.832738000 0 0
1484554145.831599000 0 0
1484554176.013941000 0 0
1484554176.020779000 0 0
1484554180.334237000 0 308136
1484554180.371946000 0 0
1484554180.370820000 0 0
1484554180.381411000 0 0
1484554180.380338000 0 0
1484554195.661353000 0 308136
1484554195.698203000 0 0
1484554195.697103000 0 0
1484554195.706706000 0 0
1484554195.705625000 0 0
1484554201.915258000 0 17889
1484554201.925503000 0 0
1484554201.924523000 0 0
1484554210.751299000 0 308136
1484554210.787690000 0 0
1484554210.786717000 0 0
1484554210.796137000 0 0
1484554210.795182000 0 0
1484554225.832347000 0 308136
1484554225.869722000 0 0
1484554225.868715000 0 0
1484554225.878588000 0 0
1484554225.877569000 0 0
1484554240.906944000 0 308136
1484554240.944810000 0 0
1484554240.943712000 0 0
1484554240.953588000 0 0
1484554240.952508000 0 0
1484554255.981681000 0 301055
1484554256.019744000 0 0
1484554256.018621000 0 0
1484554256.029376000 0 0
1484554256.028297000 0 0
1484554501.946322000 0 17889
1484554501.957223000 0 0
1484554501.956211000 0 0
1484554553.016906000 0 11590
1484554637.916676000 0 301069
1484554637.955717000 0 0
1484554637.954625000 0 0
1484554637.965379000 0 0
1484554637.964301000 0 0
1484554652.999092000 0 301069
1484554653.037669000 0 0
1484554653.036561000 0 0
1484554653.048230000 0 0
1484554653.047138000 0 0
1484554980.558815000 0 17889
1484554980.569049000 0 0
1484554980.568081000 0 0
1484554983.616395000 0 301069
1484554983.652840000 0 0
1484554983.651778000 0 0
1484554983.661784000 0 0
1484554983.660799000 0 0
1484554998.693392000 0 301069
1484554998.730768000 0 0
1484554998.729657000 0 0
1484554998.740255000 0 0
1484554998.739161000 0 0
1484555158.625834000 0 301391
1484555158.663445000 0 0
1484555158.662338000 0 0
1484555158.681853000 0 0
1484555158.677903000 0 0
1484555173.717943000 0 301374
1484555173.754110000 0 0
1484555173.753028000 0 0
1484555173.765459000 0 0
1484555173.764376000 0 0
1484555188.807379000 0 301374
1484555188.845684000 0 0
1484555188.844659000 0 0
1484555188.856151000 0 0
1484555188.855297000 0 0
1484555203.892040000 0 301374
1484555203.929755000 0 0
1484555203.928646000 0 0
1484555203.939128000 0 0
1484555203.938060000 0 0
1484555218.974710000 0 301374
1484555219.014157000 0 0
1484555219.013054000 0 0
1484555219.026158000 0 0
1484555219.024936000 0 0
1484555234.058077000 0 301374
1484555234.095421000 0 0
1484555234.094314000 0 0
1484555234.104346000 0 0
1484555234.103262000 0 0
1484555249.163761000 0 301374
1484555249.202901000 0 0
1484555249.201765000 0 0
1484555249.215808000 0 0
1484555249.214531000 0 0
1484555264.253526000 0 301374
1484555264.290226000 0 0
1484555264.289128000 0 0
1484555264.299320000 0 0
1484555264.298253000 0 0
1484555279.331020000 0 301374
1484555279.370716000 0 0
1484555279.369727000 0 0
1484555279.381091000 0 0
1484555279.380121000 0 0
1484555294.415863000 0 301374
1484555294.454529000 0 0
1484555294.453497000 0 0
1484555294.463208000 0 0
1484555294.462228000 0 0
1484555309.498067000 0 301374
1484555309.538469000 0 0
1484555309.537406000 0 0
1484555309.550370000 0 0
1484555309.549397000 0 0
1484555324.585170000 0 301374
1484555324.621724000 0 0
1484555324.620638000 0 0
1484555324.633483000 0 0
1484555324.632420000 0 0
1484555339.667100000 0 301374
1484555339.705410000 0 0
1484555339.704142000 0 0
1484555339.715260000 0 0
1484555339.714168000 0 0
1484555354.785069000 0 301374
1484555354.822438000 0 0
1484555354.821402000 0 0
1484555354.832937000 0 0
1484555354.831868000 0 0
1484555369.867548000 0 301374
1484555369.904157000 0 0
1484555369.903154000 0 0
1484555369.913455000 0 0
1484555369.912503000 0 0
1484555384.945236000 0 301374
1484555384.982904000 0 0
1484555384.981637000 0 0
1484555384.992075000 0 0
1484555384.990843000 0 0
1484555400.035593000 0 317347
1484555400.077472000 0 0
1484555400.076288000 0 0
1484555400.088282000 0 0
1484555400.087033000 0 0
1484555415.124080000 0 333192
1484555415.164991000 0 0
1484555415.163898000 0 0
1484555415.174303000 0 0
1484555415.173218000 0 0
1484555421.196069000 0 0
1484555421.228217000 0 0
1484555421.230907000 0 0
1484555421.239022000 0 0
1484555435.926877000 0 333192
1484555435.967074000 0 0
1484555435.965957000 0 0
1484555435.977727000 0 0
1484555435.976588000 0 0
1484555421.245488000 282 0
1484555451.011322000 0 333192
1484555451.051289000 0 0
1484555451.050204000 0 0
1484555451.060225000 0 0
1484555451.059146000 0 0
1484555455.625956000 0 11590
1484555526.783411000 0 333192
1484555526.824252000 0 0
1484555526.823118000 0 0
1484555526.832703000 0 0
1484555526.831649000 0 0
1484555555.570034000 0 333192
1484555555.611019000 0 0
1484555555.609925000 0 0
1484555555.620073000 0 0
1484555555.619004000 0 0
1484555580.580877000 0 17892
1484555580.610202000 0 0
1484555580.609209000 0 0
1484555585.175637000 0 333192
1484555585.215441000 0 0
1484555585.214317000 0 0
1484555585.224890000 0 0
1484555585.223806000 0 0
1484555600.256195000 0 333192
1484555600.295844000 0 0
1484555600.294747000 0 0
1484555600.305190000 0 0
1484555600.304101000 0 0
1484555615.901248000 0 333192
1484555615.941313000 0 0
1484555615.940212000 0 0
1484555615.950525000 0 0
1484555615.949457000 0 0
1484555636.005375000 0 333192
1484555636.045021000 0 0
1484555636.043949000 0 0
1484555636.054134000 0 0
1484555636.053144000 0 0
1484555651.087559000 0 333215
1484555651.128454000 0 0
1484555651.127408000 0 0
1484555651.137882000 0 0
1484555651.136769000 0 0
1484555666.173070000 0 333215
1484555666.213258000 0 0
1484555666.212141000 0 0
1484555666.222150000 0 0
1484555666.221067000 0 0
1484555696.788703000 0 333215
1484555696.827955000 0 0
1484555696.826860000 0 0
1484555696.838123000 0 0
1484555696.837011000 0 0
1484555730.059023000 0 333215
1484555730.098643000 0 0
1484555730.097527000 0 0
1484555730.108184000 0 0
1484555730.107099000 0 0
1484555745.066200000 0 333215
1484555745.106160000 0 0
1484555745.105061000 0 0
1484555745.115258000 0 0
1484555745.114171000 0 0
1484555782.059885000 0 333215
1484555782.099272000 0 0
1484555782.098123000 0 0
1484555782.108155000 0 0
1484555782.107072000 0 0
1484555811.284463000 0 333215
1484555811.323992000 0 0
1484555811.322875000 0 0
1484555811.333113000 0 0
1484555811.332018000 0 0
1484555826.362736000 0 333215
1484555826.401848000 0 0
1484555826.400760000 0 0
1484555826.410543000 0 0
1484555826.409473000 0 0
1484555859.267954000 0 333215
1484555859.307736000 0 0
1484555859.306633000 0 0
1484555859.317367000 0 0
1484555859.316281000 0 0
1484555880.598851000 0 17892
1484555880.609022000 0 0
1484555880.607923000 0 0
1484555880.815226000 0 333215
1484555880.854701000 0 0
1484555880.853597000 0 0
1484555880.864056000 0 0
1484555880.862994000 0 0
1484555899.878111000 0 332200
1484555899.977386000 0 0
1484555899.958416000 0 0
1484555900.024460000 0 0
1484555900.022690000 0 0
1484555915.089140000 0 333165
1484555915.128832000 0 0
1484555915.127818000 0 0
1484555915.137668000 0 0
1484555915.136700000 0 0
1484555948.906681000 0 11590
1484556180.628441000 0 17892
1484556180.638591000 0 0
1484556180.637544000 0 0
1484556495.979984000 0 17892
1484556495.991121000 0 0
1484556495.990031000 0 0
1484556606.181277000 0 317654
1484556606.219869000 0 0
1484556606.218765000 0 0
1484556606.230558000 0 0
1484556606.229478000 0 0
1484556851.749307000 0 17892
1484556851.759956000 0 0
1484556851.758881000 0 0
1484556928.770422000 0 317654
1484556928.809800000 0 0
1484556928.808769000 0 0
1484556928.819015000 0 0
1484556928.817764000 0 0
1484556943.777621000 0 317654
1484556943.815588000 0 0
1484556943.814484000 0 0
1484556943.828218000 0 0
1484556943.827122000 0 0
1484556958.857821000 0 317654
1484556958.895745000 0 0
1484556958.894635000 0 0
1484556958.904833000 0 0
1484556958.903747000 0 0
1484556973.933500000 0 317654
1484556973.974712000 0 0
1484556973.973627000 0 0
1484556973.983791000 0 0
1484556973.982707000 0 0
1484556989.014477000 0 317654
1484556989.053751000 0 0
1484556989.052647000 0 0
1484556989.064171000 0 0
1484556989.063103000 0 0
1484557004.094436000 0 317654
1484557004.133516000 0 0
1484557004.132395000 0 0
1484557004.142508000 0 0
1484557004.141417000 0 0
1484557019.172172000 0 317654
1484557019.210885000 0 0
1484557019.209770000 0 0
1484557019.219765000 0 0
1484557019.218669000 0 0
1484557038.068295000 0 318129
1484557038.108406000 0 0
1484557038.107291000 0 0
1484557038.117868000 0 0
1484557038.116554000 0 0
1484557053.154347000 0 319189
1484557053.193727000 0 0
1484557053.192625000 0 0
1484557053.202625000 0 0
1484557053.201558000 0 0
1484557071.490468000 0 319189
1484557071.529017000 0 0
1484557071.527882000 0 0
1484557071.538222000 0 0
1484557071.537143000 0 0
1484557092.297958000 0 319189
1484557092.337420000 0 0
1484557092.336313000 0 0
1484557092.347930000 0 0
1484557092.346854000 0 0
1484557107.379191000 0 319189
1484557107.417296000 0 0
1484557107.416179000 0 0
1484557107.427093000 0 0
1484557107.425998000 0 0
1484557139.349333000 0 319189
1484557139.388335000 0 0
1484557139.387227000 0 0
1484557139.397811000 0 0
1484557139.396732000 0 0
1484557151.767923000 0 17892
1484557151.778227000 0 0
1484557151.777137000 0 0
1484557154.428713000 0 319189
1484557154.469618000 0 0
1484557154.468522000 0 0
1484557154.479239000 0 0
1484557154.478164000 0 0
1484557169.514880000 0 319137
1484557169.554824000 0 0
1484557169.553708000 0 0
1484557169.564162000 0 0
1484557169.563087000 0 0
1484557184.795107000 0 319137
1484557184.835260000 0 0
1484557184.833829000 0 0
1484557184.845244000 0 0
1484557184.844261000 0 0
1484557199.803644000 0 319137
1484557199.842938000 0 0
1484557199.841834000 0 0
1484557199.852411000 0 0
1484557199.851340000 0 0
1484557214.884053000 0 319137
1484557214.922139000 0 0
1484557214.921044000 0 0
1484557214.930989000 0 0
1484557214.929920000 0 0
1484557252.596072000 0 319137
1484557252.636346000 0 0
1484557252.635248000 0 0
1484557252.645345000 0 0
1484557252.644280000 0 0
1484557267.607350000 0 319137
1484557267.648346000 0 0
1484557267.647260000 0 0
1484557267.657301000 0 0
1484557267.656225000 0 0
1484557320.427831000 0 319137
1484557320.466218000 0 0
1484557320.465123000 0 0
1484557320.475934000 0 0
1484557320.474706000 0 0
1484557335.509739000 0 319137
1484557335.548830000 0 0
1484557335.547744000 0 0
1484557335.559631000 0 0
1484557335.558544000 0 0
1484557336.144030000 0 11590
1484557350.592143000 0 319137
1484557350.631223000 0 0
1484557350.630124000 0 0
1484557350.641581000 0 0
1484557350.640500000 0 0
1484557365.675440000 0 319103
1484557365.713947000 0 0
1484557365.712910000 0 0
1484557365.722895000 0 0
1484557365.721862000 0 0
1484557391.580472000 0 318042
1484557391.619286000 0 0
1484557391.618014000 0 0
1484557391.629508000 0 0
1484557391.628412000 0 0
1484557406.670606000 0 319089
1484557406.711589000 0 0
1484557406.710576000 0 0
1484557406.721294000 0 0
1484557406.720283000 0 0
1484557421.756815000 0 319089
1484557421.795042000 0 0
1484557421.793954000 0 0
1484557421.803976000 0 0
1484557421.802911000 0 0
1484557438.467247000 0 319074
1484557438.505494000 0 0
1484557438.504404000 0 0
1484557438.514873000 0 0
1484557438.513800000 0 0
1484557451.793347000 0 17892
1484557451.803980000 0 0
1484557451.802899000 0 0
1484557453.556811000 0 319103
1484557453.598284000 0 0
1484557453.597161000 0 0
1484557453.611327000 0 0
1484557453.610221000 0 0
1484557468.644296000 0 319103
1484557468.683885000 0 0
1484557468.682795000 0 0
1484557468.694018000 0 0
1484557468.692957000 0 0
1484557486.668410000 0 319103
1484557486.706957000 0 0
1484557486.705851000 0 0
1484557486.716304000 0 0
1484557486.715232000 0 0
1484557501.746191000 0 319103
1484557501.785664000 0 0
1484557501.784540000 0 0
1484557501.794943000 0 0
1484557501.793868000 0 0
1484557534.054644000 0 319103
1484557534.092936000 0 0
1484557534.091828000 0 0
1484557534.102333000 0 0
1484557534.101258000 0 0
1484557549.062352000 0 318066
1484557549.100736000 0 0
1484557549.099609000 0 0
1484557549.111642000 0 0
1484557549.110570000 0 0
1484557564.150862000 0 319108
1484557564.190620000 0 0
1484557564.189608000 0 0
1484557564.200752000 0 0
1484557564.199788000 0 0
1484557579.241289000 0 319108
1484557579.281154000 0 0
1484557579.280133000 0 0
1484557579.290399000 0 0
1484557579.289427000 0 0
1484557594.323346000 0 319108
1484557594.361808000 0 0
1484557594.360616000 0 0
1484557594.370677000 0 0
1484557594.369608000 0 0
1484557616.730029000 0 319108
1484557616.768687000 0 0
1484557616.767577000 0 0
1484557616.778443000 0 0
1484557616.777432000 0 0
1484557631.810265000 0 319108
1484557631.848924000 0 0
1484557631.847825000 0 0
1484557631.859053000 0 0
1484557631.857977000 0 0
1484557669.095296000 0 319108
1484557669.134712000 0 0
1484557669.133708000 0 0
1484557669.143641000 0 0
1484557669.142690000 0 0
1484557684.104143000 0 319108
1484557684.142675000 0 0
1484557684.141566000 0 0
1484557684.151805000 0 0
1484557684.150725000 0 0
1484557692.219845000 0 11590
1484557715.163331000 0 319108
1484557715.202161000 0 0
1484557715.201047000 0 0
1484557715.211903000 0 0
1484557715.210848000 0 0
1484557730.642600000 0 318056
1484557730.681592000 0 0
1484557730.680473000 0 0
1484557730.690762000 0 0
1484557730.689667000 0 0
1484557745.733357000 0 319592
1484557745.774181000 0 0
1484557745.773025000 0 0
1484557745.785586000 0 0
1484557745.784456000 0 0
1484557751.806295000 0 17895
1484557751.816893000 0 0
1484557751.815918000 0 0
1484558034.946369000 0 11590
1484558083.741250000 0 17895
1484558083.807965000 0 0
1484558083.807034000 0 0
1484558262.195523000 0 319595
1484558262.237080000 0 0
1484558262.235932000 0 0
1484558262.250432000 0 0
1484558262.248632000 0 0
1484558277.363913000 0 320232
1484558277.402553000 0 0
1484558277.401531000 0 0
1484558277.411539000 0 0
1484558277.410511000 0 0
1484558292.459450000 0 319170
1484558292.498991000 0 0
1484558292.497889000 0 0
1484558292.508379000 0 0
1484558292.507298000 0 0
1484558307.540355000 0 319170
1484558307.578967000 0 0
1484558307.577960000 0 0
1484558307.587456000 0 0
1484558307.586500000 0 0
1484558322.623753000 0 319170
1484558322.663265000 0 0
1484558322.662163000 0 0
1484558322.674069000 0 0
1484558322.672979000 0 0
1484558346.846968000 0 319170
1484558346.885329000 0 0
1484558346.884350000 0 0
1484558346.894513000 0 0
1484558346.893439000 0 0
1484558368.676176000 0 319170
1484558368.714371000 0 0
1484558368.713272000 0 0
1484558368.724479000 0 0
1484558368.723384000 0 0
1484558385.552319000 0 319170
1484558385.592918000 0 0
1484558385.591840000 0 0
1484558385.602866000 0 0
1484558385.601797000 0 0
1484558430.446322000 0 319170
1484558430.486248000 0 0
1484558430.485188000 0 0
1484558430.495988000 0 0
1484558430.494934000 0 0
1484558445.428667000 0 318984
1484558445.467754000 0 0
1484558445.466729000 0 0
1484558445.478922000 0 0
1484558445.477688000 0 0
1484558460.671731000 0 318984
1484558460.711131000 0 0
1484558460.709672000 0 0
1484558460.722247000 0 0
1484558460.721018000 0 0
1484558475.687326000 0 320021
1484558475.726438000 0 0
1484558475.725270000 0 0
1484558475.735774000 0 0
1484558475.734706000 0 0
1484558502.254142000 0 320021
1484558502.292178000 0 0
1484558502.291087000 0 0
1484558502.301081000 0 0
1484558502.299970000 0 0
1484558517.334339000 0 320021
1484558517.373012000 0 0
1484558517.371918000 0 0
1484558517.382521000 0 0
1484558517.381423000 0 0
1484558534.901177000 0 320021
1484558534.938977000 0 0
1484558534.937866000 0 0
1484558534.948850000 0 0
1484558534.947764000 0 0
1484558549.981601000 0 320021
1484558550.021224000 0 0
1484558550.020106000 0 0
1484558550.030323000 0 0
1484558550.029239000 0 0
1484558556.766804000 0 17902
1484558556.777464000 0 0
1484558556.776489000 0 0
1484558559.283173000 0 11590
1484558565.067022000 0 320021
1484558565.105907000 0 0
1484558565.104793000 0 0
1484558565.115195000 0 0
1484558565.114101000 0 0
1484558613.802974000 0 320021
1484558613.842444000 0 0
1484558613.841345000 0 0
1484558613.852426000 0 0
1484558613.851359000 0 0
1484558649.670085000 0 320021
1484558649.708698000 0 0
1484558649.707712000 0 0
1484558649.718082000 0 0
1484558649.717010000 0 0
1484558664.750940000 0 320021
1484558664.789969000 0 0
1484558664.788857000 0 0
1484558664.799961000 0 0
1484558664.798892000 0 0
1484558681.592464000 0 320021
1484558681.632646000 0 0
1484558681.631526000 0 0
1484558681.642012000 0 0
1484558681.640934000 0 0
1484558696.672959000 0 320021
1484558696.712505000 0 0
1484558696.711376000 0 0
1484558696.721811000 0 0
1484558696.720731000 0 0
1484558711.757774000 0 319969
1484558711.796324000 0 0
1484558711.795221000 0 0
1484558711.806836000 0 0
1484558711.805745000 0 0
1484558712.667285000 0 0
1484558712.699845000 0 0
1484558712.702604000 0 0
1484558712.710743000 0 0
1484558726.843722000 0 319969
1484558726.883264000 0 0
1484558726.882159000 0 0
1484558726.893107000 0 0
1484558726.892024000 0 0
1484558712.717900000 282 0
1484558741.928929000 0 319969
1484558741.968686000 0 0
1484558741.967583000 0 0
1484558741.978174000 0 0
1484558741.977093000 0 0
1484558788.744913000 0 319969
1484558788.783587000 0 0
1484558788.782497000 0 0
1484558788.793742000 0 0
1484558788.792674000 0 0
1484558806.470099000 0 319969
1484558806.508555000 0 0
1484558806.507425000 0 0
1484558806.517891000 0 0
1484558806.516810000 0 0
1484558827.962668000 0 319969
1484558828.001456000 0 0
1484558828.000224000 0 0
1484558828.010592000 0 0
1484558828.009444000 0 0
1484558842.979358000 0 319969
1484558843.018276000 0 0
1484558843.017164000 0 0
1484558843.027574000 0 0
1484558843.026457000 0 0
1484558856.785159000 0 17902
1484558856.795995000 0 0
1484558856.794788000 0 0
1484558858.061256000 0 313593
1484558858.099082000 0 0
1484558858.098055000 0 0
1484558858.111012000 0 0
1484558858.108683000 0 0
1484558873.145087000 0 314010
1484558873.186817000 0 0
1484558873.185372000 0 0
1484558873.196875000 0 0
1484558873.195634000 0 0
1484558888.239346000 0 313982
1484558888.279088000 0 0
1484558888.277923000 0 0
1484558888.288165000 0 0
1484558888.287067000 0 0
1484559007.931950000 0 11590
1484559156.822412000 0 17902
1484559156.833626000 0 0
1484559156.832642000 0 0
1484559292.902939000 0 313954
1484559292.941268000 0 0
1484559292.940252000 0 0
1484559292.953580000 0 0
1484559292.951544000 0 0
1484559307.988258000 0 329683
1484559308.042059000 0 0
1484559308.040940000 0 0
1484559308.052850000 0 0
1484559308.051775000 0 0
1484559487.294437000 0 329683
1484559487.348317000 0 0
1484559487.335114000 0 0
1484559487.408187000 0 0
1484559487.385516000 0 0
1484559502.511611000 0 329809
1484559502.551309000 0 0
1484559502.550196000 0 0
1484559502.560150000 0 0
1484559502.559075000 0 0
1484559587.964340000 0 17903
1484559587.975364000 0 0
1484559587.974236000 0 0
1484559591.017101000 0 11590
1484559669.630451000 0 329809
1484559669.670437000 0 0
1484559669.669329000 0 0
1484559669.680315000 0 0
1484559669.679211000 0 0
1484559684.715426000 0 345200
1484559684.756860000 0 0
1484559684.755740000 0 0
1484559684.766405000 0 0
1484559684.765332000 0 0
1484559851.971896000 0 345200
1484559852.037054000 0 0
1484559852.024940000 0 0
1484559852.223920000 0 0
1484559852.155262000 0 0
1484559867.393193000 0 345402
1484559867.434495000 0 0
1484559867.433396000 0 0
1484559867.443857000 0 0
1484559867.442793000 0 0
1484559966.835631000 0 11590
1484560034.005643000 0 345402
1484560034.047819000 0 0
1484560034.046745000 0 0
1484560034.056567000 0 0
1484560034.055534000 0 0
1484560040.526266000 0 17903
1484560040.536475000 0 0
1484560040.535494000 0 0
1484560049.377208000 0 345401
1484560049.417931000 0 0
1484560049.416805000 0 0
1484560049.427036000 0 0
1484560049.425948000 0 0
1484560216.066335000 0 345401
1484560216.112538000 0 0
1484560216.107960000 0 0
1484560216.121727000 0 0
1484560216.120731000 0 0
1484560231.194616000 0 345402
1484560231.237940000 0 0
1484560231.236818000 0 0
1484560231.251395000 0 0
1484560231.250323000 0 0
1484560331.147204000 0 11590
1484560398.098257000 0 345402
1484560398.205158000 0 0
1484560398.170853000 0 0
1484560398.292190000 0 0
1484560398.247158000 0 0
1484560413.114068000 0 345402
1484560413.155436000 0 0
1484560413.154327000 0 0
1484560413.165417000 0 0
1484560413.164340000 0 0
1484560580.279707000 0 345402
1484560580.321969000 0 0
1484560580.320936000 0 0
1484560580.331539000 0 0
1484560580.330507000 0 0
1484560595.368415000 0 329807
1484560595.411126000 0 0
1484560595.410152000 0 0
1484560595.423655000 0 0
1484560595.422569000 0 0
1484560632.466740000 0 17904
1484560632.477375000 0 0
1484560632.476416000 0 0
1484560695.262872000 0 11590
1484560762.194715000 0 329807
1484560762.235111000 0 0
1484560762.234140000 0 0
1484560762.244523000 0 0
1484560762.243542000 0 0
1484560777.355096000 0 314212
1484560777.392609000 0 0
1484560777.391602000 0 0
1484560777.402107000 0 0
1484560777.401037000 0 0
1484560944.409055000 0 314212
1484560944.470838000 0 0
1484560944.448581000 0 0
1484560944.602523000 0 0
1484560944.502303000 0 0
1484560959.585620000 0 17904
1484560959.596655000 0 0
1484560959.595583000 0 0
1484560959.720848000 0 329608
1484560959.760700000 0 0
1484560959.759634000 0 0
1484560959.770286000 0 0
1484560959.769221000 0 0
1484561059.331944000 0 11590
1484561061.495089000 0 329887
1484561061.535480000 0 0
1484561061.534372000 0 0
1484561061.544459000 0 0
1484561061.543378000 0 0
1484561228.034645000 0 329872
1484561228.074456000 0 0
1484561228.073364000 0 0
1484561228.083540000 0 0
1484561228.082475000 0 0
1484561243.117591000 0 329901
1484561243.158394000 0 0
1484561243.157293000 0 0
1484561243.169071000 0 0
1484561243.167996000 0 0
1484561304.803325000 0 17904
1484561304.814571000 0 0
1484561304.813591000 0 0
1484561318.563498000 0 0
1484561318.570660000 0 0
1484561527.112984000 0 11590
1484561634.414501000 0 17904
1484561634.426022000 0 0
1484561634.424923000 0 0
1484561638.480548000 0 330223
1484561638.530376000 0 0
1484561638.529253000 0 0
1484561638.540177000 0 0
1484561638.539079000 0 0
1484561653.647340000 0 330206
1484561653.687611000 0 0
1484561653.686568000 0 0
1484561653.698003000 0 0
1484561653.697041000 0 0
1484561668.732323000 0 330206
1484561668.771944000 0 0
1484561668.770829000 0 0
1484561668.781282000 0 0
1484561668.780159000 0 0
1484561683.816752000 0 330206
1484561683.855425000 0 0
1484561683.854432000 0 0
1484561683.864712000 0 0
1484561683.863633000 0 0
1484561698.931939000 0 330206
1484561699.017913000 0 0
1484561699.016976000 0 0
1484561699.027817000 0 0
1484561699.026594000 0 0
1484561714.071937000 0 330206
1484561714.111486000 0 0
1484561714.110469000 0 0
1484561714.120329000 0 0
1484561714.119348000 0 0
1484561729.167701000 0 330206
1484561729.206970000 0 0
1484561729.205978000 0 0
1484561729.216568000 0 0
1484561729.215609000 0 0
1484561744.250751000 0 330206
1484561744.290840000 0 0
1484561744.289750000 0 0
1484561744.302071000 0 0
1484561744.300988000 0 0
1484561759.342557000 0 330206
1484561759.382735000 0 0
1484561759.381917000 0 0
1484561759.392630000 0 0
1484561759.391544000 0 0
1484561774.424755000 0 330206
1484561774.464283000 0 0
1484561774.463198000 0 0
1484561774.473370000 0 0
1484561774.472307000 0 0
1484561789.504401000 0 330206
1484561789.547162000 0 0
1484561789.546082000 0 0
1484561789.557318000 0 0
1484561789.556368000 0 0
1484561804.627922000 0 330206
1484561804.667512000 0 0
1484561804.666343000 0 0
1484561804.676986000 0 0
1484561804.675907000 0 0
1484561819.709619000 0 330206
1484561819.750253000 0 0
1484561819.749149000 0 0
1484561819.759254000 0 0
1484561819.758171000 0 0
1484561834.797108000 0 330206
1484561834.836730000 0 0
1484561834.835863000 0 0
1484561834.847627000 0 0
1484561834.846574000 0 0
1484561849.881718000 0 330206
1484561849.922876000 0 0
1484561849.921750000 0 0
1484561849.932478000 0 0
1484561849.931323000 0 0
1484561864.963546000 0 330206
1484561865.004040000 0 0
1484561865.002947000 0 0
1484561865.013988000 0 0
1484561865.012903000 0 0
1484561880.070476000 0 330206
1484561880.111084000 0 0
1484561880.110034000 0 0
1484561880.122620000 0 0
1484561880.121545000 0 0
1484561895.158677000 0 330809
1484561895.198110000 0 0
1484561895.197019000 0 0
1484561895.207015000 0 0
1484561895.205946000 0 0
1484561934.428668000 0 17904
1484561934.439484000 0 0
1484561934.438378000 0 0
1484561936.408519000 0 11590
1484562147.131119000 0 315413
1484562147.170081000 0 0
1484562147.169078000 0 0
1484562147.182009000 0 0
1484562147.181040000 0 0
1484562233.378955000 0 315486
1484562233.417252000 0 0
1484562233.416138000 0 0
1484562233.426481000 0 0
1484562233.425406000 0 0
1484562233.923717000 0 5672
1484562233.942567000 0 0
1484562248.460524000 0 316379
1484562248.498604000 0 0
1484562248.497481000 0 0
1484562248.507979000 0 0
1484562248.506890000 0 0
1484562362.955451000 0 316393
1484562363.011557000 0 0
1484562363.010448000 0 0
1484562363.020764000 0 0
1484562363.019692000 0 0
1484562378.055649000 0 316393
1484562378.095686000 0 0
1484562378.094632000 0 0
1484562378.106520000 0 0
1484562378.105465000 0 0
1484562453.258709000 0 316715
1484562453.297980000 0 0
1484562453.296955000 0 0
1484562453.307030000 0 0
1484562453.306059000 0 0
1484562468.480037000 0 316698
1484562468.518299000 0 0
1484562468.517200000 0 0
1484562468.527151000 0 0
1484562468.526083000 0 0
1484562483.561269000 0 316698
1484562483.600192000 0 0
1484562483.599078000 0 0
1484562483.611294000 0 0
1484562483.610168000 0 0
1484562498.659175000 0 316698
1484562498.697783000 0 0
1484562498.696738000 0 0
1484562498.708440000 0 0
1484562498.707248000 0 0
1484562513.746843000 0 316698
1484562513.785483000 0 0
1484562513.784445000 0 0
1484562513.794915000 0 0
1484562513.793863000 0 0
1484562527.359867000 0 17911
1484562527.373207000 0 0
1484562527.372231000 0 0
1484562528.842508000 0 316698
1484562528.962917000 0 0
1484562528.925943000 0 0
1484562528.973551000 0 0
1484562528.972574000 0 0
1484562530.424449000 0 11590
1484562544.065453000 0 316698
1484562544.103278000 0 0
1484562544.102278000 0 0
1484562544.113018000 0 0
1484562544.112021000 0 0
1484562559.157746000 0 316698
1484562559.196005000 0 0
1484562559.195027000 0 0
1484562559.205058000 0 0
1484562559.204091000 0 0
1484562574.238355000 0 316698
1484562574.277476000 0 0
1484562574.276359000 0 0
1484562574.287217000 0 0
1484562574.286124000 0 0
1484562589.325421000 0 317302
1484562589.365297000 0 0
1484562589.364188000 0 0
1484562589.376644000 0 0
1484562589.375523000 0 0
1484562827.386482000 0 17911
1484562827.397116000 0 0
1484562827.396136000 0 0
1484562864.274564000 0 11590
1484562880.077865000 0 317319
1484562880.133055000 0 0
1484562880.131998000 0 0
1484562880.142789000 0 0
1484562880.141829000 0 0
1484562895.174759000 0 317319
1484562895.215056000 0 0
1484562895.213955000 0 0
1484562895.225273000 0 0
1484562895.224207000 0 0
1484562917.570855000 0 317621
1484562917.619409000 0 0
1484562917.617036000 0 0
1484562917.628671000 0 0
1484562917.627549000 0 0
1484562932.660042000 0 317621
1484562932.699170000 0 0
1484562932.698162000 0 0
1484562932.709315000 0 0
1484562932.708361000 0 0
1484562947.746861000 0 317621
1484562947.786778000 0 0
1484562947.785664000 0 0
1484562947.796020000 0 0
1484562947.794922000 0 0
1484562962.831072000 0 317621
1484562962.872078000 0 0
1484562962.870976000 0 0
1484562962.883925000 0 0
1484562962.882732000 0 0
1484562977.935679000 0 317621
1484562977.974432000 0 0
1484562977.973431000 0 0
1484562977.983775000 0 0
1484562977.982696000 0 0
1484562993.014704000 0 317621
1484562993.053579000 0 0
1484562993.052431000 0 0
1484562993.063539000 0 0
1484562993.062509000 0 0
1484563008.102336000 0 317621
1484563008.141616000 0 0
1484563008.140508000 0 0
1484563008.151415000 0 0
1484563008.150345000 0 0
1484563023.177022000 0 317621
1484563023.215018000 0 0
1484563023.213895000 0 0
1484563023.224920000 0 0
1484563023.223754000 0 0
1484563038.260033000 0 317621
1484563038.300161000 0 0
1484563038.298997000 0 0
1484563038.311859000 0 0
1484563038.310766000 0 0
1484563053.342016000 0 317621
1484563053.381188000 0 0
1484563053.379921000 0 0
1484563053.391451000 0 0
1484563053.390448000 0 0
1484563068.437562000 0 317621
1484563068.476056000 0 0
1484563068.475027000 0 0
1484563068.485055000 0 0
1484563068.484071000 0 0
1484563083.533179000 0 317621
1484563083.571809000 0 0
1484563083.570825000 0 0
1484563083.581959000 0 0
1484563083.581000000 0 0
1484563098.618633000 0 317621
1484563098.657611000 0 0
1484563098.656522000 0 0
1484563098.666853000 0 0
1484563098.665791000 0 0
1484563113.740875000 0 317621
1484563113.778558000 0 0
1484563113.777600000 0 0
1484563113.787277000 0 0
1484563113.786320000 0 0
1484563128.822175000 0 317621
1484563128.861564000 0 0
1484563128.860429000 0 0
1484563128.870668000 0 0
1484563128.869517000 0 0
1484563143.900595000 0 317621
1484563143.939741000 0 0
1484563143.938629000 0 0
1484563143.949113000 0 0
1484563143.948114000 0 0
1484563158.982265000 0 318225
1484563159.020244000 0 0
1484563159.019122000 0 0
1484563159.029149000 0 0
1484563159.028073000 0 0
1484563174.065448000 0 318225
1484563174.104314000 0 0
1484563174.103207000 0 0
1484563174.113676000 0 0
1484563174.112580000 0 0
1484563178.798654000 0 11590
1484563212.034382000 0 17911
1484563212.048799000 0 0
1484563212.047707000 0 0
1484563397.983772000 0 318242
1484563398.024443000 0 0
1484563398.023332000 0 0
1484563398.036659000 0 0
1484563398.035519000 0 0
1484563413.081956000 0 318242
1484563413.122360000 0 0
1484563413.120953000 0 0
1484563413.133608000 0 0
1484563413.132316000 0 0
1484563512.056235000 0 17911
1484563512.067031000 0 0
1484563512.065924000 0 0
1484563551.947297000 0 318544
1484563551.986708000 0 0
1484563551.985586000 0 0
1484563551.996058000 0 0
1484563551.995038000 0 0
1484563566.953945000 0 318544
1484563566.995405000 0 0
1484563566.994544000 0 0
1484563567.005708000 0 0
1484563567.004626000 0 0
1484563582.037589000 0 318544
1484563582.076775000 0 0
1484563582.075614000 0 0
1484563582.086777000 0 0
1484563582.085696000 0 0
1484563597.113479000 0 318544
1484563597.152236000 0 0
1484563597.151127000 0 0
1484563597.161980000 0 0
1484563597.160884000 0 0
1484563612.194540000 0 318544
1484563612.233393000 0 0
1484563612.232287000 0 0
1484563612.243575000 0 0
1484563612.242502000 0 0
1484563627.282964000 0 319148
1484563627.321227000 0 0
1484563627.320119000 0 0
1484563627.330382000 0 0
1484563627.329301000 0 0
1484563696.775084000 0 11590
1484563812.061691000 0 17911
1484563812.072709000 0 0
1484563812.071604000 0 0
1484564041.603980000 0 0
1484564041.644863000 0 0
1484564041.648297000 0 0
1484564041.656895000 0 0
1484564041.663854000 282 0
1484564080.103980000 0 319148
1484564080.144159000 0 0
1484564080.143065000 0 0
1484564080.153630000 0 0
1484564080.152643000 0 0
1484564095.189124000 0 319176
1484564095.227652000 0 0
1484564095.226507000 0 0
1484564095.237914000 0 0
1484564095.236822000 0 0
1484564341.496098000 0 17911
1484564341.507914000 0 0
1484564341.506827000 0 0
1484564378.174940000 0 11590
1484564733.105210000 0 17911
1484564733.116587000 0 0
1484564733.115505000 0 0
1484564944.363316000 0 319190
1484564944.402292000 0 0
1484564944.401202000 0 0
1484564944.412584000 0 0
1484564944.411510000 0 0
1484564959.446632000 0 319190
1484564959.485982000 0 0
1484564959.484969000 0 0
1484564959.495622000 0 0
1484564959.494523000 0 0
1484564974.548352000 0 319495
1484564974.587224000 0 0
1484564974.586241000 0 0
1484564974.616608000 0 0
1484564974.615507000 0 0
1484565004.223838000 0 319495
1484565004.263187000 0 0
1484565004.262019000 0 0
1484565004.273157000 0 0
1484565004.271991000 0 0
1484565074.885609000 0 319495
1484565074.925822000 0 0
1484565074.924579000 0 0
1484565074.936133000 0 0
1484565074.935000000 0 0
1484565089.960844000 0 319495
1484565089.999304000 0 0
1484565089.998268000 0 0
1484565090.010135000 0 0
1484565090.009180000 0 0
1484565105.046918000 0 319495
1484565105.085622000 0 0
1484565105.084525000 0 0
1484565105.095587000 0 0
1484565105.094494000 0 0
1484565120.151339000 0 319495
1484565120.191237000 0 0
1484565120.190111000 0 0
1484565120.201084000 0 0
1484565120.199995000 0 0
1484565135.547979000 0 319495
1484565135.587139000 0 0
1484565135.586028000 0 0
1484565135.597448000 0 0
1484565135.596385000 0 0
1484565150.636321000 0 319495
1484565150.675674000 0 0
1484565150.674603000 0 0
1484565150.685987000 0 0
1484565150.684918000 0 0
1484565165.714703000 0 319495
1484565165.778917000 0 0
1484565165.754246000 0 0
1484565165.795817000 0 0
1484565165.790641000 0 0
1484565180.904215000 0 319495
1484565180.948136000 0 0
1484565180.941864000 0 0
1484565180.957518000 0 0
1484565180.956467000 0 0
1484565196.014303000 0 319495
1484565196.054157000 0 0
1484565196.053022000 0 0
1484565196.064848000 0 0
1484565196.063736000 0 0
1484565211.339939000 0 320099
1484565211.379475000 0 0
1484565211.378494000 0 0
1484565211.389858000 0 0
1484565211.388884000 0 0
1484565226.734336000 0 336229
1484565226.775204000 0 0
1484565226.774099000 0 0
1484565226.785070000 0 0
1484565226.783983000 0 0
1484565241.080439000 0 11590
1484565259.008792000 0 17911
1484565259.019254000 0 0
1484565259.018164000 0 0
1484565421.757220000 0 336201
1484565421.797671000 0 0
1484565421.796662000 0 0
1484565421.806818000 0 0
1484565421.805841000 0 0
1484565436.840252000 0 352243
1484565436.882271000 0 0
1484565436.881163000 0 0
1484565436.891697000 0 0
1484565436.890634000 0 0
1484565603.803942000 0 352215
1484565603.974699000 0 0
1484565603.886234000 0 0
1484565604.074005000 0 0
1484565603.985286000 0 0
1484565619.111403000 0 351864
1484565619.153326000 0 0
1484565619.152336000 0 0
1484565619.163022000 0 0
1484565619.162062000 0 0
1484565718.821671000 0 11590
1484565728.528359000 0 17911
1484565728.539520000 0 0
1484565728.538303000 0 0
1484565733.252591000 0 351836
1484565733.293744000 0 0
1484565733.292737000 0 0
1484565733.303662000 0 0
1484565733.302693000 0 0
1484565748.351923000 0 352356
1484565748.394004000 0 0
1484565748.392979000 0 0
1484565748.403473000 0 0
1484565748.402316000 0 0
1484565763.445861000 0 352355
1484565763.489707000 0 0
1484565763.488538000 0 0
1484565763.504880000 0 0
1484565763.503818000 0 0
1484565778.542001000 0 352355
1484565778.585380000 0 0
1484565778.583672000 0 0
1484565778.596170000 0 0
1484565778.595075000 0 0
1484565793.647519000 0 352327
1484565793.689602000 0 0
1484565793.688490000 0 0
1484565793.699561000 0 0
1484565793.698473000 0 0
1484565808.731996000 0 352356
1484565808.774582000 0 0
1484565808.773469000 0 0
1484565808.783929000 0 0
1484565808.782844000 0 0
1484565817.756388000 0 0
1484565823.818467000 0 352653
1484565823.861532000 0 0
1484565823.859668000 0 0
1484565823.873830000 0 0
1484565823.871363000 0 0
1484565861.885227000 0 352653
1484565861.927487000 0 0
1484565861.926362000 0 0
1484565861.937167000 0 0
1484565861.936092000 0 0
1484565865.412282000 0 0
1484565894.191687000 0 352684
1484565894.235830000 0 0
1484565894.234719000 0 0
1484565894.245576000 0 0
1484565894.244399000 0 0
1484565917.107266000 0 352772
1484565917.151267000 0 0
1484565917.150142000 0 0
1484565917.161067000 0 0
1484565917.159965000 0 0
1484565926.024161000 0 0
1484565932.194628000 0 352698
1484565932.237788000 0 0
1484565932.236767000 0 0
1484565932.248235000 0 0
1484565932.247150000 0 0
1484565999.947222000 0 352698
1484565999.989441000 0 0
1484565999.988311000 0 0
1484565999.999098000 0 0
1484565999.997858000 0 0
1484566015.039186000 0 352667
1484566015.081889000 0 0
1484566015.080774000 0 0
1484566015.091689000 0 0
1484566015.090617000 0 0
1484566015.722379000 0 0
1484566028.514355000 0 17911
1484566028.526848000 0 0
1484566028.525796000 0 0
1484566030.132346000 0 352972
1484566030.174950000 0 0
1484566030.173731000 0 0
1484566030.185215000 0 0
1484566030.184114000 0 0
1484566045.238966000 0 353605
1484566045.281488000 0 0
1484566045.280476000 0 0
1484566045.292018000 0 0
1484566045.291016000 0 0
1484566060.341831000 0 353605
1484566060.384777000 0 0
1484566060.383751000 0 0
1484566060.393833000 0 0
1484566060.392867000 0 0
1484566091.874455000 0 353605
1484566091.916000000 0 0
1484566091.914997000 0 0
1484566091.925175000 0 0
1484566091.924143000 0 0
1484566103.266727000 0 0
1484566106.901607000 0 353605
1484566106.944390000 0 0
1484566106.943277000 0 0
1484566106.954303000 0 0
1484566106.953075000 0 0
1484566225.364892000 0 11590
1484566328.538731000 0 17911
1484566328.549409000 0 0
1484566328.548319000 0 0
1484566347.618388000 0 353605
1484566347.661051000 0 0
1484566347.660013000 0 0
1484566347.671107000 0 0
1484566347.670143000 0 0
1484566362.701008000 0 353907
1484566362.743308000 0 0
1484566362.742184000 0 0
1484566362.752551000 0 0
1484566362.751436000 0 0
1484566377.711500000 0 353907
1484566377.753873000 0 0
1484566377.752737000 0 0
1484566377.763556000 0 0
1484566377.762473000 0 0
1484566392.791582000 0 353907
1484566392.835290000 0 0
1484566392.834238000 0 0
1484566392.845349000 0 0
1484566392.844304000 0 0
1484566407.878091000 0 353907
1484566407.920334000 0 0
1484566407.919245000 0 0
1484566407.930066000 0 0
1484566407.929002000 0 0
1484566457.003822000 0 353907
1484566457.055485000 0 0
1484566457.054402000 0 0
1484566457.065472000 0 0
1484566457.064492000 0 0
1484566637.202020000 0 353921
1484566637.244063000 0 0
1484566637.243064000 0 0
1484566637.253865000 0 0
1484566637.252765000 0 0
1484566645.763375000 0 11590
1484566652.294413000 0 353921
1484566652.335851000 0 0
1484566652.334766000 0 0
1484566652.345079000 0 0
1484566652.344015000 0 0
1484566667.458499000 0 354562
1484566667.499924000 0 0
1484566667.498926000 0 0
1484566667.508823000 0 0
1484566667.507876000 0 0
1484566682.539925000 0 354864
1484566682.581357000 0 0
1484566682.580531000 0 0
1484566682.590798000 0 0
1484566682.589715000 0 0
1484566697.624906000 0 354864
1484566697.668394000 0 0
1484566697.667342000 0 0
1484566697.679736000 0 0
1484566697.678652000 0 0
1484566712.718482000 0 354864
1484566712.762406000 0 0
1484566712.761290000 0 0
1484566712.774200000 0 0
1484566712.773096000 0 0
1484566727.826371000 0 354864
1484566727.867471000 0 0
1484566727.866473000 0 0
1484566727.878260000 0 0
1484566727.877249000 0 0
1484566744.483657000 0 354864
1484566744.525535000 0 0
1484566744.524406000 0 0
1484566744.534610000 0 0
1484566744.533524000 0 0
1484566759.696702000 0 354864
1484566759.739715000 0 0
1484566759.738613000 0 0
1484566759.750326000 0 0
1484566759.749255000 0 0
1484566777.494053000 0 354864
1484566777.535837000 0 0
1484566777.534686000 0 0
1484566777.545553000 0 0
1484566777.544472000 0 0
1484566795.467482000 0 354864
1484566795.509374000 0 0
1484566795.508371000 0 0
1484566795.520125000 0 0
1484566795.519148000 0 0
1484566810.556726000 0 339229
1484566810.597001000 0 0
1484566810.595933000 0 0
1484566810.607474000 0 0
1484566810.606517000 0 0
1484566825.649316000 0 339833
1484566825.689330000 0 0
1484566825.688150000 0 0
1484566825.699280000 0 0
1484566825.697695000 0 0
1484566928.548567000 0 17911
1484566928.558830000 0 0
1484566928.557864000 0 0
1484566962.678189000 0 11590
1484567321.908101000 0 17911
1484567321.921136000 0 0
1484567321.920058000 0 0
1484567621.913966000 0 17911
1484567621.924294000 0 0
1484567621.923292000 0 0
1484567721.492656000 0 11590
1484567921.947659000 0 0
1484567921.955073000 0 0
1484568204.740409000 0 17911
1484568204.751017000 0 0
1484568204.750055000 0 0
1484568239.911532000 0 339833
1484568239.952332000 0 0
1484568239.951315000 0 0
1484568239.961630000 0 0
1484568239.960559000 0 0
1484568255.014507000 0 324330
1484568255.054673000 0 0
1484568255.053584000 0 0
1484568255.066609000 0 0
1484568255.065522000 0 0
1484568427.798686000 0 324302
1484568427.837342000 0 0
1484568427.836337000 0 0
1484568427.846247000 0 0
1484568427.845271000 0 0
1484568442.889975000 0 324306
1484568442.929426000 0 0
1484568442.928338000 0 0
1484568442.939700000 0 0
1484568442.938638000 0 0
1484568504.743395000 0 17911
1484568504.754385000 0 0
1484568504.753394000 0 0
1484568538.123525000 0 11590
1484568609.783704000 0 324278
1484568609.833038000 0 0
1484568609.822685000 0 0
1484568609.882289000 0 0
1484568609.842153000 0 0
1484568624.996411000 0 324263
1484568625.035670000 0 0
1484568625.034669000 0 0
1484568625.046080000 0 0
1484568625.044988000 0 0
1484568791.603622000 0 324235
1484568791.643076000 0 0
1484568791.641945000 0 0
1484568791.664944000 0 0
1484568791.664215000 0 0
1484568806.718760000 0 324456
1484568806.758035000 0 0
1484568806.756909000 0 0
1484568806.768498000 0 0
1484568806.767408000 0 0
1484568906.914146000 0 11590
1484568965.221061000 0 17911
1484568965.233113000 0 0
1484568965.232133000 0 0
1484568968.259454000 0 324457
1484568968.299013000 0 0
1484568968.297896000 0 0
1484568968.308930000 0 0
1484568968.307863000 0 0
1484569149.551089000 0 324428
1484569149.612542000 0 0
1484569149.611473000 0 0
1484569149.623704000 0 0
1484569149.622745000 0 0
1484569164.884966000 0 322889
1484569164.924010000 0 0
1484569164.922910000 0 0
1484569164.933165000 0 0
1484569164.932081000 0 0
1484569265.233417000 0 17911
1484569265.244911000 0 0
1484569265.243799000 0 0
1484569331.496709000 0 322860
1484569331.536884000 0 0
1484569331.535898000 0 0
1484569331.545870000 0 0
1484569331.544922000 0 0
1484569346.596366000 0 322948
1484569346.635249000 0 0
1484569346.634121000 0 0
1484569346.645286000 0 0
1484569346.644204000 0 0
1484569446.692241000 0 11590
1484569489.575571000 0 323230
1484569489.616226000 0 0
1484569489.615119000 0 0
1484569489.626727000 0 0
1484569489.625646000 0 0
1484569494.811655000 0 3608
1484569494.826636000 0 0
1484569504.756025000 0 324029
1484569504.844701000 0 0
1484569504.843707000 0 0
1484569504.862712000 0 0
1484569504.853114000 0 0
1484569519.972930000 0 324029
1484569520.129472000 0 0
1484569520.128138000 0 0
1484569520.139848000 0 0
1484569520.138267000 0 0
1484569535.785823000 0 324058
1484569535.826092000 0 0
1484569535.825060000 0 0
1484569535.835357000 0 0
1484569535.834378000 0 0
1484569550.864503000 0 324058
1484569550.903905000 0 0
1484569550.902898000 0 0
1484569550.913639000 0 0
1484569550.912652000 0 0
1484569565.953572000 0 324058
1484569565.992194000 0 0
1484569565.991181000 0 0
1484569566.001785000 0 0
1484569566.000812000 0 0
1484569581.051683000 0 324058
1484569581.090671000 0 0
1484569581.089673000 0 0
1484569581.099768000 0 0
1484569581.098790000 0 0
1484569596.123398000 0 324058
1484569596.163038000 0 0
1484569596.161947000 0 0
1484569596.174349000 0 0
1484569596.173374000 0 0
1484569611.250963000 0 324058
1484569611.290918000 0 0
1484569611.289878000 0 0
1484569611.301465000 0 0
1484569611.300461000 0 0
1484569626.375464000 0 324058
1484569626.414750000 0 0
1484569626.413740000 0 0
1484569626.423999000 0 0
1484569626.422955000 0 0
1484569641.453639000 0 324058
1484569641.492445000 0 0
1484569641.491451000 0 0
1484569641.501491000 0 0
1484569641.500534000 0 0
1484569656.544722000 0 324058
1484569656.594528000 0 0
1484569656.593348000 0 0
1484569656.605163000 0 0
1484569656.604163000 0 0
1484569664.562694000 0 5672
1484569664.585695000 0 0
1484569671.799632000 0 338818
1484569672.051503000 0 0
1484569671.953181000 0 0
1484569672.109524000 0 0
1484569672.077944000 0 0
1484569674.640626000 0 0
1484569674.670049000 0 0
1484569674.674235000 0 35544
1484569674.736618000 0 0
1484569674.740756000 0 0
1484569674.743947000 0 0
1484569674.648927000 0 0
1484569674.747099000 0 0
1484569681.757182000 0 0
1484569681.768972000 0 0
1484569681.773493000 0 35544
1484569681.791900000 0 0
1484569681.795411000 0 0
1484569681.760870000 0 0
1484569681.798611000 0 0
1484569682.208338000 0 0
1484569682.223542000 0 0
1484569682.227736000 0 35544
1484569682.246460000 0 0
1484569682.250065000 0 0
1484569682.212259000 0 0
1484569682.253551000 0 0
1484569682.655722000 0 0
1484569682.671349000 0 0
1484569682.675438000 0 35544
1484569682.692474000 0 0
1484569682.696120000 0 0
1484569682.662250000 0 0
1484569682.699349000 0 0
1484569683.120456000 0 0
1484569683.132938000 0 0
1484569683.137026000 0 35544
1484569683.154750000 0 0
1484569683.158306000 0 0
1484569683.124415000 0 0
1484569683.161461000 0 0
1484569684.161225000 0 0
1484569684.176601000 0 0
1484569684.181424000 0 35544
1484569684.199280000 0 0
1484569684.202752000 0 0
1484569684.165268000 0 0
1484569684.205879000 0 0
1484569684.498498000 0 0
1484569684.512590000 0 0
1484569684.518669000 0 35544
1484569684.572011000 0 0
1484569684.575969000 0 0
1484569684.504492000 0 0
1484569684.579118000 0 0
1484569685.112845000 0 0
1484569685.133083000 0 0
1484569685.140010000 0 35544
1484569685.176221000 0 0
1484569685.181009000 0 0
1484569685.186083000 0 0
1484569685.122079000 0 0
1484569685.189976000 0 0
1484569686.467153000 0 0
1484569686.480417000 0 0
1484569686.486330000 0 35544
1484569686.508419000 0 0
1484569686.511961000 0 0
1484569686.472396000 0 0
1484569686.515552000 0 0
1484569686.720155000 0 339380
1484569686.762520000 0 0
1484569686.761506000 0 0
1484569686.775666000 0 0
1484569686.774682000 0 0
1484569689.337974000 0 0
1484569689.350404000 0 0
1484569689.354407000 0 35544
1484569689.371943000 0 0
1484569689.375563000 0 0
1484569689.341972000 0 0
1484569689.378726000 0 0
1484569691.687036000 0 0
1484569691.699469000 0 0
1484569691.704241000 0 35544
1484569691.722921000 0 0
1484569691.726442000 0 0
1484569691.691493000 0 0
1484569691.729575000 0 0
1484569693.655915000 0 0
1484569693.668767000 0 0
1484569693.672802000 0 35544
1484569693.689762000 0 0
1484569693.693213000 0 0
1484569693.659956000 0 0
1484569693.696318000 0 0
1484569701.816217000 0 339380
1484569701.857661000 0 0
1484569701.856664000 0 0
1484569701.867232000 0 0
1484569701.866280000 0 0
1484569716.909872000 0 339380
1484569716.950871000 0 0
1484569716.949839000 0 0
1484569717.015096000 0 0
1484569717.004097000 0 0
1484569732.081051000 0 339380
1484569732.121186000 0 0
1484569732.120076000 0 0
1484569732.130341000 0 0
1484569732.129385000 0 0
1484569747.177660000 0 339382
1484569747.219662000 0 0
1484569747.218682000 0 0
1484569747.230408000 0 0
1484569747.229435000 0 0
1484569762.269498000 0 339382
1484569762.309602000 0 0
1484569762.308595000 0 0
1484569762.319489000 0 0
1484569762.318496000 0 0
1484569777.369605000 0 337550
1484569777.410451000 0 0
1484569777.409414000 0 0
1484569777.420068000 0 0
1484569777.419084000 0 0
1484569786.371349000 0 17914
1484569786.382991000 0 0
1484569786.381916000 0 0
1484569789.871513000 0 11590
1484569792.468084000 0 330861
1484569792.508007000 0 0
1484569792.506999000 0 0
1484569792.517110000 0 0
1484569792.516122000 0 0
1484569807.552160000 0 329581
1484569807.595665000 0 0
1484569807.592769000 0 0
1484569807.610072000 0 0
1484569807.609080000 0 0
1484569822.673437000 0 344608
1484569822.714942000 0 0
1484569822.713828000 0 0
1484569822.724359000 0 0
1484569822.723285000 0 0
1484569837.757068000 0 343359
1484569837.796567000 0 0
1484569837.795449000 0 0
1484569837.806549000 0 0
1484569837.805443000 0 0
1484570086.397086000 0 17914
1484570086.409428000 0 0
1484570086.408183000 0 0
1484570095.050624000 0 11590
1484570418.142716000 0 17914
1484570418.152925000 0 0
1484570418.151887000 0 0
1484570675.027740000 0 343359
1484570675.067614000 0 0
1484570675.065578000 0 0
1484570675.075602000 0 0
1484570675.074385000 0 0
1484570690.374157000 0 343751
1484570690.445624000 0 0
1484570690.444713000 0 0
1484570690.454963000 0 0
1484570690.453895000 0 0
1484570705.472483000 0 343736
1484570705.508893000 0 0
1484570705.507788000 0 0
1484570705.515302000 0 0
1484570705.514211000 0 0
1484570718.150005000 0 17915
1484570718.160833000 0 0
1484570718.159858000 0 0
1484570720.564475000 0 343736
1484570720.600627000 0 0
1484570720.599645000 0 0
1484570720.606946000 0 0
1484570720.605983000 0 0
1484570735.613555000 0 343736
1484570735.815645000 0 0
1484570735.814545000 0 0
1484570735.946787000 0 0
1484570735.945665000 0 0
1484570751.216368000 0 344038
1484570751.409502000 0 0
1484570751.408447000 0 0
1484570751.479261000 0 0
1484570751.478153000 0 0
1484570801.585820000 0 344038
1484570801.624690000 0 0
1484570801.623589000 0 0
1484570801.634078000 0 0
1484570801.633003000 0 0
1484570816.671955000 0 344038
1484570816.710651000 0 0
1484570816.709555000 0 0
1484570816.719981000 0 0
1484570816.718910000 0 0
1484570975.313252000 0 11590
1484571018.171530000 0 17915
1484571018.182414000 0 0
1484571018.181330000 0 0
1484571349.598649000 0 17915
1484571349.609987000 0 0
1484571349.608982000 0 0
1484571387.114744000 0 344340
1484571387.154526000 0 0
1484571387.153521000 0 0
1484571387.164219000 0 0
1484571387.163164000 0 0
1484571402.265584000 0 358157
1484571402.305174000 0 0
1484571402.304174000 0 0
1484571402.313954000 0 0
1484571402.312954000 0 0
1484571421.160189000 0 122
1484571421.173427000 0 73044
1484571421.189431000 0 0
1484571421.191388000 0 0
1484571421.188341000 0 0
1484571421.190441000 0 0
1484571421.202978000 0 0
1484571421.207581000 0 0
1484571421.258718000 0 146
1484571421.276300000 0 0
1484571421.274683000 0 0
1484571421.427198000 0 193
1484571421.441846000 0 0
1484571421.440565000 0 0
1484571421.455595000 0 0
1484547530.861679000 0 32768
1484571421.465669000 0 0
1484547530.858460000 0 131015696
1484571421.533699000 0 0
1484571421.536909000 0 0
1484571421.566748000 0 11590
1484571421.570865000 0 228
1484571421.585489000 0 0
1484571421.584152000 0 0
1484547534.920750000 0 0
1484571421.609987000 0 259
1484571421.619630000 0 0
1484571421.618844000 0 0
1484571421.632978000 0 1130
1484571421.642127000 0 0
1484571421.641158000 0 0
1484571421.649213000 0 0
1484547526.058389000 0 32768
1484571421.654959000 0 288
1484571421.660022000 0 0
1484571421.665705000 0 0
1484547526.054979000 122136 17179328
1484571421.664624000 0 0
1484571421.674033000 0 0
1484571421.677128000 0 0
1484547526.048647000 6934528 6524928
1484571421.742303000 0 0
1484547534.949838000 0 32768
1484571421.753135000 0 0
1484547534.946254000 90112 5544112
1484571421.766024000 0 0
1484571421.769895000 0 0
1484571421.782203000 0 0
1484571421.794692000 0 0
1484571421.798704000 0 35602
1484571421.819546000 0 0
1484571421.824066000 0 0
1484571421.827385000 0 0
1484571421.786431000 0 0
1484571421.830924000 0 0
1484571421.888810000 0 7601
1484571421.898462000 0 0
1484571421.897433000 0 0
1484571421.907593000 0 0
1484547545.641068000 179200 117760
1484547523.663418000 65536 0
1484547523.177039000 446464 4096
1484547530.849480000 1376256 97189888
1484547523.200174000 8192 4096
1484547534.932533000 4554752 1310720
1484547526.979088000 131072 0
1484571424.562121000 0 0
1484547534.955263000 0 0
1484547522.305108000 0 0
1484571461.802948000 0 0
1484571462.907334000 0 0
1484571462.910073000 0 0
1484571462.918261000 0 0
1484571463.038525000 0 0
1484571463.311518000 0 0
1484571463.314049000 0 0
1484571463.316803000 0 0
1484571463.472285000 0 0
1484571463.475717000 0 0
1484571463.478455000 0 0
1484571463.481201000 0 0
1484571463.561737000 0 0
1484571463.564300000 0 0
1484571463.567469000 0 0
1484571463.570135000 0 0
1484571472.079465000 0 0
1484571473.577876000 0 0
1484571473.601316000 0 0
1484571473.609026000 0 0
1484571473.616721000 0 0
1484571473.652439000 0 0
1484571473.657969000 0 0
1484571473.661155000 0 0
1484571473.666623000 0 0
1484571473.669595000 0 0
1484571473.675794000 0 0
1484571473.808937000 0 0
1484571473.908816000 0 0
1484571473.936835000 0 0
1484571473.939975000 0 0
1484571473.943034000 0 0
1484571473.946254000 0 0
1484571473.949261000 0 0
1484571473.978783000 0 0
1484571474.033005000 0 0
1484571474.089811000 0 0
1484571474.093562000 0 0
1484571474.124299000 0 0
1484571474.131486000 0 0
1484571474.206914000 0 0
1484571474.218315000 0 0
1484571474.221572000 0 0
1484571474.228580000 0 0
1484571474.271556000 0 0
1484571474.274670000 0 0
1484571474.277797000 0 0
1484571474.313837000 0 0
1484571474.596954000 0 0
1484571474.604097000 0 0
1484571474.617252000 0 0
1484571474.644202000 0 0
1484571474.681050000 0 0
1484571474.767256000 0 0
1484571474.940373000 0 0
1484571474.980223000 0 0
1484571474.984291000 0 18830
1484571475.165939000 0 0
1484571475.169751000 0 0
1484571474.965474000 18830 0
1484571474.972419000 0 0
1484571475.173381000 0 0
1484571475.271817000 0 0
1484571475.398923000 0 0
1484571475.422661000 0 0
1484571475.427408000 0 2
1484571475.663907000 0 0
1484571475.667496000 0 0
1484571474.610428000 2 0
1484571475.411713000 0 0
1484571475.670848000 0 0
1484571475.848085000 1900544 0
1484571476.058126000 0 0
1484571476.196309000 0 0
1484571476.376258000 0 53
1484571475.319820000 288 0
1484571476.386472000 0 0
1484571476.467129000 0 0
1484571476.499399000 0 0
1484571476.508438000 0 0
1484571476.529169000 0 0
1484571476.564337000 0 0
1484571476.580538000 0 0
1484571476.594788000 0 0
1484571476.569792000 0 0
1484571476.562651000 0 0
1484571476.603710000 0 90
1484571476.612453000 0 0
1484571476.671339000 0 0
1484571476.627892000 0 0
1484571476.717267000 0 0
1484571476.726262000 0 0
1484571476.711520000 0 4096
1484571476.733757000 0 0
1484571476.708132000 0 0
1484571476.743185000 0 0
1484571476.775994000 0 0
1484571477.966224000 0 0
1484571477.970810000 0 35548
1484571477.991964000 0 0
1484571477.995580000 0 0
1484571473.918182000 35602 0
1484571477.957888000 0 0
1484571477.999168000 0 0
1484571478.017021000 0 122
1484571478.027187000 0 0
1484571476.404671000 73044 0
1484571478.024883000 0 0
1484571478.024560000 0 0
1484571478.048442000 0 0
1484571478.056039000 0 0
1484571478.054492000 0 0
1484571478.050649000 0 146
1484571478.067379000 0 0
1484571478.064561000 0 992
1484571478.115922000 0 0
1484571478.159097000 0 181
1484571478.162467000 0 0
1484571476.768139000 0 4096
1484571478.171554000 0 0
1484571478.170509000 0 0
1484571476.753491000 0 0
1484571478.183048000 0 0
1484571478.182853000 0 212
1484571478.192352000 0 0
1484571478.204069000 0 0
1484571476.052452000 0 32768
1484571474.079994000 11590 0
1484571478.235977000 0 259
1484571478.237632000 0 0
1484571478.236170000 0 11590
1484571476.048838000 0 693040
1484571478.251868000 0 0
1484571478.262160000 0 0
1484571478.267730000 0 1161
1484571475.405396000 1130 0
1484571478.279940000 0 0
1484571478.308469000 0 288
1484571478.317319000 0 0
1484571478.325990000 0 0
1484571474.628391000 0 32768
1484571478.334744000 0 0
1484571474.625104000 0 53624
1484571478.393957000 0 0
1484571478.515031000 0 0
1484571476.483294000 0 4096
1484571478.522808000 0 0
1484571476.479760000 0 0
1484571478.535428000 0 0
1484571478.542121000 0 0
1484571478.555391000 0 0
1484571478.559488000 0 35606
1484571478.581827000 0 0
1484571478.585602000 0 0
1484571478.546437000 0 0
1484571478.589326000 0 0
1484571478.608646000 0 0
1484571478.628420000 0 0
1484571478.633147000 0 0
1484571478.637637000 0 0
1484571478.641822000 0 0
1484571478.646172000 0 0
1484571478.650308000 0 0
1484571478.690745000 0 0
1484571478.701503000 0 0
1484571478.712823000 0 137
1484571478.722502000 0 0
1484571478.696429000 137 0
1484571478.721572000 0 0
1484571478.757286000 0 15538
1484571478.767363000 0 0
1484571478.766426000 0 0
1484571478.774875000 0 0
1484571478.805475000 0 6903
1484571478.814289000 0 0
1484571478.813329000 0 0
1484571478.843720000 0 0
1484571478.822006000 0 0
1484571478.858173000 0 0
1484571478.886208000 0 0
1484571478.912681000 0 0
1484571478.952906000 0 0
1484547360.046739000 0 0
1484571476.201969000 0 0
1484571476.584195000 0 0
1484571476.495054000 0 0
1484571463.399148000 574 0
1484571463.507479000 504 0
1484571463.588128000 504 0
1484571473.664649000 0 0
1484571462.925317000 282 0
1484571473.614422000 10 0
1484571473.646690000 10 0
1484571473.656069000 150 0
1484571473.697353000 208 0
1484571474.045083000 16384 0
1484571474.286040000 185 0
1484571474.697749000 11329 0
1484571474.791462000 237378 0
1484571475.324838000 116 0
1484571475.528773000 3403 0
1484571475.536910000 309 0
1484571476.237597000 3734 0
1484571476.488095000 1251 0
1484571476.554079000 29 0
1484571476.564495000 34995 0
1484571475.644937000 29 0
1484571476.703553000 40960 0
1484571474.062344000 446464 4096
1484571474.317208000 65536 0
1484571474.067882000 8192 4096
1484571476.039427000 1310720 294912
1484571474.620768000 421888 53248
1484571476.470525000 1835008 0
1484571478.682486000 51 0
1484571475.275814000 131072 0
1484571479.335018000 9216 0
