1484552397.569193000 0 0
1484552397.644281000 0 0
1484552397.655232000 0 0
1484552397.666152000 0 0
1484552397.676819000 0 0
1484552399.032748000 139 0
1484552401.478485000 282 0
1484552402.521258000 0 0
1484552402.524383000 0 0
1484552402.532668000 0 0
1484552404.050885000 0 0
1484552404.053225000 0 0
1484552404.057820000 0 0
1484552404.059909000 0 0
1484552404.084375000 0 0
1484552404.173701000 0 0
1484552404.176274000 0 0
1484552404.198241000 0 0
1484552404.200654000 0 0
1484552404.212721000 0 0
1484552404.215099000 0 0
1484552404.217652000 0 0
1484552404.219925000 0 0
1484552404.102079000 0 0
1484552404.118486000 280 0
1484552404.151393000 363 0
1484552404.191747000 574 0
1484552404.356098000 504 0
1484552404.130077000 1472 0
1484552404.165762000 1575 0
1484552404.343482000 679 0
1484552402.471715000 282 0
1484552466.907825000 0 0
1484552468.988249000 0 0
1484552469.004431000 0 0
1484552469.010503000 0 0
1484552469.016213000 0 0
1484552469.037569000 0 0
1484552469.055128000 0 0
1484552469.066401000 0 0
1484552469.180820000 0 0
1484552469.183654000 0 0
1484552469.197361000 0 0
1484552469.256606000 0 0
1484552469.298143000 0 0
1484552469.327575000 0 0
1484552469.372632000 0 0
1484552469.457400000 0 0
1484552469.460218000 0 0
1484552469.462938000 0 0
1484552469.465229000 0 0
1484552469.467330000 0 0
1484552469.498041000 0 0
1484552469.512201000 0 0
1484552469.514874000 0 0
1484552469.665505000 0 0
1484552469.670566000 0 0
1484552469.814121000 0 0
1484552470.027714000 0 0
1484552470.071262000 0 0
1484552470.117857000 0 0
1484552470.280404000 0 0
1484552470.314617000 0 0
1484552470.318655000 0 18830
1484552470.488637000 0 0
1484552470.491567000 0 0
1484552470.301565000 18830 0
1484552470.308359000 0 0
1484552470.494259000 0 0
1484552470.684588000 0 0
1484552470.735560000 0 0
1484552470.897561000 0 0
1484552470.968833000 0 0
1484552471.023031000 0 0
1484552471.139777000 0 0
1484552471.346539000 0 0
1484552471.349049000 0 0
1484552471.696800000 0 0
1484552471.710103000 0 0
1484552471.715261000 0 0
1484552471.741540000 0 0
1484552471.713757000 0 0
1484552471.745075000 0 0
1484552471.778130000 0 0
1484552471.828519000 0 0
1484552471.831467000 0 0
1484552471.844436000 0 0
1484552471.847250000 0 0
1484552471.758678000 0 0
1484552471.851161000 0 0
1484552472.446638000 0 0
1484552472.489415000 0 0
1484552472.545348000 0 0
1484552472.617639000 0 0
1484552472.890917000 196608 0
1484552472.940561000 0 0
1484552473.002811000 0 0
1484552473.048668000 0 0
1484552473.067344000 0 0
1484552473.105091000 0 0
1484552473.378580000 0 0
1484552473.382685000 0 2
1484552473.390963000 0 0
1484552473.393964000 0 0
1484552472.622736000 2 0
1484552473.365373000 0 0
1484552473.397051000 0 0
1484552473.408058000 0 53
1484552470.692979000 204 0
1484552473.415486000 0 0
1484552474.220151000 0 0
1484552474.228823000 0 0
1484552473.806362000 310773 5920
1484552472.473619000 71150 41416
1484552477.776989000 27688 19413
1484552470.031290000 0 0
1484552468.985131000 282 0
1484552469.014461000 10 0
1484552469.025961000 10 0
1484552469.052888000 111 0
1484552469.211581000 208 0
1484552469.320254000 28715 0
1484552469.342144000 4431 0
1484552469.385124000 16384 0
1484552469.463364000 705 0
1484552469.689464000 497 0
1484552470.064093000 11475 0
1484552470.086119000 7587 0
1484552470.142738000 208620 0
1484552470.703198000 3072 0
1484552470.929173000 266919 0
1484552470.973186000 8 0
1484552471.029028000 504 0
1484552471.089269000 7636 0
1484552471.153252000 6992 0
1484552471.706376000 952 0
1484552471.912081000 10 0
1484552472.452456000 382 0
1484552472.502295000 2096 0
1484552473.443099000 9188 0
1484552471.183751000 25 0
1484552473.492367000 9833 0
1484552473.500897000 560 0
1484552501.703655000 0 6992
1484552501.713523000 0 0
1484552526.811594000 0 0
1484552526.825166000 0 0
1484552526.841222000 0 0
1484552526.849854000 0 0
1484552526.993665000 0 3074
1484552526.970011000 3074 0
1484552527.002521000 0 0
1484552527.834738000 0 0
1484552527.849064000 0 0
1484552529.972656000 0 0
1484552529.994484000 0 137
1484552530.002759000 0 0
1484552529.981935000 137 0
1484552530.001874000 0 0
1484552530.135367000 0 0
1484552530.142804000 0 0
1484552530.161796000 0 0
1484552530.166816000 0 7284
1484552530.175949000 0 0
1484552530.174952000 0 0
1484552530.184200000 0 0
1484552530.188935000 0 0
1484552530.193380000 0 0
1484552527.975805000 0 0
1484552546.411581000 0 0
1484552546.414931000 0 0
1484552546.828836000 0 0
1484552546.832828000 0 0
1484552546.839506000 0 0
1484552546.846147000 0 0
1484552546.867096000 0 0
1484552546.871520000 0 0
1484552546.874690000 0 0
1484552546.880145000 0 0
1484552546.895998000 0 0
1484552546.912821000 0 0
1484552547.107095000 0 0
1484552547.143372000 0 0
1484552547.173960000 0 0
1484552547.197569000 0 0
1484552547.200285000 0 0
1484552547.202623000 0 0
1484552547.205055000 0 0
1484552547.207131000 0 0
1484552547.238819000 0 0
1484552547.284381000 0 0
1484552547.432043000 0 0
1484552547.435804000 0 0
1484552547.438723000 0 0
1484552547.463682000 0 0
1484552547.481924000 0 0
1484552547.500145000 0 0
1484552547.505221000 0 0
1484552547.513007000 0 0
1484552547.510758000 0 0
1484552547.529975000 0 0
1484552547.553784000 0 0
1484552547.557323000 0 0
1484552547.560761000 0 0
1484552547.564361000 0 0
1484552547.567867000 0 0
1484552547.571239000 0 0
1484552547.574068000 0 0
1484552547.576857000 0 0
1484552547.579758000 0 0
1484552547.591579000 0 0
1484552547.594720000 0 0
1484552547.597764000 0 0
1484552547.601062000 0 0
1484552547.604111000 0 0
1484552547.607881000 0 0
1484552547.619524000 0 0
1484552547.622749000 0 0
1484552547.625762000 0 0
1484552547.628805000 0 0
1484552547.631892000 0 0
1484552547.635590000 0 0
1484552547.638598000 0 0
1484552547.641621000 0 0
1484552547.644870000 0 0
1484552547.647850000 0 0
1484552547.650893000 0 0
1484552547.653970000 0 0
1484552547.657247000 0 0
1484552547.660514000 0 0
1484552547.663628000 0 0
1484552547.666633000 0 0
1484552547.669809000 0 0
1484552547.672893000 0 0
1484552547.675983000 0 0
1484552547.679403000 0 0
1484552547.682469000 0 0
1484552547.685680000 0 0
1484552547.688685000 0 0
1484552547.691740000 0 0
1484552547.694959000 0 0
1484552547.698283000 0 0
1484552547.700969000 0 0
1484552547.713488000 0 0
1484552547.716566000 0 0
1484552547.719866000 0 0
1484552547.722917000 0 0
1484552547.726146000 0 0
1484552547.729511000 0 0
1484552547.732228000 0 0
1484552547.735343000 0 0
1484552547.738557000 0 0
1484552547.741719000 0 0
1484552547.744491000 0 0
1484552547.747274000 0 0
1484552547.750670000 0 0
1484552547.753438000 0 0
1484552547.757076000 0 0
1484552547.759759000 0 0
1484552547.762625000 0 0
1484552547.765718000 0 0
1484552547.768505000 0 0
1484552547.771786000 0 0
1484552547.774576000 0 0
1484552547.777519000 0 0
1484552547.780200000 0 0
1484552547.782963000 0 0
1484552547.786228000 0 0
1484552547.789516000 0 0
1484552547.551070000 0 0
1484552547.793660000 0 0
1484552547.796667000 0 0
1484552547.799382000 0 0
1484552547.804287000 0 0
1484552547.806940000 0 0
1484552547.810116000 0 0
1484552547.812739000 0 0
1484552547.816818000 0 0
1484552547.819732000 0 0
1484552547.822301000 0 0
1484552547.824826000 0 0
1484552547.827576000 0 0
1484552547.815530000 0 0
1484552547.831212000 0 0
1484552547.802335000 0 0
1484552547.835119000 0 0
1484552547.839224000 0 0
1484552547.841777000 0 0
1484552547.844570000 0 0
1484552547.837915000 0 0
1484552547.848209000 0 0
1484552547.850823000 0 0
1484552548.042673000 0 0
1484552548.048617000 0 0
1484552548.053906000 0 0
1484552548.058650000 0 0
1484552548.066553000 0 0
1484552548.070920000 0 0
1484552548.064308000 0 0
1484552548.077329000 0 0
1484552547.487936000 0 0
1484552548.083802000 0 0
1484552548.091748000 0 0
1484552548.099691000 0 0
1484552548.103841000 0 0
1484552548.097396000 0 0
1484552548.110118000 0 0
1484552548.117675000 0 0
1484552548.121966000 0 0
1484552548.115689000 0 0
1484552548.127736000 0 0
1484552548.135059000 0 0
1484552548.139722000 0 0
1484552548.132952000 0 0
1484552548.145972000 0 0
1484552548.153290000 0 0
1484552548.166696000 0 0
1484552548.151348000 0 0
1484552548.179769000 0 0
1484552548.186901000 0 0
1484552548.191498000 0 0
1484552548.185064000 0 0
1484552548.089710000 0 0
1484552548.199051000 0 0
1484552548.206711000 0 0
1484552548.211255000 0 0
1484552548.216078000 0 0
1484552548.220171000 0 0
1484552548.224926000 0 0
1484552548.204598000 0 0
1484552547.479719000 0 0
1484552548.241595000 0 0
1484552548.246280000 0 0
1484552548.250631000 0 0
1484552548.266562000 0 0
1484552548.300785000 0 0
1484552548.304855000 0 0
1484552548.256009000 0 0
1484552547.462126000 0 0
1484552548.330754000 0 0
1484552548.339888000 0 0
1484552548.409189000 0 0
1484552548.419894000 0 0
1484552548.423168000 0 0
1484552548.430209000 0 0
1484552548.558233000 0 0
1484552548.561462000 0 0
1484552548.564381000 0 0
1484552548.628596000 0 0
1484552549.042150000 0 0
1484552549.047585000 0 0
1484552549.070565000 0 0
1484552549.101236000 0 0
1484552549.133180000 0 0
1484552549.280052000 0 0
1484552549.316247000 0 0
1484552549.341775000 0 0
1484552549.457045000 0 0
1484552549.512921000 0 0
1484552549.518214000 0 18830
1484552549.778188000 0 0
1484552549.781980000 0 0
1484552549.491216000 18830 0
1484552549.501406000 0 0
1484552549.785331000 0 0
1484552549.834894000 0 0
1484552549.971882000 0 0
1484552550.172781000 0 0
1484552550.177263000 0 2
1484552550.188952000 0 0
1484552550.193404000 0 0
1484552549.052776000 2 0
1484552550.158195000 0 0
1484552550.196426000 0 0
1484552550.664766000 1572864 0
1484552551.136037000 0 0
1484552551.177851000 0 0
1484552527.837455000 139 0
1484552527.977503000 16762 0
1484552551.256663000 0 0
1484552551.425920000 0 0
1484552551.527908000 0 0
1484552551.597349000 0 53
1484552549.903927000 146 0
1484552551.604749000 0 0
1484552551.660022000 0 0
1484552551.670078000 0 0
1484552551.674774000 0 0
1484552551.700240000 0 0
1484552551.706671000 0 0
1484552551.717306000 0 0
1484552551.703179000 0 0
1484552551.691526000 0 0
1484552551.736742000 0 90
1484552551.743091000 0 0
1484552551.770818000 0 0
1484552551.780272000 0 0
1484552551.766013000 0 4096
1484552551.788104000 0 0
1484552551.762532000 0 0
1484552551.796855000 0 0
1484552551.751953000 0 0
1484552551.812866000 0 0
1484552530.221896000 51 0
1484552551.432236000 0 0
1484552563.837950000 0 0
1484552551.808059000 0 4096
1484552563.846123000 0 0
1484552563.851927000 0 0
1484552551.804849000 0 0
1484552563.859257000 0 0
1484552546.826087000 282 0
1484552546.843859000 10 0
1484552546.862048000 10 0
1484552546.869618000 139 0
1484552546.936222000 208 0
1484552547.176483000 16762 0
1484552547.305845000 16384 0
1484552547.416792000 1692 0
1484552548.571332000 377 0
1484552548.574867000 843 0
1484552549.332950000 7587 0
1484552549.366152000 237211 0
1484552549.895878000 116 0
1484552549.974917000 815 0
1484552549.987050000 3691 0
1484552550.157747000 309 0
1484552550.177458000 4984 0
1484552550.359736000 803 0
1484552550.412423000 5073 0
1484552551.461717000 5332 0
1484552551.686640000 29 0
1484552551.692293000 4071 0
1484552551.713794000 34995 0
1484552550.201320000 47 0
1484552580.398346000 0 4018
1484552580.409436000 0 0
1484552554.343212000 6996 0
1484552581.404631000 0 0
1484552581.424437000 0 0
1484552581.429244000 0 16900
1484552581.446874000 0 0
1484552581.453480000 0 0
1484552581.458339000 0 0
1484552581.411093000 0 0
1484552581.462789000 0 0
1484552551.756593000 40960 0
1484552588.488522000 0 0
1484552601.954461000 0 0
1484552601.976895000 0 0
1484552604.087379000 0 0
1484552605.631205000 0 0
1484552605.643426000 0 0
1484552605.657245000 0 0
1484552605.666486000 0 0
1484552605.704489000 0 66
1484552605.691313000 66 0
1484552605.713578000 0 0
1484552608.721838000 0 136
1484552608.732842000 0 0
1484552608.702140000 136 0
1484552608.730879000 0 0
1484552608.785272000 0 0
1484552608.800507000 0 0
1484552608.795835000 0 0
1484552608.814061000 0 16682
1484552608.824542000 0 0
1484552608.864883000 0 6941
1484552608.876890000 0 0
1484552608.875097000 0 0
1484552608.775481000 16682 0
1484552608.891376000 0 0
1484552608.899651000 0 0
1484552609.052189000 0 14330
1484552609.064343000 0 0
1484552609.062670000 0 0
1484552609.084124000 0 0
1484552609.106861000 0 0
1484552609.123467000 0 0
1484552609.137178000 0 0
1484552609.158512000 0 0
1484552609.168414000 0 0
1484552609.185112000 0 0
1484552609.193772000 0 0
1484552609.201341000 0 0
1484552609.210357000 0 0
1484552609.218271000 0 0
1484552609.225911000 0 0
1484552609.314977000 0 0
1484552609.348038000 0 0
1484552609.359572000 0 0
1484552609.367720000 0 0
1484552609.375942000 0 0
1484552609.382619000 0 0
1484552609.417367000 0 0
1484552609.422676000 0 0
1484552609.428346000 0 0
1484552609.433319000 0 0
1484552609.452021000 0 0
1484552609.594927000 0 0
1484552609.608907000 0 0
1484552609.614543000 0 0
1484552609.624125000 0 0
1484552609.633882000 0 0
1484552609.642128000 0 0
1484552609.651402000 0 0
1484552609.675616000 0 0
1484552609.689104000 0 0
1484552609.696275000 0 0
1484552609.703274000 0 0
1484552609.719713000 0 0
1484552609.736315000 0 0
1484552609.743155000 0 0
1484552609.760949000 0 0
1484552609.795870000 0 0
1484552609.802650000 0 0
1484552609.809593000 0 0
1484552609.826114000 0 0
1484552609.836216000 0 0
1484552609.843012000 0 0
1484552609.850131000 0 0
1484552609.856491000 0 0
1484552609.863158000 0 0
1484552609.870191000 0 0
1484552609.876975000 0 0
1484552609.884113000 0 0
1484552609.890760000 0 0
1484552609.897838000 0 0
1484552609.908757000 0 0
1484552609.924285000 0 0
1484552609.931669000 0 0
1484552609.946598000 0 0
1484552609.960921000 0 0
1484552610.104132000 0 0
1484552610.110993000 0 0
1484552601.958344000 5073 0
1484552631.965303000 0 3691
1484552631.974956000 0 0
1484552608.760509000 51 0
1484552710.631446000 0 7636
1484552710.645023000 0 0
1484552710.642980000 0 0
1484552770.875043000 0 0
1484552481.360179000 43989 0
1484552771.027891000 0 0
1484552771.057541000 601996 4078
1484552771.284324000 0 0
1484552771.304670000 0 0
1484552772.472074000 0 382
1484552772.485419000 0 0
1484552772.484045000 0 0
1484552774.228298000 0 705
1484552771.009014000 3713 0
1484552771.299566000 3022 0
1484552806.621144000 0 0
1484552806.639292000 0 0
1484552830.218466000 0 7287
1484552830.228165000 0 0
1484552830.226669000 0 0
1484552832.097518000 0 208787
1484552832.123249000 0 0
1484552832.122337000 0 0
1484552836.627879000 0 4056
1484552836.638569000 0 0
1484552836.637655000 0 0
1484552889.067718000 0 0
1484552889.610253000 0 0
1484552890.004261000 0 0
1484552890.008976000 0 0
1484552890.018872000 0 0
1484552890.046168000 0 0
1484552890.049837000 0 0
1484552908.311023000 0 4103
1484552908.325243000 0 0
1484552908.323574000 0 0
1484552909.107885000 0 15779
1484552909.118433000 0 0
1484552909.117391000 0 0
1484552890.029188000 282 0
1484552890.053621000 574 0
1484552935.981982000 0 0
1484552950.414786000 0 0
1484552950.420791000 0 0
1484553031.987518000 0 0
1484553032.035038000 0 0
1484553032.038236000 0 0
1484553032.046774000 0 0
1484553032.136289000 0 0
1484553032.139492000 0 0
1484553043.968237000 0 0
1484553043.984359000 0 0
1484553044.001205000 0 0
1484553044.005372000 0 0
1484553044.005321000 0 0
1484553044.127241000 0 0
1484553044.128098000 0 0
1484553044.219799000 0 0
1484553044.234780000 0 0
1484553044.233488000 0 0
1484553044.247039000 0 0
1484553044.259373000 0 0
1484553044.261866000 0 0
1484553044.264382000 0 0
1484553044.266839000 0 0
1484553044.269164000 0 0
1484553044.274611000 0 0
1484553044.281625000 0 0
1484553044.278850000 0 0
1484553044.289637000 0 0
1484553044.286662000 0 0
1484553044.316884000 0 0
1484553044.314893000 0 0
1484553044.326500000 0 0
1484553044.322607000 0 0
1484553044.348098000 0 0
1484553044.354754000 0 0
1484553044.355460000 0 0
1484553044.358164000 0 0
1484553044.360948000 0 0
1484553044.364078000 0 0
1484553044.387952000 0 0
1484553044.387642000 0 0
1484553044.387830000 0 0
1484553044.384880000 0 0
1484553044.401258000 0 0
1484553044.399640000 0 0
1484553044.410633000 0 0
1484553044.412888000 0 0
1484553044.415216000 0 0
1484553044.417403000 0 0
1484553044.420928000 0 0
1484553044.428079000 0 0
1484553044.547685000 0 0
1484553044.545884000 0 0
1484553044.556335000 0 0
1484553044.649134000 0 0
1484553044.681187000 0 0
1484553044.677702000 0 0
1484553044.386396000 0 165
1484553032.050587000 574 0
1484553010.833408000 564 0
1484553044.334175000 4120 0
1484553044.337489000 0 0
1484553044.341098000 15265 0
1484553071.433594000 0 0
1484553071.441911000 0 0
1484553071.438488000 3713 0
1484553071.446791000 3022 0
1484553130.255278000 0 8413
1484553130.265958000 0 0
1484553130.264668000 0 0
1484553130.538501000 0 0
1484553130.561724000 0 0
1484553130.567753000 0 0
1484553130.568479000 0 16902
1484553130.588277000 0 0
1484553130.597427000 0 0
1484553130.603779000 0 0
1484553130.606031000 0 0
1484553130.544627000 0 0
1484553130.612081000 0 0
1484553130.631228000 0 0
1484553130.701390000 0 0
1484553130.708085000 0 0
1484553130.637268000 0 28794
1484553130.728195000 0 0
1484553130.738725000 0 0
1484553130.741154000 0 0
1484553130.744403000 0 0
1484553130.750217000 0 0
1484553130.752276000 0 0
1484553130.754652000 0 0
1484553130.755917000 0 0
1484553130.610995000 0 0
1484553130.761407000 0 0
1484553130.759197000 0 0
1484553130.762323000 0 0
1484553130.780150000 0 0
1484553130.784058000 0 0
1484553130.787588000 0 0
1484553130.790709000 0 0
1484553130.788768000 0 0
1484553130.802402000 0 0
1484553130.812677000 0 0
1484553130.808568000 0 0
1484553130.819725000 0 0
1484553130.817537000 0 0
1484553130.750639000 0 0
1484553130.833699000 0 0
1484553130.840246000 0 0
1484553130.843766000 0 0
1484553130.860608000 0 0
1484553130.875621000 0 0
1484553130.876522000 0 0
1484553130.858857000 0 0
1484553130.878647000 0 0
1484553130.838334000 0 0
1484553130.891161000 0 0
1484553130.890987000 0 0
1484553130.862528000 0 4096
1484553130.897907000 0 0
1484553130.902363000 0 0
1484553130.849177000 0 0
1484553130.910053000 0 0
1484553130.870863000 0 4096
1484553130.912357000 0 0
1484553130.918024000 0 0
1484553130.865202000 0 0
1484553130.928335000 0 0
1484553130.938236000 0 0
1484553130.942265000 0 0
1484553130.954536000 0 0
1484553130.926302000 0 4096
1484553130.962906000 0 0
1484553130.912355000 0 0
1484553130.969345000 0 0
1484553130.932816000 0 4096
1484553130.972938000 0 0
1484553130.977816000 0 0
1484553130.916755000 0 0
1484553130.987781000 0 0
1484553142.770297000 0 0
1484553130.751891000 0 4096
1484553142.778669000 0 0
1484553142.785005000 0 0
1484553130.745194000 0 0
1484553142.793143000 0 0
1484553150.144335000 0 4071
1484553150.155752000 0 0
1484553130.775944000 29 0
1484553130.796389000 63 0
1484553130.827674000 46 0
1484553130.872173000 53 0
1484553130.841607000 45056 0
1484553130.857841000 135168 0
1484553130.904104000 45056 0
1484553130.908114000 45056 0
1484553130.733428000 45056 0
1484553209.152297000 0 16252
1484553209.165373000 0 0
1484553209.163618000 0 0
1484553270.732467000 0 237378
1484553270.760664000 0 0
1484553270.759814000 0 0
1484553371.456342000 0 0
1484553371.468796000 0 0
1484553389.117003000 0 0
1484553389.123923000 0 0
1484553389.129211000 0 0
1484553389.133041000 0 0
1484553389.152316000 0 0
1484553389.172145000 0 0
1484553389.193229000 0 0
1484553389.211686000 0 0
1484553389.221342000 0 0
1484553389.264358000 0 0
1484553389.288715000 0 0
1484553389.307625000 0 0
1484553389.327750000 0 0
1484553389.342539000 0 0
1484553389.362154000 0 0
1484553389.389941000 0 0
1484553389.413758000 0 0
1484553389.490659000 0 0
1484553389.504915000 0 0
1484553389.516081000 0 0
1484553389.548352000 0 0
1484553389.566538000 0 0
1484553389.586494000 0 0
1484553389.606437000 0 0
1484553389.627857000 0 0
1484553389.644709000 0 0
1484553389.666737000 0 0
1484553389.683859000 0 0
1484553389.695669000 0 0
1484553389.707156000 0 0
1484553389.729248000 0 0
1484553389.744337000 0 0
1484553389.755796000 0 0
1484553389.767724000 0 0
1484553389.780249000 0 0
1484553389.791981000 0 0
1484553389.813873000 0 0
1484553389.838170000 0 0
1484553389.861084000 0 0
1484553389.876742000 0 0
1484553389.898468000 0 0
1484553389.923772000 0 0
1484553389.942943000 0 0
1484553389.966700000 0 0
1484553389.984929000 0 0
1484553390.005738000 0 0
1484553390.018486000 0 0
1484553390.040249000 0 0
1484553390.051951000 0 0
1484553390.068333000 0 0
1484553390.085528000 0 0
1484553390.108087000 0 0
1484553390.130352000 0 0
1484553390.147951000 0 0
1484553390.161853000 0 0
1484553390.181116000 0 0
1484553390.192800000 0 0
1484553390.214088000 0 0
1484553390.231532000 0 0
1484553390.243656000 0 0
1484553390.255291000 0 0
1484553390.270894000 0 0
1484553390.289028000 0 0
1484553390.305812000 0 0
1484553390.326395000 0 0
1484553390.344706000 0 0
1484553390.361678000 0 0
1484553390.381858000 0 0
1484553390.401529000 0 0
1484553390.422746000 0 0
1484553390.436518000 0 0
1484553390.457345000 0 0
1484553390.474590000 0 0
1484553390.495536000 0 0
1484553390.512969000 0 0
1484553390.537041000 0 0
1484553390.555500000 0 0
1484553390.572670000 0 0
1484553390.586654000 0 0
1484553390.601521000 0 0
1484553390.616807000 0 0
1484553390.635065000 0 0
1484553390.651832000 0 0
1484553390.667316000 0 0
1484553390.682567000 0 0
1484553390.701310000 0 0
1484553390.722609000 0 0
1484553390.737102000 0 0
1484553390.749204000 0 0
1484553390.769649000 0 0
1484553390.788073000 0 0
1484553390.821620000 0 0
1484553390.841082000 0 0
1484553390.909713000 0 0
1484553390.926231000 0 0
1484553390.945868000 0 0
1484553390.969980000 0 0
1484553390.989391000 0 0
1484553391.006888000 0 0
1484553391.017983000 0 0
1484553391.031789000 0 0
1484553391.056000000 0 0
1484553391.079992000 0 0
1484553391.094574000 0 0
1484553391.106550000 0 0
1484553391.124122000 0 0
1484553391.141740000 0 0
1484553391.155395000 0 0
1484553391.168025000 0 0
1484553391.184921000 0 0
1484553391.198438000 0 0
1484553391.209027000 0 0
1484553391.218809000 0 0
1484553391.233958000 0 0
1484553391.247155000 0 0
1484553391.303750000 0 0
1484553391.312218000 0 0
1484553391.320600000 0 0
1484553391.326319000 0 0
1484553391.331124000 0 0
1484553391.336611000 0 0
1484553391.382169000 0 0
1484553391.388409000 0 0
1484553391.391685000 0 0
1484553391.386030000 0 0
1484553391.397927000 0 0
1484553391.401646000 0 0
1484553391.406997000 0 0
1484553391.410051000 0 0
1484553391.317630000 0 0
1484553391.415574000 0 0
1484553391.420456000 0 0
1484553391.424895000 0 0
1484553391.428984000 0 0
1484553391.432834000 0 0
1484553391.436217000 0 0
1484553391.439985000 0 0
1484553391.443164000 0 0
1484553391.446786000 0 0
1484553391.450443000 0 0
1484553391.453975000 0 0
1484553391.418929000 0 0
1484553391.459648000 0 0
1484553391.463483000 0 0
1484553391.310485000 0 0
1484553391.301528000 0 0
1484553391.517651000 0 4984
1484553391.530868000 0 0
1484553391.528906000 0 0
1484553371.463281000 3713 0
1484553371.475731000 3022 0
1484553389.148022000 4187 0
1484553389.158440000 121 0
1484553389.187422000 16167 0
1484553389.208020000 1654 0
1484553389.217393000 843 0
1484553389.259015000 18294 0
1484553389.284419000 6148 0
1484553389.303042000 4789 0
1484553389.323292000 5577 0
1484553389.338214000 4873 0
1484553389.357797000 4347 0
1484553389.385880000 3235 0
1484553389.408809000 999 0
1484553389.485309000 17814 0
1484553389.501184000 2071 0
1484553389.512499000 1690 0
1484553389.544361000 1366 0
1484553389.562547000 2721 0
1484553389.582263000 1498 0
1484553389.602478000 1637 0
1484553389.624476000 1365 0
1484553389.640973000 1332 0
1484553389.662826000 1776 0
1484553389.680102000 1335 0
1484553389.692294000 1798 0
1484553389.703418000 1738 0
1484553389.725755000 1562 0
1484553389.740687000 1598 0
1484553389.752110000 1337 0
1484553389.763797000 1335 0
1484553389.776172000 1859 0
1484553389.788306000 1341 0
1484553389.810370000 1489 0
1484553389.833845000 3806 0
1484553389.857362000 1477 0
1484553389.873082000 1495 0
1484553389.894704000 1424 0
1484553389.916670000 1886 0
1484553389.938619000 1520 0
1484553389.962808000 1476 0
1484553389.981151000 1520 0
1484553390.001132000 1578 0
1484553390.014533000 1508 0
1484553390.036470000 3045 0
1484553390.047950000 1407 0
1484553390.064377000 1484 0
1484553390.081994000 1414 0
1484553390.103927000 1557 0
1484553390.126650000 1286 0
1484553390.143681000 1477 0
1484553390.158581000 1337 0
1484553390.177309000 1561 0
1484553390.189280000 2347 0
1484553390.210188000 1352 0
1484553390.227391000 1699 0
1484553390.240036000 1563 0
1484553390.251450000 1366 0
1484553390.266878000 1364 0
1484553390.285020000 2706 0
1484553390.301988000 1393 0
1484553390.322776000 1386 0
1484553390.341304000 1374 0
1484553390.358003000 1548 0
1484553390.378262000 1549 0
1484553390.397528000 1546 0
1484553390.418190000 9243 0
1484553390.432633000 1379 0
1484553390.453452000 2152 0
1484553390.470749000 2727 0
1484553390.491696000 1331 0
1484553390.509122000 1981 0
1484553390.533141000 1538 0
1484553390.551687000 1483 0
1484553390.568916000 2264 0
1484553390.582941000 1704 0
1484553390.597889000 1313 0
1484553390.613124000 1370 0
1484553390.631440000 1774 0
1484553390.648062000 1664 0
1484553390.663476000 1457 0
1484553390.678934000 1334 0
1484553390.697851000 1986 0
1484553390.718852000 1445 0
1484553390.733248000 943 0
1484553390.745386000 943 0
1484553390.765978000 825 0
1484553390.784246000 958 0
1484553390.817827000 1510 0
1484553390.837084000 1582 0
1484553390.906003000 1385 0
1484553390.922469000 1589 0
1484553390.942081000 1662 0
1484553390.965390000 5393 0
1484553390.984892000 6835 0
1484553391.001531000 13115 0
1484553391.013945000 209 0
1484553391.027824000 1037 0
1484553391.052338000 1631 0
1484553391.076141000 4915 0
1484553391.090974000 1746 0
1484553391.102282000 5073 0
1484553391.120147000 1719 0
1484553391.137732000 4984 0
1484553391.151459000 1705 0
1484553391.163693000 4987 0
1484553391.181250000 1662 0
1484553391.194740000 3449 0
1484553391.205507000 815 0
1484553391.215029000 803 0
1484553391.230192000 1074 0
1484553391.243401000 1660 0
1484553391.296538000 3904 0
1484553430.282278000 0 8711
1484553430.293307000 0 0
1484553430.291594000 0 0
1484553449.607356000 0 1692
1484553509.187154000 0 16253
1484553509.199804000 0 0
1484553509.197814000 0 0
1484553671.491899000 0 0
1484553671.501999000 0 0
1484553671.496088000 3713 0
1484553671.508388000 3022 0
1484553789.130723000 0 64309
1484553789.144989000 0 0
1484553789.144041000 0 0
1484553789.155366000 0 0
1484553789.154485000 0 0
1484553789.162740000 0 0
1484553789.174883000 0 0
1484553789.178270000 0 0
1484553789.206983000 0 0
1484553789.221610000 0 0
1484553789.225973000 0 0
1484553789.234314000 0 0
1484553789.243711000 0 0
1484553789.248812000 0 0
1484553789.253439000 0 0
1484553789.264423000 0 0
1484553789.268171000 0 0
1484553789.353581000 0 0
1484553789.358284000 0 0
1484553789.370626000 0 0
1484553789.375449000 0 0
1484553789.380591000 0 0
1484553789.172717000 0 0
1484553789.392876000 0 0
1484553841.548284000 0 16256
1484553841.558242000 0 0
1484553841.557219000 0 0
1484553844.504400000 0 8714
1484553844.514370000 0 0
1484553844.513433000 0 0
1484553971.523179000 0 0
1484553971.532074000 0 0
1484553971.528968000 3713 0
1484553971.535783000 3022 0
1484554070.537434000 0 0
1484554070.580357000 0 0
1484554070.583705000 0 0
1484554070.592351000 0 0
1484554070.623218000 0 0
1484554070.638170000 0 0
1484554070.640943000 0 0
1484554070.665394000 0 0
1484554070.668111000 0 0
1484554070.670668000 0 0
1484554070.675543000 0 0
1484554070.702629000 0 0
1484554070.705685000 0 0
1484554070.743958000 0 0
1484554070.746801000 0 0
1484554070.749679000 0 0
1484554070.753111000 0 0
1484554070.603191000 0 0
1484554070.804336000 0 0
1484554070.807077000 0 0
1484554070.817584000 0 0
1484554070.821022000 0 0
1484554070.825219000 0 0
1484554070.837818000 0 0
1484554070.840291000 0 0
1484554070.842652000 0 0
1484554070.598791000 282 0
1484554070.675796000 398 0
1484554070.673721000 574 0
1484554070.760167000 504 0
1484554070.686639000 504 0
1484554096.180536000 0 0
1484552475.305467000 313120 13880
1484552771.020290000 0 51520
1484552771.325043000 608287 4332
1484554136.958209000 0 0
1484554141.530998000 0 16274
1484554141.540904000 0 0
1484554141.539929000 0 0
1484554144.532001000 0 8715
1484554144.543347000 0 0
1484554144.542183000 0 0
1484554268.725389000 0 0
1484554270.680151000 0 0
1484554270.683966000 0 0
1484554270.692923000 0 0
1484554270.699090000 0 0
1484554270.710169000 0 0
1484554270.712509000 0 0
1484554270.715045000 0 0
1484554270.717347000 0 0
1484554270.729144000 0 0
1484554270.731688000 0 0
1484554270.747292000 0 0
1484554270.749471000 0 0
1484554270.751789000 0 0
1484554270.765642000 0 0
1484554270.768316000 0 0
1484554271.544517000 0 0
1484554271.553794000 0 0
1484554270.696728000 574 0
1484554270.702997000 504 0
1484554270.719657000 504 0
1484554270.737366000 282 0
1484554270.757018000 398 0
1484554271.548618000 3713 0
1484554271.558179000 3022 0
1484554441.563275000 0 16275
1484554441.576423000 0 0
1484554441.574577000 0 0
1484554444.564828000 0 8715
1484554444.576450000 0 0
1484554444.575203000 0 0
1484554136.963831000 602094 5550
1484554571.568994000 0 0
1484554571.578901000 0 0
1484554571.573218000 3713 0
1484554571.583059000 3022 0
1484554675.351963000 0 0
1484554697.209208000 0 0
1484554673.377942000 1472 0
1484554675.195332000 679 0
1484554675.349779000 282 0
1484554701.945289000 0 0
1484553032.144718000 0 0
1484554701.959280000 0 0
1484554713.595305000 0 0
1484554713.598867000 0 0
1484554713.606709000 0 0
1484554741.594512000 0 16297
1484554741.608577000 0 0
1484554741.606605000 0 0
1484554744.604996000 0 8715
1484554744.616909000 0 0
1484554744.614993000 0 0
1484554763.263884000 0 0
1484554784.108954000 0 0
1484554815.761612000 282 0
1484554871.597568000 0 0
1484554871.610165000 0 0
1484554871.604418000 3713 0
1484554871.614408000 3022 0
1484552475.566380000 0 122529
1484554961.992978000 0 0
1484554966.807179000 0 0
1484554966.811822000 0 0
1484554966.821206000 0 0
1484554966.832646000 0 0
1484554966.851738000 0 0
1484554966.855800000 0 0
1484554966.860445000 0 0
1484554966.864444000 0 0
1484554966.880823000 0 0
1484554966.884563000 0 0
1484554966.898497000 0 0
1484554966.901829000 0 0
1484554966.905343000 0 0
1484554966.924561000 0 0
1484554966.927977000 0 0
1484554969.152311000 0 163567
1484554969.177602000 0 0
1484554965.995833000 163072 0
1484554969.176523000 0 0
1484554972.597141000 0 0
1484554976.212594000 0 0
1484554976.214927000 0 0
1484554976.217547000 0 0
1484554976.236083000 0 0
1484554976.249990000 0 0
1484554976.252379000 0 0
1484554976.258550000 0 0
1484554976.261105000 0 0
1484554976.263661000 0 0
1484554976.272607000 0 0
1484554976.275188000 0 0
1484554976.284716000 0 0
1484554976.288197000 0 0
1484554976.291093000 0 0
1484554961.906363000 0 64513
1484554966.888349000 282 0
1484554966.912818000 398 0
1484554966.829222000 574 0
1484554966.840680000 504 0
1484554966.870827000 504 0
1484555012.493027000 0 0
1484555034.251026000 0 0
1484555034.255048000 0 0
1484555034.265666000 0 0
1484555041.618018000 0 16297
1484555041.631097000 0 0
1484555041.629310000 0 0
1484555044.635115000 0 8715
1484555044.646085000 0 0
1484555044.644569000 0 0
1484555050.353620000 0 0
1484555051.836252000 0 164062
1484555051.862366000 0 0
1484555051.861105000 0 0
1484555054.075231000 0 0
1484555054.078460000 0 0
1484555054.086655000 0 0
1484555054.104635000 0 0
1484555054.108707000 0 0
1484555054.113920000 0 0
1484555054.124324000 0 0
1484554980.193319000 63174 0
1484555067.665930000 0 0
1484555067.726537000 0 0
1484555067.852693000 0 0
1484555067.896816000 0 0
1484555067.905030000 0 0
1484555067.931041000 0 0
1484555067.933966000 0 0
1484555067.933964000 0 0
1484555067.940233000 0 0
1484555067.942425000 0 0
1484555067.944247000 0 0
1484555067.950412000 0 0
1484555067.964674000 0 0
1484555067.967081000 0 0
1484555067.975085000 0 0
1484555067.980374000 0 0
1484555067.983094000 0 0
1484555069.499372000 0 0
1484555067.850537000 0 0
1484555069.915027000 0 0
1484555069.928835000 0 0
1484555069.934159000 0 0
1484555070.736247000 0 0
1484555069.508139000 0 0
1484555071.749620000 0 0
1484555067.913055000 0 0
1484555083.024971000 0 0
1484555083.033786000 0 0
1484555083.037851000 0 0
1484555083.068413000 0 0
1484555083.099100000 0 0
1484555083.103572000 0 0
1484555083.109441000 0 0
1484555083.112693000 0 0
1484555070.729905000 0 0
1484555083.124328000 0 0
1484555079.377799000 0 0
1484555071.745624000 0 0
1484555083.149321000 0 0
1484555083.159827000 0 0
1484555083.163709000 0 0
1484555083.164335000 0 0
1484555083.161644000 0 0
1484555083.171220000 0 0
1484555083.168792000 0 0
1484555083.183856000 0 381655
1484555083.237452000 0 0
1484555083.225456000 0 0
1484555083.262336000 0 0
1484555083.257663000 0 0
1484555083.270159000 0 0
1484555083.232626000 381655 0
1484555088.591221000 0 0
1484555089.874154000 0 164558
1484555089.899973000 0 0
1484555089.899128000 0 0
1484555091.739981000 0 0
1484555091.743785000 0 0
1484555091.752361000 0 0
1484555091.771279000 0 0
1484555091.776589000 0 0
1484555067.878297000 282 0
1484555067.947811000 574 0
1484555067.949558000 398 0
1484555067.953887000 504 0
1484555067.985650000 504 0
1484555097.780972000 0 0
1484555097.813774000 0 0
1484555097.829520000 0 0
1484555097.832191000 0 0
1484555097.835003000 0 0
1484555097.837798000 0 0
1484555097.842208000 0 0
1484555097.852589000 0 0
1484555097.855322000 0 0
1484555097.863217000 0 0
1484555097.865655000 0 0
1484555097.868837000 0 0
1484555097.822986000 0 0
1484555097.776129000 0 0
1484555118.829536000 0 0
1484555120.322061000 0 165053
1484555120.346740000 0 0
1484555120.345615000 0 0
1484555122.548128000 0 0
1484555122.551140000 0 0
1484555122.559330000 0 0
1484555122.575396000 0 0
1484555122.579693000 0 0
1484555097.797398000 282 0
1484555097.837282000 398 0
1484555097.840326000 574 0
1484555097.844719000 504 0
1484555097.871505000 504 0
1484555126.443180000 0 0
1484555126.456790000 0 0
1484555126.460050000 0 0
1484555126.465719000 0 0
1484555126.468436000 0 0
1484555126.473113000 0 0
1484555126.484349000 0 0
1484555126.486766000 0 0
1484555126.495891000 0 0
1484555126.498157000 0 0
1484555126.500504000 0 0
1484555126.503014000 0 0
1484555149.021553000 0 0
1484555126.425104000 282 0
1484555126.465863000 398 0
1484555126.471072000 574 0
1484555126.476535000 504 0
1484555126.505661000 504 0
1484555150.530056000 0 165548
1484555150.556071000 0 0
1484555150.554869000 0 0
1484555152.264214000 0 0
1484555152.267794000 0 0
1484555152.276232000 0 0
1484555152.293231000 0 0
1484555152.297471000 0 0
1484555152.312003000 0 0
1484555154.947528000 0 0
1484555154.963563000 0 0
1484555154.967309000 0 0
1484555154.973126000 0 0
1484555154.975740000 0 0
1484555154.984049000 0 0
1484555154.993897000 0 0
1484555154.996872000 0 0
1484555155.007208000 0 0
1484555155.009694000 0 0
1484555155.012204000 0 0
1484555168.513070000 0 0
1484555171.639200000 0 0
1484555171.649672000 0 0
1484555178.259511000 0 0
1484555180.517587000 0 0
1484555180.521463000 0 0
1484555180.527844000 0 0
1484555180.535658000 0 0
1484555171.643990000 3713 0
1484555171.654882000 3022 0
1484555201.244269000 0 0
1484555201.248077000 0 0
1484555201.254759000 0 0
1484555201.257695000 0 0
1484555180.514517000 564 0
1484555180.532546000 20 0
1484555180.540312000 20 0
1484555341.644937000 0 16305
1484555341.659209000 0 0
1484555341.657704000 0 0
1484555344.675641000 0 8717
1484555344.688246000 0 0
1484555344.686788000 0 0
1484555471.676423000 0 0
1484555471.686496000 0 0
1484554972.601155000 603246 11299
1484555471.682335000 3713 0
1484555471.692594000 3022 0
1484555641.685924000 0 16305
1484555641.698259000 0 0
1484555641.696443000 0 0
1484555644.696407000 0 8718
1484555644.708437000 0 0
1484555644.707048000 0 0
1484555744.707823000 0 0
1484555744.778885000 0 0
1484555744.781723000 0 0
1484555744.789944000 0 0
1484555744.821045000 0 0
1484555744.720020000 679 0
1484555744.796031000 282 0
1484555771.722947000 0 0
1484555771.736155000 0 0
1484555771.730163000 3713 0
1484555771.743146000 3022 0
1484555901.907801000 0 0
1484555901.911218000 0 0
1484555901.917065000 0 0
1484555901.923798000 0 0
1484555901.904939000 282 0
1484555901.922112000 10 0
1484555901.928694000 10 0
1484555941.701461000 0 16306
1484555941.715065000 0 0
1484555941.713872000 0 0
1484556042.282880000 0 8718
1484556042.293298000 0 0
1484556042.292175000 0 0
1484556071.754645000 0 0
1484556071.760210000 0 0
1484556071.757499000 3713 0
1484556071.762991000 3022 0
1484556131.737157000 0 0
1484556131.740320000 0 0
1484556131.743375000 0 0
1484556208.034338000 282 0
1484556241.728578000 0 16306
1484556241.744018000 0 0
1484556241.742422000 0 0
1484556250.440084000 0 0
1484556250.443829000 0 0
1484556250.453092000 0 0
1484556250.461903000 574 0
1484556267.816469000 282 0
1484556342.256606000 0 8718
1484556342.266544000 0 0
1484556342.265453000 0 0
1484556371.776188000 0 0
1484556371.783158000 0 0
1484556371.780105000 3713 0
1484556371.789508000 3022 0
1484554961.999001000 318249 13848
1484556541.738098000 0 16309
1484556541.754658000 0 0
1484556541.751701000 0 0
1484556544.062121000 0 0
1484556544.070405000 0 0
1484556544.076596000 0 0
1484556544.082892000 0 0
1484556544.057672000 282 0
1484556544.081198000 10 0
1484556544.085509000 10 0
1484556642.270101000 0 8718
1484556642.281269000 0 0
1484556642.279651000 0 0
1484556671.798567000 0 0
1484556671.807707000 0 0
1484556671.804632000 3713 0
1484556671.810599000 3022 0
1484556805.922669000 0 0
1484556841.751657000 0 16309
1484556841.762855000 0 0
1484556841.761936000 0 0
1484556942.279130000 0 8718
1484556942.289169000 0 0
1484556942.288281000 0 0
1484556971.790429000 0 0
1484556971.818984000 0 0
1484556971.825999000 0 0
1484556971.796561000 48300 4570
1484556971.822020000 3713 0
1484556971.828876000 3022 0
1484557271.837431000 0 0
1484557271.844466000 0 0
1484557271.840887000 3713 0
1484557271.848255000 3022 0
1484557415.435516000 0 8718
1484557415.450350000 0 0
1484557415.446168000 0 0
1484557419.862901000 0 16309
1484557419.872768000 0 0
1484557419.872045000 0 0
1484557571.857863000 0 0
1484557571.864533000 0 0
1484557571.861329000 3713 0
1484557571.867706000 3022 0
1484557715.448032000 0 8718
1484557715.457800000 0 0
1484557715.456872000 0 0
1484557719.875030000 0 16309
1484557719.885939000 0 0
1484557719.885060000 0 0
1484557871.744638000 0 0
1484557871.748167000 49626 1228
1484557871.890393000 0 0
1484557871.907368000 0 0
1484557871.896997000 3713 0
1484557871.911829000 3022 0
1484558028.640613000 0 8718
1484558028.782549000 0 0
1484558028.781613000 0 0
1484558029.966509000 0 16309
1484558030.010949000 0 0
1484558030.009854000 0 0
1484558030.173700000 0 0
1484558059.160589000 0 0
1484555168.517818000 63174 72072
1484558172.077289000 0 0
1484558172.278595000 0 0
1484558172.330532000 0 0
1484558172.813428000 0 387
1484558173.217584000 0 0
1484558173.216320000 0 0
1484558172.185398000 3713 0
1484558172.300239000 3022 0
1484558328.623583000 0 8718
1484558328.633361000 0 0
1484558328.632343000 0 0
1484558329.964859000 0 16309
1484558329.975195000 0 0
1484558329.974305000 0 0
1484558347.594804000 0 0
1484558347.600710000 0 0
1484558397.278451000 0 0
1484558397.324759000 0 0
1484558397.329685000 0 0
1484558397.339031000 0 0
1484558400.587676000 0 0
1484558400.591205000 0 0
1484558410.337607000 0 0
1484558414.432574000 0 0
1484558414.435604000 0 0
1484558414.444126000 0 0
1484558397.346420000 282 0
1484558400.597089000 398 0
1484558472.312474000 0 0
1484558472.319725000 0 0
1484558472.820939000 0 382
1484558472.831663000 0 0
1484558472.830575000 0 0
1484558472.315827000 3713 0
1484558472.326081000 3022 0
1484558628.630947000 0 8719
1484558628.640911000 0 0
1484558628.640017000 0 0
1484558629.987718000 0 16310
1484558630.004119000 0 0
1484558630.003099000 0 0
1484558030.194193000 606211 10939
1484558059.195265000 50380 3402
1484558772.334613000 0 0
1484558772.340440000 0 0
1484558772.337590000 3713 0
1484558772.343318000 3022 0
1484559071.764247000 0 16310
1484559071.777112000 0 0
1484559071.775542000 0 0
1484559072.356698000 0 0
1484559072.363137000 0 0
1484559072.360211000 3713 0
1484559072.367273000 3022 0
1484559355.653340000 0 8719
1484559355.665365000 0 0
1484559355.662725000 0 0
1484559371.776532000 0 16310
1484559371.788185000 0 0
1484559371.787081000 0 0
1484559372.375537000 0 0
1484559372.382382000 0 0
1484559372.378945000 3713 0
1484559372.385334000 3022 0
1484559655.665741000 0 8719
1484559655.676422000 0 0
1484559655.675364000 0 0
1484559671.823324000 0 16310
1484559671.837763000 0 0
1484559671.836863000 0 0
1484559672.393619000 0 0
1484559672.399965000 0 0
1484559672.396889000 3713 0
1484559672.405301000 3022 0
1484559971.792758000 0 0
1484559971.799964000 52554 4468
1484559972.415963000 0 0
1484559972.422712000 0 0
1484559972.419219000 3713 0
1484559972.425967000 3022 0
1484560180.575923000 0 0
1484560182.823473000 0 0
1484560182.828866000 0 0
1484560182.846407000 0 0
1484560182.884414000 0 0
1484560182.885816000 0 0
1484560182.890094000 0 0
1484560182.899205000 0 0
1484560182.967041000 0 0
1484560183.527692000 0 0
1484560183.534163000 0 0
1484560183.538117000 0 0
1484560183.541509000 0 0
1484560183.545290000 0 0
1484560183.553698000 0 0
1484560183.559410000 0 0
1484560183.564075000 0 0
1484560183.568288000 0 0
1484560183.572241000 0 0
1484560183.576006000 0 0
1484560183.597395000 0 0
1484560183.609176000 0 0
1484560183.613130000 0 0
1484560183.616870000 0 0
1484560183.620435000 0 0
1484560183.623786000 0 0
1484560183.627903000 0 0
1484560183.631836000 0 0
1484560183.642865000 0 0
1484560183.653799000 0 0
1484560183.657334000 0 0
1484560183.665781000 0 0
1484560183.674475000 0 0
1484560183.688691000 0 0
1484560183.697825000 0 0
1484560183.714505000 0 0
1484560183.724683000 0 0
1484560183.731470000 0 0
1484560183.736486000 0 0
1484560183.749616000 0 0
1484560183.760471000 0 0
1484560185.130990000 0 0
1484560185.144578000 0 0
1484560185.158838000 0 0
1484560185.170137000 0 0
1484560185.185527000 0 0
1484560185.201731000 0 0
1484560185.304059000 0 0
1484560185.385068000 0 0
1484560185.389479000 0 0
1484560185.394764000 0 0
1484560185.399114000 0 0
1484560185.403649000 0 0
1484560186.398629000 0 0
1484560182.963339000 0 0
1484560187.308142000 0 0
1484560187.310747000 0 0
1484560187.317330000 0 0
1484560187.469075000 0 0
1484560182.916416000 0 0
1484560182.614279000 1472 0
1484560205.207944000 0 16310
1484560205.218757000 0 0
1484560205.217752000 0 0
1484560205.610235000 0 8719
1484560205.620737000 0 0
1484560205.619663000 0 0
1484560182.906164000 282 0
1484560272.435596000 0 0
1484560272.442293000 0 0
1484560281.010767000 0 0
1484560294.551501000 0 0
1484560294.555516000 0 0
1484560294.559612000 0 0
1484560294.563104000 0 0
1484560294.284475000 0 0
1484560294.620184000 0 0
1484560294.624816000 0 0
1484560294.628005000 0 0
1484560294.631078000 0 0
1484560294.639969000 0 0
1484560294.640021000 0 0
1484560294.642723000 0 0
1484560294.645737000 0 0
1484560294.648672000 0 0
1484560294.657132000 0 0
1484560294.664863000 0 0
1484560294.662390000 0 0
1484560294.674638000 0 0
1484560294.674717000 0 0
1484560294.670422000 0 0
1484560294.713098000 0 0
1484560294.709749000 0 0
1484560294.723921000 0 0
1484560294.719627000 0 0
1484560294.768140000 0 0
1484560294.762032000 0 0
1484560294.779384000 0 0
1484560294.774776000 0 0
1484560294.785874000 0 0
1484560294.786877000 0 0
1484560294.783743000 0 0
1484560294.816584000 0 0
1484560294.828047000 0 0
1484560294.831882000 0 0
1484560294.834845000 0 0
1484560294.827199000 0 0
1484560294.854509000 0 0
1484560294.881835000 0 0
1484560294.914562000 0 0
1484560294.924601000 0 0
1484560294.928377000 0 0
1484560294.933744000 0 0
1484560294.929663000 0 0
1484560294.936279000 0 0
1484560294.949386000 0 0
1484560294.954019000 0 0
1484560294.957001000 0 0
1484560294.959256000 0 0
1484560294.964246000 0 0
1484560295.001172000 0 0
1484560294.998725000 0 0
1484560295.007245000 0 0
1484560295.108066000 0 0
1484560295.104885000 0 0
1484560295.648038000 0 0
1484560272.439045000 3713 0
1484560272.445339000 3022 0
1484560186.396319000 0 0
1484560297.659006000 0 0
1484560297.672706000 0 0
1484560299.653935000 0 0
1484560294.585516000 4120 0
1484560294.594913000 31189 0
1484560333.605140000 0 0
1484560333.646203000 0 0
1484560333.649408000 0 0
1484560333.659267000 0 0
1484560334.103308000 0 0
1484560334.107073000 0 0
1484560334.108043000 0 166160
1484560334.123394000 0 0
1484560334.133778000 0 0
1484560334.132890000 0 0
1484560334.132952000 0 0
1484560334.147834000 0 0
1484560334.150207000 0 0
1484560334.152622000 0 0
1484560334.155029000 0 0
1484560334.166588000 0 0
1484560334.168876000 0 0
1484560334.171252000 0 0
1484560334.183080000 0 0
1484560334.185308000 0 0
1484560333.666528000 282 0
1484560334.130886000 574 0
1484560334.141381000 504 0
1484560334.160010000 504 0
1484560334.176276000 398 0
1484560505.218686000 0 16310
1484560505.229174000 0 0
1484560505.228300000 0 0
1484560505.621001000 0 8719
1484560505.630999000 0 0
1484560505.629973000 0 0
1484560572.453693000 0 0
1484560572.462044000 0 0
1484560572.871144000 0 386
1484560572.885878000 0 0
1484560572.883592000 0 0
1484560572.459190000 3713 0
1484560572.465472000 3022 0
1484560180.582069000 53620 1461
1484560805.231234000 0 16450
1484560805.241161000 0 0
1484560805.240253000 0 0
1484560805.634939000 0 8719
1484560805.646763000 0 0
1484560805.645563000 0 0
1484560872.474471000 0 0
1484560872.487481000 0 0
1484560872.481374000 3713 0
1484560872.494073000 3022 0
1484561121.360953000 0 16450
1484561121.366711000 0 8719
1484561121.372294000 0 0
1484561121.371233000 0 0
1484561121.379041000 0 0
1484561121.378097000 0 0
1484561172.504200000 0 0
1484561172.510892000 0 0
1484561172.507585000 3713 0
1484561172.516962000 3022 0
1484561406.812676000 0 0
1484561412.587090000 0 0
1484561414.021189000 0 166655
1484561414.045647000 0 0
1484561414.044794000 0 0
1484561417.936404000 0 0
1484561417.941009000 0 0
1484561417.950651000 0 0
1484561417.967603000 0 0
1484561417.972499000 0 0
1484561417.977302000 0 0
1484561417.987295000 0 0
1484561421.370521000 0 16450
1484561421.376746000 0 8719
1484561421.383724000 0 0
1484561421.382848000 0 0
1484561421.394562000 0 0
1484561421.393256000 0 0
1484561406.828594000 1306 0
1484561472.551366000 0 0
1484561472.559329000 0 0
1484561472.885421000 0 384
1484561472.897670000 0 0
1484561472.896870000 0 0
1484561472.555515000 3713 0
1484561472.563540000 3022 0
1484561721.383823000 0 16450
1484561721.389003000 0 8719
1484561721.394109000 0 0
1484561721.393156000 0 0
1484561721.401764000 0 0
1484561721.400725000 0 0
1484561772.571998000 0 0
1484561772.579141000 0 0
1484561780.846208000 0 0
1484561772.575361000 3713 0
1484561772.581998000 3022 0
1484561814.193781000 0 0
1484561814.227451000 0 0
1484561814.231597000 0 0
1484561814.240618000 0 0
1484561814.247042000 282 0
1484561966.289016000 0 0
1484561966.292898000 0 0
1484562021.413299000 0 16450
1484562021.419854000 0 8720
1484562021.425412000 0 0
1484562021.424381000 0 0
1484562021.432199000 0 0
1484562021.431205000 0 0
1484562071.818444000 0 0
1484562071.821446000 54709 2035
1484562072.589896000 0 0
1484562072.597495000 0 0
1484562072.896564000 0 386
1484562072.907851000 0 0
1484562072.907000000 0 0
1484562072.593573000 3713 0
1484562072.600572000 3022 0
1484562372.609715000 0 0
1484562372.616440000 0 0
1484562372.612969000 3713 0
1484562372.622970000 3022 0
1484562437.067967000 0 8720
1484562437.078589000 0 0
1484562437.076514000 0 0
1484562437.413093000 0 16450
1484562437.424218000 0 0
1484562437.423265000 0 0
1484558171.987066000 0 105404
1484562671.841108000 0 0
1484562671.846650000 55283 2716
1484562672.631628000 0 0
1484562672.639190000 0 0
1484562690.902075000 0 0
1484562691.065292000 0 0
1484562691.603281000 0 0
1484562691.606114000 0 0
1484562691.614462000 0 0
1484562691.615216000 0 0
1484562691.617481000 0 0
1484562691.620097000 0 0
1484562672.635815000 3713 0
1484562672.644737000 3022 0
1484562691.357323000 0 0
1484562691.626367000 398 0
1484562691.622485000 282 0
1484562691.062835000 0 0
1484562723.188663000 0 0
1484562723.254341000 0 0
1484562723.259108000 0 0
1484562723.274481000 0 0
1484562723.667465000 0 0
1484562723.239327000 0 0
1484562723.160925000 0 0
1484562723.162277000 0 0
1484562737.069835000 0 8723
1484562737.080528000 0 0
1484562737.079358000 0 0
1484562737.426622000 0 16453
1484562737.439121000 0 0
1484562737.438050000 0 0
1484562723.933442000 226 0
1484562723.945008000 302 0
1484562723.959026000 134 0
1484562723.968545000 134 0
1484562723.974688000 134 0
1484562723.980390000 144 0
1484562723.986072000 134 0
1484562723.990984000 134 0
1484562724.007423000 134 0
1484562724.126416000 321 0
1484562723.309501000 133 0
1484562723.399525000 134 0
1484562723.439746000 133 0
1484562724.312083000 226 0
1484562724.322206000 302 0
1484562972.656494000 0 0
1484562972.664969000 0 0
1484562972.662209000 3713 0
1484562972.671539000 3022 0
1484561780.852250000 609848 15566
1484563060.437575000 0 16453
1484563060.448033000 0 0
1484563060.447021000 0 0
1484563272.710094000 0 0
1484563272.716156000 0 0
1484563272.713124000 3713 0
1484563272.719131000 3022 0
1484563571.951984000 0 0
1484563571.962658000 55964 3542
1484563572.730117000 0 0
1484563572.735597000 0 0
1484563572.732825000 3713 0
1484563572.739132000 3022 0
1484563872.750728000 0 0
1484563872.756502000 0 0
1484563872.753663000 3713 0
1484563872.761899000 3022 0
1484564172.771082000 0 0
1484564172.778058000 0 0
1484564172.774816000 3713 0
1484564172.781174000 3022 0
1484564472.790111000 0 0
1484564472.796747000 0 0
1484564472.793763000 3713 0
1484564472.799877000 3022 0
1484564771.901515000 0 0
1484564771.906689000 56790 4144
1484564772.809173000 0 0
1484564772.815022000 0 0
1484564772.812165000 3713 0
1484564772.817915000 3022 0
1484564889.535765000 0 0
1484564889.541343000 0 0
1484565072.858269000 0 0
1484565072.864159000 0 0
1484565072.861185000 3713 0
1484565072.871503000 3022 0
1484565372.885475000 0 0
1484565372.893099000 0 0
1484565372.889406000 3713 0
1484565372.899701000 3022 0
1484565672.909600000 0 0
1484565672.918977000 0 0
1484565672.915805000 3713 0
1484565672.922276000 3022 0
1484565972.933732000 0 0
1484565972.943051000 0 0
1484565972.940026000 3713 0
1484565972.946105000 3022 0
1484566272.954966000 0 0
1484566272.963996000 0 0
1484566272.958918000 3713 0
1484566272.968253000 3022 0
1484566571.921738000 0 0
1484566571.927666000 57392 671
1484566572.976981000 0 0
1484566572.984236000 0 0
1484566572.981209000 3713 0
1484566572.987603000 3022 0
1484566630.440323000 0 8723
1484566630.450198000 0 0
1484566630.449149000 0 0
1484566660.499643000 0 16453
1484566660.514490000 0 0
1484566660.512538000 0 0
1484566873.039457000 0 0
1484566873.047594000 0 0
1484566873.043052000 3713 0
1484566873.051644000 3022 0
1484567173.062333000 0 0
1484567173.069071000 0 0
1484567173.065779000 3713 0
1484567173.072418000 3022 0
1484567473.082385000 0 0
1484567473.091227000 0 0
1484567473.087900000 3713 0
1484567473.096688000 3022 0
1484567773.105501000 0 0
1484567773.114341000 0 0
1484567773.111427000 3713 0
1484567773.117773000 3022 0
1484568071.918620000 0 0
1484568071.924200000 58015 1372
1484568073.128026000 0 0
1484568073.137069000 0 0
1484568073.134254000 3713 0
1484568073.139962000 3022 0
1484568365.727018000 0 16454
1484568365.740170000 0 0
1484568365.739278000 0 0
1484568366.099055000 0 8723
1484568366.110603000 0 0
1484568366.109776000 0 0
1484568373.147880000 0 0
1484568373.158172000 0 0
1484568373.154184000 3713 0
1484568373.164475000 3022 0
1484568591.856809000 0 0
1484568591.861793000 58716 1921
1484568605.853042000 0 0
1484568606.755704000 0 0
1484568648.244583000 0 0
1484568648.248059000 0 0
1484568665.759600000 0 16455
1484568665.772757000 0 0
1484568665.771456000 0 0
1484568666.131937000 0 8723
1484568666.143219000 0 0
1484568666.142057000 0 0
1484568606.760369000 59265 4641
1484568605.858854000 614202 10053
1484568673.222588000 0 0
1484568673.233766000 0 0
1484568673.252846000 0 382
1484568673.265755000 0 0
1484568673.263959000 0 0
1484568673.227400000 3713 0
1484568673.240487000 3022 0
1484562671.832418000 0 110907
1484568666.728139000 617723 12740
1484568804.486718000 0 0
1484568965.783246000 0 16456
1484568965.796128000 0 0
1484568965.794331000 0 0
1484568966.160066000 0 8723
1484568966.170829000 0 0
1484568966.169693000 0 0
1484568973.251926000 0 0
1484568973.265935000 0 0
1484568973.286200000 0 394
1484568973.300182000 0 0
1484568973.298717000 0 0
1484568973.259342000 3713 0
1484568973.270781000 3022 0
1484569151.470506000 0 0
1484569151.474421000 3713 5227
1484569265.805320000 0 16456
1484569265.817105000 0 0
1484569265.815884000 0 0
1484569266.187374000 0 8723
1484569266.199173000 0 0
1484569266.197951000 0 0
1484569273.288827000 0 0
1484569273.296341000 3022 0
1484568804.490846000 621409 11040
1484569573.307546000 0 0
1484569573.310427000 3022 0
1484569865.837921000 0 16457
1484569865.850628000 0 0
1484569865.849284000 0 0
1484569866.222084000 0 8723
1484569866.232553000 0 0
1484569866.231318000 0 0
1484569873.320368000 0 0
1484569873.327211000 3022 0
1484569954.305033000 0 0
1484569959.112487000 0 0
1484569959.115874000 0 0
1484569959.121615000 0 0
1484569959.128363000 0 0
1484569152.038061000 0 8058
1484569959.109897000 282 0
1484569959.126237000 10 0
1484569959.133239000 10 0
1484570165.864630000 0 16480
1484570165.876538000 0 0
1484570165.875174000 0 0
1484570166.245947000 0 8723
1484570166.258295000 0 0
1484570166.256566000 0 0
1484570173.339776000 0 0
1484570173.348141000 0 0
1484570173.359412000 0 385
1484570173.369932000 0 0
1484570173.368859000 0 0
1484570173.343497000 4154 0
1484570173.351269000 3022 0
1484570251.565508000 0 1692
1484569954.312337000 61985 4545
1484570465.890892000 0 16487
1484570465.902208000 0 0
1484570465.901100000 0 0
1484570466.271415000 0 8723
1484570466.284005000 0 0
1484570466.282720000 0 0
1484570472.007934000 0 0
1484570473.380191000 0 0
1484570473.389588000 3022 0
1484570472.013587000 4154 501
1484570557.216447000 0 0
1484570557.224601000 0 0
1484570557.233348000 0 0
1484570557.220491000 139 0
1484570557.234956000 16902 0
1484570765.920603000 0 16487
1484570765.932826000 0 0
1484570765.931541000 0 0
1484570773.401589000 0 0
1484570773.414830000 0 0
1484570773.406369000 4597 0
1484570773.421365000 3022 0
1484571058.241275000 0 8723
1484571058.254104000 0 0
1484571058.252847000 0 0
1484571065.942734000 0 16487
1484571065.954591000 0 0
1484571065.953272000 0 0
1484571073.432547000 0 0
1484571073.445756000 0 0
1484571073.437508000 4597 0
1484571073.450544000 3022 0
1484571311.560513000 0 0
1484571311.565648000 0 0
1484571345.766297000 0 0
1484571345.771602000 0 0
1484571345.776712000 0 0
1484571345.780556000 0 0
1484571345.788135000 0 0
1484571345.785181000 0 0
1484571358.254242000 0 8723
1484571358.266278000 0 0
1484571358.264807000 0 0
1484571365.963507000 0 16487
1484571366.019205000 0 0
1484571366.017464000 0 0
1484571373.463584000 0 0
1484571373.478413000 0 0
1484571373.470404000 4597 0
1484571373.483003000 3022 0
1484571609.028108000 0 0
1484571609.113670000 0 0
1484571609.138274000 0 0
1484571609.155210000 0 0
1484571609.158440000 0 0
1484560294.590630000 0 0
1484571609.145207000 0 31188
1484571609.202863000 0 0
1484571609.210962000 0 0
1484571609.216747000 0 0
1484571609.223767000 0 0
1484571609.179474000 0 0
1484571609.228663000 0 0
1484571609.195282000 0 0
1484571610.167254000 0 0
1484571610.290140000 0 0
1484571610.467169000 0 0
1484571610.470113000 0 0
1484571610.478627000 0 0
1484571612.161566000 0 0
1484571614.164315000 0 0
1484571609.241188000 48 0
1484571610.485865000 282 0
1484571658.281491000 0 8723
1484571658.293996000 0 0
1484571658.292304000 0 0
1484571665.988397000 0 16487
1484571665.999672000 0 0
1484571665.998365000 0 0
1484571673.494954000 0 0
1484571673.509813000 0 0
1484571673.502430000 4597 0
1484571673.516554000 3022 0
1484560187.481180000 0 0
1484560299.665351000 0 0
1484571851.570208000 0 0
1484571851.578195000 4597 713
1484571958.302744000 0 8723
1484571958.313974000 0 0
1484571958.312663000 0 0
1484571966.013194000 0 16487
1484571966.025738000 0 0
1484571966.024435000 0 0
1484571973.527992000 0 0
1484571973.535260000 3022 0
1484571851.656919000 0 5139
1484572258.313404000 0 8723
1484572258.324444000 0 0
1484572258.323349000 0 0
1484572266.057101000 0 16487
1484572266.067968000 0 0
1484572266.066976000 0 0
1484572273.547647000 0 0
1484572273.560475000 0 0
1484572273.552437000 4637 0
1484572273.568398000 3022 0
1484572558.340164000 0 8723
1484572558.351453000 0 0
1484572558.350086000 0 0
1484572566.075276000 0 16487
1484572566.087874000 0 0
1484572566.086650000 0 0
1484572573.580224000 0 0
1484572573.595056000 0 0
1484572592.343988000 0 0
1484572592.377598000 0 0
1484572592.381622000 0 0
1484572592.390769000 0 0
1484572573.587063000 4637 0
1484572573.599732000 3022 0
1484572592.397242000 282 0
1484572802.418425000 0 0
1484572802.421286000 0 0
1484572802.424487000 0 0
1484572858.365487000 0 8723
1484572858.377899000 0 0
1484572858.376636000 0 0
1484572866.101193000 0 16487
1484572866.114492000 0 0
1484572866.113146000 0 0
1484572873.611907000 0 0
1484572873.626961000 0 0
1484572873.619142000 4637 0
1484572873.631502000 3022 0
1484573041.418577000 0 0
1484573048.706261000 0 0
1484573091.857206000 0 0
1484573094.489190000 0 0
1484573080.377406000 282 0
1484573158.389517000 0 8723
1484573158.402846000 0 0
1484573158.400884000 0 0
1484573166.135434000 0 16491
1484573166.146844000 0 0
1484573166.145908000 0 0
1484573173.642260000 0 0
1484573173.653463000 0 0
1484573173.647964000 4637 0
1484573173.659251000 3022 0
1484573371.195077000 0 0
1484573373.700061000 0 0
1484573384.494139000 0 0
1484573388.598259000 0 0
1484573404.052129000 0 0
1484573431.352925000 0 0
1484573431.356559000 0 0
1484573431.362979000 0 0
1484573431.369791000 0 0
1484573436.547398000 0 0
1484573437.374369000 0 0
1484573431.343362000 282 0
1484573431.368137000 10 0
1484573431.374687000 10 0
1484573458.418130000 0 8723
1484573458.430344000 0 0
1484573458.429046000 0 0
1484573466.152957000 0 16499
1484573466.164663000 0 0
1484573466.163565000 0 0
1484573473.668668000 0 0
1484573473.680520000 0 382
1484573473.690724000 0 0
1484573473.689837000 0 0
1484573473.673910000 3022 0
1484573758.446195000 0 8723
1484573758.458608000 0 0
1484573758.457158000 0 0
1484573766.183211000 0 16500
1484573766.196314000 0 0
1484573766.194551000 0 0
1484573773.683430000 0 0
1484573773.701968000 0 385
1484573773.715106000 0 0
1484573773.713424000 0 0
1484573773.688016000 3022 0
1484573436.555184000 64057 3309
1484573437.379014000 4637 741
1484574058.464217000 0 8723
1484574058.474974000 0 0
1484574058.473690000 0 0
1484574066.204451000 0 16500
1484574066.215813000 0 0
1484574066.214422000 0 0
1484574068.689236000 0 0
1484574068.721604000 0 0
1484574068.693923000 4837 1104
1484574073.700255000 0 0
1484574073.707346000 3022 0
1484574358.496599000 0 8723
1484574358.508511000 0 0
1484574358.506914000 0 0
1484574366.231370000 0 16500
1484574366.243176000 0 0
1484574366.241918000 0 0
1484574373.720049000 0 0
1484574373.726581000 3022 0
1484574459.210431000 0 0
1484574459.307585000 0 0
1484574459.310227000 0 0
1484574459.318527000 0 0
1484574459.350803000 0 0
1484574459.219851000 0 0
1484574459.324910000 282 0
1484574458.751566000 363 0
1484574489.022427000 0 0
1484574489.026051000 0 0
1484574489.034658000 0 0
1484574489.043047000 0 0
1484574489.068459000 0 0
1484574489.072112000 0 0
1484574489.075525000 0 0
1484574489.133990000 0 0
1484574489.172521000 0 0
1484574489.174833000 0 0
1484574489.566050000 0 0
1484574489.568694000 0 0
1484574497.071606000 0 0
1484574497.075479000 0 0
1484574488.950094000 0 0
1484574489.050485000 504 0
1484574488.962106000 0 0
1484574489.081121000 504 0
1484574482.591163000 282 0
1484574489.040962000 574 0
1484574606.989842000 282 0
1484574658.519130000 0 8723
1484574658.531171000 0 0
1484574658.529926000 0 0
1484574666.268120000 0 16500
1484574666.278428000 0 0
1484574666.277303000 0 0
1484574673.738617000 0 0
1484574673.742564000 3022 0
1484574068.844992000 0 7491
1484574068.728305000 624747 6024
1484574958.538144000 0 8723
1484574958.548818000 0 0
1484574958.547434000 0 0
1484574964.542181000 0 0
1484574964.563810000 0 0
1484574964.636506000 0 7589
1484574964.719995000 0 0
1484574964.724908000 0 0
1484574964.730339000 0 0
1484574964.555480000 7587 0
1484574964.735124000 0 0
1484574964.746971000 0 0
1484574964.754841000 0 0
1484574964.752739000 0 0
1484574965.024194000 0 136
1484574965.033444000 0 0
1484574965.032365000 0 0
1484574965.063577000 0 16525
1484574965.074313000 0 0
1484574965.072928000 0 0
1484574965.084134000 0 6922
1484574965.093030000 0 0
1484574965.091565000 0 0
1484574965.209660000 0 0
1484574973.752845000 0 0
1484574973.759200000 2519 2602
1484574973.771903000 0 0
1484574965.215697000 7589 0
1484574973.776193000 3022 0
1484575145.994939000 0 0
1484575146.020471000 0 0
1484575146.000893000 5073 0
1484575175.945066000 0 3758
1484575175.958211000 0 0
1484575175.956521000 0 0
1484575209.493082000 0 0
1484575209.498323000 0 0
1484575209.508682000 0 0
1484575209.519442000 0 0
1484575209.545165000 0 0
1484575209.548715000 0 0
1484575209.552393000 0 0
1484575209.516050000 574 0
1484575209.527298000 504 0
1484575209.558013000 504 0
1484575273.788377000 0 0
1484575273.800262000 0 0
1484575273.794458000 2602 0
1484575273.804381000 3022 0
1484575388.795237000 0 0
1484575388.805139000 0 0
1484575388.844886000 0 0
1484575388.847611000 0 0
1484575388.855549000 0 0
1484575388.861370000 0 0
1484575388.882856000 0 0
1484575388.885915000 0 0
1484575388.889086000 0 0
1484575388.940412000 0 0
1484575388.942706000 0 0
1484575388.798404000 0 0
1484575388.808130000 0 0
1484575388.858992000 574 0
1484575388.868398000 504 0
1484575388.895990000 504 0
1484575388.947737000 282 0
1484575447.176928000 282 0
1484575558.564051000 0 8723
1484575558.575728000 0 0
1484575558.574012000 0 0
1484575564.903896000 0 15945
1484575564.915982000 0 0
1484575564.914219000 0 0
1484575573.816071000 0 0
1484575573.825618000 0 0
1484575581.403429000 0 0
1484568728.866759000 0 124193
1484575596.260167000 0 0
1484575596.263339000 0 0
1484575596.269763000 0 0
1484575596.275448000 0 0
1484575573.821848000 2602 0
1484575573.830871000 3022 0
1484575601.434892000 0 0
1484575607.621786000 0 6992
1484575607.632075000 0 0
1484575607.631128000 0 0
1484575596.256224000 282 0
1484575596.273920000 10 0
1484575596.279710000 10 0
1484575858.569909000 0 8723
1484575858.580734000 0 0
1484575858.579710000 0 0
1484575864.928545000 0 15986
1484575864.940059000 0 0
1484575864.938524000 0 0
1484575873.839779000 0 0
1484575873.849759000 0 0
1484575873.860044000 0 382
1484575873.869439000 0 0
1484575873.868474000 0 0
1484575891.570355000 0 0
1484575891.573777000 0 0
1484575891.580873000 0 0
1484575891.589780000 0 0
1484575873.846432000 2602 0
1484575873.853083000 3022 0
1484575891.560374000 282 0
1484575891.587011000 10 0
1484575891.593936000 10 0
1484575601.441297000 626123 8561
1484576039.888213000 0 0
1484576109.499479000 0 0
1484576109.504315000 0 0
1484576109.513825000 0 0
1484576109.521615000 0 0
1484576109.546203000 0 0
1484576109.549217000 0 0
1484576109.552152000 0 0
1484576109.518649000 574 0
1484576109.528618000 504 0
1484576109.556949000 504 0
1484576152.173653000 0 0
1484576152.205415000 0 0
1484576152.208375000 0 0
1484576152.216960000 0 0
1484576158.605261000 0 8723
1484576158.616817000 0 0
1484576158.615147000 0 0
1484576164.946241000 0 15987
1484576164.957011000 0 0
1484576164.955703000 0 0
1484576173.862365000 0 0
1484576173.873930000 0 0
1484576152.185429000 282 0
1484576173.868532000 2602 0
1484576173.877669000 3022 0
1484576202.230447000 0 0
1484576207.479975000 0 0
1484576207.483314000 0 0
1484576207.491596000 0 0
1484576233.761567000 282 0
1484576283.653406000 0 0
1484576288.900408000 0 0
1484576288.910124000 0 0
1484576288.964329000 0 0
1484576288.967451000 0 0
1484576288.976566000 0 0
1484576288.982886000 0 0
1484576289.004370000 0 0
1484576289.007211000 0 0
1484576289.010436000 0 0
1484576289.053033000 0 0
1484576289.055840000 0 0
1484576288.903471000 0 0
1484576288.912944000 0 0
1484576288.980551000 574 0
1484576288.988880000 504 0
1484576289.015506000 504 0
1484576289.060728000 282 0
1484576316.115620000 282 0
1484576407.327482000 282 0
1484576473.890025000 0 0
1484576473.899623000 0 0
1484576481.462146000 0 272897
1484576481.565172000 0 8
1484576473.894016000 2602 0
1484576473.903314000 3022 0
1484576758.635064000 0 8723
1484576758.644815000 0 0
1484576758.643581000 0 0
1484576764.974827000 0 15987
1484576764.985018000 0 0
1484576764.983724000 0 0
1484576773.914623000 0 0
1484576773.924776000 0 0
1484576773.919074000 2602 0
1484576773.928771000 3022 0
1484577009.553713000 0 0
1484577009.557943000 0 0
1484577009.567352000 0 0
1484577009.574531000 0 0
1484577009.594926000 0 0
1484577009.597554000 0 0
1484577009.600236000 0 0
1484577009.571679000 574 0
1484577009.578777000 504 0
1484577009.602743000 504 0
1484577058.657711000 0 8723
1484577058.668824000 0 0
1484577058.667355000 0 0
1484577064.994942000 0 15987
1484577065.006197000 0 0
1484577065.004626000 0 0
1484577073.944706000 0 0
1484577073.954642000 0 0
1484577073.949067000 2602 0
1484577073.960366000 3022 0
1484577081.179791000 0 0
1484577081.184838000 0 0
1484574488.779624000 0 0
1484574488.870853000 0 0
1484574488.810983000 0 0
1484574488.827184000 0 0
1484574488.770880000 0 0
1484574488.874029000 0 0
1484577177.805134000 0 0
1484577177.809280000 0 0
1484577177.817388000 0 0
1484577177.823060000 0 0
1484577177.835152000 0 0
1484577177.837208000 0 0
1484577177.839669000 0 0
1484577177.841857000 0 0
1484577177.849967000 0 0
1484577177.852107000 0 0
1484577177.859068000 0 0
1484577177.861065000 0 0
1484577177.863315000 0 0
1484577177.874682000 0 0
1484577177.876919000 0 0
1484560338.868485000 0 0
1484577177.770015000 282 0
1484577177.820874000 574 0
1484577177.829363000 504 0
1484577177.844179000 504 0
1484577177.867430000 398 0
1484577373.971212000 0 0
1484577373.981128000 0 0
1484577373.975473000 2602 0
1484577373.985383000 3022 0
1484577469.488380000 0 15987
1484577469.493950000 0 8723
1484577469.498661000 0 0
1484577469.497463000 0 0
1484577469.504929000 0 0
1484577469.503737000 0 0
1484577673.996941000 0 0
1484577674.007632000 0 0
1484577674.001204000 2602 0
1484577674.011985000 3022 0
1484577971.722868000 0 15987
1484577971.732148000 0 0
1484577971.731003000 0 0
1484577972.082837000 0 8723
1484577972.092048000 0 0
1484577972.090814000 0 0
1484577974.023929000 0 0
1484577974.030145000 0 0
1484552889.612671000 0 0
1484560294.638883000 0 165
1484577992.237545000 0 122
1484577992.244963000 0 0
1484577992.244099000 0 0
1484577992.367265000 0 146
1484577992.374372000 0 0
1484577992.373495000 0 0
1484577992.402458000 0 0
1484552551.190394000 0 32768
1484577992.408257000 0 0
1484577992.412406000 0 0
1484552551.175453000 524704 1057600
1484577992.418328000 0 0
1484577992.433524000 0 1692
1484577992.434794000 0 181
1484577992.441089000 0 0
1484577992.440208000 0 0
1484577992.450806000 0 212
1484577992.460227000 0 0
1484577992.460044000 0 0
1484552549.234105000 0 32768
1484577992.459527000 0 0
1484577992.467275000 0 0
1484577992.467327000 0 241
1484552549.130749000 65616 1661864
1484577992.473988000 0 0
1484577992.473959000 0 0
1484577992.473155000 0 0
1484577992.478250000 0 0
1484577992.496411000 0 0
1484552551.677909000 0 4096
1484577992.501842000 0 0
1484577992.505060000 0 0
1484552551.668626000 0 0
1484577992.509831000 0 0
1484577992.513941000 0 0
1484577992.524999000 0 0
1484577992.528301000 0 16964
1484577992.541011000 0 0
1484577992.543972000 0 0
1484577992.546663000 0 0
1484577992.517130000 0 0
1484577992.549251000 0 0
1484577992.572479000 0 6660
1484577992.580529000 0 0
1484577992.579428000 0 0
1484577992.588019000 0 0
1484577992.902638000 0 85
1484577992.910003000 0 0
1484577992.909052000 0 0
1484577992.931634000 0 109
1484577992.939003000 0 0
1484577992.938128000 0 0
1484577992.953897000 0 144
1484577992.960839000 0 0
1484577992.961678000 0 0
1484552472.936010000 0 4096
1484577992.959966000 0 0
1484577992.968837000 0 0
1484577992.972242000 0 0
1484552472.932825000 0 0
1484577992.977340000 0 0
1484577993.057124000 0 0
1484577993.069197000 0 0
1484577993.072229000 0 10
1484577993.078823000 0 0
1484577993.082134000 0 0
1484577993.085030000 0 0
1484577993.060873000 0 0
1484577993.087885000 0 0
1484552471.733966000 20373 555134
1484575586.603146000 0 102961
1484577993.100680000 0 20375
1484577993.192745000 0 705
1484577993.268515000 0 175
1484577993.274930000 0 0
1484577993.299692000 0 0
1484577993.298313000 0 204
1484552474.257445000 0 32768
1484577993.305813000 0 0
1484552474.252428000 0 4445336
1484577993.305726000 0 0
1484577993.315031000 0 0
1484577993.317898000 0 0
1484577993.323835000 0 0
1484552474.260862000 0 4096
1484577993.329452000 0 0
1484577993.332458000 0 0
1484552474.256240000 0 0
1484577993.337433000 0 0
1484577993.340598000 0 0
1484552473.031598000 59269 9871
1484552473.093667000 37335 4892
1484552473.127912000 115733 2888
1484575581.410547000 64749 7119
1484558172.359854000 326434 31314
1484555178.266059000 608385 147753
1484577993.806497000 0 0
1484552404.076301000 0 0
1484552604.106959000 98304 0
1484552548.647214000 65536 0
1484552547.353512000 69632 4096
1484552551.130190000 98304 98304
1484552547.391952000 12288 4096
1484552549.097793000 1114112 262144
1484552551.655389000 98304 0
1484552549.861545000 65536 0
1484552470.760258000 327680 0
1484552472.924233000 98304 0
1484552471.362728000 24576 0
1484553130.586960000 65536 0
1484552469.873906000 6144 0
1484552469.414222000 151552 4096
1484552469.439865000 16384 4096
1484552474.243436000 1409024 2654208
1484552474.244604000 98304 0
1484577993.217758000 20375 0
1484554096.212726000 98304 0
1484552473.063471000 6133 0
1484577974.027038000 2602 0
1484577974.032901000 3022 0
1484571609.245361000 0 0
1484552554.882622000 0 0
1484552551.685019000 0 0
1484552546.878336000 0 0
1484552474.271617000 0 0
1484552474.270203000 0 0
