1484551700.606496000 0 0
1484551700.614405000 0 0
1484551700.619476000 0 0
1484551700.624688000 0 0
1484551700.630311000 0 0
1484551701.662874000 0 0
1484551701.666203000 0 0
1484551701.674717000 0 0
1484551702.396843000 0 0
1484551702.399520000 0 0
1484551702.404462000 0 0
1484551702.430787000 0 0
1484551702.516991000 0 0
1484551702.521203000 0 0
1484551702.659099000 0 0
1484551702.661484000 0 0
1484551702.664387000 0 0
1484551702.667099000 0 0
1484551702.443250000 0 0
1484551701.531643000 111 0
1484551701.617755000 282 0
1484551702.622923000 3478 0
1484551702.632651000 2111 0
1484551702.639220000 570 0
1484551702.648786000 2297 0
1484551702.663210000 2633 0
1484551702.696561000 504 0
1484551702.704061000 1009 0
1484551702.711902000 1753 0
1484551702.675759000 737 0
1484551702.696273000 1932 0
1484551702.717332000 1648 0
1484551702.723114000 1651 0
1484551709.150106000 0 0
1484551709.800052000 0 0
1484551709.813458000 0 0
1484551709.833292000 0 0
1484551709.841635000 0 0
1484551709.861719000 0 0
1484551709.873418000 0 0
1484551709.876950000 0 0
1484551709.957106000 0 0
1484551709.959999000 0 0
1484551709.967294000 0 0
1484551710.122239000 0 0
1484551710.178848000 0 0
1484551710.214951000 0 0
1484551710.372599000 0 0
1484551710.953174000 0 0
1484551710.956536000 0 0
1484551710.960186000 0 0
1484551710.964145000 0 0
1484551710.967622000 0 0
1484551710.993874000 0 0
1484551711.011170000 0 0
1484551711.015039000 0 0
1484551711.018400000 0 0
1484551711.145238000 0 0
1484551711.152786000 0 0
1484551711.271533000 0 0
1484551711.438940000 0 0
1484551711.495474000 0 0
1484551711.626583000 0 0
1484551711.728232000 0 0
1484551711.767327000 0 0
1484551711.770618000 0 18830
1484551711.988039000 0 0
1484551711.991337000 0 0
1484551711.754832000 18830 0
1484551711.761053000 0 0
1484551711.994971000 0 0
1484551712.147936000 0 0
1484551712.227906000 0 0
1484551712.617264000 0 0
1484551713.200944000 0 0
1484551713.389812000 0 0
1484551713.509617000 0 0
1484551713.565819000 0 0
1484551713.756680000 0 0
1484551713.759572000 0 0
1484551714.333538000 0 0
1484551714.358012000 0 0
1484551714.362249000 0 0
1484551714.394203000 0 0
1484551714.360763000 0 0
1484551714.399104000 0 0
1484551714.404353000 0 0
1484551714.408078000 0 0
1484551714.411477000 0 0
1484551714.402437000 0 0
1484551714.416475000 0 0
1484551714.539953000 0 0
1484551714.545876000 0 0
1484551714.543677000 0 0
1484551714.550596000 0 0
1484551714.563774000 0 0
1484551714.567353000 0 0
1484551714.570568000 0 0
1484551714.573962000 0 0
1484551714.577380000 0 0
1484551714.561817000 0 0
1484551714.582146000 0 0
1484551714.587673000 0 0
1484551714.585855000 0 0
1484551714.592375000 0 0
1484551714.596519000 0 0
1484551714.600222000 0 0
1484551714.603746000 0 0
1484551714.621268000 0 0
1484551714.619285000 0 0
1484551714.626642000 0 0
1484551714.645367000 0 0
1484551714.648900000 0 0
1484551714.652580000 0 0
1484551714.643132000 0 0
1484551714.657944000 0 0
1484551714.738758000 0 0
1484551714.757380000 0 0
1484551714.760842000 0 0
1484551714.764798000 0 0
1484551714.768491000 0 0
1484551714.771836000 0 0
1484551714.775417000 0 0
1484551714.779090000 0 0
1484551714.782713000 0 0
1484551714.785740000 0 0
1484551714.789417000 0 0
1484551714.792753000 0 0
1484551714.796836000 0 0
1484551714.800176000 0 0
1484551714.803624000 0 0
1484551714.806922000 0 0
1484551702.866787000 3478 0
1484551702.869634000 0 0
1484551702.872671000 2111 0
1484551702.875117000 0 0
1484551702.886035000 2297 0
1484551702.888733000 0 0
1484551702.922242000 2633 0
1484551702.927019000 0 0
1484551702.954783000 1009 0
1484551702.956967000 0 0
1484551702.960872000 1753 0
1484551702.963562000 0 0
1484551715.407778000 0 0
1484551715.637314000 0 0
1484551715.846457000 0 0
1484551715.856502000 0 0
1484551715.910632000 196608 0
1484551715.976623000 0 0
1484551716.154742000 0 0
1484551716.255121000 0 0
1484551716.628220000 0 0
1484551716.631694000 0 2
1484551716.639401000 0 0
1484551716.642252000 0 0
1484551715.863286000 2 0
1484551716.617728000 0 0
1484551716.644842000 0 0
1484551716.770770000 0 53
1484551712.146123000 204 0
1484551716.779277000 0 0
1484551718.309197000 0 0
1484551718.315952000 0 0
1484551718.320632000 0 0
1484551718.313460000 0 0
1484551718.369593000 0 0
1484551711.442569000 0 0
1484551711.487006000 26389 0
1484551702.947800000 15872 0
1484551709.797078000 282 0
1484551709.839152000 10 0
1484551709.854987000 10 0
1484551709.870947000 111 0
1484551709.983712000 208 0
1484551710.203294000 48693 0
1484551710.309823000 4431 0
1484551710.485050000 16384 0
1484551710.953327000 676 0
1484551711.183051000 671 0
1484551738.153607000 0 0
1484551738.159312000 0 0
1484551738.163331000 0 0
1484551738.180626000 0 0
1484551738.194887000 0 0
1484551738.387855000 0 0
1484551738.596565000 0 0
1484551738.851067000 0 0
1484551738.867181000 0 0
1484551738.910630000 0 0
1484551738.919200000 0 0
1484551738.984026000 0 0
1484551711.590976000 8437 0
1484551711.648197000 208620 0
1484551712.180614000 32768 0
1484551712.648929000 207265 0
1484551713.219224000 8 0
1484551713.409587000 504 0
1484551713.493034000 8789 0
1484551739.330853000 0 0
1484551739.351497000 0 0
1484551744.336286000 0 8531
1484551713.591189000 8531 0
1484551744.346233000 0 0
1484551714.345135000 4063 0
1484551714.727220000 294 0
1484551715.412486000 577 0
1484551715.652262000 2575 0
1484551716.164408000 579 0
1484551716.271510000 27 0
1484551716.803334000 9893 0
1484551713.538067000 29 0
1484551716.873496000 9833 0
1484551716.893201000 1088 0
1484551718.342505000 7159 0
1484551718.451703000 196 0
1484551768.283481000 0 0
1484551768.301111000 0 0
1484551768.324043000 0 0
1484551768.336951000 0 0
1484551768.391481000 0 66
1484551768.373549000 66 0
1484551768.401287000 0 0
1484551771.444331000 0 0
1484551771.470712000 0 137
1484551771.478186000 0 0
1484551771.456884000 137 0
1484551771.477369000 0 0
1484551771.487208000 0 0
1484551771.492343000 0 0
1484551771.512106000 0 0
1484551771.517249000 0 7701
1484551771.525399000 0 0
1484551771.524550000 0 0
1484551771.532265000 0 0
1484551771.535871000 0 0
1484551771.560527000 0 0
1484551771.564756000 0 0
1484551771.574485000 0 0
1484551771.583354000 0 0
1484551771.603204000 0 0
1484551771.618828000 0 0
1484551771.638504000 0 0
1484551771.645805000 0 0
1484551771.658814000 0 0
1484551771.673444000 0 0
1484551771.693554000 0 0
1484551771.701080000 0 0
1484551771.707798000 0 0
1484551785.194616000 0 8531
1484551785.208310000 0 0
1484551785.206075000 0 0
1484551792.425782000 0 0
1484551793.171132000 0 0
1484551793.181995000 0 0
1484551793.190828000 0 0
1484551793.210048000 0 0
1484551793.220101000 0 0
1484551793.234867000 0 0
1484551793.242445000 0 0
1484551793.251457000 0 0
1484551793.260496000 0 0
1484551793.348843000 0 0
1484551793.396808000 0 0
1484551793.442094000 0 0
1484551793.447123000 0 0
1484551793.451787000 0 0
1484551793.456565000 0 0
1484551793.460501000 0 0
1484551793.509529000 0 0
1484551793.732455000 0 0
1484551794.155905000 0 0
1484551794.160899000 0 0
1484551794.182743000 0 0
1484551794.191455000 0 0
1484551794.270886000 0 0
1484551794.279764000 0 0
1484551794.284129000 0 0
1484551794.293578000 0 0
1484551794.312232000 0 0
1484551794.315829000 0 0
1484551794.318955000 0 0
1484551794.387013000 0 0
1484551794.977819000 0 0
1484551794.994320000 0 0
1484551795.002450000 0 0
1484551795.048693000 0 0
1484551795.096855000 0 0
1484551795.145719000 0 0
1484551795.495992000 0 0
1484551795.529556000 0 0
1484551795.533190000 0 18830
1484551795.710816000 0 0
1484551795.713882000 0 0
1484551795.515887000 18830 0
1484551795.522361000 0 0
1484551795.716964000 0 0
1484551795.751474000 0 0
1484551795.859934000 0 0
1484551795.887525000 0 0
1484551795.890918000 0 2
1484551795.898414000 0 0
1484551795.901227000 0 0
1484551794.999069000 2 0
1484551795.878549000 0 0
1484551795.904029000 0 0
1484551796.825992000 753664 0
1484551797.283321000 0 0
1484551797.684676000 0 0
1484551798.070874000 0 53
1484551795.804697000 288 0
1484551798.077702000 0 0
1484551798.319604000 0 0
1484551798.322232000 0 0
1484551798.349505000 0 0
1484551798.365788000 0 0
1484551798.368387000 0 0
1484551798.352367000 0 0
1484551798.348298000 0 0
1484551798.374220000 0 90
1484551798.380845000 0 0
1484551798.388840000 0 0
1484551798.526385000 0 0
1484551798.538716000 0 0
1484551798.518237000 0 4096
1484551798.547688000 0 0
1484551798.514025000 0 0
1484551798.557242000 0 0
1484551798.578645000 0 0
1484551798.811558000 0 0
1484551799.148987000 0 0
1484551799.183068000 0 0
1484551771.741004000 51 0
1484551800.058719000 0 0
1484551798.242349000 271592 0
1484551800.057643000 0 0
1484551800.075651000 0 0
1484551800.082607000 0 0
1484551800.080741000 0 0
1484551800.097349000 0 272492
1484551800.134679000 0 0
1484551810.597950000 0 0
1484551798.571904000 0 4096
1484551810.604858000 0 0
1484551810.608804000 0 0
1484551798.565677000 0 0
1484551810.614595000 0 0
1484551797.689161000 0 0
1484551815.159453000 0 273228
1484551815.190176000 0 0
1484551815.196670000 0 0
1484551816.733708000 0 0
1484551816.953991000 0 98840
1484551816.985661000 0 0
1484551793.144902000 282 0
1484551793.196342000 10 0
1484551793.215702000 111 0
1484551793.283653000 208 0
1484551793.413201000 38694 0
1484551793.767127000 16384 0
1484551794.191354000 4130 0
1484551794.327014000 185 0
1484551795.115062000 8437 0
1484551818.218228000 0 10931
1484551800.367755000 10931 0
1484551818.225858000 0 0
1484551795.281691000 237211 0
1484551795.807059000 116 0
1484551795.873718000 1886 0
1484551795.879273000 32 0
1484551796.136511000 309 0
1484551797.800516000 17954 0
1484551798.343068000 29 0
1484551798.342210000 34995 0
1484551796.156974000 25 0
1484551827.674928000 0 0
1484551827.685628000 0 0
1484551827.689142000 0 38775
1484551827.710068000 0 0
1484551827.713226000 0 0
1484551827.718000000 0 0
1484551827.678130000 0 0
1484551827.720788000 0 0
1484551830.212882000 0 276988
1484551830.242990000 0 0
1484551830.249716000 0 0
1484551798.507934000 40960 0
1484551813.653248000 1449 0
1484551845.268181000 0 292006
1484551845.300845000 0 0
1484551845.308357000 0 0
1484551849.709693000 0 11469
1484551849.717508000 0 0
1484551851.397181000 0 0
1484551851.402852000 0 0
1484551851.410136000 0 0
1484551851.415666000 0 0
1484551851.444147000 0 66
1484551851.436783000 66 0
1484551851.450701000 0 0
1484551854.443714000 0 0
1484551854.470252000 0 137
1484551854.477994000 0 0
1484551854.457774000 137 0
1484551854.477100000 0 0
1484551854.499546000 0 0
1484551854.504709000 0 0
1484551854.513236000 0 0
1484551854.517289000 0 14397
1484551854.525978000 0 0
1484551854.525099000 0 0
1484551854.546194000 0 0
1484551854.556905000 0 0
1484551854.564887000 0 0
1484551854.575002000 0 0
1484551854.578910000 0 0
1484551854.582815000 0 0
1484551854.591936000 0 0
1484551854.595517000 0 0
1484551854.598979000 0 0
1484551854.606119000 0 0
1484551854.618872000 0 0
1484551854.622686000 0 0
1484551854.637703000 0 0
1484551854.641412000 0 0
1484551854.644926000 0 0
1484551854.671308000 0 0
1484551854.676197000 0 0
1484551854.688336000 0 0
1484551854.754276000 0 0
1484551854.839658000 0 0
1484551854.925361000 0 0
1484551855.045451000 0 0
1484551855.068229000 0 0
1484551855.094974000 0 0
1484551855.099072000 0 0
1484551855.102819000 0 0
1484551855.106628000 0 0
1484551855.120992000 0 0
1484551855.125242000 0 0
1484551855.132440000 0 0
1484551855.136438000 0 0
1484551855.140122000 0 0
1484551855.144452000 0 0
1484551855.158117000 0 0
1484551855.162252000 0 0
1484551855.176428000 0 0
1484551855.180336000 0 0
1484551855.190593000 0 0
1484551855.200317000 0 0
1484551855.209643000 0 0
1484551855.213360000 0 0
1484551855.216632000 0 0
1484551855.220098000 0 0
1484551855.228935000 0 0
1484551855.237481000 0 0
1484551855.240982000 0 0
1484551855.251264000 0 0
1484551855.255108000 0 0
1484551855.260430000 0 0
1484551855.264024000 0 0
1484551855.267615000 0 0
1484551855.275434000 0 0
1484551855.279634000 0 0
1484551855.283496000 0 0
1484551855.287790000 0 0
1484551855.291758000 0 0
1484551855.525417000 0 0
1484551855.537763000 0 0
1484551855.551539000 0 0
1484551855.555178000 0 0
1484551855.617102000 0 0
1484551855.629884000 0 0
1484551855.643682000 0 0
1484551855.657941000 0 0
1484551855.670016000 0 0
1484551855.676781000 0 0
1484551855.691122000 0 0
1484551855.699226000 0 0
1484551855.708880000 0 0
1484551855.713296000 0 0
1484551855.724551000 0 0
1484551855.734105000 0 0
1484551855.746755000 0 0
1484551855.752091000 0 0
1484551855.763953000 0 0
1484551855.777859000 0 0
1484551855.781720000 0 0
1484551855.785294000 0 0
1484551855.796335000 0 0
1484551855.811244000 0 0
1484551855.826794000 0 0
1484551855.830826000 0 0
1484551855.844060000 0 0
1484551855.858548000 0 0
1484551855.862213000 0 0
1484551855.865664000 0 0
1484551855.869379000 0 0
1484551855.872892000 0 0
1484551855.876780000 0 0
1484551855.880355000 0 0
1484551855.895092000 0 0
1484551855.898697000 0 0
1484551855.908618000 0 0
1484551855.912495000 0 0
1484551855.916645000 0 0
1484551855.925838000 0 0
1484551855.929775000 0 0
1484551855.944150000 0 0
1484551855.954783000 0 0
1484551855.958422000 0 0
1484551855.961733000 0 0
1484551855.970847000 0 0
1484551855.974611000 0 0
1484551855.985279000 0 0
1484551855.989206000 0 0
1484551855.992685000 0 0
1484551855.996214000 0 0
1484551855.999130000 0 0
1484551856.002354000 0 0
1484551856.005820000 0 0
1484551856.026583000 0 0
1484551856.037712000 0 0
1484551856.042038000 0 0
1484551856.045767000 0 0
1484551856.049581000 0 0
1484551856.068131000 0 0
1484551856.076340000 0 0
1484551856.099350000 0 0
1484551856.114063000 0 0
1484551856.125914000 0 0
1484551856.147668000 0 0
1484551856.151814000 0 0
1484551856.155296000 0 0
1484551856.162439000 0 0
1484551856.166528000 0 0
1484551856.176738000 0 0
1484551856.180414000 0 0
1484551856.183695000 0 0
1484551856.187141000 0 0
1484551856.219126000 0 0
1484551856.223020000 0 0
1484551856.237388000 0 0
1484551856.251956000 0 0
1484551856.257681000 0 0
1484551856.264783000 0 0
1484551856.280693000 0 0
1484551856.285231000 0 0
1484551856.289184000 0 0
1484551856.303829000 0 0
1484551856.307838000 0 0
1484551856.311330000 0 0
1484551856.332030000 0 0
1484551856.350980000 0 0
1484551856.354959000 0 0
1484551856.368445000 0 0
1484551856.372214000 0 0
1484551856.376036000 0 0
1484551856.387404000 0 0
1484551856.405634000 0 0
1484551856.409757000 0 0
1484551856.413276000 0 0
1484551856.428598000 0 0
1484551856.432372000 0 0
1484551856.443462000 0 0
1484551856.468697000 0 0
1484551856.473279000 0 0
1484551856.477107000 0 0
1484551856.480988000 0 0
1484551856.501764000 0 0
1484551856.506055000 0 0
1484551856.525209000 0 0
1484551856.529301000 0 0
1484551856.542908000 0 0
1484551856.546981000 0 0
1484551856.550803000 0 0
1484551856.564553000 0 0
1484551856.573794000 0 0
1484551856.585473000 0 0
1484551856.589193000 0 0
1484551856.603182000 0 0
1484551856.624101000 0 0
1484551856.632164000 0 0
1484551856.645293000 0 0
1484551856.649216000 0 0
1484551856.674676000 0 0
1484551856.690265000 0 0
1484551856.694285000 0 0
1484551856.701604000 0 0
1484551856.705537000 0 0
1484551856.712659000 0 0
1484551856.731459000 0 0
1484551856.747051000 0 0
1484551857.111076000 0 0
1484551857.115381000 0 0
1484551857.118916000 0 0
1484551857.130975000 0 0
1484551857.134761000 0 0
1484551857.138310000 0 0
1484551857.143017000 0 0
1484551857.146601000 0 0
1484551857.150423000 0 0
1484551857.155775000 0 0
1484551857.159721000 0 0
1484551857.178615000 0 0
1484551857.262213000 0 0
1484551857.266285000 0 0
1484551857.270564000 0 0
1484551857.274705000 0 0
1484551857.278442000 0 0
1484551857.290463000 0 0
1484551857.294390000 0 0
1484551857.297825000 0 0
1484551857.301734000 0 0
1484551857.305266000 0 0
1484551857.309162000 0 0
1484551857.313097000 0 0
1484551857.316503000 0 0
1484551857.320123000 0 0
1484551857.324110000 0 0
1484551857.327705000 0 0
1484551857.331121000 0 0
1484551857.335200000 0 0
1484551857.348738000 0 0
1484551857.368261000 0 0
1484551857.371906000 0 0
1484551857.375615000 0 0
1484551857.379395000 0 0
1484551857.395429000 0 0
1484551857.399322000 0 0
1484551857.410541000 0 0
1484551857.414310000 0 0
1484551857.428899000 0 0
1484551857.432679000 0 0
1484551857.436467000 0 0
1484551857.443466000 0 0
1484551857.456488000 0 0
1484551857.460403000 0 0
1484551857.464143000 0 0
1484551857.467600000 0 0
1484551857.488260000 0 0
1484551857.503477000 0 0
1484551857.507235000 0 0
1484551857.510876000 0 0
1484551857.514302000 0 0
1484551857.517751000 0 0
1484551857.521075000 0 0
1484551857.534936000 0 0
1484551857.538603000 0 0
1484551857.552419000 0 0
1484551857.556308000 0 0
1484551857.564561000 0 0
1484551857.581984000 0 0
1484551857.598295000 0 0
1484551857.609418000 0 0
1484551857.616910000 0 0
1484551857.620609000 0 0
1484551857.624213000 0 0
1484551857.636099000 0 0
1484551857.640111000 0 0
1484551857.643670000 0 0
1484551857.663336000 0 0
1484551857.675561000 0 0
1484551857.683608000 0 0
1484551857.687102000 0 0
1484551857.694968000 0 0
1484551857.698707000 0 0
1484551857.702053000 0 0
1484551857.705286000 0 0
1484551857.722108000 0 0
1484551857.726119000 0 0
1484551857.729867000 0 0
1484551857.733477000 0 0
1484551857.746388000 0 0
1484551857.757210000 0 0
1484551857.766934000 0 0
1484551857.770521000 0 0
1484551857.774037000 0 0
1484551857.777899000 0 0
1484551857.781219000 0 0
1484551857.784566000 0 0
1484551857.787965000 0 0
1484551857.791160000 0 0
1484551857.794412000 0 0
1484551857.797690000 0 0
1484551857.801132000 0 0
1484551857.804587000 0 0
1484551857.808444000 0 0
1484551857.811770000 0 0
1484551857.814932000 0 0
1484551857.819880000 0 0
1484551857.828284000 0 0
1484551857.835493000 0 0
1484551857.849077000 0 0
1484551857.862998000 0 0
1484551857.866641000 0 0
1484551857.869998000 0 0
1484551857.873618000 0 0
1484551857.892403000 0 0
1484551857.897544000 0 0
1484551857.901399000 0 0
1484551857.912214000 0 0
1484551857.921831000 0 0
1484551857.925815000 0 0
1484551857.929147000 0 0
1484551857.932440000 0 0
1484551857.941029000 0 0
1484551857.952526000 0 0
1484551857.964272000 0 0
1484551857.976315000 0 0
1484551857.987701000 0 0
1484551857.991309000 0 0
1484551858.001621000 0 0
1484551858.005173000 0 0
1484551858.008942000 0 0
1484551858.012362000 0 0
1484551858.015952000 0 0
1484551858.019965000 0 0
1484551858.033463000 0 0
1484551858.037115000 0 0
1484551858.103909000 0 0
1484551858.109365000 0 0
1484551858.118792000 0 0
1484551858.122629000 0 0
1484551858.136448000 0 0
1484551858.140111000 0 0
1484551858.143852000 0 0
1484551858.152219000 0 0
1484551858.174150000 0 0
1484551858.177947000 0 0
1484551858.181268000 0 0
1484551858.184464000 0 0
1484551858.187629000 0 0
1484551858.190920000 0 0
1484551858.194134000 0 0
1484551858.197328000 0 0
1484551858.209154000 0 0
1484551858.212943000 0 0
1484551858.216620000 0 0
1484551858.219963000 0 0
1484551858.223391000 0 0
1484551858.226965000 0 0
1484551858.230454000 0 0
1484551858.233752000 0 0
1484551858.237398000 0 0
1484551858.240963000 0 0
1484551858.244829000 0 0
1484551858.248443000 0 0
1484551858.251816000 0 0
1484551858.255392000 0 0
1484551858.269010000 0 0
1484551858.272570000 0 0
1484551858.276249000 0 0
1484551858.287798000 0 0
1484551858.291504000 0 0
1484551858.294643000 0 0
1484551858.298210000 0 0
1484551858.301310000 0 0
1484551858.304492000 0 0
1484551858.314368000 0 0
1484551858.317733000 0 0
1484551858.320782000 0 0
1484551858.328018000 0 0
1484551858.340074000 0 0
1484551858.343705000 0 0
1484551858.346858000 0 0
1484551858.355557000 0 0
1484551858.358912000 0 0
1484551858.362314000 0 0
1484551858.382104000 0 0
1484551858.385940000 0 0
1484551858.389238000 0 0
1484551858.392556000 0 0
1484551858.477307000 0 0
1484551858.483274000 0 0
1484551858.488736000 0 0
1484551858.494351000 0 0
1484551858.500002000 0 0
1484551858.515800000 0 0
1484551858.522451000 0 0
1484551858.527216000 0 0
1484551858.536732000 0 0
1484551858.550256000 0 0
1484551858.553812000 0 0
1484551858.557896000 0 0
1484551858.561505000 0 0
1484551858.565245000 0 0
1484551858.568713000 0 0
1484551858.572383000 0 0
1484551858.585295000 0 0
1484551858.589252000 0 0
1484551858.593067000 0 0
1484551858.596607000 0 0
1484551858.600307000 0 0
1484551858.611608000 0 0
1484551858.615458000 0 0
1484551858.618839000 0 0
1484551858.623045000 0 0
1484551858.633994000 0 0
1484551858.637929000 0 0
1484551858.641757000 0 0
1484551858.645642000 0 0
1484551858.649132000 0 0
1484551858.652529000 0 0
1484551858.669718000 0 0
1484551858.673375000 0 0
1484551858.677078000 0 0
1484551858.687421000 0 0
1484551858.691166000 0 0
1484551858.696428000 0 0
1484551858.708402000 0 0
1484551858.719907000 0 0
1484551858.723837000 0 0
1484551858.736434000 0 0
1484551858.740208000 0 0
1484551858.744108000 0 0
1484551858.747597000 0 0
1484551858.751046000 0 0
1484551858.754834000 0 0
1484551858.758508000 0 0
1484551858.762151000 0 0
1484551858.765492000 0 0
1484551858.780170000 0 0
1484551858.791184000 0 0
1484551858.798240000 0 0
1484551858.801774000 0 0
1484551858.805413000 0 0
1484551858.808850000 0 0
1484551858.812237000 0 0
1484551858.815894000 0 0
1484551858.819137000 0 0
1484551858.822526000 0 0
1484551858.837543000 0 0
1484551858.841265000 0 0
1484551858.853574000 0 0
1484551858.857540000 0 0
1484551858.861567000 0 0
1484551858.864849000 0 0
1484551858.869730000 0 0
1484551858.872937000 0 0
1484551858.885871000 0 0
1484551858.890054000 0 0
1484551858.894015000 0 0
1484551858.897436000 0 0
1484551858.900449000 0 0
1484551858.903613000 0 0
1484551858.910099000 0 0
1484551858.913804000 0 0
1484551858.917229000 0 0
1484551858.920389000 0 0
1484551858.929536000 0 0
1484551858.932971000 0 0
1484551858.936100000 0 0
1484551858.943500000 0 0
1484551858.947010000 0 0
1484551858.950951000 0 0
1484551858.954402000 0 0
1484551858.958191000 0 0
1484551858.961504000 0 0
1484551858.975895000 0 0
1484551858.980331000 0 0
1484551858.984588000 0 0
1484551858.988394000 0 0
1484551858.992003000 0 0
1484551859.009658000 0 0
1484551859.014565000 0 0
1484551859.018073000 0 0
1484551859.021517000 0 0
1484551859.026429000 0 0
1484551859.034635000 0 0
1484551859.038725000 0 0
1484551859.042810000 0 0
1484551859.046144000 0 0
1484551859.049406000 0 0
1484551859.052927000 0 0
1484551859.056566000 0 0
1484551859.060083000 0 0
1484551859.109631000 0 0
1484551859.124400000 0 0
1484551859.128480000 0 0
1484551859.132292000 0 0
1484551859.135936000 0 0
1484551859.139400000 0 0
1484551859.143077000 0 0
1484551859.146716000 0 0
1484551859.164443000 0 0
1484551859.167987000 0 0
1484551859.171300000 0 0
1484551859.175070000 0 0
1484551859.178713000 0 0
1484551859.181974000 0 0
1484551859.287166000 0 0
1484551859.290971000 0 0
1484551859.298570000 0 0
1484551859.309422000 0 0
1484551859.320185000 0 0
1484551859.323849000 0 0
1484551859.334531000 0 0
1484551859.347740000 0 0
1484551859.353184000 0 0
1484551859.357937000 0 0
1484551859.362090000 0 0
1484551859.366302000 0 0
1484551859.369710000 0 0
1484551859.373838000 0 0
1484551859.377561000 0 0
1484551859.381331000 0 0
1484551859.384937000 0 0
1484551859.388806000 0 0
1484551859.393540000 0 0
1484551859.397328000 0 0
1484551860.296628000 0 289040
1484551860.329143000 0 0
1484551860.335696000 0 0
1484551875.322490000 0 289070
1484551875.355213000 0 0
1484551875.354216000 0 0
1484551875.363232000 0 0
1484551875.362183000 0 0
1484551854.667271000 51 0
1484551890.393839000 0 291363
1484551890.428221000 0 0
1484551890.426873000 0 0
1484551890.438069000 0 0
1484551890.436449000 0 0
1484551905.452248000 0 293426
1484551905.486973000 0 0
1484551905.485688000 0 0
1484551905.496199000 0 0
1484551905.494751000 0 0
1484551936.353760000 0 293426
1484551936.390380000 0 0
1484551936.388391000 0 0
1484551936.402078000 0 0
1484551936.399740000 0 0
1484551937.662175000 0 122
1484551937.671814000 0 0
1484551937.668989000 0 21878
1484551937.669529000 0 0
1484551937.679312000 0 0
1484551937.678394000 0 0
1484551937.683972000 0 146
1484551937.686212000 0 0
1484551937.692239000 0 0
1484551937.691142000 0 0
1484551937.691225000 0 0
1484551937.738877000 0 181
1484551937.752158000 0 0
1484551937.752959000 0 0
1484551797.274110000 0 32768
1484551937.746274000 0 0
1484551937.761361000 0 4130
1484551937.764991000 0 0
1484551937.765039000 0 212
1484551797.268761000 0 1483984
1484551937.773046000 0 0
1484551937.773327000 0 0
1484551937.772163000 0 0
1484551937.777604000 0 0
1484551937.781354000 0 259
1484551937.789329000 0 0
1484551937.788385000 0 0
1484551937.801029000 0 1859
1484551937.824054000 0 0
1484551937.821165000 0 0
1484551937.830589000 0 0
1484551795.036527000 0 32768
1484551937.833947000 0 288
1484551937.836416000 0 0
1484551795.031467000 0 3001048
1484551937.842032000 0 0
1484551937.841175000 0 0
1484551937.846398000 0 0
1484551937.848817000 0 0
1484551937.865263000 0 0
1484551798.344410000 0 32768
1484551937.871603000 0 0
1484551798.341292000 0 3208
1484551937.878568000 0 0
1484551937.881211000 0 0
1484551937.885322000 0 0
1484551937.895378000 0 0
1484551937.899081000 0 38835
1484551937.922149000 0 0
1484551937.925969000 0 0
1484551937.930885000 0 0
1484551937.888398000 0 0
1484551937.935545000 0 0
1484551937.980697000 0 6355
1484551937.990255000 0 0
1484551937.988855000 0 0
1484551937.999298000 0 0
1484551944.543433000 0 0
1484551798.014832000 0 0
1484551798.353331000 0 0
1484551793.239386000 0 0
1484551953.773573000 0 208787
1484551953.800841000 0 0
1484551953.800009000 0 0
1484551816.759654000 262144 98304
1484551794.409686000 65536 0
1484551793.824130000 364544 4096
1484551794.106419000 16384 4096
1484551797.253630000 720896 655360
1484551795.023650000 2523136 2326528
1484551798.334752000 552960 12288
1484551795.774095000 131072 0
1484551971.228044000 0 0
1484551977.647325000 0 0
1484551980.333398000 0 0
1484551980.337789000 0 0
1484551980.349265000 0 0
1484551980.359891000 0 0
1484551980.398017000 0 0
1484551980.402392000 0 0
1484551980.406870000 0 0
1484551980.411224000 0 0
1484551980.432873000 0 0
1484551980.436786000 0 0
1484551980.478456000 0 0
1484551980.482786000 0 0
1484551980.487399000 0 0
1484551980.530956000 0 0
1484551980.535475000 0 0
1484551979.732231000 1194805 0
1484551980.357182000 570 0
1484551980.381912000 504 0
1484551980.417924000 504 0
1484551980.443288000 282 0
1484551980.509452000 402 0
1484551980.686170000 0 0
1484551980.956782000 0 0
1484551980.986988000 0 0
1484551981.000487000 0 0
1484551981.301873000 0 0
1484551981.310532000 0 0
1484551981.371608000 0 0
1484551981.382712000 0 0
1484551981.514543000 0 0
1484551981.527926000 0 0
1484551982.253457000 0 0
1484551982.416182000 0 0
1484551982.544247000 0 0
1484551982.546908000 0 0
1484551982.947191000 0 0
1484551982.952386000 0 0
1484551982.967941000 0 0
1484551982.983398000 0 0
1484551983.004800000 0 0
1484551983.011148000 0 0
1484551983.078998000 0 0
1484551983.094396000 0 0
1484551983.196302000 0 0
1484551983.199003000 0 0
1484551983.203971000 0 0
1484551983.213554000 0 0
1484551983.215983000 0 0
1484551983.218512000 0 0
1484551983.228426000 0 0
1484551983.230953000 0 0
1484551983.241060000 0 0
1484551983.243472000 0 0
1484551983.929146000 0 0
1484551984.186609000 0 0
1484551984.203184000 0 0
1484551984.211102000 0 0
1484551984.214901000 0 0
1484551984.225871000 0 0
1484551984.232071000 0 0
1484551984.249655000 0 0
1484551984.377889000 0 0
1484551984.435678000 0 0
1484551984.602874000 0 0
1484551984.645291000 0 0
1484551984.654087000 0 0
1484551984.726534000 0 0
1484551984.737557000 0 0
1484551984.748793000 0 0
1484551984.800145000 0 0
1484551984.805356000 0 0
1484551984.869300000 0 0
1484551984.887784000 0 0
1484551984.895004000 0 0
1484551984.904258000 0 0
1484551984.909763000 0 0
1484551984.914703000 0 0
1484551984.918708000 0 0
1484551984.924367000 0 0
1484551984.948761000 0 0
1484551984.958556000 0 0
1484551984.962949000 0 0
1484551985.009531000 0 0
1484551985.038427000 0 0
1484551985.045319000 0 0
1484551985.050460000 0 0
1484551985.077272000 0 0
1484551985.083244000 0 0
1484551985.100648000 0 0
1484551985.122318000 0 0
1484551985.134424000 0 0
1484551985.144675000 0 0
1484551985.168103000 0 0
1484551985.185524000 0 0
1484551985.207044000 0 0
1484551985.252393000 0 0
1484551985.276029000 0 0
1484551985.310720000 0 0
1484551985.349883000 0 0
1484551985.354114000 0 0
1484551985.358086000 0 0
1484551985.411118000 0 0
1484551985.433537000 0 0
1484551985.463984000 0 0
1484551985.599320000 0 0
1484551985.604261000 0 0
1484551985.622147000 0 0
1484551985.627405000 0 0
1484551985.697063000 0 0
1484551985.702288000 0 0
1484551985.716417000 0 0
1484551985.735046000 0 0
1484551985.743414000 0 0
1484551985.748747000 0 0
1484551985.764793000 0 0
1484551985.897791000 0 0
1484551985.988367000 0 0
1484551986.070136000 0 0
1484551986.075644000 0 0
1484551986.100127000 0 0
1484551986.109028000 0 0
1484551986.115145000 0 0
1484551986.121702000 0 0
1484551986.128103000 0 0
1484551986.140250000 0 0
1484551986.155835000 0 0
1484551986.164573000 0 0
1484551986.176091000 0 0
1484551986.182138000 0 0
1484551986.188176000 0 0
1484551986.194988000 0 0
1484551986.212952000 0 0
1484551986.226977000 0 0
1484551986.233520000 0 0
1484551986.240067000 0 0
1484551986.256539000 0 0
1484551986.268202000 0 0
1484551986.274539000 0 0
1484551986.281862000 0 0
1484551986.287975000 0 0
1484551986.294689000 0 0
1484551986.300660000 0 0
1484551986.308535000 0 0
1484551986.315875000 0 0
1484551986.322206000 0 0
1484551986.328522000 0 0
1484551986.335250000 0 0
1484551986.362088000 0 0
1484551986.379569000 0 0
1484551986.389103000 0 0
1484551986.398752000 0 0
1484551986.490174000 0 0
1484551986.512778000 0 0
1484551986.547038000 0 0
1484551986.559055000 0 0
1484551986.580223000 0 0
1484551986.882124000 0 0
1484551986.896551000 0 0
1484551986.909028000 0 0
1484551986.925394000 0 0
1484551986.933500000 0 0
1484551986.941513000 0 0
1484551986.969993000 0 0
1484551986.979462000 0 0
1484551987.001939000 0 0
1484551987.021743000 0 0
1484551987.039761000 0 0
1484551987.087665000 0 0
1484551987.096140000 0 0
1484551987.127973000 0 0
1484551987.182459000 0 0
1484551987.192116000 0 0
1484551987.207952000 0 0
1484551987.245201000 0 0
1484551987.317637000 0 0
1484551987.335929000 0 0
1484551987.345072000 0 0
1484551987.350502000 0 0
1484551987.362026000 0 0
1484551987.375926000 0 0
1484551987.382668000 0 0
1484551987.408700000 0 0
1484551987.417392000 0 0
1484551987.424644000 0 0
1484551987.431577000 0 0
1484551987.443771000 0 0
1484551987.450742000 0 0
1484551989.101511000 0 1195393
1484551989.216011000 0 0
1484551989.214268000 0 0
1484551997.405828000 0 8531
1484551997.419584000 0 0
1484551997.417854000 0 0
1484551982.381753000 0 0
1484551982.550660000 282 0
1484551983.201726000 570 0
1484551983.206743000 504 0
1484551983.221417000 504 0
1484551983.233554000 402 0
1484552012.611896000 0 0
1484552013.039646000 0 0
1484552013.065251000 692024 3998
1484552013.367075000 0 0
1484552015.451386000 0 559
1484552015.465996000 0 0
1484552015.463886000 0 0
1484552013.029939000 13446 0
1484552043.890229000 0 0
1484551714.753351000 4021 0
1484552046.293115000 0 0
1484552046.340307000 0 0
1484552046.398799000 0 0
1484552046.402309000 0 0
1484552046.411462000 0 0
1484552046.648179000 0 0
1484552046.651528000 0 0
1484552046.654123000 0 0
1484552046.661444000 0 0
1484552046.673101000 0 0
1484552046.675572000 0 0
1484552046.678210000 0 0
1484552046.687632000 0 0
1484552046.689977000 0 0
1484552046.699256000 0 0
1484552046.701662000 0 0
1484552047.642003000 0 1196017
1484552047.756239000 0 0
1484552047.753990000 0 0
1484552046.296011000 0 0
1484552046.422475000 282 0
1484552046.659214000 570 0
1484552046.666630000 504 0
1484552046.680761000 504 0
1484552046.692284000 402 0
1484552071.607385000 0 7706
1484552071.619694000 0 0
1484552071.617903000 0 0
1484552099.649370000 0 8531
1484552099.664165000 0 0
1484552099.661861000 0 0
1484552173.036334000 0 0
1484552173.082081000 0 0
1484552173.087995000 0 0
1484552173.098361000 0 0
1484552173.108712000 0 0
1484552178.900641000 0 0
1484552181.403193000 0 0
1484551702.412664000 0 0
1484552181.412452000 0 0
1484552181.474161000 0 0
1484552181.472826000 0 0
1484552181.475446000 0 0
1484552181.478406000 0 0
1484552173.034141000 282 0
1484552173.106229000 570 0
1484552173.114031000 504 0
1484552181.558466000 0 0
1484552181.419107000 0 117426
1484552181.438452000 0 35183
1484552181.450669000 0 35890
1484552212.690251000 0 0
1484552212.716091000 0 0
1484552225.830142000 0 0
1484552225.872865000 0 0
1484552225.992878000 0 0
1484552225.991412000 0 0
1484552226.079294000 0 0
1484552226.138753000 0 0
1484552226.144700000 0 0
1484552226.155694000 0 0
1484552226.224346000 0 0
1484552226.226568000 0 0
1484552226.229301000 0 0
1484552226.232174000 0 0
1484552226.236077000 0 0
1484552225.513973000 0 0
1484552226.279770000 0 0
1484552226.282029000 0 0
1484552226.284316000 0 0
1484552226.286562000 0 0
1484552226.293985000 0 0
1484552226.296232000 0 0
1484552226.298476000 0 0
1484552226.300813000 0 0
1484552226.308781000 0 0
1484552226.314101000 0 0
1484552226.312381000 0 0
1484552216.413528000 10607 0
1484552226.165226000 282 0
1484552226.322875000 0 0
1484552226.323937000 0 0
1484552226.322514000 0 0
1484552226.406563000 0 0
1484552226.415363000 0 0
1484552226.415245000 0 0
1484552226.411632000 0 0
1484552226.418721000 0 0
1484552226.421644000 0 0
1484552226.436257000 0 0
1484552226.434552000 0 0
1484552226.528139000 0 0
1484552226.523979000 0 0
1484552226.560053000 0 0
1484552226.566074000 0 0
1484552226.567245000 0 0
1484552226.569731000 0 0
1484552226.572196000 0 0
1484552226.574777000 0 0
1484552226.577244000 0 0
1484552226.741085000 0 0
1484552226.739097000 0 0
1484552226.746596000 0 0
1484552226.835985000 0 0
1484552226.832979000 0 0
1484552227.140338000 0 0
1484552227.137739000 0 0
1484552227.151531000 0 0
1484552227.165820000 0 0
1484552227.168806000 0 0
1484552227.172704000 0 0
1484552227.176024000 0 0
1484552227.181011000 0 0
1484552227.193489000 0 0
1484552227.210679000 0 0
1484552227.214163000 0 0
1484552227.217888000 0 0
1484552227.221554000 0 0
1484552227.231814000 0 0
1484552227.451571000 0 0
1484552227.453990000 0 0
1484552227.459219000 0 0
1484552227.459505000 0 0
1484552227.521327000 737 0
1484552227.523647000 1932 0
1484552227.596106000 0 0
1484552229.427537000 0 0
1484552229.431172000 0 0
1484552229.435933000 0 0
1484552229.437820000 0 0
1484552231.441395000 0 0
1484552231.439976000 0 0
1484552231.445649000 0 0
1484552231.442956000 0 0
1484552221.628047000 381855 0
1484552226.260375000 117426 0
1484552227.529492000 3478 0
1484552227.536769000 2111 0
1484552227.544078000 2297 0
1484552227.557086000 2633 0
1484552227.571153000 1009 0
1484552227.578968000 1753 0
1484552227.529233000 1648 0
1484552227.531712000 0 0
1484552227.534350000 1651 0
1484552227.538986000 0 0
1484552227.546428000 0 0
1484552227.559586000 0 0
1484552227.562480000 15872 0
1484552227.573555000 0 0
1484552227.581410000 0 0
1484552307.236362000 0 0
1484552307.258822000 0 0
1484552307.262527000 0 0
1484552226.257025000 0 0
1484552307.242522000 0 111028
1484552307.283862000 0 0
1484552307.290266000 0 0
1484552307.294937000 0 0
1484552307.301424000 0 0
1484552307.271302000 0 0
1484552307.306764000 0 0
1484552307.277813000 0 0
1484552226.405105000 0 165
1484552307.396928000 0 0
1484552307.399824000 0 0
1484552307.408554000 0 0
1484552307.414558000 0 0
1484552307.418294000 0 0
1484552307.427263000 0 0
1484552307.429761000 0 0
1484552307.432098000 0 0
1484552307.434499000 0 0
1484552307.442223000 0 0
1484552307.453633000 0 0
1484552307.451893000 0 0
1484552307.462002000 0 0
1484552307.460391000 0 0
1484552307.412522000 282 0
1484552307.531263000 0 0
1484552307.528365000 0 0
1484552307.536730000 0 0
1484552307.621067000 0 0
1484552307.618876000 0 0
1484552225.995607000 0 0
1484552307.969684000 0 0
1484552307.972296000 0 0
1484552307.967801000 0 0
1484552307.972786000 0 0
1484552308.045176000 0 0
1484552307.320963000 0 0
1484552310.264656000 0 0
1484552310.262581000 0 0
1484552310.261266000 0 0
1484552310.265663000 0 0
1484552308.025092000 737 0
1484552308.027481000 1932 0
1484552308.032827000 1648 0
1484552308.037724000 1651 0
1484552312.184240000 0 0
1484552312.257385000 0 8789
1484552312.268424000 0 0
1484552312.267059000 0 0
1484552312.275873000 0 0
1484552312.278057000 0 0
1484552312.274282000 0 0
1484552312.281329000 0 0
1484552313.237627000 0 0
1484552313.254483000 0 0
1484552313.333125000 0 0
1484552313.343982000 3915 4011
1484552313.358411000 0 0
1484552313.382481000 10522 2426
1484552313.400538000 0 0
1484552313.412702000 4388 388
1484552313.426018000 0 0
1484552313.455606000 0 0
1484552313.488977000 556157 3299
1484552313.710951000 0 0
1484552313.737806000 0 0
1484552313.751184000 4051 0
1484552313.760052000 0 2838
1484552315.491918000 0 481
1484552315.507323000 0 0
1484552315.505357000 0 0
1484552319.868933000 0 0
1484552327.263838000 0 0
1484552327.385567000 0 0
1484552327.384214000 0 0
1484552327.451471000 0 0
1484552327.514732000 0 0
1484552327.520042000 0 0
1484552327.530328000 0 0
1484552327.600798000 0 0
1484552327.603257000 0 0
1484552327.605779000 0 0
1484552327.608320000 0 0
1484552327.612430000 0 0
1484552308.099577000 0 0
1484552327.659890000 0 0
1484552327.662431000 0 0
1484552327.664834000 0 0
1484552327.667237000 0 0
1484552327.675445000 0 0
1484552327.677847000 0 0
1484552327.680323000 0 0
1484552327.682812000 0 0
1484552327.691299000 0 0
1484552327.539382000 282 0
1484552327.788260000 0 0
1484552327.786240000 0 0
1484552327.793539000 0 0
1484552327.795329000 0 0
1484552327.803131000 0 0
1484552327.885263000 0 0
1484552327.882952000 0 0
1484552327.918375000 0 0
1484552327.924629000 0 0
1484552327.926117000 0 0
1484552327.928488000 0 0
1484552327.931067000 0 0
1484552327.933528000 0 0
1484552327.937495000 0 0
1484552327.945117000 0 0
1484552327.947508000 0 0
1484552327.949689000 0 0
1484552327.951849000 0 0
1484552327.958106000 0 0
1484552328.015981000 0 0
1484552328.018462000 0 0
1484552328.021040000 0 0
1484552328.023509000 0 0
1484552328.028870000 0 0
1484552328.053218000 0 0
1484552328.051585000 0 0
1484552328.059167000 0 0
1484552328.148766000 0 0
1484552328.146134000 0 0
1484552328.813337000 0 0
1484552328.811015000 0 0
1484552328.816236000 0 0
1484552328.817052000 0 0
1484552328.894060000 0 0
1484552330.821129000 0 0
1484552330.826173000 0 0
1484552330.824674000 0 0
1484552330.829024000 0 0
1484552332.833316000 0 0
1484552332.839230000 0 0
1484552332.837534000 0 0
1484552332.848157000 0 0
1484552327.792376000 0 165
1484552335.144188000 0 0
1484552335.146895000 0 0
1484552335.149642000 0 0
1484552335.152385000 0 0
1484552335.154813000 0 0
1484552335.163893000 0 0
1484552335.166396000 0 0
1484552335.168742000 0 0
1484552335.171301000 0 0
1484552335.175267000 0 0
1484552335.182364000 0 0
1484552310.327294000 1474 0
1484552310.330642000 3864 0
1484552310.333417000 3296 0
1484552310.336414000 3302 0
1484552335.275804000 0 0
1484552335.273842000 0 0
1484552335.280869000 0 0
1484552335.367178000 0 0
1484552335.364296000 0 0
1484552327.388220000 0 0
1484552336.143296000 0 0
1484552336.145990000 0 0
1484552336.148664000 0 0
1484552336.149234000 0 0
1484552336.218421000 0 0
1484552327.634340000 0 0
1484552212.685950000 0 0
1484552313.242902000 13446 0
1484552313.321127000 9499 0
1484552313.445465000 14227 0
1484552313.728719000 8009 0
1484552307.317335000 967392 0
1484552327.637815000 111028 0
1484552336.254017000 0 0
1484552362.456400000 0 0
1484552336.204994000 737 0
1484552336.207834000 1932 0
1484552336.210902000 1648 0
1484552336.213342000 1651 0
1484552365.061488000 0 0
1484552371.653479000 0 8832
1484552371.665062000 0 0
1484552371.663412000 0 0
1484552379.648985000 0 0
1484552379.785837000 0 0
1484552387.448479000 0 0
1484552387.459895000 0 0
1484552387.463641000 0 4063
1484552387.471790000 0 0
1484552387.475294000 0 0
1484552387.479941000 0 0
1484552387.451884000 0 0
1484552387.484199000 0 0
1484552387.628259000 0 85
1484552387.635906000 0 0
1484552387.678562000 0 109
1484552387.685656000 0 0
1484552387.746958000 0 144
1484552387.749807000 0 0
1484551715.966659000 0 4096
1484552387.756741000 0 0
1484552387.754055000 0 0
1484552387.758369000 0 0
1484552387.760801000 0 0
1484551715.961735000 0 0
1484552387.767053000 0 0
1484552387.771130000 0 0
1484552387.777033000 0 0
1484552387.782792000 0 0
1484552387.788097000 0 0
1484552387.793427000 0 0
1484552387.798763000 0 0
1484552387.804091000 0 0
1484552387.809116000 0 0
1484552387.814411000 0 0
1484552387.823951000 0 0
1484552387.775154000 0 294
1484552387.981709000 0 0
1484552387.987865000 0 0
1484552387.762008000 0 0
1484552387.993255000 0 0
1484551714.382304000 55225 78698
1484551715.441034000 1339620 31002
1484551971.249239000 98897 8564
1484551716.182608000 334654 84739
1484551944.682388000 809090 51530
1484551716.304157000 298972 26128
1484552388.010041000 0 55278
1484552388.083002000 0 676
1484552388.088031000 0 175
1484552388.094838000 0 0
1484552388.100599000 0 0
1484551739.399959000 0 4096
1484552388.105139000 0 8531
1484552388.107806000 0 0
1484552388.112198000 0 0
1484551739.396945000 0 0
1484552388.114242000 0 0
1484552388.118681000 0 0
1484552388.124183000 0 204
1484552388.131798000 0 0
1484552388.143271000 0 0
1484551738.900911000 0 4096
1484552388.150914000 0 0
1484552388.155378000 0 0
1484551738.897802000 0 0
1484552388.162592000 0 0
1484552388.167999000 0 0
1484552388.182200000 0 0
1484552388.186555000 0 48831
1484552388.219936000 0 0
1484552388.223946000 0 0
1484552388.172075000 0 0
1484552388.228331000 0 0
1484552388.271504000 0 0
1484552181.464013000 0 0
