1484578594.013901000 0 0
1484578594.033864000 0 0
1484578594.053790000 0 0
1484578594.073862000 0 0
1484578594.093838000 0 0
1484578595.807076000 282 0
1484578596.077064000 0 0
1484578596.085808000 0 0
1484578596.103806000 0 0
1484578597.235823000 0 0
1484578597.242952000 0 0
1484578597.254707000 0 0
1484578597.261775000 0 0
1484578597.280646000 0 0
1484578597.296658000 0 0
1484578597.303730000 0 0
1484578597.265710000 0 0
1484578597.415895000 0 0
1484578597.422858000 0 0
1484578597.426840000 0 0
1484578597.433851000 0 0
1484578595.986978000 150 0
1484578597.283918000 82 0
1484578597.293006000 1518 0
1484578597.302617000 1486 0
1484578597.308950000 470 0
1484578597.312544000 558 0
1484578597.315776000 1410 0
1484578597.324781000 1333 0
1484578597.334821000 1512 0
1484578597.344712000 1811 0
1484578597.444800000 504 0
1484578596.010768000 282 0
1484578598.317047000 4096 0
1484578598.382116000 4096 0
1484578599.263781000 0 0
1484578599.287591000 1558 0
1484578599.151056000 4096 0
1484578619.056083000 282 0
1484578648.885790000 0 0
1484578650.015705000 0 0
1484578650.024750000 0 0
1484578650.041857000 0 0
1484578650.052666000 0 0
1484578650.079578000 0 0
1484578650.090661000 0 0
1484578650.094754000 0 0
1484578650.104790000 0 0
1484578650.113545000 0 0
1484578650.134721000 0 0
1484578650.273696000 0 0
1484578650.389677000 0 0
1484578650.462861000 0 0
1484578650.472864000 0 0
1484578650.479735000 0 0
1484578650.484729000 0 0
1484578650.493714000 0 0
1484578650.564810000 0 0
1484578650.754249000 0 0
1484578650.879702000 0 0
1484578650.885687000 0 0
1484578650.893659000 0 0
1484578650.949476000 0 0
1484578650.965598000 0 0
1484578651.105980000 0 0
1484578651.115824000 0 0
1484578651.125779000 0 0
1484578651.145790000 0 0
1484578651.189631000 0 0
1484578651.199687000 0 0
1484578651.205909000 0 0
1484578651.269783000 0 0
1484578652.059509000 0 0
1484578652.075868000 0 0
1484578652.089580000 0 0
1484578652.139523000 0 0
1484578652.194791000 0 0
1484578652.385840000 0 0
1484578652.555773000 0 0
1484578652.609894000 0 0
1484578653.919394000 0 0
1484578652.619933000 0 18830
1484578654.109619000 0 0
1484578654.119527000 0 0
1484578652.563915000 18830 0
1484578652.583826000 0 0
1484578654.129943000 0 0
1484578654.263066000 0 0
1484578654.639510000 0 0
1484578655.174709000 0 0
1484578655.182060000 0 2
1484578655.199576000 0 0
1484578655.204749000 0 0
1484578652.085221000 2 0
1484578655.142899000 0 0
1484578655.212957000 0 0
1484578655.934258000 917504 0
1484578656.429430000 0 0
1484578656.881710000 0 0
1484578657.104655000 0 53
1484578654.447096000 288 0
1484578657.119815000 0 0
1484578657.202905000 0 0
1484578657.209474000 0 0
1484578657.214577000 0 0
1484578657.221562000 0 0
1484578657.261766000 0 0
1484578657.270552000 0 90
1484578657.283138000 0 0
1484578657.299710000 0 0
1484578657.293955000 0 0
1484578657.274942000 0 0
1484578657.259543000 0 0
1484578657.314492000 0 0
1484578657.363674000 0 0
1484578657.385785000 0 0
1484578657.351738000 0 4096
1484578657.399522000 0 0
1484578657.343534000 0 0
1484578657.415833000 0 0
1484578657.479827000 0 0
1484578657.519461000 0 0
1484578657.924837000 0 0
1484578657.932833000 0 0
1484578659.154366000 0 0
1484578657.144636000 53237 0
1484578659.151640000 0 0
1484578659.183844000 0 0
1484578659.210597000 0 0
1484578659.204856000 0 0
1484578659.252087000 0 54814
1484578659.279843000 0 0
1484578669.524877000 0 0
1484578657.445629000 0 4096
1484578669.541324000 0 0
1484578669.552754000 0 0
1484578657.436176000 0 0
1484578669.569470000 0 0
1484578656.889689000 0 0
1484578674.396486000 0 55392
1484578674.419481000 0 0
1484578674.435767000 0 0
1484578650.083914000 150 0
1484578650.164034000 208 0
1484578650.404530000 119023 0
1484578650.764378000 16384 0
1484578650.864365000 29390 0
1484578651.221673000 185 0
1484578652.206170000 8416 0
1484578652.401320000 237378 0
1484578650.009631000 282 0
1484578650.047277000 10 0
1484578650.060937000 10 0
1484578654.447968000 116 0
1484578654.648150000 3821 0
1484578655.143113000 309 0
1484578655.144308000 4824 0
1484578656.896755000 20299 0
1484578657.211929000 7129 0
1484578657.226365000 34995 0
1484578655.191086000 25 0
1484578657.252665000 29 0
1484578686.878930000 0 0
1484578686.902669000 0 0
1484578686.933972000 0 0
1484578686.941897000 0 119105
1484578687.068554000 0 0
1484578687.078916000 0 0
1484578687.088732000 0 0
1484578686.888962000 0 0
1484578687.099357000 0 0
1484578659.795063000 35314 0
1484578657.334379000 40960 0
1484578708.278142000 0 0
1484578708.294755000 0 0
1484578708.318345000 0 0
1484578708.331548000 0 0
1484578708.365035000 0 4783
1484578708.349792000 4783 0
1484578708.379819000 0 0
1484578711.488109000 0 0
1484578711.538829000 0 137
1484578711.551085000 0 0
1484578711.505021000 137 0
1484578711.549871000 0 0
1484578711.571609000 0 0
1484578711.588548000 0 0
1484578711.608264000 0 0
1484578711.619089000 0 14667
1484578711.639100000 0 0
1484578711.634683000 0 0
1484578711.658267000 0 0
1484578711.668094000 0 0
1484578711.678189000 0 0
1484578711.690506000 0 0
1484578711.698535000 0 0
1484578711.708095000 0 0
1484578711.718102000 0 0
1484578711.728064000 0 0
1484578711.740645000 0 0
1484578711.751631000 0 0
1484578711.761612000 0 0
1484578711.771606000 0 0
1484578711.781537000 0 0
1484578711.791612000 0 0
1484578711.802635000 0 0
1484578711.813665000 0 0
1484578711.822676000 0 0
1484578711.832687000 0 0
1484578711.869548000 0 0
1484578711.878381000 0 0
1484578711.908076000 0 0
1484578711.942505000 0 0
1484578711.972526000 0 0
1484578711.997961000 0 0
1484578712.019469000 0 0
1484578712.038244000 0 0
1484578712.058170000 0 0
1484578712.068275000 0 0
1484578712.078142000 0 0
1484578712.088096000 0 0
1484578712.098208000 0 0
1484578712.108102000 0 0
1484578712.123691000 0 0
1484578712.138284000 0 0
1484578712.149710000 0 0
1484578712.161632000 0 0
1484578712.178190000 0 0
1484578712.189523000 0 0
1484578712.199674000 0 0
1484578712.208204000 0 0
1484578712.218352000 0 0
1484578712.228309000 0 0
1484578712.238335000 0 0
1484578712.248411000 0 0
1484578712.258331000 0 0
1484578712.268245000 0 0
1484578712.278330000 0 0
1484578712.288174000 0 0
1484578712.298284000 0 0
1484578712.308188000 0 0
1484578712.318135000 0 0
1484578712.328145000 0 0
1484578712.338391000 0 0
1484578712.348259000 0 0
1484578712.358837000 0 0
1484578712.368289000 0 0
1484578712.378289000 0 0
1484578712.388247000 0 0
1484578712.398323000 0 0
1484578712.408392000 0 0
1484578712.419630000 0 0
1484578712.429691000 0 0
1484578712.440713000 0 0
1484578712.453735000 0 0
1484578712.468194000 0 0
1484578712.479661000 0 0
1484578712.489701000 0 0
1484578712.500723000 0 0
1484578712.508280000 0 0
1484578712.518412000 0 0
1484578712.528319000 0 0
1484578712.538243000 0 0
1484578712.548260000 0 0
1484578712.558274000 0 0
1484578712.568171000 0 0
1484578712.578359000 0 0
1484578712.588243000 0 0
1484578712.598642000 0 0
1484578712.608424000 0 0
1484578712.618389000 0 0
1484578712.628232000 0 0
1484578712.638257000 0 0
1484578712.648187000 0 0
1484578712.658420000 0 0
1484578712.668541000 0 0
1484578712.678073000 0 0
1484578712.688132000 0 0
1484578712.698434000 0 0
1484578712.708332000 0 0
1484578712.718263000 0 0
1484578712.728573000 0 0
1484578712.738718000 0 0
1484578712.748267000 0 0
1484578712.758319000 0 0
1484578712.768244000 0 0
1484578712.778331000 0 0
1484578712.788762000 0 0
1484578712.798313000 0 0
1484578712.808226000 0 0
1484578712.818368000 0 0
1484578712.828204000 0 0
1484578712.838734000 0 0
1484578712.848208000 0 0
1484578712.858317000 0 0
1484578712.868745000 0 0
1484578712.879715000 0 0
1484578712.888769000 0 0
1484578712.898278000 0 0
1484578712.908232000 0 0
1484578712.918172000 0 0
1484578712.928273000 0 0
1484578712.938339000 0 0
1484578712.948190000 0 0
1484578712.962662000 0 0
1484578712.974718000 0 0
1484578712.988249000 0 0
1484578712.998343000 0 0
1484578713.008282000 0 0
1484578713.018083000 0 0
1484578713.028135000 0 0
1484578713.038184000 0 0
1484578713.048477000 0 0
1484578713.058168000 0 0
1484578713.068258000 0 0
1484578713.078422000 0 0
1484578713.088241000 0 0
1484578713.098341000 0 0
1484578713.108226000 0 0
1484578713.118237000 0 0
1484578713.128200000 0 0
1484578713.138094000 0 0
1484578713.148346000 0 0
1484578713.158356000 0 0
1484578713.168216000 0 0
1484578713.178302000 0 0
1484578713.188250000 0 0
1484578713.198158000 0 0
1484578713.208220000 0 0
1484578713.218276000 0 0
1484578713.228300000 0 0
1484578713.238360000 0 0
1484578713.248223000 0 0
1484578713.258336000 0 0
1484578713.270745000 0 0
1484578713.279627000 0 0
1484578713.288163000 0 0
1484578713.298236000 0 0
1484578713.308203000 0 0
1484578713.318185000 0 0
1484578713.328085000 0 0
1484578713.338103000 0 0
1484578713.348057000 0 0
1484578713.358276000 0 0
1484578713.368061000 0 0
1484578713.378090000 0 0
1484578713.388169000 0 0
1484578713.398149000 0 0
1484578713.408264000 0 0
1484578713.418280000 0 0
1484578713.428054000 0 0
1484578713.438195000 0 0
1484578713.448205000 0 0
1484578713.458070000 0 0
1484578713.468161000 0 0
1484578713.478154000 0 0
1484578713.488061000 0 0
1484578713.498050000 0 0
1484578713.508020000 0 0
1484578713.518052000 0 0
1484578713.528086000 0 0
1484578713.538351000 0 0
1484578713.548206000 0 0
1484578713.558257000 0 0
1484578713.570707000 0 0
1484578713.578728000 0 0
1484578713.588228000 0 0
1484578713.598280000 0 0
1484578713.608200000 0 0
1484578713.618303000 0 0
1484578713.628276000 0 0
1484578713.638333000 0 0
1484578713.648182000 0 0
1484578713.658329000 0 0
1484578713.668097000 0 0
1484578713.678073000 0 0
1484578713.688175000 0 0
1484578713.698132000 0 0
1484578713.708211000 0 0
1484578713.718211000 0 0
1484578713.728220000 0 0
1484578713.738207000 0 0
1484578713.748093000 0 0
1484578713.758090000 0 0
1484578713.768120000 0 0
1484578713.778459000 0 0
1484578713.788089000 0 0
1484578713.798214000 0 0
1484578713.808194000 0 0
1484578713.818125000 0 0
1484578713.828097000 0 0
1484578713.838213000 0 0
1484578713.848207000 0 0
1484578713.860589000 0 0
1484578713.869609000 0 0
1484578713.878081000 0 0
1484578713.888050000 0 0
1484578713.898313000 0 0
1484578713.908225000 0 0
1484578713.918117000 0 0
1484578713.928200000 0 0
1484578713.938353000 0 0
1484578713.948237000 0 0
1484578713.958328000 0 0
1484578713.968249000 0 0
1484578713.978249000 0 0
1484578713.988198000 0 0
1484578713.998240000 0 0
1484578714.008217000 0 0
1484578714.018410000 0 0
1484578714.028355000 0 0
1484578714.038130000 0 0
1484578714.048211000 0 0
1484578714.058254000 0 0
1484578714.068174000 0 0
1484578714.078285000 0 0
1484578714.088227000 0 0
1484578714.098278000 0 0
1484578714.108219000 0 0
1484578714.118244000 0 0
1484578714.128218000 0 0
1484578714.138347000 0 0
1484578714.148310000 0 0
1484578714.160735000 0 0
1484578714.168747000 0 0
1484578714.178235000 0 0
1484578714.188199000 0 0
1484578714.198267000 0 0
1484578714.208089000 0 0
1484578714.218224000 0 0
1484578714.228047000 0 0
1484578714.238073000 0 0
1484578714.248718000 0 0
1484578714.258165000 0 0
1484578714.268059000 0 0
1484578714.279554000 0 0
1484578714.288006000 0 0
1484578714.298177000 0 0
1484578714.308108000 0 0
1484578714.318153000 0 0
1484578714.330514000 0 0
1484578714.339519000 0 0
1484578714.348013000 0 0
1484578714.358039000 0 0
1484578714.368154000 0 0
1484578714.379505000 0 0
1484578714.388181000 0 0
1484578714.398062000 0 0
1484578714.408008000 0 0
1484578714.418350000 0 0
1484578714.429604000 0 0
1484578714.438269000 0 0
1484578714.448266000 0 0
1484578714.460505000 0 0
1484578714.471547000 0 0
1484578714.481660000 0 0
1484578714.491731000 0 0
1484578714.502724000 0 0
1484578714.513668000 0 0
1484578714.522727000 0 0
1484578714.532753000 0 0
1484578714.548170000 0 0
1484578714.558227000 0 0
1484578714.568012000 0 0
1484578714.579553000 0 0
1484578714.588186000 0 0
1484578714.598189000 0 0
1484578714.608252000 0 0
1484578714.618147000 0 0
1484578714.629573000 0 0
1484578714.638076000 0 0
1484578714.648050000 0 0
1484578714.658044000 0 0
1484578714.667996000 0 0
1484578714.679512000 0 0
1484578714.688035000 0 0
1484578714.698111000 0 0
1484578714.708197000 0 0
1484578714.718144000 0 0
1484578714.729539000 0 0
1484578714.738179000 0 0
1484578714.748033000 0 0
1484578714.759500000 0 0
1484578714.768083000 0 0
1484578714.778154000 0 0
1484578714.788058000 0 0
1484578714.798077000 0 0
1484578714.807994000 0 0
1484578714.818054000 0 0
1484578714.828089000 0 0
1484578714.838131000 0 0
1484578714.848013000 0 0
1484578714.858118000 0 0
1484578714.868040000 0 0
1484578714.878066000 0 0
1484578714.888134000 0 0
1484578714.898063000 0 0
1484578714.908085000 0 0
1484578714.918299000 0 0
1484578714.928110000 0 0
1484578714.938249000 0 0
1484578714.948189000 0 0
1484578714.958101000 0 0
1484578714.968028000 0 0
1484578714.978198000 0 0
1484578714.987998000 0 0
1484578714.998111000 0 0
1484578715.008740000 0 0
1484578715.018148000 0 0
1484578715.030575000 0 0
1484578715.043855000 0 0
1484578715.054769000 0 0
1484578715.069693000 0 0
1484578715.079639000 0 0
1484578715.088150000 0 0
1484578715.098348000 0 0
1484578715.111688000 0 0
1484578715.121682000 0 0
1484578715.131722000 0 0
1484578715.141712000 0 0
1484578715.151745000 0 0
1484578715.161677000 0 0
1484578715.173904000 0 0
1484578715.184749000 0 0
1484578715.198221000 0 0
1484578715.208686000 0 0
1484578715.218915000 0 0
1484578715.228457000 0 0
1484578715.238783000 0 0
1484578715.248894000 0 0
1484578715.258275000 0 0
1484578715.268700000 0 0
1484578715.280704000 0 0
1484578715.289621000 0 0
1484578715.298092000 0 0
1484578715.308127000 0 0
1484578715.318298000 0 0
1484578715.328160000 0 0
1484578715.338527000 0 0
1484578715.348016000 0 0
1484578715.358043000 0 0
1484578715.368092000 0 0
1484578715.380594000 0 0
1484578715.389525000 0 0
1484578715.398125000 0 0
1484578715.407999000 0 0
1484578715.418148000 0 0
1484578715.428002000 0 0
1484578715.438116000 0 0
1484578715.448210000 0 0
1484578715.458357000 0 0
1484578715.468256000 0 0
1484578715.478292000 0 0
1484578715.488070000 0 0
1484578715.498208000 0 0
1484578715.508058000 0 0
1484578715.518213000 0 0
1484578715.528194000 0 0
1484578715.538180000 0 0
1484578715.548217000 0 0
1484578715.558181000 0 0
1484578715.568059000 0 0
1484578715.578221000 0 0
1484578715.588055000 0 0
1484578715.598205000 0 0
1484578715.608157000 0 0
1484578715.618093000 0 0
1484578715.628206000 0 0
1484578715.638358000 0 0
1484578715.648045000 0 0
1484578715.658131000 0 0
1484578715.670507000 0 0
1484578715.679538000 0 0
1484578715.688033000 0 0
1484578711.856121000 51 0
1484578959.183124000 0 29390
1484579127.639255000 0 14989
1484579127.651883000 0 0
1484579127.650590000 0 0
1484579258.346357000 0 55668
1484579258.370553000 0 0
1484579258.368266000 0 0
1484579258.390524000 0 0
1484579258.388108000 0 0
1484579258.425728000 0 0
1484579258.438118000 0 0
1484579273.422597000 0 196655
1484579273.460497000 0 0
1484579273.458230000 0 0
1484579273.480471000 0 0
1484579273.477346000 0 0
1484579259.349628000 4225 0
1484579288.442614000 0 272619
1484579288.487428000 0 0
1484579288.485095000 0 0
1484579288.504493000 0 0
1484579288.501218000 0 0
1484579303.565060000 0 272637
1484579303.609419000 0 0
1484579303.607014000 0 0
1484579303.634168000 0 0
1484579303.628984000 0 0
1484579318.687536000 0 350886
1484579318.740346000 0 0
1484579318.736996000 0 0
1484579318.763783000 0 0
1484579318.759934000 0 0
1484579333.811454000 0 423542
1484579333.869294000 0 0
1484579333.866912000 0 0
1484579333.889299000 0 0
1484579333.885928000 0 0
1484579348.954082000 0 423542
1484579349.013061000 0 0
1484579349.007010000 0 0
1484579349.037306000 0 0
1484579349.033632000 0 0
1484579499.666941000 0 14993
1484579499.689608000 0 0
1484579499.685634000 0 0
1484579630.832318000 0 0
1484579630.839609000 0 63
1484579630.863050000 0 0
1484579630.882111000 0 0
1484579630.902981000 0 0
1484579630.912565000 0 512
1484579630.941205000 0 0
1484579630.959599000 0 4616
1484579630.987321000 0 0
1484579631.089989000 0 0
1484579631.127202000 0 0
1484579631.161832000 0 0
1484579631.017684000 0 32768
1484579631.174022000 0 0
1484579631.007724000 0 57672
1484579631.194056000 0 0
1484579630.891461000 0 57344
1484579631.259793000 0 0
1484579637.507670000 0 423653
1484579637.562424000 0 0
1484579637.560089000 0 0
1484579637.580429000 0 0
1484579637.577283000 0 0
1484579639.158484000 0 122
1484579639.204259000 0 0
1484579639.167412000 0 370508
1484579639.169089000 0 0
1484579639.218447000 0 0
1484579639.216994000 0 0
1484579639.231140000 0 0
1484579639.241006000 0 0
1484579639.259851000 0 0
1484579639.258516000 0 146
1484579631.241559000 0 32768
1484579639.269472000 0 0
1484579639.268089000 0 0
1484579631.231581000 0 8304
1484579639.268028000 0 0
1484579639.280999000 0 0
1484579639.283218000 0 181
1484579639.299277000 0 0
1484579639.292980000 0 0
1484579639.309798000 0 0
1484578656.409917000 0 32768
1484579639.310205000 0 29390
1484579639.323966000 0 212
1484579639.329915000 0 0
1484578656.400010000 0 2097720
1484579639.349421000 0 0
1484579639.347183000 0 0
1484579639.358933000 0 0
1484579639.367078000 0 0
1484579639.368379000 0 259
1484579639.386366000 0 0
1484579639.382971000 0 0
1484579639.401863000 0 3822
1484579639.419587000 0 0
1484579639.431916000 0 0
1484579639.418212000 0 0
1484578652.120110000 0 32768
1484579639.440308000 0 288
1484579639.442113000 0 0
1484578652.112235000 0 4952272
1484579639.456441000 0 0
1484579639.457025000 0 0
1484579639.451993000 0 0
1484579639.466918000 0 0
1484579639.511837000 0 0
1484578657.244620000 0 32768
1484579639.526921000 0 0
1484578657.233206000 0 903176
1484579639.541910000 0 0
1484579639.549994000 0 0
1484579639.563815000 0 0
1484579639.589974000 0 0
1484579639.620265000 0 0
1484579639.630414000 0 119321
1484579639.753695000 0 0
1484579639.766869000 0 0
1484579639.777080000 0 0
1484579639.573976000 0 0
1484579639.783214000 0 0
1484579639.857525000 0 6465
1484579639.872430000 0 0
1484579639.869291000 0 0
1484579639.894180000 0 0
1484579645.179025000 0 0
1484579645.270891000 0 0
1484579645.282946000 0 0
1484579645.301935000 0 0
1484579645.319031000 0 0
1484579645.341988000 0 0
1484579645.362002000 0 0
1484578650.102238000 0 0
1484579645.381916000 0 0
1484579645.389876000 0 0
1484579645.409952000 0 0
1484579645.518911000 0 0
1484579645.567043000 0 0
1484579645.610891000 0 0
1484579645.619057000 0 0
1484579645.626799000 0 0
1484579645.632930000 0 0
1484579645.640777000 0 0
1484579645.716845000 0 0
1484579645.748297000 0 0
1484579645.778019000 0 0
1484579645.789067000 0 0
1484579645.796690000 0 0
1484579645.822946000 0 0
1484579645.839045000 0 0
1484579645.859147000 0 0
1484579645.866672000 0 0
1484579645.871890000 0 0
1484579645.890787000 0 0
1484579645.936871000 0 0
1484579645.946900000 0 0
1484579645.957007000 0 0
1484579646.126706000 0 0
1484579646.140001000 0 0
1484579646.171759000 0 0
1484579646.196778000 0 0
1484579646.220842000 0 0
1484579646.369108000 0 0
1484579646.408271000 0 0
1484579646.412388000 0 18830
1484579647.928959000 0 0
1484579647.936741000 0 0
1484579646.374317000 18830 0
1484579646.389152000 0 0
1484579647.946818000 0 0
1484579648.039951000 0 0
1484579648.120007000 0 0
1484579648.160172000 0 0
1484579648.167066000 0 2
1484579648.181712000 0 0
1484579648.189820000 0 0
1484579646.148153000 2 0
1484579648.136971000 0 0
1484579648.196799000 0 0
1484578656.373042000 884736 1048576
1484579648.332232000 917504 0
1484579648.506549000 0 0
1484579648.666665000 0 0
1484579648.749900000 0 0
1484579648.802007000 0 0
1484579648.816898000 0 0
1484579648.866600000 0 0
1484579648.906619000 0 0
1484579649.067293000 0 53
1484579648.078646000 288 0
1484579649.079110000 0 0
1484579649.317872000 0 0
1484579649.322758000 0 0
1484579649.329839000 0 0
1484579649.368892000 0 0
1484579649.379853000 0 0
1484579649.386662000 0 0
1484579649.378068000 0 0
1484579649.366789000 0 0
1484579649.407112000 0 90
1484579649.417979000 0 0
1484579649.430674000 0 0
1484579649.450750000 0 0
1484579649.418510000 0 4096
1484579649.462036000 0 0
1484579649.410336000 0 0
1484579649.478164000 0 0
1484579649.516572000 0 0
1484579649.537704000 0 0
1484579650.252833000 0 0
1484579650.260616000 0 0
1484579650.279785000 0 0
1484579651.349438000 0 0
1484579649.120664000 370508 0
1484579651.346839000 0 0
1484579651.366717000 0 0
1484579651.382853000 0 0
1484579651.379920000 0 0
1484579651.412567000 0 371562
1484579651.466804000 0 0
1484579659.056646000 0 0
1484579659.069951000 0 0
1484579659.090122000 0 0
1484579659.097099000 0 119401
1484579659.232686000 0 0
1484579659.246467000 0 0
1484579659.252857000 0 0
1484579645.579460000 119321 0
1484579659.061972000 0 0
1484579659.262094000 0 0
1484579659.299477000 0 122
1484579659.312341000 0 1147
1484579659.313015000 0 0
1484579659.329115000 0 0
1484579659.338295000 0 146
1484579659.348118000 0 0
1484579659.351063000 0 0
1484579659.393172000 0 0
1484579659.393556000 0 181
1484579649.501313000 0 4096
1484579659.406582000 0 0
1484579649.497221000 0 0
1484579659.406968000 0 0
1484579659.418019000 0 0
1484579659.420240000 0 212
1484579659.438175000 0 0
1484579648.487049000 0 32768
1484579659.433837000 0 0
1484579645.774449000 29390 0
1484579659.447904000 0 0
1484579659.449195000 0 29390
1484579659.457211000 0 259
1484579648.477093000 0 659976
1484579659.481122000 0 0
1484579659.492015000 0 0
1484579659.498740000 0 3860
1484579648.128913000 3822 0
1484579659.519337000 0 0
1484579659.552311000 0 288
1484579659.571271000 0 0
1484579659.621762000 0 0
1484579646.159579000 0 32768
1484579659.632951000 0 0
1484579646.151388000 0 327984
1484579659.649973000 0 0
1484579659.718815000 0 0
1484579648.823399000 0 32768
1484579659.730984000 0 0
1484579648.817420000 0 131312
1484579659.750109000 0 0
1484579648.676862000 0 0
1484579659.766418000 0 0
1484579659.813280000 0 0
1484579659.822133000 0 119459
1484579659.976517000 0 0
1484579659.986506000 0 0
1484579659.776671000 0 0
1484579659.993150000 0 0
1484579660.032725000 0 0
1484579660.069890000 0 0
1484579660.086516000 0 0
1484579660.098986000 0 0
1484579660.109004000 0 0
1484579660.121978000 0 0
1484579660.136498000 0 0
1484579660.147945000 0 0
1484579660.158837000 0 0
1484579660.171925000 0 0
1484579660.186499000 0 0
1484579660.198049000 0 0
1484579660.209003000 0 0
1484579660.221995000 0 0
1484579660.232994000 0 0
1484579660.246554000 0 0
1484579660.257026000 0 0
1484579660.268042000 0 0
1484579660.278004000 0 0
1484579660.288030000 0 0
1484579660.298037000 0 0
1484579660.308164000 0 0
1484579660.376370000 0 0
1484579660.406717000 0 0
1484579660.437056000 0 137
1484579660.458388000 0 0
1484579660.387941000 137 0
1484579660.453110000 0 0
1484579660.526996000 0 14704
1484579660.545924000 0 0
1484579660.542151000 0 0
1484579660.572761000 0 0
1484579660.617363000 0 6323
1484579660.635942000 0 0
1484579660.632122000 0 0
1484579660.669098000 0 0
1484579660.656268000 0 0
1484579660.706275000 0 0
1484579660.726193000 0 0
1484579660.742590000 0 0
1484579660.761616000 0 0
1484579661.276440000 0 0
1484579661.281655000 0 0
1484579661.299679000 0 0
1484579661.310763000 0 0
1484579661.328713000 0 0
1484579661.851787000 0 0
1484579661.862787000 0 0
1484579661.882787000 0 0
1484579661.900794000 0 0
1484579661.926291000 0 0
1484579661.939619000 0 0
1484579661.946330000 0 0
1484579661.956352000 0 0
1484579661.960607000 0 0
1484579661.978708000 0 0
1484579662.087736000 0 0
1484579662.131953000 0 0
1484579662.156419000 0 0
1484579662.206593000 0 0
1484579662.296433000 0 0
1484579662.301800000 0 0
1484579662.309896000 0 0
1484579662.316324000 0 0
1484579662.320627000 0 0
1484579662.356403000 0 0
1484579662.396500000 0 0
1484579662.403121000 0 0
1484579662.486478000 0 0
1484579662.500931000 0 0
1484579662.668968000 0 0
1484579662.776473000 0 0
1484579662.806415000 0 0
1484579662.839943000 0 0
1484579662.952851000 0 0
1484579662.990156000 0 0
1484579662.996805000 0 18830
1484579664.402964000 0 0
1484579664.412966000 0 0
1484579662.961691000 18830 0
1484579662.976860000 0 0
1484579664.422145000 0 0
1484579664.546402000 0 0
1484579664.666403000 0 0
1484579664.799898000 0 0
1484579664.896307000 0 0
1484579664.988958000 0 0
1484579665.150891000 0 0
1484579665.330836000 0 0
1484579665.337936000 0 0
1484579665.631943000 0 0
1484579665.656291000 0 0
1484579665.671923000 0 0
1484579665.750937000 0 0
1484579665.668602000 0 0
1484579665.759840000 0 0
1484579631.214080000 16384 8192
1484579665.779761000 0 0
1484579665.786184000 0 0
1484579665.791873000 0 0
1484579665.799829000 0 0
1484579665.808785000 0 0
1484579665.816195000 0 0
1484579665.776726000 0 0
1484579665.828729000 0 0
1484579665.836204000 0 0
1484579667.016369000 0 0
1484579667.067996000 0 0
1484579667.141835000 0 0
1484579667.161975000 0 0
1484579667.207774000 196608 0
1484579667.256378000 0 0
1484579667.276402000 0 0
1484579667.301734000 0 0
1484579667.386325000 0 0
1484579667.421830000 0 0
1484579667.439890000 0 0
1484579667.738399000 0 0
1484579667.743236000 0 2
1484579667.758772000 0 0
1484579667.766253000 0 0
1484579667.767145000 0 53
1484579667.172236000 2 0
1484579667.716434000 0 0
1484579667.770889000 0 0
1484579664.543384000 85 0
1484579667.788046000 0 0
1484579668.770892000 0 0
1484579668.796388000 0 0
1484579668.806311000 0 0
1484579668.818906000 0 0
1484579668.828825000 0 0
1484579668.839802000 0 0
1484578657.061313000 0 0
1484578657.257706000 0 0
1484579645.310067000 10 0
1484579645.328167000 10 0
1484579645.351063000 150 0
1484579645.434842000 208 0
1484579645.756923000 16384 0
1484579645.968969000 185 0
1484579646.201058000 8416 0
1484579646.230574000 237378 0
1484579648.077888000 116 0
1484579648.144110000 309 0
1484579648.145371000 4824 0
1484579648.683516000 20299 0
1484579649.303056000 34995 0
1484579649.331593000 7129 0
1484579649.351912000 29 0
1484579648.211054000 25 0
1484579649.569605000 35314 0
1484579645.377295000 0 0
1484579661.178171000 1512 0
1484579661.198824000 0 0
1484579661.230700000 0 0
1484579662.782132000 0 0
1484579649.402164000 40960 0
1484578651.279635000 65536 0
1484578650.808661000 626688 8192
1484578650.827523000 8192 8192
1484579648.450298000 884736 458752
1484578652.097397000 1376256 4096000
1484578657.213152000 4882432 294912
1484579660.350416000 51 0
1484578654.275035000 131072 0
1484579645.263994000 282 0
1484579661.892197000 10 0
1484579661.910219000 10 0
1484579661.934772000 284 0
1484579661.999540000 208 0
1484579662.142463000 20401 0
1484579662.164982000 4431 0
1484579662.214121000 16384 0
1484579662.267633000 701 0
1484579662.534853000 497 0
1484579662.789859000 16813 0
1484579662.813781000 8416 0
1484579662.851443000 208787 0
1484579664.552466000 32768 0
1484579664.809755000 473176 0
1484579664.904154000 8 0
1484579664.994921000 504 0
1484579665.040323000 7642 0
1484579665.160156000 6499 0
1484579665.640456000 12037 0
1484579666.599276000 10 0
1484579667.022304000 362 0
1484579667.078564000 376 0
1484579695.638457000 0 6499
1484579695.659064000 0 0
1484579667.818688000 4981 0
1484579665.181048000 25 0
1484579667.887868000 9833 0
1484579667.913252000 55 0
1484579719.665186000 0 0
1484579719.685125000 0 0
1484579719.706564000 0 0
1484579719.720788000 0 0
1484579719.758350000 0 66
1484579719.743023000 66 0
1484579719.771958000 0 0
1484579722.739454000 0 0
1484579722.805410000 0 137
1484579722.824512000 0 0
1484579722.752047000 137 0
1484579722.819877000 0 0
1484579722.846745000 0 0
1484579722.875604000 0 0
1484579722.890592000 0 0
1484579722.905622000 0 8839
1484579722.919814000 0 0
1484579722.936831000 0 0
1484579722.857256000 8839 0
1484579722.955064000 0 0
1484579722.975023000 0 0
1484579723.004906000 0 0
1484579723.015288000 0 7390
1484579723.031209000 0 0
1484579723.028302000 0 0
1484579723.051608000 0 0
1484579723.067571000 0 0
1484579723.080620000 0 0
1484579723.094999000 0 0
1484579723.105063000 0 0
1484579723.118571000 0 0
1484579723.131579000 0 0
1484579723.145654000 0 0
1484579723.159805000 0 0
1484579723.174978000 0 0
1484579723.185644000 0 0
1484579723.199590000 0 0
1484579723.214859000 0 0
1484579723.225559000 0 0
1484579723.239556000 0 0
1484579723.251524000 0 0
1484579723.266583000 0 0
1484579723.281544000 0 0
1484579723.297631000 0 0
1484579723.311594000 0 0
1484579723.327747000 0 0
1484579723.341706000 0 0
1484579723.375008000 0 0
1484579723.398694000 0 0
1484579723.415572000 0 0
1484579723.425041000 0 0
1484579723.435051000 0 0
1484579723.444987000 0 0
1484579723.454890000 0 0
1484579723.465020000 0 0
1484579723.475013000 0 0
1484579723.485059000 0 0
1484579723.495725000 0 0
1484579723.504937000 0 0
1484579723.514886000 0 0
1484579723.524924000 0 0
1484579723.534924000 0 0
1484579723.541732000 0 0
1484579723.551742000 0 0
1484579723.561516000 0 0
1484579723.575001000 0 0
1484579723.585021000 0 0
1484579723.594839000 0 0
1484579723.605083000 0 0
1484579723.620888000 0 0
1484579723.629563000 0 0
1484579723.639693000 0 0
1484579723.655592000 0 0
1484579723.666624000 0 0
1484579723.677618000 0 0
1484579723.688579000 0 0
1484579742.488784000 0 0
1484579742.499424000 2657 2738
1484579742.784677000 0 0
1484579742.824496000 0 0
1484579742.909666000 0 0
1484579743.694479000 0 0
1484579743.724401000 0 0
1484579723.386250000 51 0
1484579742.791950000 35673 0
1484579742.832106000 216176 0
1484579743.702389000 11726 0
1484579743.732334000 230788 0
1484579798.966559000 0 0
1484579798.990016000 0 0
1484579798.996928000 0 12037
1484579799.015410000 0 0
1484579799.024397000 0 0
1484579799.033044000 0 0
1484579798.973552000 0 0
1484579799.043451000 0 0
1484579799.133910000 0 362
1484579799.149737000 0 0
1484579801.109138000 0 85
1484579801.124520000 0 0
1484579801.177445000 0 0
1484579801.174908000 0 109
1484579667.284599000 0 4096
1484579801.186320000 0 0
1484579801.184556000 0 0
1484579801.189584000 0 0
1484579801.198337000 0 0
1484579667.271242000 0 0
1484579801.209455000 0 0
1484579801.217691000 0 0
1484579801.226656000 0 10
1484579801.242956000 0 0
1484579801.248264000 0 0
1484579801.195131000 0 0
1484579801.257498000 0 0
1484579665.681485000 210830 45275
1484579667.032557000 65709 8647
1484579742.917771000 921585 4830
1484579801.295898000 0 143484
1484579801.373609000 0 701
1484579801.377946000 0 144
1484579801.393391000 0 0
1484579801.413564000 0 175
1484579801.434711000 0 0
1484579801.444464000 0 0
1484579668.850528000 0 32768
1484579801.454560000 0 0
1484579801.453371000 0 6499
1484579801.464405000 0 0
1484579668.836605000 98408 0
1484579801.464680000 0 0
1484579801.477541000 0 0
1484579801.483441000 0 204
1484579801.494536000 0 0
1484579801.516306000 0 0
1484579668.826614000 0 4096
1484579801.526532000 0 0
1484579801.537330000 0 0
1484579668.812272000 0 0
1484579801.548529000 0 0
1484579801.563103000 0 0
1484579801.583114000 0 0
1484579801.614974000 0 0
1484579801.623539000 0 20598
1484579801.663081000 0 0
1484579801.673194000 0 0
1484579801.569654000 0 0
1484579801.683328000 0 0
1484579801.723433000 0 0
1484578597.259440000 0 0
1484579668.917697000 0 0
1484579668.864376000 0 0
1484579661.951260000 0 0
