1484549370.034307000 0 0
1484549370.045395000 0 0
1484549370.056238000 0 0
1484549370.067165000 0 0
1484549370.077949000 0 0
1484549372.705074000 446 0
1484549372.857795000 446 0
1484549372.905648000 0 0
1484549372.907892000 0 0
1484549372.915397000 0 0
1484549374.302261000 0 0
1484549374.304362000 0 0
1484549374.327878000 0 0
1484549374.338450000 0 0
1484549374.351089000 0 0
1484549374.353283000 0 0
1484549374.330173000 0 0
1484549374.371824000 0 0
1484549374.373601000 0 0
1484549374.376199000 0 0
1484549374.378300000 0 0
1484549374.395581000 0 0
1484549374.397573000 0 0
1484549374.413160000 0 0
1484549374.415369000 0 0
1484549374.432842000 0 0
1484549374.461114000 0 0
1484549374.463378000 0 0
1484549374.465945000 0 0
1484549374.468173000 0 0
1484549372.880691000 111 0
1484549374.348823000 129 0
1484549374.348853000 267 0
1484549374.369310000 129 0
1484549374.393416000 129 0
1484549374.383323000 556 0
1484549374.410698000 129 0
1484549374.430062000 129 0
1484549374.483708000 504 0
1484549374.283935000 892 0
1484549456.402897000 0 0
1484549456.462376000 0 0
1484549456.465550000 0 0
1484549456.473510000 0 0
1484549456.478918000 0 0
1484549456.400880000 446 0
1484549456.476820000 556 0
1484549456.493424000 504 0
1484549551.153739000 0 0
1484549551.159346000 0 0
1484549551.168964000 0 0
1484549551.178407000 0 0
1484549551.195918000 0 0
1484549551.199712000 0 0
1484549551.203751000 0 0
1484549551.207739000 0 0
1484549551.226475000 0 0
1484549551.230688000 0 0
1484549551.246457000 0 0
1484549551.250405000 0 0
1484549551.254517000 0 0
1484549551.297547000 0 0
1484549551.301562000 0 0
1484549551.078693000 446 0
1484549551.174388000 556 0
1484549551.183928000 504 0
1484549551.213364000 504 0
1484549551.282228000 398 0
1484549604.116819000 0 0
1484549604.114453000 446 0
1484549680.201173000 0 0
1484549680.213962000 0 178047
1484549680.260957000 0 0
1484549680.272540000 0 0
1484549680.314536000 0 0
1484549680.319287000 0 0
1484549680.327966000 0 0
1484549680.339404000 0 0
1484549680.338235000 0 0
1484549680.257025000 0 0
1484549680.352198000 0 0
1484549680.285106000 446 0
1484549680.331301000 398 0
1484549680.351154000 32768 0
1484549680.344565000 4096 0
1484549680.358405000 0 261877
1484549680.412394000 0 0
1484549680.416882000 0 0
1484549680.422599000 0 0
1484549680.420014000 0 0
1484549680.421998000 0 0
1484549680.421060000 0 0
1484549680.427681000 0 0
1484549680.431043000 0 0
1484549680.367533000 14336 14336
1484549680.410322000 0 0
1484549680.444771000 4096 0
1484549680.443613000 0 39627
1484549680.465106000 0 0
1484549680.465106000 0 0
1484549681.025502000 0 0
1484549681.028447000 0 0
1484549681.018890000 0 0
1484549681.027003000 0 0
1484549681.042841000 0 0
1484549680.461462000 6656 19456
1484549681.040866000 0 39523
1484549681.068139000 0 0
1484549680.463229000 0 0
1484549681.075444000 0 0
1484549681.074263000 0 0
1484549680.395557000 178047 0
1484549680.465137000 229109 0
1484549681.085666000 0 0
1484549681.079581000 32768 0
1484549681.074267000 4096 0
1484549681.065760000 0 0
1484549681.127712000 0 0
1484549681.093392000 19456 22016
1484549681.154745000 0 0
1484549681.146013000 30208 27648
1484549681.652545000 0 0
1484549681.651115000 0 0
1484549681.654340000 0 0
1484549683.231275000 0 0
1484549683.228513000 0 0
1484549683.229865000 0 0
1484549685.241544000 0 0
1484549685.240006000 0 0
1484549685.242973000 0 0
1484549685.879951000 0 0
1484549374.318482000 0 0
1484549685.915956000 0 0
1484549685.925572000 0 0
1484549685.927394000 0 0
1484549685.928994000 0 0
1484549685.940864000 0 0
1484549681.099993000 39627 0
1484549681.149633000 6755 0
1484549685.973226000 0 0
1484549685.975571000 0 0
1484549685.977750000 0 0
1484549685.982722000 0 0
1484549680.450491000 32768 0
1484549681.097607000 0 0
1484549681.101548000 32768 0
1484549695.334063000 0 0
1484549695.385140000 0 0
1484549685.935657000 0 0
1484549695.401685000 0 0
1484549695.407923000 0 0
1484549695.396625000 4096 0
1484549695.406649000 0 0
1484549695.416280000 0 0
1484549695.419904000 0 0
1484549695.425284000 0 0
1484549695.438771000 0 0
1484549695.433785000 4096 0
1484549695.443449000 0 0
1484549695.458335000 0 0
1484549695.453808000 4096 0
1484549695.462842000 0 0
1484549695.477506000 0 0
1484549695.472570000 4096 0
1484549695.481974000 0 0
1484549696.009674000 0 0
1484549696.008145000 0 0
1484549696.006598000 0 0
1484549696.012652000 0 0
1484549696.011173000 0 0
1484549710.124935000 0 0
1484549710.691137000 0 0
1484549710.717550000 0 0
1484549740.626477000 0 0
1484549740.662715000 0 0
1484549740.665081000 0 0
1484549740.673915000 0 0
1484549740.680896000 0 0
1484549743.352063000 0 0
1484549743.355415000 0 0
1484549743.358765000 0 0
1484549745.836783000 0 0
1484549745.844517000 0 208850
1484549745.891699000 0 0
1484549745.899409000 0 0
1484549745.912518000 0 252918
1484549745.966070000 0 0
1484549745.973456000 0 0
1484549745.978910000 0 0
1484549745.985952000 0 282101
1484549746.043551000 0 0
1484549746.050858000 0 0
1484549746.059863000 0 294619
1484549746.120667000 0 0
1484549746.127990000 0 0
1484549746.137365000 0 207692
1484549746.185314000 0 0
1484549746.192980000 0 0
1484549746.202342000 0 266021
1484549746.259743000 0 0
1484549746.266765000 0 0
1484549746.276299000 0 208379
1484549746.326888000 0 0
1484549746.334676000 0 0
1484549746.343645000 0 296066
1484549746.402970000 0 0
1484549746.410203000 0 0
1484549746.419379000 0 245891
1484549746.472599000 0 0
1484549746.479886000 0 0
1484549746.488655000 0 237453
1484549746.539034000 0 0
1484549747.081976000 0 0
1484549747.084847000 0 0
1484549747.087679000 0 0
1484549747.086071000 0 0
1484549747.595696000 0 0
1484549748.878412000 0 0
1484549748.882419000 0 0
1484549748.877025000 0 0
1484549748.880070000 0 0
1484549748.882863000 0 0
1484549740.678060000 446 0
1484549748.955487000 0 0
1484549745.887981000 0 0
1484549749.546172000 0 0
1484549749.558108000 0 0
1484549749.562354000 0 0
1484549749.566311000 0 0
1484549746.535328000 0 0
1484549749.615730000 0 0
1484549749.554437000 0 23552
1484549750.171468000 0 0
1484549750.171388000 0 0
1484549750.174537000 0 0
1484549750.177772000 0 0
1484549750.176244000 0 0
1484549752.901794000 0 0
1484549752.903140000 0 0
1484549752.900617000 0 0
1484549752.903077000 0 0
1484549752.904207000 0 0
1484549757.722454000 0 0
1484549745.961934000 0 0
1484549746.039864000 0 0
1484549746.116886000 0 0
1484549746.181572000 0 0
1484549746.255520000 0 0
1484549746.323170000 0 0
1484549746.400010000 0 0
1484549746.468701000 0 0
1484549748.961875000 32768 0
1484549748.969053000 176082 0
1484549749.582928000 32768 0
1484549749.589814000 204685 0
1484549766.440671000 8192 0
1484549769.188937000 0 0
1484549769.224233000 0 0
1484549769.243961000 0 0
1484549769.246432000 0 0
1484549769.255032000 0 0
1484549766.481090000 0 0
1484549769.278172000 0 0
1484549769.280243000 0 0
1484549769.282741000 0 0
1484549769.285288000 0 0
1484549769.292285000 0 0
1484549769.309965000 0 0
1484549769.308061000 0 0
1484549766.484423000 261877 0
1484549769.274442000 0 0
1484549769.318375000 0 0
1484549769.314213000 0 0
1484549769.331264000 0 0
1484549769.329059000 0 0
1484549769.476190000 0 0
1484549769.471647000 0 0
1484549769.512755000 0 0
1484549769.532314000 0 0
1484549769.535435000 0 0
1484549769.539029000 0 0
1484549769.542638000 0 0
1484549769.547432000 0 0
1484549769.518540000 39627 0
1484549771.805728000 0 0
1484549771.824602000 0 0
1484549771.828013000 0 0
1484549771.832498000 0 0
1484549771.836315000 0 0
1484549771.810522000 39523 0
1484549773.005886000 0 0
1484549773.016667000 0 0
1484549773.018773000 0 0
1484549773.020975000 0 0
1484549773.022936000 0 0
1484549773.009916000 178047 0
1484549773.902288000 0 0
1484549773.914119000 0 0
1484549773.916397000 0 0
1484549773.918726000 0 0
1484549773.921062000 0 0
1484549773.905065000 252918 0
1484549775.517544000 0 0
1484549775.526548000 0 0
1484549775.528519000 0 0
1484549775.530501000 0 0
1484549775.532488000 0 0
1484549775.519733000 282101 0
1484549776.252300000 0 0
1484549776.272119000 0 0
1484549776.276387000 0 0
1484549776.280506000 0 0
1484549776.284078000 0 0
1484549776.256670000 294619 0
1484549776.721022000 0 0
1484549776.741498000 0 0
1484549776.745946000 0 0
1484549776.750302000 0 0
1484549776.754127000 0 0
1484549776.725663000 207692 0
1484549777.203795000 0 0
1484549777.223593000 0 0
1484549777.228016000 0 0
1484549777.232536000 0 0
1484549777.236054000 0 0
1484549777.208254000 266021 0
1484549777.812273000 0 0
1484549777.832787000 0 0
1484549777.836886000 0 0
1484549777.840905000 0 0
1484549777.844677000 0 0
1484549777.817039000 208379 0
1484549778.299096000 0 0
1484549778.318851000 0 0
1484549778.323284000 0 0
1484549778.327430000 0 0
1484549778.331251000 0 0
1484549778.303419000 296066 0
1484549778.866875000 0 0
1484549778.884962000 0 0
1484549778.888393000 0 0
1484549778.891729000 0 0
1484549778.895011000 0 0
1484549778.871609000 245891 0
1484549779.412283000 0 0
1484549779.449987000 0 0
1484549779.459760000 0 0
1484549779.465457000 0 0
1484549779.469273000 0 0
1484549779.416745000 237453 0
1484549780.020804000 0 0
1484549780.041620000 0 0
1484549780.045353000 0 0
1484549780.050169000 0 0
1484549780.054665000 0 0
1484549780.060039000 0 0
1484549780.025543000 208850 0
1484549769.317997000 0 0
1484549780.819601000 261877 0
1484549769.589086000 0 0
1484549782.395372000 0 0
1484549782.399680000 0 0
1484549782.403962000 0 0
1484549782.407919000 0 0
1484549782.379113000 39627 0
1484549771.885783000 0 0
1484549710.695391000 0 0
1484549773.061970000 0 0
1484549773.983502000 0 0
1484549775.582442000 0 0
1484549776.362487000 0 0
1484549776.823685000 0 0
1484549777.309141000 0 0
1484549777.915781000 0 0
1484549778.405263000 0 0
1484549778.946046000 0 0
1484549790.301979000 0 0
1484549779.543966000 0 0
1484549780.146474000 0 0
1484549780.872620000 0 0
1484549782.458158000 0 0
1484549769.261518000 446 0
1484549797.289159000 0 0
1484549695.498496000 0 0
1484549797.301364000 0 0
1484549797.299399000 0 0
1484549797.374944000 0 0
1484549797.382301000 0 0
1484549797.392352000 0 0
1484549797.390943000 0 0
1484549797.396721000 0 0
1484549797.395419000 0 0
1484549797.401475000 0 0
1484549797.402517000 0 0
1484549815.512161000 0 0
1484549816.010398000 0 0
1484549816.024931000 0 0
1484549816.038601000 0 0
1484549816.049978000 0 0
1484549816.063705000 0 0
1484549816.079711000 0 0
1484549816.082382000 0 0
1484549816.087721000 0 0
1484549816.090356000 0 0
1484549816.095845000 0 0
1484549816.149749000 0 0
1484549816.175207000 0 0
1484549816.206886000 0 0
1484549816.262109000 0 0
1484549816.365521000 0 0
1484549816.368471000 0 0
1484549816.371360000 0 0
1484549816.374223000 0 0
1484549816.377259000 0 0
1484549816.422112000 0 0
1484549816.471129000 0 0
1484549816.475367000 0 0
1484549816.479123000 0 0
1484549816.539370000 0 0
1484549816.547467000 0 0
1484549816.702403000 0 0
1484549816.867287000 0 0
1484549817.075777000 0 0
1484549817.102471000 0 0
1484549817.182113000 0 0
1484549817.256995000 0 0
1484549817.463658000 0 0
1484549817.474157000 0 0
1484549817.505724000 0 0
1484549817.514495000 0 0
1484549817.511923000 0 0
1484549817.521139000 0 0
1484549817.529774000 0 0
1484549817.534274000 0 0
1484549817.538654000 0 0
1484549817.527261000 0 0
1484549817.545585000 0 0
1484549817.550745000 0 0
1484549817.561742000 0 0
1484549817.566900000 0 0
1484549817.570887000 0 0
1484549817.574888000 0 0
1484549817.587790000 0 0
1484549817.596120000 0 0
1484549817.827706000 0 0
1484549817.852685000 7168 0
1484549817.873524000 0 0
1484549817.892210000 0 0
1484549817.900854000 0 0
1484549817.914102000 0 0
1484549818.002691000 0 0
1484549818.032032000 0 0
1484549818.035865000 0 2
1484549818.044811000 0 0
1484549818.047624000 0 0
1484549817.906494000 2 0
1484549818.021815000 0 0
1484549818.050119000 0 0
1484549818.060050000 0 53
1484549816.843400000 204 0
1484549818.066063000 0 0
1484549818.125885000 0 0
1484549818.257167000 0 0
1484549818.969979000 0 0
1484549818.989711000 0 0
1484549824.927509000 0 0
1484549817.939962000 6631 3592
1484549825.052397000 0 0
1484549828.652346000 0 0
1484549828.657416000 0 0
1484549828.668469000 0 0
1484549833.617228000 0 0
1484549825.043606000 0 14618
1484549825.058004000 0 0
1484549816.001687000 446 0
1484549816.043483000 10 0
1484549816.054832000 10 0
1484549816.077082000 111 0
1484549816.108735000 208 0
1484549816.196391000 29182 0
1484549816.221919000 4431 0
1484549816.270033000 16384 0
1484549816.334217000 48 0
1484549847.476833000 0 4341
1484549817.268558000 4341 0
1484549847.487578000 0 0
1484549816.667972000 181 0
1484549817.093821000 34591 0
1484549817.112481000 8 0
1484549817.194013000 504 0
1484549817.241710000 8822 0
1484549817.471033000 1242 0
1484549817.633046000 188 0
1484549817.831748000 378 0
1484549817.925869000 27 0
1484549818.022459000 18830 0
1484549818.093877000 10210 0
1484549817.291565000 25 0
1484549818.144853000 208620 0
1484549818.269063000 8312 0
1484549818.314362000 9833 0
1484549818.326151000 55 0
1484549825.076870000 15710 0
1484549873.704869000 0 0
1484549873.712528000 0 0
1484549873.719093000 0 0
1484549873.723925000 0 0
1484549873.739181000 0 66
1484549873.733880000 66 0
1484549873.744530000 0 0
1484549876.765128000 0 0
1484549876.790014000 0 137
1484549876.797288000 0 0
1484549876.778631000 137 0
1484549876.796459000 0 0
1484549876.815116000 0 0
1484549876.833597000 0 0
1484549876.848147000 0 0
1484549876.852741000 0 6562
1484549876.860714000 0 0
1484549876.859766000 0 0
1484549876.867777000 0 0
1484549876.871591000 0 0
1484549876.888196000 0 0
1484549885.944241000 0 0
1484549886.013377000 0 0
1484549886.094967000 0 0
1484549886.152758000 0 0
1484549886.218268000 0 0
1484549886.220603000 0 0
1484549886.224898000 0 0
1484549886.464531000 0 0
1484549886.467735000 0 0
1484549886.475487000 0 0
1484549889.663922000 0 0
1484549889.666293000 0 0
1484549889.704704000 0 0
1484549889.760746000 0 0
1484549889.764956000 24576 0
1484549889.794928000 0 0
1484549889.798385000 20480 0
1484549890.503819000 0 0
1484549890.522503000 24576 0
1484549890.574977000 0 0
1484549890.579109000 24576 0
1484549890.658458000 0 0
1484549890.662970000 24576 0
1484549890.704776000 0 0
1484549890.709011000 24576 0
1484549891.206861000 0 0
1484549891.209284000 0 0
1484549891.211588000 0 0
1484549896.092783000 0 0
1484549896.092783000 0 0
1484549896.500360000 0 0
1484549896.527359000 0 0
1484549891.319210000 0 0
1484549876.899532000 51 0
1484549886.239736000 226 0
1484549886.145430000 398 0
1484549886.148266000 446 0
1484549886.167649000 80 0
1484549889.725953000 638 0
1484549889.788312000 1346 0
1484549890.012605000 260 0
1484549890.021569000 280 0
1484549890.549197000 176 0
1484549890.563138000 330 0
1484549890.600694000 252 0
1484549890.605067000 182 0
1484549890.618322000 281 0
1484549890.629965000 255 0
1484549890.646216000 311 0
1484549890.676273000 408 0
1484549890.694244000 221 0
1484549890.722034000 208 0
1484549889.747677000 7930 0
1484549890.048727000 879532 0
1484549889.708747000 0 0
1484549886.190534000 0 0
1484550056.826776000 0 0
1484550056.864610000 0 8822
1484550056.877115000 0 0
1484550056.876269000 0 0
1484549897.421687000 0 0
1484550117.039703000 0 0
1484550117.053603000 2783 2879
1484550117.067415000 0 0
1484550117.080686000 2967 3063
1484550117.865495000 0 368
1484550117.881175000 0 0
1484550117.878869000 0 0
1484550118.892115000 0 48
1484550127.083615000 0 0
1484550127.343366000 0 0
1484550127.368543000 0 0
1484550127.375380000 0 29260
1484550127.401740000 0 0
1484550127.407109000 0 0
1484550127.411913000 0 0
1484550127.349295000 0 0
1484550127.416406000 0 0
1484550127.465690000 0 0
1484550127.488674000 0 0
1484550128.565973000 0 0
1484550065.240861000 0 0
1484550176.925357000 0 6863
1484550176.937039000 0 0
1484550176.934719000 0 0
1484550178.456085000 0 208787
1484550178.480450000 0 0
1484550510.193629000 0 0
1484550510.304104000 0 0
1484550510.308810000 0 0
1484550510.319527000 0 0
1484550510.361234000 0 0
1484550510.364124000 0 0
1484550510.417298000 0 0
1484550512.507887000 0 0
1484550512.506930000 0 7989
1484550512.510825000 0 0
1484550512.514559000 0 0
1484550512.516787000 0 0
1484550512.515331000 0 0
1484550510.417880000 0 0
1484550510.334776000 446 0
1484550510.422348000 80 0
1484550510.427179000 638 0
1484550510.447222000 1346 0
1484550510.453030000 260 0
1484550510.456836000 280 0
1484550510.686313000 330 0
1484550510.691896000 252 0
1484550510.701627000 182 0
1484550510.705693000 281 0
1484550510.715230000 255 0
1484550510.719895000 311 0
1484550510.731958000 408 0
1484550510.748234000 221 0
1484550510.754578000 208 0
1484550510.439456000 7930 0
1484550510.459457000 879532 0
1484550510.327839000 398 0
1484550510.672813000 176 0
1484550573.246549000 0 0
1484550067.128176000 0 0
1484550812.569944000 0 7989
1484550812.582360000 0 0
1484550812.580590000 0 0
1484550892.847918000 0 0
1484550892.942419000 0 0
1484550892.946970000 0 0
1484550892.957264000 0 0
1484550893.050401000 0 0
1484550894.727723000 1150 0
1484550894.736201000 1150 0
1484550893.088823000 280 0
1484550894.705685000 560 0
1484550894.745868000 0 0
1484550894.759196000 0 1150
1484550894.753214000 0 280
1484550897.776364000 0 0
1484550512.547643000 0 0
1484550899.773937000 0 0
1484550894.775281000 0 0
1484550894.846860000 280 0
1484550898.521603000 0 0
1484550915.751234000 0 0
1484550892.968194000 398 0
1484550892.975135000 446 0
1484550893.055488000 80 0
1484550893.057528000 638 0
1484550893.076777000 1346 0
1484550893.083407000 260 0
1484550893.307397000 176 0
1484550893.314428000 330 0
1484550893.319775000 252 0
1484550893.321926000 182 0
1484550893.325815000 281 0
1484550893.328968000 255 0
1484550893.331498000 311 0
1484550893.335138000 408 0
1484550893.344415000 221 0
1484550893.349211000 208 0
1484550893.066252000 7930 0
1484550893.095341000 879532 0
1484550916.205761000 0 0
1484550893.059050000 0 0
1484550891.307187000 0 0
1484549834.663945000 0 11105
1484551112.592401000 0 7992
1484551112.604605000 0 0
1484551112.602986000 0 0
1484551188.029497000 0 0
1484551188.105072000 0 0
1484551188.108785000 0 0
1484551188.117982000 0 0
1484551188.218610000 0 0
1484551202.906872000 0 0
1484551205.254208000 0 0
1484551205.256905000 0 0
1484551205.261624000 0 0
1484551205.268012000 0 0
1484551205.270573000 0 0
1484551205.276413000 0 0
1484551205.366019000 0 0
1484551205.370843000 0 0
1484551205.381161000 0 0
1484551206.178591000 0 0
1484551206.799062000 0 0
1484551188.223715000 638 0
1484551188.241137000 1346 0
1484551188.246122000 260 0
1484551188.251742000 280 0
1484551188.492998000 176 0
1484551188.502086000 330 0
1484551188.508236000 252 0
1484551188.512245000 182 0
1484551188.518405000 281 0
1484551188.522423000 255 0
1484551188.526193000 311 0
1484551188.532795000 408 0
1484551188.543447000 221 0
1484551188.548109000 208 0
1484551188.233014000 7930 0
1484551188.259102000 879532 0
1484551188.221417000 160 0
1484551205.282443000 226 0
1484551188.126061000 796 0
1484551188.131436000 892 0
1484551412.644381000 0 7992
1484551412.656443000 0 0
1484551412.654680000 0 0
1484549817.650243000 3016 12642
1484551446.453938000 0 0
1484551446.466417000 0 0
1484551499.167961000 0 0
1484551499.171724000 0 0
1484551499.176969000 0 0
1484551499.179349000 0 0
1484551499.185144000 0 0
1484551499.246522000 0 0
1484551499.250262000 0 0
1484551499.258286000 0 0
1484551499.635058000 0 0
1484551499.618752000 0 0
1484551499.175900000 80 0
1484551499.261840000 446 0
1484551617.998282000 0 360
1484551618.013564000 0 0
1484551618.011284000 0 0
1484551712.682481000 0 7993
1484551712.692673000 0 0
1484551712.691194000 0 0
1484551918.028545000 0 474
1484551918.042896000 0 0
1484551918.040624000 0 0
1484552012.725040000 0 7993
1484552012.735928000 0 0
1484552012.734338000 0 0
1484552218.059622000 0 474
1484552218.074690000 0 0
1484552218.072389000 0 0
1484552312.769303000 0 7993
1484552312.781064000 0 0
1484552312.779339000 0 0
1484552612.824075000 0 7993
1484552612.835550000 0 0
1484552612.833892000 0 0
1484552723.758981000 446 0
1484552752.920009000 446 0
1484552912.873459000 0 7993
1484552912.887751000 0 0
1484552912.886001000 0 0
1484553212.913645000 0 7993
1484553212.927553000 0 0
1484553212.925163000 0 0
1484553596.755169000 0 7993
1484553596.766595000 0 0
1484553596.764749000 0 0
1484553896.797746000 0 7993
1484553896.813091000 0 0
1484553896.810770000 0 0
1484554010.809985000 0 0
1484554010.865481000 0 0
1484554010.870095000 0 0
1484554010.880912000 0 0
1484554019.672648000 0 0
1484554019.676345000 0 0
1484554019.680719000 0 0
1484554019.692023000 0 0
1484551188.220980000 0 0
1484554015.891314000 408 0
1484554010.889555000 446 0
1484554019.688007000 398 0
1484554019.698492000 0 0
1484550936.256935000 0 0
1484551183.338371000 0 0
1484554048.375344000 0 0
1484549886.010878000 0 0
1484554084.839649000 0 0
1484554084.845410000 0 0
1484554084.847989000 0 0
1484554084.821400000 0 0
1484554084.841129000 0 0
1484554084.844393000 0 0
1484554084.820571000 0 0
1484554087.114301000 0 0
1484554087.190864000 0 0
1484554087.195920000 0 0
1484554087.205284000 0 0
1484554087.217876000 0 0
1484554087.239536000 0 0
1484554087.244177000 0 0
1484554087.248811000 0 0
1484554087.253333000 0 0
1484554087.274995000 0 0
1484554087.280046000 0 0
1484554087.297291000 0 0
1484554087.301161000 0 0
1484554087.323590000 0 0
1484554087.327852000 0 0
1484554087.359433000 0 0
1484554087.363249000 0 0
1484554084.837222000 0 0
1484549886.265068000 0 0
1484554084.846890000 280 0
1484554084.851883000 260 0
1484554084.857175000 208 0
1484554084.862233000 1346 0
1484554084.867525000 7930 0
1484554084.875367000 879532 0
1484554084.979675000 176 0
1484554084.984125000 221 0
1484554084.988732000 226 0
1484554084.994673000 134 0
1484554085.000092000 134 0
1484554085.083606000 134 0
1484554085.091921000 144 0
1484554085.097175000 134 0
1484554085.125041000 134 0
1484554085.130486000 134 0
1484554085.137057000 330 0
1484554085.143468000 252 0
1484554085.150792000 182 0
1484554085.158228000 255 0
1484554085.164861000 281 0
1484554085.170795000 311 0
1484554085.174967000 408 0
1484554087.084426000 446 0
1484554087.226332000 504 0
1484554087.260668000 504 0
1484554087.305562000 398 0
1484554087.213573000 556 0
1484554196.843437000 0 7993
1484554196.854098000 0 0
1484554196.853020000 0 0
1484554496.882700000 0 7993
1484554496.894054000 0 0
1484554496.892430000 0 0
1484551017.327817000 0 11487
1484554971.344959000 0 7993
1484554971.355740000 0 0
1484554971.354253000 0 0
1484555278.404173000 0 7993
1484555278.416182000 0 0
1484555278.414452000 0 0
1484555360.590859000 446 0
1484555417.043931000 0 0
1484555417.093122000 0 0
1484555417.095773000 0 0
1484555417.103316000 0 0
1484555417.106808000 446 0
1484555578.447208000 0 7993
1484555578.461466000 0 0
1484555578.459185000 0 0
1484555672.528756000 0 0
1484555672.533598000 0 0
1484555810.761728000 0 0
1484555810.792778000 0 0
1484555810.790243000 446 0
1484555812.291144000 8192 0
1484555823.807890000 0 0
1484555823.845534000 0 0
1484555823.865659000 0 0
1484555823.869136000 0 0
1484555823.878332000 0 0
1484555823.889613000 0 0
1484555823.892324000 0 0
1484555812.301071000 0 0
1484555823.908190000 0 0
1484555823.910795000 0 0
1484555823.914077000 0 0
1484555823.920070000 0 0
1484555812.310666000 261877 0
1484555823.897694000 0 0
1484555823.923660000 0 0
1484555823.940117000 0 0
1484555823.938486000 0 0
1484555823.947845000 0 0
1484555823.945305000 0 0
1484555823.959994000 0 0
1484555823.958012000 0 0
1484555823.974839000 0 0
1484555823.972093000 0 0
1484555824.128788000 0 0
1484555824.140888000 0 0
1484555824.143357000 0 0
1484555824.145845000 0 0
1484555824.148335000 0 0
1484555824.152346000 0 0
1484555824.133718000 39627 0
1484555825.626770000 0 0
1484555825.643857000 0 0
1484555825.647443000 0 0
1484555825.652234000 0 0
1484555825.656424000 0 0
1484555825.632784000 39523 0
1484555830.636657000 0 0
1484555830.650957000 0 0
1484555830.654013000 0 0
1484555830.656649000 0 0
1484555830.659590000 0 0
1484555830.642392000 178047 0
1484555832.882060000 0 0
1484555832.893428000 0 0
1484555832.895930000 0 0
1484555832.898401000 0 0
1484555832.900743000 0 0
1484555832.886927000 252918 0
1484555823.933270000 0 0
1484555824.187226000 0 0
1484555825.707248000 0 0
1484555841.096906000 0 0
1484555841.124690000 0 0
1484555841.128668000 0 0
1484555841.139269000 0 0
1484555841.146000000 0 0
1484555841.151653000 0 0
1484555841.101940000 282101 0
1484555830.713946000 0 0
1484555832.953239000 0 0
1484555845.544951000 0 0
1484555845.567734000 0 0
1484555845.573235000 0 0
1484555845.578212000 0 0
1484555845.582350000 0 0
1484555845.551992000 294619 0
1484555847.306862000 0 0
1484555847.330355000 0 0
1484555847.336180000 0 0
1484555847.341054000 0 0
1484555847.345743000 0 0
1484555847.314560000 207692 0
1484555823.884200000 446 0
1484555850.114951000 0 0
1484555850.138493000 0 0
1484555850.143366000 0 0
1484555850.148055000 0 0
1484555850.152275000 0 0
1484555850.122335000 266021 0
1484555851.535492000 0 0
1484555851.576042000 0 0
1484555851.580083000 0 0
1484555851.591171000 0 0
1484555851.597968000 0 0
1484555851.603814000 0 0
1484555851.543724000 208379 0
1484555852.423930000 0 0
1484555852.447466000 0 0
1484555852.452415000 0 0
1484555852.456780000 0 0
1484555852.461325000 0 0
1484555852.431486000 296066 0
1484555841.229537000 0 0
1484555855.883398000 0 0
1484555855.896386000 0 0
1484555855.899169000 0 0
1484555855.901799000 0 0
1484555855.904290000 0 0
1484555855.889372000 245891 0
1484555845.658799000 0 0
1484555847.418778000 0 0
1484555850.221089000 0 0
1484555865.793329000 0 0
1484555865.833063000 0 0
1484555865.837266000 0 0
1484555865.847988000 0 0
1484555865.854582000 0 0
1484555865.860277000 0 0
1484555865.800389000 237453 0
1484555851.677514000 0 0
1484555852.531490000 0 0
1484555855.947259000 0 0
1484555872.095792000 0 0
1484555872.119883000 0 0
1484555872.124935000 0 0
1484555872.129767000 0 0
1484555872.134178000 0 0
1484555872.103960000 208850 0
1484555873.827949000 261877 0
1484555878.491011000 0 7994
1484555878.507349000 0 0
1484555878.505678000 0 0
1484555865.945256000 0 0
1484555872.222016000 0 0
1484555873.882278000 0 0
1484555889.017808000 0 0
1484555889.022654000 0 0
1484555889.130185000 0 0
1484555889.188702000 0 0
1484555889.192537000 0 0
1484555889.202905000 0 0
1484555889.213368000 0 0
1484555889.219299000 0 0
1484555889.134872000 39627 0
1484555890.145596000 0 0
1484555890.150549000 0 0
1484555890.155672000 0 0
1484555890.159901000 0 0
1484555890.129871000 39523 0
1484555890.894036000 0 0
1484555890.898882000 0 0
1484555890.903329000 0 0
1484555890.907711000 0 0
1484555890.878637000 178047 0
1484555901.634017000 0 0
1484555901.638813000 0 0
1484555901.750899000 0 0
1484555901.791573000 0 0
1484555901.795500000 0 0
1484555901.806180000 0 0
1484555901.812389000 0 0
1484555901.818058000 0 0
1484555901.756084000 252918 0
1484555889.276952000 0 0
1484555890.204837000 0 0
1484555890.978210000 0 0
1484555901.895252000 0 0
1484555889.209087000 446 0
1484555919.354521000 0 0
1484555919.359474000 0 0
1484555919.463605000 0 0
1484555919.529093000 0 0
1484555919.533133000 0 0
1484555919.543831000 0 0
1484555919.550152000 0 0
1484555919.556239000 0 0
1484555919.468708000 282101 0
1484555919.640660000 0 0
1484555938.914903000 0 0
1484555938.919930000 0 0
1484555939.026373000 0 0
1484555939.091961000 0 0
1484555939.095895000 0 0
1484555939.106588000 0 0
1484555939.112957000 0 0
1484555939.119001000 0 0
1484555939.033228000 294619 0
1484555939.588646000 0 0
1484555939.607984000 0 0
1484555939.612635000 0 0
1484555939.617039000 0 0
1484555939.621003000 0 0
1484555939.593469000 207692 0
1484555940.508680000 0 0
1484555940.532791000 0 0
1484555940.537521000 0 0
1484555940.542296000 0 0
1484555940.546767000 0 0
1484555940.517002000 266021 0
1484555940.820492000 0 0
1484555940.842510000 0 0
1484555940.847168000 0 0
1484555940.851530000 0 0
1484555940.857463000 0 0
1484555940.827746000 208379 0
1484555941.070126000 0 0
1484555941.093743000 0 0
1484555941.099037000 0 0
1484555941.103842000 0 0
1484555941.107959000 0 0
1484555941.078043000 296066 0
1484555941.304183000 0 0
1484555941.324481000 0 0
1484555941.330689000 0 0
1484555941.335494000 0 0
1484555941.340699000 0 0
1484555941.308938000 245891 0
1484555941.522512000 0 0
1484555941.545729000 0 0
1484555941.550427000 0 0
1484555941.555259000 0 0
1484555941.559500000 0 0
1484555941.529704000 237453 0
1484555942.194334000 0 0
1484555942.199246000 0 0
1484555942.204146000 0 0
1484555942.208599000 0 0
1484555942.178716000 208850 0
1484555810.758364000 0 0
1484555939.194367000 0 0
1484555939.695335000 0 0
1484555940.619431000 0 0
1484555940.931009000 0 0
1484555941.178022000 0 0
1484555941.412047000 0 0
1484555941.641219000 0 0
1484555942.291614000 0 0
1484556178.535043000 0 7994
1484556178.547445000 0 0
1484556178.545766000 0 0
1484556478.580502000 0 7994
1484556478.594302000 0 0
1484556478.591971000 0 0
1484556580.651624000 446 0
1484556778.632005000 0 7994
1484556778.643277000 0 0
1484556778.641683000 0 0
1484551446.459460000 3254 20712
1484556958.682327000 0 2967
1484557018.500134000 0 378
1484557018.515544000 0 0
1484557018.513286000 0 0
1484557078.672145000 0 7997
1484557078.683978000 0 0
1484557078.682429000 0 0
1484557378.729302000 0 7997
1484557378.742696000 0 0
1484557378.740917000 0 0
1484557678.768322000 0 7997
1484557678.779867000 0 0
1484557678.778252000 0 0
1484557978.810309000 0 7997
1484557978.822679000 0 0
1484557978.821084000 0 0
1484558278.839869000 0 7997
1484558278.851608000 0 0
1484558278.850072000 0 0
1484558496.496105000 446 0
1484558519.765638000 892 0
1484558578.962790000 0 7997
1484558578.977169000 0 0
1484558578.974908000 0 0
1484558878.931425000 0 7997
1484558878.947192000 0 0
1484558878.944945000 0 0
1484559178.980826000 0 7997
1484559178.993141000 0 0
1484559178.991563000 0 0
1484559231.459341000 446 0
1484559479.020242000 0 7997
1484559479.034619000 0 0
1484559479.032335000 0 0
1484554917.877906000 0 9222
1484560086.211992000 0 8000
1484560086.222467000 0 0
1484560086.221603000 0 0
1484560188.253913000 0 0
1484560188.290438000 0 0
1484560188.294877000 0 0
1484560188.380019000 0 0
1484560188.389248000 2 0
1484560215.260995000 0 0
1484560215.277218000 0 0
1484560215.282220000 0 2
1484560215.291721000 0 0
1484560215.296743000 0 0
1484560215.300766000 0 0
1484560215.266107000 0 0
1484560215.304954000 0 0
1484560217.541759000 0 0
1484560217.557593000 0 0
1484560217.550355000 2967 12706
1484560230.675449000 0 4341
1484560230.690848000 0 0
1484560273.014276000 0 0
1484560273.099731000 0 0
1484560273.146395000 0 0
1484560273.166679000 0 0
1484560273.181199000 0 0
1484560273.190530000 0 0
1484560273.208649000 0 0
1484560273.282032000 0 0
1484560273.286100000 0 0
1484560273.295704000 0 0
1484560273.302162000 0 0
1484560273.304769000 0 0
1484560274.427716000 0 0
1484560274.430421000 0 0
1484560274.481857000 0 0
1484560274.523388000 0 0
1484560274.528721000 24576 0
1484560274.946038000 0 0
1484560274.951437000 20480 0
1484560275.312305000 0 0
1484560275.363665000 24576 0
1484560275.404710000 0 0
1484560275.410972000 24576 0
1484560275.470872000 0 0
1484560275.477431000 24576 0
1484560275.554702000 0 0
1484560275.560414000 24576 0
1484560277.134822000 0 0
1484560277.138877000 0 0
1484560277.143814000 0 0
1484560283.150510000 0 0
1484560283.154397000 0 0
1484560283.159245000 0 0
1484560276.997347000 0 0
1484560277.162838000 0 0
1484560273.218917000 226 0
1484560273.156637000 398 0
1484560273.161871000 446 0
1484560273.188221000 80 0
1484560274.501925000 638 0
1484560274.876827000 1346 0
1484560275.033923000 260 0
1484560275.048477000 280 0
1484560275.392387000 330 0
1484560275.429518000 252 0
1484560275.434698000 182 0
1484560275.442606000 281 0
1484560275.450265000 255 0
1484560275.457134000 311 0
1484560275.499148000 408 0
1484560275.522374000 221 0
1484560275.588144000 208 0
1484560274.512365000 7930 0
1484560275.057363000 879532 0
1484560275.383220000 176 0
1484560293.310079000 0 0
1484560302.793916000 0 0
1484560305.829675000 0 0
1484560274.488043000 0 0
1484560273.156137000 0 0
1484560315.585368000 0 0
1484560386.293570000 0 8000
1484560386.306894000 0 0
1484560386.304582000 0 0
1484560382.414934000 0 0
1484560391.480086000 0 0
1484560404.880820000 0 0
1484560273.096458000 0 0
1484560559.124899000 0 0
1484560559.301233000 0 0
1484560559.309133000 0 0
1484560559.129324000 0 0
1484560559.110351000 0 0
1484560559.114751000 0 0
1484560559.112566000 0 0
1484560561.242836000 0 0
1484560561.314874000 0 0
1484560561.319500000 0 0
1484560561.330024000 0 0
1484560561.342308000 0 0
1484560561.360620000 0 0
1484560561.364213000 0 0
1484560561.367794000 0 0
1484560561.371569000 0 0
1484560561.387996000 0 0
1484560561.391774000 0 0
1484560561.401900000 0 0
1484560561.405116000 0 0
1484560561.420567000 0 0
1484560561.424567000 0 0
1484560559.113609000 0 0
1484560273.304335000 0 0
1484560559.132117000 280 0
1484560559.140197000 260 0
1484560559.142888000 208 0
1484560559.145433000 1346 0
1484560559.151607000 7930 0
1484560559.161379000 879532 0
1484560559.293317000 176 0
1484560559.298679000 221 0
1484560559.304865000 226 0
1484560559.314602000 134 0
1484560559.319479000 134 0
1484560559.324240000 134 0
1484560559.326499000 144 0
1484560559.331767000 134 0
1484560559.336759000 134 0
1484560559.341632000 134 0
1484560559.346839000 330 0
1484560559.349311000 252 0
1484560559.354146000 182 0
1484560559.358674000 255 0
1484560559.363643000 281 0
1484560559.368802000 311 0
1484560559.373279000 408 0
1484560561.224328000 446 0
1484560561.338948000 556 0
1484560561.350535000 504 0
1484560561.378511000 504 0
1484560561.410924000 398 0
1484560641.839032000 0 0
1484560641.873890000 0 0
1484560641.912512000 0 0
1484560641.929833000 0 0
1484560641.973396000 0 0
1484560641.976647000 0 0
1484560641.987685000 0 0
1484560642.096657000 0 0
1484560642.099576000 0 0
1484560642.108926000 0 0
1484560643.216920000 0 0
1484560643.219935000 0 0
1484560643.260067000 0 0
1484560643.279099000 0 0
1484560643.284016000 24576 0
1484560643.370796000 0 0
1484560643.376149000 20480 0
1484560643.638750000 0 0
1484560643.659142000 24576 0
1484560643.683574000 0 0
1484560643.688017000 24576 0
1484560643.721476000 0 0
1484560643.726749000 24576 0
1484560643.758150000 0 0
1484560643.763615000 24576 0
1484560644.909119000 0 0
1484560644.914198000 0 0
1484560644.919300000 0 0
1484560651.938088000 0 0
1484560651.942533000 0 0
1484560651.948378000 0 0
1484560641.994684000 226 0
1484560641.919536000 398 0
1484560641.925079000 446 0
1484560641.934174000 80 0
1484560643.261410000 638 0
1484560643.366409000 1346 0
1484560643.412628000 260 0
1484560643.477660000 280 0
1484560643.680028000 330 0
1484560643.700159000 252 0
1484560643.702497000 182 0
1484560643.709134000 281 0
1484560643.713333000 255 0
1484560643.716991000 311 0
1484560643.741194000 408 0
1484560643.753217000 221 0
1484560643.779804000 208 0
1484560643.272389000 7930 0
1484560643.480853000 879532 0
1484560643.671760000 176 0
1484560678.054273000 0 0
1484560686.288434000 0 8000
1484560686.299447000 0 0
1484560686.298276000 0 0
1484560643.266413000 0 0
1484560641.948654000 0 0
1484560766.980851000 0 0
1484560778.685647000 0 0
1484560814.531799000 0 0
1484560881.479771000 0 0
1484560986.329851000 0 8000
1484560986.343197000 0 0
1484560986.341445000 0 0
1484561299.344107000 0 8000
1484561299.357451000 0 0
1484561299.355772000 0 0
1484561453.022074000 0 0
1484560644.949193000 0 0
1484560641.871527000 0 0
1484561453.363219000 0 0
1484561453.535823000 0 0
1484561453.545365000 0 0
1484561453.543958000 0 0
1484561453.366377000 0 0
1484561453.342624000 0 0
1484561453.344673000 0 0
1484561453.345839000 0 0
1484561455.622277000 0 0
1484561455.706764000 0 0
1484561455.712950000 0 0
1484561455.722679000 0 0
1484561455.735110000 0 0
1484561455.757237000 0 0
1484561455.761845000 0 0
1484561455.766592000 0 0
1484561455.771392000 0 0
1484561455.792069000 0 0
1484561455.796633000 0 0
1484561455.811518000 0 0
1484561455.816099000 0 0
1484561455.839178000 0 0
1484561455.843742000 0 0
1484561453.343646000 0 0
1484560642.003598000 0 0
1484561462.655956000 0 0
1484561462.717706000 0 0
1484561462.729849000 0 0
1484561462.755489000 0 0
1484561462.759244000 0 0
1484561462.778363000 0 0
1484561462.798254000 0 0
1484561462.801795000 0 0
1484561462.852710000 0 0
1484561462.856263000 0 0
1484561465.884153000 0 0
1484561462.818857000 0 0
1484561462.730582000 0 0
1484561453.371388000 280 0
1484561453.377224000 260 0
1484561453.381910000 208 0
1484561453.384451000 1346 0
1484561453.390590000 7930 0
1484561453.399571000 879532 0
1484561453.530476000 176 0
1484561453.533377000 221 0
1484561453.550542000 134 0
1484561453.556437000 134 0
1484561453.561799000 134 0
1484561453.564890000 144 0
1484561453.570041000 134 0
1484561453.575194000 134 0
1484561453.577645000 134 0
1484561453.581277000 330 0
1484561453.586310000 252 0
1484561453.590772000 182 0
1484561453.595591000 255 0
1484561453.600265000 281 0
1484561453.605038000 311 0
1484561453.607297000 408 0
1484561455.730671000 556 0
1484561455.743900000 504 0
1484561455.778889000 504 0
1484561455.823388000 398 0
1484561462.733085000 80 0
1484561453.540299000 226 0
1484561455.610544000 446 0
1484561496.534754000 0 0
1484561462.684279000 0 0
1484561496.729332000 0 0
1484561496.730666000 0 0
1484561496.732920000 0 0
1484561496.538350000 0 0
1484561496.508936000 0 0
1484561496.513002000 0 0
1484561496.498113000 0 0
1484561498.444723000 0 0
1484561498.516038000 0 0
1484561498.521558000 0 0
1484561498.532098000 0 0
1484561498.542617000 0 0
1484561498.563262000 0 0
1484561498.567776000 0 0
1484561498.572282000 0 0
1484561498.589598000 0 0
1484561498.594389000 0 0
1484561498.608217000 0 0
1484561498.611706000 0 0
1484561498.631403000 0 0
1484561498.635915000 0 0
1484561496.502908000 0 0
1484561496.542535000 280 0
1484561496.546161000 260 0
1484561496.549023000 208 0
1484561496.551836000 1346 0
1484561496.555198000 7930 0
1484561496.559279000 879532 0
1484561496.724677000 176 0
1484561496.727503000 221 0
1484561496.732057000 226 0
1484561496.735320000 134 0
1484561496.737834000 134 0
1484561496.743281000 134 0
1484561496.745553000 144 0
1484561496.747837000 134 0
1484561496.750186000 134 0
1484561496.752430000 134 0
1484561496.755729000 330 0
1484561496.758350000 252 0
1484561496.760990000 182 0
1484561496.763490000 255 0
1484561496.766037000 281 0
1484561496.768819000 311 0
1484561496.771806000 408 0
1484561498.438290000 446 0
1484561498.538388000 556 0
1484561498.549227000 504 0
1484561498.576697000 504 0
1484561498.616385000 398 0
1484561554.796231000 0 0
1484561554.803274000 0 0
1484561599.379960000 0 8000
1484561599.395410000 0 0
1484561599.393080000 0 0
1484561899.432457000 0 8000
1484561899.445186000 0 0
1484561899.443583000 0 0
1484563295.177799000 0 0
1484563296.351227000 0 0
1484563296.690186000 0 0
1484563944.719669000 0 8000
1484563944.732534000 0 0
1484563944.730816000 0 0
1484563947.347044000 0 0
1484560018.174817000 0 12003
1484563950.706690000 0 0
1484563950.722564000 0 0
1484563947.372448000 1306 0
1484564244.772456000 0 8000
1484564244.783938000 0 0
1484564244.782319000 0 0
1484563950.715481000 3242 3376
1484564340.412097000 446 0
1484564544.819308000 0 8000
1484564544.830600000 0 0
1484564544.829255000 0 0
1484564844.873648000 0 8000
1484564844.885660000 0 0
1484564844.884072000 0 0
1484564847.941124000 446 0
1484565144.926041000 0 8000
1484565144.940431000 0 0
1484565144.938147000 0 0
1484565444.972263000 0 8000
1484565444.984583000 0 0
1484565444.982900000 0 0
1484565745.020525000 0 8000
1484565745.032892000 0 0
1484565745.031220000 0 0
1484565803.765159000 446 0
1484566045.070147000 0 8000
1484566045.085424000 0 0
1484566045.083089000 0 0
1484566345.113497000 0 8000
1484566345.127369000 0 0
1484566345.125771000 0 0
1484563948.050010000 0 12335
1484566645.162220000 0 8000
1484566645.177777000 0 0
1484566645.175496000 0 0
1484566797.167976000 446 0
1484566873.505661000 0 0
1484566873.521258000 0 0
1484566618.890393000 0 17264
1484566873.513849000 3376 17714
1484566919.444736000 0 360
1484566919.463441000 0 0
1484566919.461156000 0 0
1484566945.210073000 0 8000
1484566945.223646000 0 0
1484566945.222034000 0 0
1484567245.270774000 0 8000
1484567245.287374000 0 0
1484567245.285609000 0 0
1484567545.309614000 0 8000
1484567545.322755000 0 0
1484567545.321166000 0 0
1484566883.750697000 0 5902
1484567845.357414000 0 8000
1484567845.370308000 0 0
1484567845.368712000 0 0
1484567863.931085000 892 0
1484568085.869413000 0 0
1484568086.049659000 0 0
1484568086.091762000 0 0
1484568086.110160000 0 0
1484568086.358778000 0 0
1484568086.361509000 0 0
1484568086.367003000 0 0
1484568086.443805000 0 0
1484568086.448199000 0 0
1484568086.458240000 0 0
1484568086.539342000 0 0
1484568086.542777000 0 0
1484568087.565917000 0 0
1484568087.568697000 0 0
1484568087.615583000 0 0
1484568087.636379000 0 0
1484568087.640988000 24576 0
1484568087.659937000 0 0
1484568087.664751000 20480 0
1484568087.693460000 0 0
1484568087.697998000 24576 0
1484568088.219902000 0 0
1484568088.240112000 24576 0
1484568088.289185000 0 0
1484568088.294585000 24576 0
1484568088.364822000 0 0
1484568088.370376000 24576 0
1484568088.402790000 0 0
1484568088.407605000 24576 0
1484568096.097746000 0 0
1484568096.102414000 0 0
1484568096.107651000 0 0
1484568086.374897000 226 0
1484568086.102579000 398 0
1484568086.104952000 446 0
1484568086.116679000 80 0
1484568087.619823000 638 0
1484568087.655792000 1346 0
1484568087.678638000 260 0
1484568087.785968000 280 0
1484568088.259152000 176 0
1484568088.285021000 330 0
1484568088.310016000 252 0
1484568088.325238000 182 0
1484568088.334123000 281 0
1484568088.340453000 255 0
1484568088.360757000 311 0
1484568088.386711000 408 0
1484568088.398862000 221 0
1484568088.427695000 208 0
1484568087.629726000 7930 0
1484568088.062916000 879532 0
1484568145.415863000 0 8000
1484568145.429962000 0 0
1484568145.427670000 0 0
1484568184.357390000 0 0
1484568087.621110000 0 0
1484568086.319183000 0 0
1484568086.047254000 0 0
1484568206.657353000 0 0
1484568206.847199000 0 0
1484568206.661344000 0 0
1484568206.623333000 0 0
1484568206.637345000 0 0
1484568206.626003000 0 0
1484568208.759693000 0 0
1484568208.852587000 0 0
1484568208.857886000 0 0
1484568208.867707000 0 0
1484568208.881015000 0 0
1484568208.903413000 0 0
1484568208.906647000 0 0
1484568208.910495000 0 0
1484568208.914160000 0 0
1484568208.933719000 0 0
1484568208.937863000 0 0
1484568208.950783000 0 0
1484568208.954902000 0 0
1484568208.976565000 0 0
1484568208.980819000 0 0
1484568206.643772000 0 0
1484568086.474561000 0 0
1484568206.665421000 280 0
1484568206.673265000 260 0
1484568206.676702000 208 0
1484568206.680112000 1346 0
1484568206.686933000 7930 0
1484568206.691080000 879532 0
1484568206.832124000 176 0
1484568206.838213000 221 0
1484568206.844990000 226 0
1484568206.853415000 134 0
1484568206.859370000 134 0
1484568206.865346000 134 0
1484568206.871219000 144 0
1484568206.876890000 134 0
1484568206.882913000 134 0
1484568206.888211000 134 0
1484568206.891449000 330 0
1484568206.894225000 252 0
1484568206.896942000 182 0
1484568206.899727000 255 0
1484568206.902202000 281 0
1484568206.904552000 311 0
1484568206.908865000 408 0
1484568208.710565000 446 0
1484568208.876536000 556 0
1484568208.890398000 504 0
1484568208.922399000 504 0
1484568208.962014000 398 0
1484568336.957539000 0 0
1484568336.965213000 0 0
1484568445.457994000 0 8000
1484568445.469815000 0 0
1484568445.468201000 0 0
1484568453.614751000 0 0
1484568453.657594000 0 0
1484568453.692424000 0 0
1484568453.710481000 0 0
1484568453.729019000 0 0
1484568453.731509000 0 0
1484568453.737286000 0 0
1484568453.829948000 0 0
1484568453.832766000 0 0
1484568453.842799000 0 0
1484568454.897828000 0 0
1484568454.900694000 0 0
1484568454.938878000 0 0
1484568454.958839000 0 0
1484568454.964178000 24576 0
1484568455.045551000 0 0
1484568455.051019000 20480 0
1484568455.293279000 0 0
1484568455.313065000 24576 0
1484568455.338146000 0 0
1484568455.342629000 24576 0
1484568455.380810000 0 0
1484568455.386505000 24576 0
1484568455.437077000 0 0
1484568455.443536000 24576 0
1484568456.425691000 0 0
1484568456.428359000 0 0
1484568456.430879000 0 0
1484568456.531718000 0 0
1484568463.692386000 0 0
1484568463.695721000 0 0
1484568463.699224000 0 0
1484568462.676520000 0 0
1484568467.520491000 0 1150
1484568467.747270000 1150 0
1484568468.021785000 1150 0
1484568467.518560000 0 0
1484568467.557027000 1759064 0
1484568468.360165000 0 1150
1484568468.278028000 0 879532
1484568470.543048000 0 0
1484568472.535490000 0 0
1484568453.745582000 226 0
1484568453.699211000 398 0
1484568453.705090000 446 0
1484568453.718036000 80 0
1484568454.940633000 638 0
1484568455.140454000 22867832 0
1484568468.386816000 0 0
1484568464.489072000 0 0
1484568495.374853000 0 0
1484568455.041089000 2692 0
1484568455.121468000 520 0
1484568455.137386000 560 0
1484568455.325056000 352 0
1484568455.334276000 660 0
1484568455.356617000 504 0
1484568455.359061000 364 0
1484568455.362381000 562 0
1484568455.369740000 510 0
1484568455.376189000 622 0
1484568455.404818000 816 0
1484568455.430913000 442 0
1484568455.463559000 416 0
1484568454.951339000 15860 0
1484568454.939760000 0 0
1484568453.702966000 0 0
1484568495.379147000 879532 0
1484568493.717947000 0 0
1484568538.929927000 0 0
1484568539.391385000 0 0
1484568538.935144000 879532 0
1484568745.500746000 0 8000
1484568745.512912000 0 0
1484568745.511843000 0 0
1484568536.447245000 0 0
1484568846.128440000 0 0
1484568846.235987000 0 0
1484568846.132370000 879532 0
1484568897.021006000 0 0
1484568897.075841000 0 0
1484568897.081297000 0 0
1484568897.100528000 0 0
1484568843.812177000 0 0
1484568453.655296000 0 0
1484568898.556633000 0 0
1484568898.726830000 0 0
1484568898.731498000 0 0
1484568898.733094000 0 0
1484568898.561195000 0 0
1484568898.537351000 0 0
1484568898.535189000 0 0
1484568898.533981000 0 0
1484568900.852893000 0 0
1484568900.916590000 0 0
1484568900.920193000 0 0
1484568900.925376000 0 0
1484568900.935956000 0 0
1484568900.951517000 0 0
1484568900.954734000 0 0
1484568900.957706000 0 0
1484568900.960732000 0 0
1484568900.974990000 0 0
1484568900.977818000 0 0
1484568900.988321000 0 0
1484568900.992063000 0 0
1484568901.006812000 0 0
1484568901.010676000 0 0
1484568898.536312000 0 0
1484568453.761134000 0 0
1484568906.307114000 0 0
1484568908.532242000 0 0
1484568908.537659000 0 0
1484568908.547281000 0 0
1484568914.281920000 0 0
1484568914.285295000 0 0
1484568898.566487000 280 0
1484568898.572603000 260 0
1484568898.577923000 208 0
1484568898.580089000 1346 0
1484568898.586585000 7930 0
1484568898.590682000 879532 0
1484568898.722457000 176 0
1484568898.725118000 221 0
1484568898.728434000 226 0
1484568898.737870000 134 0
1484568898.742836000 134 0
1484568898.747732000 134 0
1484568898.749766000 144 0
1484568898.754188000 134 0
1484568898.756209000 134 0
1484568898.761327000 134 0
1484568898.764988000 330 0
1484568898.769748000 252 0
1484568898.774845000 182 0
1484568898.779173000 255 0
1484568898.783254000 281 0
1484568898.787370000 311 0
1484568898.789546000 408 0
1484568900.943580000 504 0
1484568900.967329000 504 0
1484568900.995945000 398 0
1484568933.270172000 0 0
1484568897.120352000 446 0
1484568900.933891000 1112 0
1484569045.550923000 0 8000
1484569045.563315000 0 0
1484569045.561625000 0 0
1484569345.597213000 0 8000
1484569345.609008000 0 0
1484569345.607608000 0 0
1484569614.792180000 0 0
1484569639.241927000 0 0
1484569639.367187000 0 0
1484569639.471582000 0 0
1484569639.474161000 0 0
1484569639.483663000 0 0
1484569639.516738000 0 0
1484569639.523574000 0 0
1484569639.608586000 0 0
1484569639.613946000 0 0
1484569640.092967000 0 0
1484569640.095920000 0 0
1484569640.099183000 0 0
1484569640.273063000 0 0
1484569640.281545000 0 0
1484569640.284561000 0 0
1484569640.289524000 0 0
1484569640.320856000 0 0
1484569640.324283000 0 0
1484569640.326724000 0 0
1484569640.332107000 0 0
1484569640.406035000 0 0
1484569640.407753000 0 0
1484569640.409988000 0 0
1484569640.412837000 0 0
1484569640.416728000 0 0
1484569640.419343000 0 0
1484569640.434588000 0 0
1484569640.437934000 0 0
1484569640.441264000 0 0
1484569645.645196000 0 8000
1484569645.661584000 0 0
1484569645.659289000 0 0
1484569650.832504000 0 0
1484569650.858418000 0 0
1484569650.863668000 0 0
1484569650.868808000 0 0
1484569650.879299000 0 0
1484569650.888889000 0 0
1484569650.904087000 0 0
1484569650.918680000 0 0
1484569650.924886000 0 0
1484569650.929738000 0 0
1484569640.259883000 0 0
1484569651.321672000 0 0
1484569647.351811000 0 0
1484569651.336050000 0 0
1484569651.332980000 0 0
1484568933.275162000 0 0
1484569651.347269000 0 0
1484569651.343993000 0 0
1484569651.382121000 0 0
1484569639.492766000 446 0
1484569640.168074000 267 0
1484569640.290267000 398 0
1484569640.329915000 556 0
1484569640.399873000 504 0
1484569640.446890000 504 0
1484569651.518086000 0 0
1484569651.528913000 0 0
1484569651.525278000 0 0
1484569651.551921000 0 0
1484569651.557294000 0 0
1484569651.567735000 0 0
1484569651.742014000 0 0
1484569651.747016000 0 0
1484569651.710141000 0 0
1484569651.720381000 0 11739
1484569651.785356000 0 0
1484569651.809924000 0 0
1484569651.764908000 0 0
1484569651.816688000 0 0
1484569651.776416000 0 0
1484569651.897061000 0 0
1484569651.900297000 0 0
1484569652.043335000 0 162
1484569652.048026000 0 0
1484569652.053412000 0 0
1484569652.057380000 0 0
1484569652.077587000 0 0
1484569652.080019000 0 0
1484569652.082760000 0 0
1484569652.088530000 0 0
1484569652.093988000 0 0
1484569652.092597000 0 0
1484569652.100474000 0 0
1484569652.107819000 0 0
1484569652.105033000 0 0
1484569652.115797000 0 0
1484569652.124962000 0 0
1484569652.127245000 0 0
1484569652.129931000 0 0
1484569652.132860000 0 0
1484569652.184936000 0 0
1484569652.183516000 0 0
1484569652.191325000 0 0
1484569652.274303000 0 0
1484569652.272516000 0 0
1484569653.240285000 0 0
1484569653.255230000 0 0
1484569653.258354000 0 0
1484569653.262219000 0 0
1484569653.265711000 0 0
1484569653.267560000 0 0
1484569653.270397000 0 0
1484569653.273600000 0 0
1484569653.276770000 0 0
1484569653.278153000 0 0
1484569653.281120000 0 0
1484569653.284097000 0 0
1484569653.288077000 0 0
1484569653.292606000 0 0
1484569653.294229000 0 0
1484569653.298574000 0 0
1484569653.303857000 0 0
1484569653.306358000 0 0
1484569653.309151000 0 0
1484569653.314824000 0 0
1484569653.398633000 0 0
1484569653.397161000 0 0
1484569653.403775000 0 0
1484569653.486872000 0 0
1484569653.484244000 0 0
1484569653.787775000 0 0
1484569653.790277000 0 0
1484569653.792888000 0 0
1484569653.811042000 4096 0
1484569653.827492000 481 0
1484569653.811201000 0 0
1484569653.899246000 0 0
1484569653.906345000 0 0
1484569653.907382000 0 0
1484569653.849123000 486 0
1484569653.859817000 473 0
1484569653.874375000 478 0
1484569653.908167000 4096 0
1484569653.975921000 0 0
1484569653.988020000 0 0
1484569651.342617000 0 0
1484569653.960111000 267 0
1484569653.977207000 481 0
1484569653.979478000 486 0
1484569653.981540000 473 0
1484569653.983539000 478 0
1484569653.952459000 4096 0
1484569655.921757000 0 0
1484569655.919650000 0 0
1484569657.934369000 0 0
1484569657.932319000 0 0
1484569651.833903000 78275 0
1484569651.840703000 0 0
1484569653.957409000 0 0
1484569654.080072000 4096 0
1484569945.691552000 0 8000
1484569945.704896000 0 0
1484569945.703478000 0 0
1484570245.613395000 0 0
1484570245.644901000 0 0
1484570245.682795000 0 0
1484570245.705871000 0 0
1484570245.714071000 0 8000
1484570245.726324000 0 0
1484570245.724943000 0 0
1484570245.992766000 0 0
1484570245.995926000 0 0
1484570246.002886000 0 0
1484570246.153357000 0 0
1484570246.157728000 0 0
1484570246.167028000 0 0
1484570252.126382000 0 0
1484570252.130149000 0 0
1484570252.202536000 0 0
1484570252.229402000 0 0
1484570252.235330000 24576 0
1484570252.257588000 0 0
1484570252.263766000 20480 0
1484570252.486969000 0 0
1484570252.505481000 24576 0
1484570252.532208000 0 0
1484570252.537311000 24576 0
1484570252.583946000 0 0
1484570252.589606000 24576 0
1484570252.633733000 0 0
1484570252.639165000 24576 0
1484570255.673437000 0 0
1484570255.678233000 0 0
1484570255.684273000 0 0
1484570252.562400000 281 0
1484570246.013002000 226 0
1484570274.117588000 0 0
1484570274.133688000 0 0
1484570274.135957000 0 0
1484570274.138820000 0 0
1484570275.313474000 0 0
1484570245.694454000 398 0
1484570245.701083000 446 0
1484570245.712597000 80 0
1484570252.207472000 638 0
1484570252.252378000 1346 0
1484570252.279653000 260 0
1484570252.285529000 280 0
1484570252.520370000 176 0
1484570252.528203000 330 0
1484570252.551951000 252 0
1484570252.556734000 182 0
1484570252.570346000 255 0
1484570252.577897000 311 0
1484570252.610317000 408 0
1484570252.629086000 221 0
1484570252.659065000 208 0
1484570252.222606000 7930 0
1484570252.294888000 879532 0
1484570256.562863000 0 0
1484570277.690333000 0 0
1484570274.073759000 0 0
1484570406.080015000 0 0
1484567819.063115000 0 13261
1484570545.776814000 0 8000
1484570545.790882000 0 0
1484570545.788585000 0 0
1484570845.824868000 0 8000
1484570845.837070000 0 0
1484570845.835466000 0 0
1484571073.784516000 0 0
1484571073.800960000 0 0
1484570519.414487000 0 17750
1484571073.793192000 3670 11250
1484571145.880506000 0 8000
1484571145.895326000 0 0
1484571145.893047000 0 0
1484571335.242822000 446 0
1484571387.478260000 0 0
1484571387.531249000 0 0
1484571387.535112000 0 0
1484571387.543349000 0 0
1484570252.209039000 0 0
1484570245.696218000 0 0
1484570245.641675000 0 0
1484571408.848954000 0 0
1484571409.054904000 0 0
1484571409.062671000 0 0
1484571409.061274000 0 0
1484571408.852418000 0 0
1484571408.830929000 0 0
1484571408.830019000 0 0
1484571408.828125000 0 0
1484571410.644127000 0 0
1484571410.723939000 0 0
1484571410.730460000 0 0
1484571410.740409000 0 0
1484571410.754356000 0 0
1484571410.775156000 0 0
1484571410.779452000 0 0
1484571410.783941000 0 0
1484571410.788958000 0 0
1484571410.808794000 0 0
1484571410.813375000 0 0
1484571410.829999000 0 0
1484571410.834365000 0 0
1484571410.857298000 0 0
1484571410.861648000 0 0
1484571408.829080000 0 0
1484570246.035042000 0 0
1484571419.844286000 0 368
1484571419.862534000 0 0
1484571419.860243000 0 0
1484571408.857555000 280 0
1484571408.865015000 260 0
1484571408.867272000 208 0
1484571408.872340000 1346 0
1484571408.878387000 7930 0
1484571408.887727000 879532 0
1484571409.047994000 176 0
1484571409.053143000 221 0
1484571409.058351000 226 0
1484571409.067065000 134 0
1484571409.072445000 134 0
1484571409.077371000 134 0
1484571409.083335000 144 0
1484571409.088809000 134 0
1484571409.094739000 134 0
1484571409.100522000 134 0
1484571409.103879000 330 0
1484571409.109740000 252 0
1484571409.115152000 182 0
1484571409.122609000 255 0
1484571409.130709000 281 0
1484571409.138857000 311 0
1484571409.147792000 408 0
1484571387.547468000 892 0
1484571410.749969000 556 0
1484571410.762672000 504 0
1484571410.795954000 504 0
1484571410.842699000 398 0
1484571445.922656000 0 8000
1484571445.934992000 0 0
1484571445.933370000 0 0
1484571717.920990000 0 0
1484571718.004123000 0 0
1484571718.050681000 0 0
1484571718.068699000 0 0
1484571718.097450000 0 0
1484571718.100002000 0 0
1484571718.104773000 0 0
1484571718.198937000 0 0
1484571718.202622000 0 0
1484571718.212686000 0 0
1484571719.646182000 0 0
1484571719.648699000 0 0
1484571719.688335000 0 0
1484571719.710458000 0 0
1484571719.715623000 24576 0
1484571719.783139000 0 0
1484571719.788620000 20480 0
1484571719.808131000 0 0
1484571719.812350000 24576 0
1484571720.027741000 0 0
1484571720.045956000 24576 0
1484571720.071112000 0 0
1484571720.077161000 24576 0
1484571720.114268000 0 0
1484571720.119086000 24576 0
1484571720.164408000 0 0
1484571720.169817000 24576 0
1484571721.135101000 0 1150
1484571721.148824000 1150 0
1484571721.157170000 1150 0
1484571719.824428000 280 0
1484571721.132981000 0 0
1484571721.144152000 560 0
1484571721.176219000 0 1150
1484571721.172271000 0 280
1484571724.166567000 0 0
1484571722.437645000 0 0
1484571726.169945000 0 0
1484571728.040299000 0 0
1484571728.043099000 0 0
1484571728.048211000 0 0
1484571721.190103000 0 0
1484571721.193527000 280 0
1484571718.058676000 398 0
1484571718.064517000 446 0
1484571718.075658000 80 0
1484571719.692833000 638 0
1484571745.952318000 0 8000
1484571745.965998000 0 0
1484571745.964655000 0 0
1484571719.778657000 1346 0
1484571719.804025000 260 0
1484571720.060333000 176 0
1484571720.067238000 330 0
1484571720.092025000 252 0
1484571720.094944000 182 0
1484571720.098390000 281 0
1484571720.104621000 255 0
1484571720.110351000 311 0
1484571720.138746000 408 0
1484571720.159915000 221 0
1484571720.187288000 208 0
1484571719.703329000 7930 0
1484571719.832269000 879532 0
1484571718.112145000 226 0
1484571719.693856000 0 0
1484571718.072870000 0 0
1484571724.589162000 0 0
1484572045.988159000 0 8000
1484572046.000162000 0 0
1484572045.998363000 0 0
1484571996.060343000 0 0
1484571942.049309000 0 0
1484571718.001209000 0 0
1484572077.985984000 0 0
1484572077.991752000 0 0
1484572077.995143000 0 0
1484572077.993942000 0 0
1484572077.989586000 0 0
1484572077.969198000 0 0
1484572077.967649000 0 0
1484572077.966853000 0 0
1484572079.395659000 0 0
1484572079.472161000 0 0
1484572079.475377000 0 0
1484572079.480084000 0 0
1484572079.483837000 0 0
1484572079.569691000 0 0
1484572079.573391000 0 0
1484572079.584308000 0 0
1484572080.195854000 0 0
1484572080.250847000 0 0
1484572080.257027000 0 0
1484572080.262888000 0 0
1484572080.278986000 0 0
1484572080.295617000 0 0
1484572080.299769000 0 0
1484572080.304210000 0 0
1484572080.307489000 0 0
1484572080.322466000 0 0
1484572080.324945000 0 0
1484572080.332747000 0 0
1484572080.335876000 0 0
1484572080.343901000 0 0
1484572080.351080000 0 0
1484572077.968423000 0 0
1484572089.270044000 0 0
1484572089.273762000 0 0
1484572089.331922000 0 0
1484572089.346315000 0 0
1484572089.352951000 24576 0
1484572089.368693000 0 0
1484572089.374175000 20480 0
1484572089.471285000 0 0
1484572089.479881000 0 0
1484572089.483284000 0 0
1484572089.487381000 0 0
1484572089.491077000 24576 0
1484572089.512194000 0 0
1484572089.517201000 24576 0
1484572089.539919000 0 0
1484572089.545165000 24576 0
1484572089.570833000 0 0
1484572089.576064000 24576 0
1484572092.406240000 0 0
1484572092.410620000 0 0
1484572092.421578000 0 0
1484572092.427947000 0 0
1484572089.333803000 0 0
1484572093.738660000 0 0
1484572078.135295000 134 0
1484572078.140705000 134 0
1484572078.145730000 134 0
1484572078.147714000 144 0
1484572078.152270000 134 0
1484572078.156802000 134 0
1484572078.158758000 134 0
1484572078.129904000 226 0
1484572080.274352000 556 0
1484572080.288235000 504 0
1484572080.316572000 504 0
1484572114.970169000 0 0
1484572079.465005000 398 0
1484572079.467569000 446 0
1484572079.478140000 80 0
1484572089.334266000 638 0
1484572078.003120000 1346 0
1484572077.995900000 260 0
1484572077.992204000 280 0
1484572078.160771000 330 0
1484572078.165112000 252 0
1484572078.167446000 182 0
1484572078.175986000 281 0
1484572078.171940000 255 0
1484572078.178250000 311 0
1484572078.182606000 408 0
1484572078.125261000 221 0
1484572077.998418000 208 0
1484572078.009022000 7930 0
1484572078.018015000 879532 0
1484572078.122732000 176 0
1484572122.735280000 0 0
1484572122.784815000 0 0
1484572122.787593000 0 0
1484572122.796833000 0 0
1484572079.443880000 0 0
1484572092.455899000 0 0
1484572079.427343000 0 0
1484572133.641364000 0 0
1484572133.825774000 0 0
1484572133.833373000 0 0
1484572133.646171000 0 0
1484572133.617844000 0 0
1484572133.615750000 0 0
1484572133.612616000 0 0
1484572135.515911000 0 0
1484572135.582495000 0 0
1484572135.586246000 0 0
1484572135.594430000 0 0
1484572135.603065000 0 0
1484572135.615693000 0 0
1484572135.618307000 0 0
1484572135.620866000 0 0
1484572135.633632000 0 0
1484572135.636294000 0 0
1484572135.643817000 0 0
1484572135.646301000 0 0
1484572135.659085000 0 0
1484572135.661567000 0 0
1484572133.613673000 0 0
1484571718.127081000 0 0
1484572140.688251000 0 0
1484572140.695637000 0 0
1484572140.697942000 0 0
1484572140.700479000 0 0
1484572140.702970000 0 0
1484572140.709257000 0 0
1484572140.756988000 0 0
1484572140.753458000 0 0
1484572141.120840000 0 0
1484572141.123413000 0 0
1484572141.251604000 0 0
1484572141.254260000 0 0
1484572141.256863000 0 0
1484572141.259348000 0 0
1484572141.332546000 0 162
1484572141.408557000 0 0
1484572141.466710000 0 0
1484572141.469389000 0 0
1484572141.472739000 0 0
1484572141.480599000 0 0
1484572141.483082000 0 0
1484572141.485600000 0 0
1484572141.491262000 0 0
1484572133.651606000 280 0
1484572133.659839000 260 0
1484572133.665548000 208 0
1484572133.671676000 1346 0
1484572133.678722000 7930 0
1484572133.688322000 879532 0
1484572133.817727000 176 0
1484572133.823419000 221 0
1484572133.829875000 226 0
1484572133.839669000 134 0
1484572133.844716000 134 0
1484572133.849845000 134 0
1484572133.854981000 144 0
1484572133.860617000 134 0
1484572133.865657000 134 0
1484572133.870655000 134 0
1484572133.876161000 330 0
1484572133.881376000 252 0
1484572133.886031000 182 0
1484572133.890546000 255 0
1484572133.895441000 281 0
1484572133.900353000 311 0
1484572133.904881000 408 0
1484572135.601014000 556 0
1484572135.609254000 504 0
1484572135.627234000 504 0
1484572135.651900000 398 0
1484572122.804779000 892 0
1484572141.662097000 0 0
1484572141.660598000 0 0
1484572141.669801000 0 0
1484572141.752744000 0 0
1484572141.750826000 0 0
1484572142.338621000 0 0
1484572142.337069000 0 0
1484572144.351681000 0 0
1484572144.349796000 0 0
1484572148.234867000 0 0
1484572140.887452000 0 0
1484572141.295286000 4120 0
1484572141.301777000 11739 0
1484572346.029499000 0 8000
1484572346.041336000 0 0
1484572346.039571000 0 0
1484571126.309507000 0 10156
1484572743.502195000 0 0
1484572743.506966000 0 0
1484572743.553041000 0 0
1484572743.557259000 0 0
1484572743.557442000 0 0
1484572743.566038000 0 0
1484572743.566158000 0 0
1484572743.570266000 0 0
1484572743.572743000 0 0
1484572743.573747000 0 0
1484572743.589087000 0 0
1484572743.591758000 0 0
1484572743.594466000 0 0
1484572743.600656000 0 0
1484572743.611092000 0 0
1484572743.609636000 0 0
1484572743.616842000 0 0
1484572743.623777000 0 0
1484572743.626061000 0 0
1484572743.628560000 0 0
1484572743.631079000 0 0
1484572743.637171000 0 0
1484572743.570616000 446 0
1484572743.669013000 0 0
1484572743.672485000 0 0
1484572743.672790000 0 0
1484572743.667119000 0 0
1484572743.685150000 0 0
1484572743.687499000 0 0
1484572743.690061000 0 0
1484572743.692561000 0 0
1484572743.698215000 0 0
1484572743.696750000 0 0
1484572743.757540000 0 0
1484572743.760061000 0 0
1484572743.754203000 0 0
1484572848.181232000 0 0
1484572848.230487000 0 0
1484572848.258662000 0 0
1484572848.279658000 0 0
1484572848.283698000 0 0
1484572141.298026000 0 0
1484572848.269665000 0 12059
1484572848.318424000 0 0
1484572848.337030000 0 0
1484572848.302193000 0 0
1484572848.342610000 0 0
1484572848.310837000 0 0
1484572849.305007000 0 0
1484572849.309869000 0 0
1484572849.320665000 0 0
1484572849.338455000 0 0
1484572849.343405000 0 0
1484572851.292419000 0 0
1484572851.290567000 0 0
1484572853.304685000 0 0
1484572853.302876000 0 0
1484572855.407621000 0 0
1484572855.410864000 0 0
1484572855.413705000 0 0
1484572855.414903000 0 0
1484572855.417877000 0 0
1484572855.421350000 0 0
1484572855.422789000 0 0
1484572855.424990000 0 0
1484572855.428923000 0 0
1484572855.429640000 0 0
1484572855.433672000 0 0
1484572855.434838000 0 0
1484572855.440331000 0 0
1484572855.454732000 0 0
1484572855.452828000 0 0
1484572855.461361000 0 0
1484572855.465174000 0 0
1484572855.474475000 0 0
1484572855.477301000 0 0
1484572855.480116000 0 0
1484572855.483772000 0 0
1484572855.491912000 0 0
1484572849.330472000 446 0
1484572855.511633000 4096 0
1484572855.526116000 4096 0
1484572855.555428000 0 0
1484572855.553901000 0 0
1484572855.561001000 0 0
1484572855.642624000 0 0
1484572855.640594000 0 0
1484572148.239416000 0 0
1484572856.455466000 0 0
1484572856.454081000 0 0
1484572848.354994000 48 0
1484572848.358720000 0 0
1484572946.130638000 0 8000
1484572946.144651000 0 0
1484572946.142926000 0 0
1484572619.647917000 0 13211
1484571128.803902000 0 11382
1484573164.503470000 0 0
1484573164.516120000 0 0
1484573180.327295000 0 0
1484573180.332389000 0 0
1484573180.342965000 0 0
1484573180.355752000 0 0
1484573180.376222000 0 0
1484573180.380437000 0 0
1484573180.384766000 0 0
1484573180.389030000 0 0
1484573180.407696000 0 0
1484573180.412067000 0 0
1484573180.431490000 0 0
1484573180.435746000 0 0
1484573180.439676000 0 0
1484573180.460132000 0 0
1484573180.464487000 0 0
1484573180.208354000 384685 0
1484573180.351869000 556 0
1484573180.364584000 504 0
1484573180.396065000 504 0
1484573180.419770000 446 0
1484573180.446769000 398 0
1484573188.988263000 0 385188
1484573189.029420000 0 0
1484573189.028610000 0 0
1484573220.009448000 0 360
1484573220.025106000 0 0
1484573220.022837000 0 0
1484573226.823738000 0 0
1484573226.896620000 0 0
1484573226.932134000 0 0
1484573226.946531000 0 0
1484573226.969177000 0 0
1484573226.972323000 0 0
1484573226.990894000 0 0
1484573227.100696000 0 0
1484573227.104199000 0 0
1484573227.112729000 0 0
1484573228.670198000 0 0
1484573228.674259000 0 0
1484573228.728508000 0 0
1484573228.750700000 0 0
1484573228.755864000 24576 0
1484573228.778104000 0 0
1484573228.783067000 20480 0
1484573229.013653000 0 0
1484573229.032461000 24576 0
1484573229.061127000 0 0
1484573229.066196000 24576 0
1484573229.116690000 0 0
1484573229.122476000 24576 0
1484573229.160907000 0 0
1484573229.165990000 24576 0
1484573232.312261000 0 0
1484573236.939135000 0 0
1484573236.943752000 0 0
1484573236.949772000 0 0
1484573246.177807000 0 8000
1484573246.187677000 0 0
1484573246.186761000 0 0
1484573252.057226000 0 0
1484573252.083326000 0 0
1484573252.086044000 0 0
1484573252.088907000 0 0
1484573252.836502000 0 0
1484573253.042656000 0 0
1484573226.939386000 398 0
1484573226.942229000 446 0
1484573226.953769000 80 0
1484573228.733487000 638 0
1484573228.773911000 1346 0
1484573228.797788000 260 0
1484573228.805261000 280 0
1484573229.048741000 176 0
1484573229.056962000 330 0
1484573229.083974000 252 0
1484573229.088587000 182 0
1484573229.095581000 281 0
1484573229.103761000 255 0
1484573229.111311000 311 0
1484573229.140896000 408 0
1484573229.155749000 221 0
1484573229.184693000 208 0
1484573228.744224000 7930 0
1484573228.814158000 879532 0
1484573226.999207000 226 0
1484573252.030423000 0 0
1484573368.759002000 446 0
1484573155.097424000 0 18269
1484573164.509195000 2963 9296
1484573546.217123000 0 8000
1484573546.229305000 0 0
1484573546.227654000 0 0
1484573589.989987000 0 0
1484573846.275107000 0 8001
1484573846.289932000 0 0
1484573846.288339000 0 0
1484573920.444461000 0 0
1484573920.457155000 0 0
1484573920.450146000 3128 9898
1484573988.736563000 0 0
1484573988.793149000 0 0
1484573988.797686000 0 0
1484573988.808569000 0 0
1484573988.956384000 0 0
1484573988.960400000 0 0
1484573989.125684000 0 0
1484573989.128698000 0 0
1484573989.132969000 0 0
1484573989.165101000 0 0
1484573989.167565000 0 0
1484573989.471485000 0 0
1484573989.633443000 0 0
1484573988.814701000 446 0
1484573988.964814000 80 0
1484573989.170140000 398 0
1484573989.098304000 0 0
1484574093.691317000 446 0
1484574120.105115000 0 378
1484574120.120750000 0 0
1484574120.118493000 0 0
1484574146.328672000 0 8001
1484574146.342519000 0 0
1484574146.340639000 0 0
1484574446.378285000 0 8001
1484574446.390442000 0 0
1484574446.388828000 0 0
1484573228.742812000 0 0
1484573226.943844000 0 0
1484573226.894126000 0 0
1484574452.683101000 0 0
1484574452.688552000 0 0
1484574452.691111000 0 0
1484574452.685978000 0 0
1484574452.667734000 0 0
1484574452.666242000 0 0
1484574452.664488000 0 0
1484574454.240078000 0 0
1484574454.319992000 0 0
1484574454.326749000 0 0
1484574454.337561000 0 0
1484574454.351723000 0 0
1484574454.374881000 0 0
1484574454.378938000 0 0
1484574454.383823000 0 0
1484574454.388584000 0 0
1484574454.411347000 0 0
1484574454.416173000 0 0
1484574454.434243000 0 0
1484574454.438559000 0 0
1484574454.458052000 0 0
1484574454.462491000 0 0
1484574452.665361000 0 0
1484573227.016034000 0 0
1484574457.180548000 0 0
1484574462.790642000 0 0
1484574462.803274000 0 0
1484574452.690984000 280 0
1484574452.696699000 260 0
1484574452.700909000 208 0
1484574452.705939000 1346 0
1484574452.711445000 7930 0
1484574452.719883000 879532 0
1484574452.822370000 176 0
1484574452.827596000 221 0
1484574452.832057000 226 0
1484574452.837788000 134 0
1484574452.842512000 134 0
1484574452.847145000 134 0
1484574452.849647000 144 0
1484574452.854136000 134 0
1484574452.859535000 134 0
1484574452.862154000 134 0
1484574452.866801000 330 0
1484574452.871491000 252 0
1484574452.876219000 182 0
1484574452.882981000 255 0
1484574452.887534000 281 0
1484574452.893931000 311 0
1484574452.900553000 408 0
1484574454.222949000 446 0
1484574454.347334000 556 0
1484574454.360446000 504 0
1484574454.396451000 504 0
1484574454.443117000 398 0
1484574457.187638000 1306 0
1484574462.796103000 3342 13924
1484574520.104437000 0 0
1484574520.143561000 0 0
1484574520.190796000 0 0
1484574520.205655000 0 0
1484574520.227678000 0 0
1484574520.230627000 0 0
1484574520.235579000 0 0
1484574520.331513000 0 0
1484574520.335311000 0 0
1484574520.345319000 0 0
1484574520.250048000 0 0
1484574520.202118000 0 0
1484574527.364993000 0 0
1484574527.443100000 0 0
1484574527.453130000 0 0
1484574527.461250000 0 0
1484574527.463987000 0 0
1484574527.468603000 0 0
1484574527.523934000 0 0
1484574527.526532000 0 0
1484574537.454161000 0 0
1484574537.461374000 0 0
1484574537.467344000 0 0
1484574527.420741000 0 0
1484574539.954867000 0 0
1484574520.198644000 398 0
1484574520.201078000 446 0
1484574520.212370000 80 0
1484574520.240989000 226 0
1484574551.687630000 0 0
1484574551.858137000 0 0
1484574551.692076000 0 0
1484574551.859534000 0 0
1484574551.664180000 0 0
1484574551.669072000 0 0
1484574551.655962000 0 0
1484574553.499262000 0 0
1484574553.553754000 0 0
1484574553.560185000 0 0
1484574553.570506000 0 0
1484574553.582158000 0 0
1484574553.601267000 0 0
1484574553.604712000 0 0
1484574553.608528000 0 0
1484574553.612187000 0 0
1484574553.626130000 0 0
1484574553.628970000 0 0
1484574553.637878000 0 0
1484574553.640632000 0 0
1484574553.652658000 0 0
1484574553.655513000 0 0
1484574551.660769000 0 0
1484574520.140775000 0 0
1484574544.697999000 0 0
1484574543.412817000 0 0
1484574527.400627000 0 0
1484574573.749835000 0 0
1484574573.916354000 0 0
1484574573.753873000 0 0
1484574573.917653000 0 0
1484574573.735875000 0 0
1484574573.744452000 0 0
1484574573.736795000 0 0
1484574575.794928000 0 0
1484574575.868698000 0 0
1484574575.873815000 0 0
1484574575.883927000 0 0
1484574575.891682000 0 0
1484574575.908736000 0 0
1484574575.913013000 0 0
1484574575.917308000 0 0
1484574575.932153000 0 0
1484574575.936576000 0 0
1484574575.950799000 0 0
1484574575.954843000 0 0
1484574575.970715000 0 0
1484574575.974440000 0 0
1484574573.738689000 0 0
1484574527.489036000 0 0
1484574576.576252000 0 0
1484574576.637692000 0 0
1484574576.646892000 0 0
1484574576.654756000 0 0
1484574576.657810000 0 0
1484574576.669986000 0 0
1484574576.740974000 0 0
1484574576.743185000 0 0
1484574579.911417000 0 0
1484574586.636725000 0 0
1484574586.642700000 0 0
1484574586.649258000 0 0
1484574551.694778000 560 0
1484574551.700153000 520 0
1484574551.706095000 416 0
1484574551.712019000 2692 0
1484574551.714711000 15860 0
1484574551.723418000 1759064 0
1484574551.839054000 352 0
1484574551.853461000 442 0
1484574551.860899000 268 0
1484574551.863144000 268 0
1484574551.865665000 268 0
1484574551.867802000 288 0
1484574551.870819000 268 0
1484574551.872881000 268 0
1484574551.883114000 268 0
1484574551.887062000 660 0
1484574551.891935000 504 0
1484574551.894076000 364 0
1484574551.896489000 510 0
1484574551.898471000 562 0
1484574551.900523000 622 0
1484574551.905844000 816 0
1484574553.578788000 1112 0
1484574553.589960000 1008 0
1484574553.617875000 1008 0
1484574553.643602000 796 0
1484574553.492201000 892 0
1484574576.649670000 80 0
1484574551.856443000 452 0
1484574606.805677000 0 0
1484574606.822273000 0 0
1484574606.872629000 0 0
1484574606.876332000 0 0
1484574606.884836000 0 0
1484574606.894457000 0 0
1484574606.902143000 0 0
1484574606.914859000 0 0
1484574606.913201000 0 0
1484574607.045847000 0 0
1484574607.048756000 0 0
1484574607.175858000 0 0
1484574607.178474000 0 0
1484574607.180845000 0 0
1484574607.183089000 0 0
1484574607.236676000 0 162
1484574607.273122000 0 0
1484574607.317824000 0 0
1484574607.320497000 0 0
1484574607.323538000 0 0
1484574607.331261000 0 0
1484574607.334205000 0 0
1484574607.337004000 0 0
1484574607.342928000 0 0
1484574606.892122000 446 0
1484574607.434585000 0 0
1484574607.452226000 0 0
1484574607.450849000 0 0
1484574607.458996000 0 0
1484574607.482465000 0 0
1484574607.544990000 0 0
1484574607.543263000 0 0
1484574610.259138000 0 0
1484574610.257955000 0 0
1484574606.858896000 0 0
1484574607.211856000 4120 0
1484574607.219127000 12059 0
1484574746.431730000 0 8001
1484574746.454812000 0 0
1484574746.452984000 0 0
1484574759.138443000 0 0
1484574759.144499000 0 0
1484575046.483983000 0 8001
1484575046.497932000 0 0
1484575046.495624000 0 0
1484575081.918823000 0 0
1484575081.983335000 0 0
1484575082.006490000 0 0
1484575082.024870000 0 0
1484575082.028900000 0 0
1484574607.215250000 0 0
1484575082.015482000 0 12311
1484575082.049107000 0 0
1484575082.063325000 0 0
1484575082.036814000 0 0
1484575082.067140000 0 0
1484575082.043426000 0 0
1484575083.065519000 0 0
1484575083.069059000 0 0
1484575083.079969000 0 0
1484575083.096817000 0 0
1484575083.094948000 0 0
1484575085.043050000 0 0
1484575085.041121000 0 0
1484575087.055551000 0 0
1484575087.053548000 0 0
1484575094.027350000 0 0
1484575094.031021000 0 0
1484575094.030147000 0 0
1484575094.036856000 0 0
1484575094.031466000 0 0
1484575094.039742000 0 0
1484575094.043045000 0 0
1484575094.042857000 0 0
1484575094.044028000 0 0
1484575094.047305000 0 0
1484575094.046800000 0 0
1484575094.054312000 0 0
1484575094.056640000 0 0
1484575094.059309000 0 0
1484575094.064934000 0 0
1484575094.076694000 0 0
1484575094.075245000 0 0
1484575094.082251000 0 0
1484575094.088865000 0 0
1484575094.091211000 0 0
1484575094.093455000 0 0
1484575094.095771000 0 0
1484575094.101890000 0 0
1484575083.086436000 446 0
1484575094.151240000 4096 0
1484575094.154572000 0 0
1484575094.153012000 0 0
1484575094.160169000 0 0
1484575094.162743000 4096 0
1484575094.248622000 0 0
1484575094.246233000 0 0
1484574615.035518000 0 0
1484575094.590108000 0 0
1484575094.588450000 0 0
1484575082.075563000 48 0
1484575082.078263000 0 0
1484575102.568541000 0 0
1484575103.498414000 0 0
1484575103.513065000 0 0
1484575103.505852000 3572 7388
1484575102.575513000 1306 0
1484575267.295107000 0 0
1484575267.308108000 0 0
1484573519.486138000 0 21659
1484575267.920958000 0 10130
1484575267.300532000 3706 7532
1484575310.747669000 0 0
1484575310.752032000 0 0
1484575310.756195000 0 0
1484574576.620687000 0 0
1484575317.417342000 0 0
1484575317.437240000 0 0
1484575317.483921000 0 0
1484575317.486880000 0 0
1484575317.495571000 0 0
1484575317.502656000 0 0
1484575317.510047000 0 0
1484575317.526337000 0 0
1484575317.524305000 0 0
1484575317.838680000 0 0
1484575317.841089000 0 0
1484575317.963763000 0 0
1484575317.966228000 0 0
1484575317.968502000 0 0
1484575317.970842000 0 0
1484575318.013069000 0 0
1484575318.022982000 0 162
1484575318.082151000 0 0
1484575318.124577000 0 0
1484575318.127290000 0 0
1484575318.129660000 0 0
1484575318.137266000 0 0
1484575318.139650000 0 0
1484575318.141894000 0 0
1484575318.147092000 0 0
1484575310.764933000 80 0
1484575317.499731000 446 0
1484575318.258855000 0 0
1484575318.257345000 0 0
1484575318.265821000 0 0
1484575318.351413000 0 0
1484575318.348585000 0 0
1484575319.028135000 0 0
1484575319.033184000 0 0
1484575320.230549000 0 368
1484575320.239554000 0 0
1484575320.238690000 0 0
1484575321.047767000 0 0
1484575321.045739000 0 0
1484575317.618932000 0 0
1484574576.604826000 0 0
1484575330.012643000 0 0
1484575330.018197000 0 0
1484575330.020882000 0 0
1484575330.022190000 0 0
1484575330.015603000 0 0
1484575329.986270000 0 0
1484575329.987561000 0 0
1484575329.994359000 0 0
1484575317.996706000 4120 0
1484575318.003517000 12311 0
1484575331.857420000 0 0
1484575331.919672000 0 0
1484575331.925565000 0 0
1484575331.935264000 0 0
1484575331.946841000 0 0
1484575331.965676000 0 0
1484575331.969494000 0 0
1484575331.973767000 0 0
1484575331.977534000 0 0
1484575331.993769000 0 0
1484575331.997719000 0 0
1484575332.011375000 0 0
1484575332.015883000 0 0
1484575332.036321000 0 0
1484575332.040382000 0 0
1484575329.988762000 0 0
1484574576.688062000 0 0
1484575346.533819000 0 8001
1484575346.545427000 0 0
1484575346.543973000 0 0
1484575330.020714000 280 0
1484575330.026708000 260 0
1484575330.030863000 208 0
1484575330.035360000 1346 0
1484575330.040599000 7930 0
1484575330.048840000 879532 0
1484575330.151582000 176 0
1484575330.155800000 221 0
1484575330.159788000 226 0
1484575330.164937000 134 0
1484575330.169667000 134 0
1484575330.174973000 134 0
1484575330.177607000 144 0
1484575330.182520000 134 0
1484575330.187408000 134 0
1484575330.192339000 134 0
1484575330.196700000 330 0
1484575330.200700000 252 0
1484575330.205438000 182 0
1484575330.207773000 255 0
1484575330.211749000 281 0
1484575330.215704000 311 0
1484575330.220258000 408 0
1484575331.837311000 446 0
1484575331.943408000 556 0
1484575331.954404000 504 0
1484575331.982677000 504 0
1484575332.022556000 398 0
1484575373.081740000 0 0
1484575373.085834000 0 0
1484575373.119473000 0 0
1484575373.120605000 0 0
1484575373.123921000 0 0
1484575373.123673000 0 0
1484575373.125229000 0 0
1484575373.131874000 0 0
1484575373.131391000 0 0
1484575373.131569000 0 0
1484575373.135875000 0 0
1484575373.136041000 0 0
1484575373.139628000 0 0
1484575373.147019000 0 0
1484575373.149889000 0 0
1484575373.152835000 0 0
1484575373.158460000 0 0
1484575373.171551000 0 0
1484575373.174141000 0 0
1484575373.177355000 0 0
1484575373.183269000 0 0
1484575373.253003000 0 0
1484575373.251529000 0 0
1484575373.258059000 0 0
1484575373.339712000 0 0
1484575373.336932000 0 0
1484575327.141854000 0 0
1484575374.150210000 0 0
1484575374.148162000 0 0
1484575379.175580000 0 0
1484575379.194659000 0 0
1484575379.199798000 0 1242
1484575379.209725000 0 0
1484575379.215804000 0 0
1484575379.220909000 0 0
1484575379.181235000 0 0
1484575379.225547000 0 0
1484575379.399818000 0 85
1484575379.407520000 0 0
1484575379.435579000 0 109
1484575379.443299000 0 0
1484575295.353867000 0 11080
1484575379.477365000 0 144
1484575379.484267000 0 0
1484575379.489056000 0 0
1484549817.865997000 0 4096
1484575379.493804000 0 0
1484575379.496251000 0 0
1484575379.499737000 0 0
1484549817.862277000 0 0
1484575379.504168000 0 0
1484575379.505543000 0 0
1484575379.509615000 0 0
1484575379.514647000 0 0
1484575379.519827000 0 0
1484575379.507861000 0 188
1484575379.533803000 0 0
1484575379.537377000 0 0
1484575379.497204000 0 0
1484575379.540902000 0 0
1484549817.484273000 10775 232063
1484575292.286881000 0 5360
1484575379.523328000 2849 2934
1484575379.557139000 0 10832
1484575379.591872000 0 48
1484575379.595013000 0 175
1484575379.602604000 0 0
1484575379.614890000 0 204
1484575379.623263000 0 0
1484575379.667633000 0 0
1484549819.041457000 0 32768
1484575379.677086000 0 0
1484549819.035280000 86168 164024
1484575379.688787000 0 0
1484575379.693610000 0 0
1484575379.705675000 0 0
1484549819.049641000 0 4096
1484575379.714922000 0 0
1484575379.720991000 0 0
1484549819.044357000 0 0
1484575379.729894000 0 0
1484575379.745128000 0 0
1484575379.768145000 0 0
1484575379.773971000 0 29323
1484575379.806856000 0 0
1484575379.812496000 0 0
1484575379.751954000 0 0
1484575379.818003000 0 0
1484575379.890294000 0 0
1484549828.685244000 31985 3652
1484549833.643461000 6112044 149239
1484551208.500392000 0 0
1484549797.387467000 0 0
1484575317.999879000 0 0
1484549819.079762000 0 0
1484549819.059573000 0 0
1484549816.086029000 0 0
1484549816.596515000 375710 0
