1484547882.578787000 0 0
1484547882.584275000 0 0
1484547882.589329000 0 0
1484547882.595047000 0 0
1484547882.600197000 0 0
1484547885.098454000 282 0
1484547897.260129000 0 0
1484547897.315557000 0 0
1484547897.319834000 0 0
1484547897.331819000 0 0
1484547903.657418000 0 0
1484547903.659780000 0 0
1484547903.669935000 0 0
1484547904.058373000 0 0
1484547904.843465000 0 0
1484547904.680722000 0 0
1484547905.805093000 0 0
1484547905.807348000 0 0
1484547905.999895000 0 0
1484547906.002185000 0 0
1484547906.004510000 0 0
1484547906.006249000 0 0
1484547890.577591000 139 0
1484547918.835321000 0 0
1484547904.843655000 363 0
1484547904.855235000 2128 0
1484547905.817172000 572 0
1484547906.019180000 504 0
1484547934.807265000 0 0
1484547897.146980000 282 0
1484547968.193217000 0 0
1484547967.573948000 282 0
1484547967.610721000 504 0
1484547967.612838000 504 0
1484547967.705303000 398 0
1484547967.741862000 572 0
1484547998.778195000 0 0
1484547998.812400000 0 0
1484547998.816035000 0 0
1484547998.825296000 0 0
1484547998.852809000 0 0
1484548000.174403000 0 0
1484548520.463577000 282 0
1484548630.403809000 0 0
1484548630.852930000 0 0
1484548630.856324000 0 0
1484548630.864523000 0 0
1484548631.206527000 0 0
1484548631.209811000 0 0
1484548608.357120000 564 0
1484548630.867873000 572 0
1484550867.290435000 0 0
1484550868.197334000 0 0
1484550868.380921000 0 0
1484550868.383898000 0 0
1484550868.497094000 0 0
1484553945.438760000 0 0
1484553945.446051000 0 0
1484554759.874624000 0 0
1484554759.949465000 0 0
1484554759.953156000 0 0
1484554759.961227000 0 0
1484554761.593440000 0 0
1484554772.634862000 0 0
1484554759.969408000 282 0
1484554755.618588000 504 0
1484554755.625028000 504 0
1484554755.630074000 398 0
1484554755.634715000 572 0
1484554826.782872000 0 0
1484554826.786626000 0 0
1484554826.794806000 0 0
1484554826.798322000 572 0
1484554924.952652000 0 0
1484554925.036544000 0 0
1484554925.112317000 0 0
1484554925.115223000 0 0
1484554925.123569000 0 0
1484554925.142217000 0 0
1484554925.452605000 0 0
1484554925.455168000 0 0
1484554925.885409000 0 0
1484554925.888634000 0 0
1484554925.922798000 0 0
1484554926.239849000 0 0
1484554926.251090000 0 0
1484554926.254475000 0 0
1484554926.255926000 0 0
1484554926.258750000 0 0
1484554926.261349000 0 0
1484554926.265494000 0 0
1484554926.282212000 0 0
1484554926.285440000 0 0
1484554926.290014000 0 0
1484554926.152135000 0 0
1484554926.293626000 0 0
1484554926.414746000 0 0
1484554926.417312000 0 0
1484554926.428097000 0 0
1484554926.431130000 0 0
1484554926.433484000 0 0
1484554926.447545000 0 0
1484554926.453194000 0 0
1484554926.455986000 0 0
1484554930.229963000 0 0
1484554930.255581000 0 0
1484554930.258467000 0 0
1484554930.263913000 0 0
1484554930.270063000 0 0
1484554930.281769000 0 0
1484554930.297273000 0 0
1484554930.300007000 0 0
1484554926.171539000 0 0
1484554930.624279000 0 0
1484554772.637778000 0 0
1484554930.697771000 0 0
1484554930.699502000 0 0
1484554930.696762000 0 0
1484554930.708665000 0 0
1484554930.705122000 0 0
1484554930.741138000 0 0
1484554925.127350000 282 0
1484554926.257175000 398 0
1484554926.263895000 572 0
1484554926.299969000 504 0
1484554926.453062000 2128 0
1484554926.268961000 504 0
1484554926.581471000 0 0
1484554930.848006000 0 0
1484554930.862406000 0 0
1484554930.859441000 0 0
1484554930.881385000 0 0
1484554931.215306000 0 0
1484554931.218229000 0 0
1484554931.182748000 0 0
1484554931.187494000 0 112509
1484554931.238281000 0 0
1484554931.249945000 0 0
1484554931.226728000 0 0
1484554931.252989000 0 0
1484554931.233793000 0 0
1484554931.272072000 0 0
1484554931.275649000 0 0
1484554931.334078000 0 0
1484554931.337417000 0 0
1484554931.331158000 0 162
1484554931.352745000 0 0
1484554931.399145000 0 0
1484554931.403055000 0 0
1484554931.425439000 0 0
1484554931.430313000 0 0
1484554931.434477000 0 0
1484554931.438506000 0 0
1484554931.440495000 0 0
1484554931.471741000 0 0
1484554931.453786000 0 0
1484554931.483915000 0 0
1484554931.498501000 0 0
1484554931.501533000 0 0
1484554931.495991000 0 0
1484554931.508588000 0 0
1484554931.537382000 4096 0
1484554931.615908000 0 0
1484554931.613984000 0 0
1484554931.825106000 0 0
1484554933.270373000 0 0
1484554933.269332000 0 0
1484554931.995467000 6213 0
1484554926.443131000 363 0
1484554932.016086000 0 0
1484554931.844061000 4096 0
1484554935.265589000 0 0
1484554935.266561000 0 0
1484554940.494622000 0 0
1484554940.497755000 0 0
1484554940.507012000 0 0
1484554940.510401000 0 0
1484554940.518918000 0 0
1484554941.121516000 0 0
1484554941.262018000 0 0
1484554941.264693000 0 0
1484554941.267700000 0 0
1484554941.279351000 0 0
1484554941.281815000 0 0
1484554941.284261000 0 0
1484554941.294000000 0 0
1484554933.366514000 6213 0
1484554933.375740000 0 0
1484554933.381215000 0 0
1484554933.362755000 4096 0
1484554941.391830000 0 0
1484554941.390201000 0 0
1484554941.398222000 0 0
1484554941.485657000 0 0
1484554941.483581000 0 0
1484554932.006704000 726 0
1484554932.013269000 4256 0
1484554931.261424000 15024 0
1484555067.230029000 0 0
1484555082.324363000 0 0
1484555082.326821000 0 0
1484555082.376419000 0 0
1484555082.379881000 0 0
1484555082.392596000 0 0
1484555082.391790000 0 0
1484555082.394670000 0 0
1484555082.397765000 0 0
1484555082.401163000 0 0
1484555082.408887000 0 0
1484555082.402073000 0 0
1484555082.415464000 0 0
1484555082.419996000 0 0
1484555082.421252000 0 0
1484555082.422643000 0 0
1484555082.424581000 0 0
1484555082.427086000 0 0
1484555082.426122000 0 0
1484555082.432322000 0 0
1484555082.440305000 0 0
1484555082.398087000 282 0
1484555082.491643000 0 0
1484555082.490046000 0 0
1484555082.497813000 0 0
1484555082.585160000 0 0
1484555082.583042000 0 0
1484555082.626652000 0 0
1484555082.624090000 0 0
1484555082.644271000 0 0
1484555082.653537000 0 0
1484555082.655769000 0 0
1484555082.658418000 0 0
1484555082.661076000 0 0
1484555082.672636000 0 0
1484555083.355377000 0 0
1484555083.358213000 0 0
1484555083.436728000 0 0
1484555083.435783000 0 0
1484554930.653549000 0 0
1484555086.026779000 0 0
1484555086.029881000 0 0
1484555086.033009000 0 0
1484555086.041732000 0 0
1484555086.411267000 0 0
1484555086.414131000 0 0
1484555086.543041000 0 0
1484555086.545963000 0 0
1484555086.548743000 0 0
1484555086.631487000 0 0
1484555086.642241000 0 162
1484555086.726867000 0 0
1484555086.868704000 0 0
1484555086.883083000 0 0
1484555086.885748000 0 0
1484555086.418288000 282 0
1484555086.904754000 0 0
1484555086.927936000 0 0
1484555086.945292000 0 0
1484555086.956693000 0 0
1484555087.019875000 0 0
1484555087.017322000 0 0
1484555087.034731000 0 0
1484555087.132453000 0 0
1484555087.128855000 0 0
1484555087.647913000 0 0
1484555087.646956000 0 0
1484555089.645023000 0 0
1484555089.644042000 0 0
1484555093.606180000 0 0
1484555093.609180000 0 0
1484555093.617112000 0 0
1484555093.620407000 0 0
1484555095.984111000 0 0
1484555095.986869000 0 0
1484555086.583489000 48 0
1484555086.587681000 112509 0
1484555109.627911000 0 0
1484555109.664247000 0 0
1484555109.666751000 0 0
1484555109.674968000 0 0
1484555109.678446000 0 0
1484555118.185940000 0 0
1484555118.189124000 0 0
1484555118.193268000 0 0
1484555118.207125000 0 0
1484555118.210576000 0 0
1484555118.213026000 0 0
1484555118.224101000 0 0
1484555118.238464000 0 0
1484555118.240389000 0 0
1484555118.242069000 0 0
1484555118.243513000 0 0
1484555118.246012000 0 0
1484555118.249695000 0 0
1484555118.287638000 0 0
1484555118.295900000 0 0
1484555118.298947000 0 0
1484555118.303006000 0 0
1484555118.306969000 0 0
1484555118.322857000 0 0
1484555118.330189000 0 0
1484555118.326900000 0 0
1484555118.338694000 0 0
1484555118.431545000 0 0
1484555118.429559000 0 0
1484555086.055922000 0 0
1484555119.269834000 0 0
1484555119.268772000 0 0
1484555095.992337000 572 0
1484554931.263820000 0 0
1484555200.345193000 0 0
1484555200.411359000 0 0
1484555200.415147000 0 0
1484555200.423126000 0 0
1484555200.567218000 0 0
1484555200.428819000 282 0
1484555200.797276000 504 0
1484555200.842569000 504 0
1484555200.871699000 398 0
1484555200.875464000 572 0
1484555227.440571000 0 0
1484555227.504795000 0 0
1484555227.508344000 0 0
1484555227.516842000 0 0
1484555245.026183000 0 0
1484555227.523088000 282 0
1484555227.934056000 504 0
1484555227.982251000 504 0
1484555228.050763000 398 0
1484555228.062341000 572 0
1484555268.392294000 0 0
1484555268.568432000 0 0
1484555268.835686000 0 0
1484555272.813486000 0 0
1484555272.816861000 0 0
1484555272.824829000 0 0
1484555269.000468000 0 0
1484555273.090204000 0 0
1484555245.028865000 0 0
1484555290.896889000 0 0
1484555290.900673000 0 0
1484555290.898356000 0 0
1484555290.973749000 0 0
1484555290.978246000 0 0
1484555290.978135000 0 0
1484555290.984674000 0 0
1484555290.987103000 0 0
1484555290.988198000 0 0
1484555290.993721000 0 0
1484555291.014680000 0 0
1484555291.017475000 0 0
1484555291.029826000 0 0
1484555291.038294000 0 0
1484555291.041015000 0 0
1484555291.046076000 0 0
1484555272.831816000 564 0
1484555290.991682000 572 0
1484555272.829668000 796 0
1484555290.997226000 504 0
1484555291.049295000 504 0
1484555292.702299000 0 0
1484555292.718272000 2128 0
1484555295.781568000 0 0
1484555295.788086000 4096 0
1484555292.715895000 363 0
1484555295.850857000 6213 0
1484555297.935075000 0 0
1484555295.801400000 4096 0
1484555299.484861000 0 0
1484555299.487966000 0 0
1484555299.490816000 0 0
1484555299.493939000 0 0
1484555299.497461000 0 0
1484555292.709855000 0 0
1484555299.726383000 0 0
1484555299.730274000 0 0
1484555299.736264000 0 0
1484555299.775429000 0 0
1484555299.773606000 0 0
1484555302.003317000 0 0
1484555302.006368000 0 0
1484555302.008964000 0 0
1484555302.011880000 0 0
1484555302.014885000 0 0
1484555268.831309000 0 0
1484555306.530444000 0 0
1484555295.804607000 363 0
1484555297.923095000 2128 0
1484555297.976460000 10109 0
1484555299.700203000 0 0
1484555300.925063000 102400 0
1484555310.217280000 0 0
1484555310.220645000 0 0
1484555310.379608000 0 0
1484555310.384360000 0 0
1484555310.393170000 0 0
1484555310.398800000 0 0
1484555306.534341000 0 0
1484555306.379777000 0 0
1484555317.434633000 0 0
1484555317.490645000 0 0
1484555317.494046000 0 0
1484555317.502217000 0 0
1484555306.542407000 0 0
1484555306.384613000 0 0
1484555297.972325000 4096 0
1484555311.683098000 115 0
1484555311.698960000 344 0
1484555311.724333000 169 0
1484555311.729103000 134 0
1484555311.741739000 157 0
1484555311.758424000 137 0
1484555311.773576000 237 0
1484555311.795468000 179 0
1484555311.800881000 179 0
1484555311.814990000 178 0
1484555311.820234000 196 0
1484555311.834399000 125 0
1484555311.851412000 216 0
1484555311.867463000 134 0
1484555311.872057000 182 0
1484555311.886260000 245 0
1484555311.899553000 224 0
1484555311.908674000 229 0
1484555311.913754000 151 0
1484555311.928290000 124 0
1484555311.944957000 253 0
1484555311.949903000 244 0
1484555311.967610000 243 0
1484555311.973747000 178 0
1484555311.983836000 231 0
1484555311.992147000 142 0
1484555312.007264000 194 0
1484555312.080468000 131 0
1484555312.099035000 224 0
1484555312.116069000 211 0
1484555312.129571000 219 0
1484555312.151043000 226 0
1484555312.170557000 302 0
1484555312.185877000 134 0
1484555312.206023000 134 0
1484555312.216448000 134 0
1484555312.232525000 144 0
1484555312.247356000 134 0
1484555312.263401000 134 0
1484555312.283524000 134 0
1484555312.288711000 136 0
1484555312.318909000 284 0
1484555312.338565000 134 0
1484555312.356025000 214 0
1484555312.363430000 206 0
1484555312.368840000 206 0
1484555312.385813000 247 0
1484555312.391255000 295 0
1484555312.396543000 263 0
1484555312.408226000 223 0
1484555312.416127000 240 0
1484555312.425946000 203 0
1484555312.431025000 188 0
1484555312.436921000 240 0
1484555312.453627000 256 0
1484555312.460939000 264 0
1484555312.465997000 209 0
1484555312.482907000 262 0
1484555312.489314000 146 0
1484555312.494260000 123 0
1484555312.499367000 166 0
1484555312.507381000 163 0
1484555312.512507000 188 0
1484555312.530804000 273 0
1484555312.536516000 273 0
1484555312.541502000 178 0
1484555312.561016000 240 0
1484555312.566149000 251 0
1484555312.600936000 127 0
1484555312.617060000 122 0
1484555312.637700000 122 0
1484555312.925009000 138 0
1484555312.940457000 137 0
1484555312.951632000 142 0
1484555312.957779000 142 0
1484555315.109246000 133 0
1484555315.123442000 134 0
1484555315.128337000 133 0
1484555315.972814000 202 0
1484555315.988736000 226 0
1484555316.011239000 113 0
1484555299.733453000 564 0
1484555317.530933000 116 0
1484555317.941824000 504 0
1484555318.034669000 504 0
1484555318.076106000 398 0
1484555318.092698000 572 0
1484555327.317259000 0 0
1484555327.320245000 0 0
1484555299.509265000 0 0
1484555333.528160000 0 0
1484555333.572295000 0 0
1484555333.575905000 0 0
1484555333.584261000 0 0
1484555306.553606000 141 0
1484555306.578789000 236 0
1484555306.599794000 236 0
1484555306.640012000 181 0
1484555306.676832000 195 0
1484555306.692701000 138 0
1484555306.709720000 210 0
1484555306.719142000 181 0
1484555306.860167000 111 0
1484555306.878530000 165 0
1484555306.891060000 134 0
1484555306.899611000 261 0
1484555306.913432000 265 0
1484555306.925607000 264 0
1484555306.957012000 261 0
1484555306.977379000 199 0
1484555306.988125000 210 0
1484555307.000736000 252 0
1484555307.006706000 222 0
1484555307.019953000 190 0
1484555307.043152000 126 0
1484555307.130133000 262 0
1484555307.142280000 278 0
1484555307.152376000 205 0
1484555307.170322000 206 0
1484555307.186606000 252 0
1484555307.196728000 189 0
1484555307.208519000 131 0
1484555307.218906000 168 0
1484555307.234476000 127 0
1484555307.252269000 294 0
1484555307.600064000 197 0
1484555307.651737000 153 0
1484555307.765636000 155 0
1484555307.781704000 217 0
1484555307.802791000 217 0
1484555307.819488000 157 0
1484555307.840884000 112 0
1484555307.857570000 112 0
1484555307.871694000 275 0
1484555307.877689000 220 0
1484555307.887457000 220 0
1484555307.899175000 190 0
1484555307.927242000 134 0
1484555307.936901000 117 0
1484555307.945983000 135 0
1484555307.954227000 168 0
1484555307.964386000 164 0
1484555307.972912000 257 0
1484555307.981813000 219 0
1484555307.996480000 178 0
1484555308.007213000 122 0
1484555308.142217000 261 0
1484555308.152154000 135 0
1484555308.158301000 183 0
1484555308.169936000 133 0
1484555308.191877000 110 0
1484555308.291879000 199 0
1484555308.333302000 384 0
1484555308.348155000 179 0
1484555308.353618000 240 0
1484555308.362673000 148 0
1484555308.371074000 350 0
1484555308.385905000 237 0
1484555308.500566000 170 0
1484555308.512264000 138 0
1484555308.519334000 241 0
1484555308.527420000 189 0
1484555308.543131000 130 0
1484555308.556235000 172 0
1484555308.562576000 121 0
1484555308.576467000 241 0
1484555308.591462000 135 0
1484555308.598757000 229 0
1484555308.785591000 246 0
1484555308.811121000 187 0
1484555308.989444000 146 0
1484555309.004528000 345 0
1484555309.055520000 187 0
1484555309.063588000 264 0
1484555309.069451000 254 0
1484555309.075146000 168 0
1484555309.179633000 200 0
1484555309.186018000 200 0
1484555309.199013000 200 0
1484555309.221548000 202 0
1484555309.227436000 174 0
1484555309.234209000 109 0
1484555309.249221000 169 0
1484555309.260836000 166 0
1484555309.276145000 173 0
1484555309.391717000 197 0
1484555309.402194000 257 0
1484555309.416746000 184 0
1484555309.430069000 195 0
1484555309.441844000 207 0
1484555309.457316000 206 0
1484555309.472055000 212 0
1484555309.485274000 180 0
1484555309.498064000 150 0
1484555309.513347000 200 0
1484555309.536319000 1064 0
1484555309.551700000 1052 0
1484555309.665338000 783 0
1484555309.680679000 154 0
1484555309.701002000 238 0
1484555309.721145000 152 0
1484555309.727593000 220 0
1484555309.738276000 182 0
1484555309.744561000 141 0
1484555309.753451000 150 0
1484555309.768492000 137 0
1484555309.785110000 219 0
1484555309.791115000 111 0
1484555309.815721000 293 0
1484555309.825018000 175 0
1484555309.830610000 289 0
1484555309.851446000 213 0
1484555309.869211000 277 0
1484555309.882662000 135 0
1484555309.982510000 199 0
1484555310.057533000 212 0
1484555310.092289000 552 0
1484555310.209060000 190 0
1484555310.218075000 218 0
1484555310.254136000 218 0
1484555310.380176000 145 0
1484555310.407034000 190 0
1484555310.417978000 148 0
1484555310.423429000 202 0
1484555310.438042000 162 0
1484555310.451109000 156 0
1484555310.477828000 126 0
1484555310.495149000 158 0
1484555310.501166000 177 0
1484555310.512006000 186 0
1484555310.521854000 140 0
1484555310.538298000 130 0
1484555310.544402000 136 0
1484555310.560666000 136 0
1484555310.590034000 522 0
1484555310.598565000 208 0
1484555310.608268000 135 0
1484555310.622559000 240 0
1484555310.628149000 131 0
1484555310.647064000 140 0
1484555310.652809000 136 0
1484555310.669705000 168 0
1484555310.682661000 168 0
1484555310.692772000 139 0
1484555310.819865000 205 0
1484555310.915349000 183 0
1484555310.931123000 202 0
1484555310.950460000 130 0
1484555310.965173000 207 0
1484555310.984254000 197 0
1484555310.989419000 129 0
1484555311.011934000 112 0
1484555311.135293000 156 0
1484555311.156690000 128 0
1484555311.183650000 128 0
1484555311.192429000 243 0
1484555311.206288000 176 0
1484555311.216038000 222 0
1484555311.229389000 155 0
1484555311.239877000 142 0
1484555311.260163000 208 0
1484555311.267196000 119 0
1484555311.276600000 140 0
1484555311.287336000 157 0
1484555311.299307000 128 0
1484555311.311593000 169 0
1484555311.324393000 170 0
1484555311.346278000 138 0
1484555311.353284000 184 0
1484555311.447926000 163 0
1484555311.460334000 213 0
1484555311.479139000 248 0
1484555311.494179000 236 0
1484555311.535102000 165 0
1484555311.553297000 160 0
1484555311.565534000 277 0
1484555311.577180000 148 0
1484555311.677360000 309 0
1484555356.376214000 0 0
1484555356.432534000 0 0
1484555356.435906000 0 0
1484555356.444008000 0 0
1484555327.324880000 564 0
1484555327.735636000 1008 0
1484555327.745680000 1008 0
1484555327.812835000 796 0
1484555327.846733000 1144 0
1484555432.359668000 0 0
1484555432.483353000 0 0
1484555432.488598000 0 0
1484555432.498373000 0 0
1484555432.679702000 0 0
1484555457.858418000 0 0
1484555457.862481000 0 0
1484555457.870471000 0 0
1484555432.504839000 282 0
1484555432.907208000 504 0
1484555433.011578000 504 0
1484555433.069400000 398 0
1484555433.085361000 572 0
1484555470.512668000 0 0
1484555470.541256000 0 0
1484555470.595732000 0 0
1484555470.598735000 0 0
1484555470.606688000 0 0
1484555470.623124000 0 0
1484555470.646932000 0 0
1484555470.649494000 0 0
1484555470.756897000 0 0
1484555470.834655000 0 0
1484555470.827209000 0 0
1484555470.851453000 0 0
1484555470.855091000 0 0
1484555470.859208000 0 0
1484555470.864078000 0 0
1484555470.866815000 0 0
1484555470.869305000 0 0
1484555470.887497000 0 0
1484555470.891470000 0 0
1484555470.902628000 0 0
1484555470.908369000 0 0
1484555476.691166000 0 0
1484555476.696129000 0 0
1484555476.699095000 0 0
1484555476.703552000 0 0
1484555476.709911000 0 0
1484555476.715620000 0 0
1484555476.720856000 0 0
1484555476.723545000 0 0
1484555470.833658000 0 0
1484555476.893036000 0 0
1484555470.515910000 0 0
1484555470.888359000 2128 0
1484555470.986554000 0 0
1484555476.897859000 282 0
1484555477.083461000 0 0
1484555477.090221000 0 0
1484555477.087420000 0 0
1484555477.097263000 0 0
1484555477.261663000 0 0
1484555477.264519000 0 0
1484555477.242169000 0 0
1484555477.246529000 0 112509
1484555477.284168000 0 0
1484555477.296194000 0 0
1484555477.272794000 0 0
1484555477.299592000 0 0
1484555477.279616000 0 0
1484555477.325155000 0 0
1484555477.323030000 0 162
1484555477.327444000 0 0
1484555477.330865000 0 0
1484555477.357955000 0 0
1484555477.362273000 0 0
1484555477.399480000 0 0
1484555477.403094000 0 0
1484555477.405530000 0 0
1484555477.407283000 0 0
1484555477.409885000 0 0
1484555477.412461000 0 0
1484555477.415866000 0 0
1484555477.423245000 0 0
1484555477.421628000 0 0
1484555477.433405000 0 0
1484555477.439674000 0 0
1484555477.438004000 0 0
1484555477.470808000 0 0
1484555477.467622000 0 0
1484555477.478352000 0 0
1484555477.567197000 0 0
1484555477.563986000 0 0
1484555477.714364000 0 0
1484555477.712631000 0 0
1484555477.802688000 4096 0
1484555479.709730000 0 0
1484555479.710789000 0 0
1484555481.708131000 0 0
1484555481.706524000 0 0
1484555481.882803000 0 0
1484555481.886833000 0 0
1484555481.889771000 0 0
1484555481.893363000 0 0
1484555481.892633000 0 0
1484555481.908277000 0 0
1484555481.912618000 0 0
1484555481.893566000 0 0
1484555481.942660000 0 0
1484555481.946740000 0 0
1484555481.955538000 0 0
1484555481.950715000 0 0
1484555481.958882000 0 0
1484555477.877389000 6213 0
1484555470.880116000 363 0
1484555477.893514000 0 0
1484555477.957052000 10109 0
1484555477.870353000 4096 0
1484555481.989635000 0 0
1484555482.010378000 0 0
1484555482.012829000 0 0
1484555482.003332000 0 0
1484555482.042282000 0 0
1484555482.054712000 0 0
1484555482.058753000 0 0
1484555482.062610000 0 0
1484555482.079382000 0 0
1484555482.111931000 0 0
1484555482.109828000 0 0
1484555476.911435000 0 0
1484555483.718914000 0 0
1484555483.719975000 0 0
1484555477.886056000 363 0
1484555477.890736000 2128 0
1484555477.308475000 7536 0
1484555477.310723000 0 0
1484555495.865866000 0 0
1484555495.904150000 0 0
1484555495.907095000 0 0
1484555495.915111000 0 0
1484555495.980609000 0 0
1484555495.999659000 0 0
1484555496.060950000 0 0
1484555496.063698000 0 0
1484555496.066454000 0 0
1484555496.069605000 0 0
1484555496.093670000 0 0
1484555499.313398000 0 0
1484555499.316642000 0 0
1484555499.319195000 0 0
1484555499.322024000 0 0
1484555499.333057000 0 0
1484555495.918599000 282 0
1484555495.992015000 363 0
1484555495.998517000 2128 0
1484555500.946750000 4096 0
1484555500.963460000 4096 0
1484555501.066966000 0 0
1484555501.082949000 6213 0
1484555501.096157000 0 0
1484555501.563458000 10109 0
1484555501.075567000 4096 0
1484555505.612868000 0 0
1484555505.616360000 0 0
1484555505.619088000 0 0
1484555505.622337000 0 0
1484555505.626186000 0 0
1484555495.985806000 0 0
1484555505.839515000 0 0
1484555505.847031000 0 0
1484555505.852110000 0 0
1484555500.967713000 0 0
1484555501.064748000 363 0
1484555501.093232000 2128 0
1484555505.509794000 112509 0
1484555505.638923000 0 0
1484555505.808941000 0 0
1484555501.589642000 10109 0
1484555501.586105000 4096 0
1484555528.375538000 0 0
1484555528.440630000 0 0
1484555528.443999000 0 0
1484555528.452211000 0 0
1484555528.624874000 0 0
1484555528.458009000 282 0
1484555528.875701000 504 0
1484555528.956047000 504 0
1484555528.966939000 398 0
1484555528.971340000 572 0
1484555586.186803000 0 0
1484555586.248382000 0 0
1484555586.252513000 0 0
1484555586.260885000 0 0
1484555591.466483000 0 0
1484555591.469565000 0 0
1484555596.481810000 0 0
1484555596.523951000 0 0
1484555596.527336000 0 0
1484555596.535169000 0 0
1484555602.609344000 0 0
1484555602.612068000 0 0
1484555602.782236000 0 0
1484555614.360993000 0 0
1484555614.407625000 0 0
1484555614.411277000 0 0
1484555614.419279000 0 0
1484555618.152637000 0 0
1484555618.155434000 0 0
1484555629.772424000 0 0
1484555629.820428000 0 0
1484555629.824434000 0 0
1484555629.833694000 0 0
1484555586.266343000 564 0
1484555586.648111000 1008 0
1484555586.700603000 1008 0
1484555586.737498000 796 0
1484555586.780256000 1144 0
1484555695.229028000 0 0
1484555695.290550000 0 0
1484555695.295003000 0 0
1484555695.303552000 0 0
1484555695.472971000 0 0
1484555708.389727000 0 0
1484555708.445061000 0 0
1484555708.449380000 0 0
1484555708.457953000 0 0
1484555695.308716000 564 0
1484555695.778724000 504 0
1484555695.813092000 504 0
1484555695.827784000 398 0
1484555695.844509000 572 0
1484560067.732473000 0 0
1484560067.739673000 0 0
1484561757.864456000 0 0
1484561757.952054000 0 0
1484561757.955217000 0 0
1484561757.964220000 0 0
1484561757.973572000 0 0
1484561757.979282000 0 0
1484561762.987300000 0 0
1484561762.990245000 0 0
1484561757.873993000 2128 0
1484561757.889343000 0 0
1484561757.971666000 282 0
1484561757.924911000 0 0
1484566910.481517000 0 0
1484566910.489434000 0 0
1484570794.141360000 0 0
1484570794.173575000 0 0
1484570794.176362000 0 0
1484570794.184537000 0 0
1484570795.885793000 0 0
1484570799.626359000 0 0
1484570794.191898000 282 0
1484570832.361582000 0 0
1484573619.325323000 0 0
1484573619.360719000 0 0
1484573619.363015000 0 0
1484573619.370327000 0 0
1484547904.060320000 0 0
1484573619.374102000 282 0
