1484548140.153545000 0 0
1484548140.164948000 0 0
1484548140.175540000 0 0
1484548140.186341000 0 0
1484548140.197190000 0 0
1484548141.240230000 574 0
1484548143.701689000 0 0
1484548143.705451000 0 0
1484548143.715014000 0 0
1484548144.880461000 0 0
1484548144.882866000 0 0
1484548144.908669000 0 0
1484548144.943587000 0 0
1484548144.946381000 0 0
1484548144.948317000 0 0
1484548144.960496000 0 0
1484548144.974274000 0 0
1484548144.925375000 0 0
1484548144.983531000 0 0
1484548144.985689000 0 0
1484548144.991924000 0 0
1484548144.993618000 0 0
1484548144.995657000 0 0
1484548144.997686000 0 0
1484548145.004892000 0 0
1484548145.007350000 0 0
1484548145.031915000 0 0
1484548145.033962000 0 0
1484548145.056904000 0 0
1484548141.844475000 150 0
1484548144.938865000 464 0
1484548144.945086000 2094 0
1484548144.956855000 129 0
1484548144.958295000 1155 0
1484548144.967093000 402 0
1484548144.981081000 129 0
1484548145.002143000 129 0
1484548145.010058000 504 0
1484548145.029112000 129 0
1484548145.053934000 129 0
1484548141.894164000 574 0
1484548145.908911000 0 0
1484548145.848749000 4096 0
1484548145.959408000 481 0
1484548145.971089000 486 0
1484548145.984720000 473 0
1484548145.993775000 478 0
1484548146.284910000 464 0
1484548146.290697000 2094 0
1484548146.296850000 1155 0
1484548165.897847000 0 0
1484548165.902375000 0 0
1484548165.912240000 0 0
1484548165.917223000 0 0
1484548165.926248000 0 0
1484548167.675508000 0 0
1484548167.684557000 0 0
1484548167.701462000 0 0
1484548167.708502000 0 0
1484548167.721257000 0 0
1484548167.731508000 0 0
1484548167.745424000 0 0
1484548167.752360000 0 0
1484548167.763663000 0 0
1484548167.773487000 0 0
1484548167.903720000 0 0
1484548167.929392000 0 0
1484548167.980320000 0 0
1484548168.017469000 0 0
1484548168.166395000 0 0
1484548168.169810000 0 0
1484548168.173123000 0 0
1484548168.176236000 0 0
1484548168.178356000 0 0
1484548168.206555000 0 0
1484548168.223705000 0 0
1484548168.227482000 0 0
1484548168.333458000 0 0
1484548168.345108000 0 0
1484548168.516396000 0 0
1484548168.655462000 0 0
1484548168.690104000 0 0
1484548168.747510000 0 0
1484548168.902644000 0 0
1484548168.942574000 0 0
1484548168.947398000 0 18830
1484548169.249196000 0 0
1484548169.253644000 0 0
1484548168.925776000 18830 0
1484548168.932882000 0 0
1484548169.257141000 0 0
1484548169.491992000 0 0
1484548169.536583000 0 0
1484548169.750164000 0 0
1484548169.801206000 0 0
1484548169.914541000 0 0
1484548170.037626000 0 0
1484548170.216134000 0 0
1484548170.219443000 0 0
1484548170.521779000 0 0
1484548170.535682000 0 0
1484548170.556278000 0 0
1484548170.560436000 0 0
1484548170.558809000 0 0
1484548170.565331000 0 0
1484548170.575772000 0 0
1484548170.591523000 0 0
1484548170.596083000 0 0
1484548170.600928000 0 0
1484548170.605847000 0 0
1484548170.573973000 0 0
1484548170.612368000 0 0
1484548170.616341000 0 0
1484548170.621426000 0 0
1484548170.624758000 0 0
1484548170.629436000 0 0
1484548170.633891000 0 0
1484548170.641413000 0 0
1484548170.683964000 0 0
1484548170.691194000 0 0
1484548170.695351000 0 0
1484548170.699144000 0 0
1484548170.703629000 0 0
1484548170.707429000 0 0
1484548170.711784000 0 0
1484548170.715456000 0 0
1484548170.719824000 0 0
1484548170.723149000 0 0
1484548171.410048000 0 0
1484548146.090096000 8743 0
1484548146.198517000 8744 0
1484548146.260223000 10917 0
1484548146.287534000 0 0
1484548146.299365000 0 0
1484548146.029381000 4096 0
1484548171.514153000 0 0
1484548171.523464000 0 0
1484548171.562259000 7168 0
1484548171.583381000 0 0
1484548171.598515000 0 0
1484548171.889250000 0 0
1484548171.892209000 0 2
1484548171.898718000 0 0
1484548171.901452000 0 0
1484548171.529552000 2 0
1484548171.879805000 0 0
1484548171.904198000 0 0
1484548172.098806000 0 53
1484548169.572599000 204 0
1484548172.104937000 0 0
1484548173.101105000 0 0
1484548173.138916000 0 0
1484548146.293393000 0 0
1484548165.625237000 2094 0
1484548165.712426000 0 0
1484548166.670250000 0 0
1484548168.658802000 0 0
1484548190.820386000 0 0
1484548190.823709000 0 0
1484548191.142710000 0 0
1484548171.627797000 127345 8654
1484548166.716834000 574 0
1484548167.705724000 10 0
1484548167.716562000 10 0
1484548167.728928000 111 0
1484548167.804793000 208 0
1484548167.954063000 54632 0
1484548167.987817000 4431 0
1484548168.037945000 16384 0
1484548168.151615000 384 0
1484548168.378263000 497 0
1484548168.671940000 14084 0
1484548168.700461000 8107 0
1484548168.777021000 208620 0
1484548169.504509000 32768 0
1484548169.773022000 143155 0
1484548169.813093000 8 0
1484548169.927460000 504 0
1484548169.990049000 7645 0
1484548170.049989000 6041 0
1484548170.531967000 1221 0
1484548170.757699000 427 0
1484548171.414966000 368 0
1484548171.603307000 406 0
1484548172.128586000 9188 0
1484548170.099299000 25 0
1484548172.153296000 9833 0
1484548172.167605000 562 0
1484548200.540975000 0 6041
1484548200.551846000 0 0
1484548225.530210000 0 0
1484548225.548619000 0 0
1484548225.569231000 0 0
1484548225.580957000 0 0
1484548225.615609000 0 66
1484548225.601634000 66 0
1484548225.623613000 0 0
1484548228.595031000 0 0
1484548228.632115000 0 137
1484548228.639427000 0 0
1484548228.610480000 137 0
1484548228.637997000 0 0
1484548228.654494000 0 0
1484548228.664156000 0 0
1484548228.686886000 0 0
1484548228.694961000 0 7347
1484548228.704003000 0 0
1484548228.702786000 0 0
1484548228.711882000 0 0
1484548228.716749000 0 0
1484548228.733373000 51 0
1484548263.686291000 0 0
1484548263.711249000 0 0
1484548263.723922000 0 0
1484548263.726619000 0 54711
1484548263.752641000 0 0
1484548263.755589000 0 0
1484548263.757704000 0 0
1484548263.714193000 0 0
1484548263.759777000 0 0
1484548263.817262000 0 0
1484548263.833871000 0 0
1484548411.197123000 0 208787
1484548411.220973000 0 0
1484548411.220165000 0 0
1484548469.685642000 0 0
1484548469.699385000 2577 2730
1484548469.712372000 0 0
1484548469.728069000 3078 3170
1484548469.739973000 0 0
1484548469.759329000 20758 374
1484548469.780747000 0 0
1484548469.798345000 0 0
1484548469.810662000 1612 1700
1484548469.823010000 0 0
1484548469.843346000 82245 427
1484548469.871574000 0 0
1484548472.320292000 0 368
1484548472.332464000 0 0
1484548472.330732000 0 0
1484548473.132683000 0 384
1484548469.788968000 5173 0
1484548170.768411000 3145 0
1484548170.783482000 3933 0
1484548170.792246000 3699 0
1484548528.757168000 0 7648
1484548528.764672000 0 0
1484548528.763849000 0 0
1484548582.672781000 0 0
1484548582.675689000 0 0
1484548582.680846000 0 0
1484548171.442659000 106433 4355
1484548595.383254000 0 0
1484548595.395946000 0 0
1484548595.388341000 3699 3749
1484548606.593598000 0 0
1484548613.251829000 0 0
1484548613.396598000 0 0
1484548613.989942000 0 0
1484548613.994544000 0 0
1484548614.003328000 0 0
1484548614.021108000 402 0
1484548614.023801000 574 0
1484548692.753865000 0 0
1484548692.832755000 262 0
1484548692.844896000 211 0
1484548692.861225000 321 0
1484548692.917995000 231 0
1484548694.291392000 0 0
1484548712.307293000 0 0
1484548715.788764000 0 0
1484548692.751288000 402 0
1484548692.770512000 80 0
1484548692.805162000 638 0
1484548692.884928000 190 0
1484548692.895653000 239 0
1484548692.912250000 225 0
1484548692.931957000 229 0
1484548692.941193000 256 0
1484548692.988583000 239 0
1484548693.006439000 169 0
1484548693.020323000 132 0
1484548693.044718000 1028 0
1484548693.052747000 274 0
1484548693.071896000 104 0
1484548693.088017000 194 0
1484548693.112834000 265 0
1484548693.126513000 198 0
1484548693.137017000 289 0
1484548693.166883000 292 0
1484548693.181957000 183 0
1484548693.948555000 0 0
1484548693.987381000 0 0
1484548694.026762000 0 0
1484548694.155394000 0 0
1484548692.946671000 281 0
1484548716.545475000 0 0
1484548717.878922000 574 0
1484548769.628695000 0 7645
1484548769.639158000 0 0
1484548769.637644000 0 0
1484548772.339710000 0 0
1484548772.344438000 5173 0
1484548828.824782000 0 8775
1484548828.837252000 0 0
1484548828.834988000 0 0
1484548871.568185000 0 0
1484548956.069765000 0 0
1484548956.082420000 0 0
1484548596.690892000 0 11148
1484548978.659058000 0 0
1484548978.708553000 0 0
1484548978.711624000 0 0
1484548978.719412000 0 0
1484548980.260819000 0 0
1484548980.264356000 0 0
1484548980.274363000 0 0
1484548980.284946000 0 0
1484548980.290252000 0 0
1484548980.295379000 0 0
1484548980.300374000 0 0
1484548980.313068000 0 0
1484548980.317911000 0 0
1484548980.338611000 0 0
1484548980.350529000 0 0
1484548980.360954000 0 0
1484548980.373816000 0 0
1484548615.894001000 0 0
1484548978.722950000 574 0
1484549072.392203000 0 0
1484549072.397358000 5173 0
1484549098.397624000 0 0
1484549098.400970000 0 0
1484549098.405084000 0 0
1484549098.409795000 0 0
1484549098.428280000 0 0
1484549098.433662000 0 0
1484549098.439095000 0 0
1484549098.443938000 0 0
1484549098.448034000 0 0
1484549098.461653000 0 0
1484549098.475332000 0 0
1484549098.483091000 0 0
1484549098.494867000 0 0
1484549098.507409000 0 0
1484549098.458247000 328 0
1484549098.522779000 209 0
1484549128.876686000 0 8775
1484549128.889130000 0 0
1484549128.886862000 0 0
1484549372.447101000 0 0
1484549380.870836000 0 0
1484549380.874074000 0 0
1484549380.877464000 0 0
1484549380.881690000 0 0
1484549380.885719000 0 0
1484549380.889699000 0 0
1484549380.893789000 0 0
1484549380.899092000 0 0
1484549380.904516000 0 0
1484549380.909795000 0 0
1484549380.915234000 0 0
1484549380.919485000 0 0
1484549380.923477000 0 0
1484549380.927945000 0 0
1484549372.451978000 5173 0
1484549428.937019000 0 8778
1484549428.947799000 0 0
1484549428.946072000 0 0
1484549672.490030000 0 0
1484549672.495237000 5173 0
1484549709.510970000 0 0
1484549721.948335000 0 0
1484549721.951106000 0 0
1484549721.958635000 0 0
1484549724.223815000 0 0
1484549724.228042000 0 0
1484549724.233874000 0 0
1484549724.239795000 0 0
1484549724.245495000 0 0
1484549724.251265000 0 0
1484549724.256620000 0 0
1484549724.261000000 0 0
1484549724.265416000 0 0
1484549724.269618000 0 0
1484549724.273467000 0 0
1484549724.277736000 0 0
1484549724.281897000 0 0
1484549728.981525000 0 8778
1484549728.991702000 0 0
1484549728.990228000 0 0
1484548994.429429000 0 0
1484549735.400500000 0 0
1484549721.961882000 574 0
1484549115.655151000 0 0
1484549828.628248000 0 0
1484549828.748986000 0 0
1484549828.808450000 0 0
1484549828.812480000 0 0
1484549828.820611000 0 0
1484549828.828383000 0 0
1484549828.844712000 0 0
1484549828.847190000 0 0
1484549828.850101000 0 0
1484549828.852441000 0 0
1484549828.861081000 0 0
1484549828.864160000 0 0
1484549828.865160000 0 0
1484549828.868879000 0 0
1484549828.867761000 0 0
1484549828.871854000 0 0
1484549828.872949000 0 0
1484549828.902308000 0 0
1484549828.905834000 0 0
1484549828.909344000 0 0
1484549830.795288000 0 0
1484549830.777383000 0 0
1484549828.826131000 402 0
1484549828.746673000 574 0
1484549828.875950000 504 0
1484549828.841826000 504 0
1484549830.781064000 129 0
1484549830.798459000 281 0
1484549830.810781000 289 0
1484549830.821740000 504 0
1484549830.850518000 81 0
1484549834.192615000 0 0
1484549834.260874000 7931 0
1484549834.419259000 0 0
1484549834.421293000 0 0
1484549834.451703000 0 0
1484549834.454845000 0 0
1484549836.525941000 0 0
1484549836.535847000 0 0
1484549836.538319000 0 0
1484549836.540866000 0 0
1484549836.543268000 0 0
1484549836.549952000 0 0
1484549836.558345000 0 0
1484549836.555869000 0 0
1484549836.747996000 0 0
1484549836.745531000 0 0
1484549836.758181000 0 0
1484549836.754629000 0 0
1484549836.811774000 0 0
1484549836.808264000 0 0
1484549836.829307000 0 0
1484549836.826719000 0 0
1484549838.195354000 0 0
1484549838.198422000 0 0
1484549838.231741000 12288 0
1484549972.547740000 0 0
1484549972.552689000 5173 0
1484550029.003449000 0 8778
1484550029.012373000 0 0
1484550029.011590000 0 0
1484549736.267152000 0 0
1484550086.190090000 0 0
1484550272.592077000 0 0
1484550272.597326000 5173 0
1484550288.512972000 0 0
1484550302.686057000 0 0
1484550329.063388000 0 8778
1484550329.074300000 0 0
1484550329.072648000 0 0
1484550304.053336000 0 0
1484550420.297949000 0 0
1484550458.501818000 0 0
1484550458.506341000 0 0
1484550458.515637000 0 0
1484550458.523628000 574 0
1484550086.645524000 0 0
1484550535.530456000 0 0
1484550428.113863000 0 0
1484550572.637486000 0 0
1484550572.642873000 5173 0
1484550610.262516000 0 0
1484550610.265856000 0 0
1484550610.270196000 0 0
1484550610.276162000 0 0
1484550610.280929000 0 0
1484550610.285819000 0 0
1484550610.291747000 0 0
1484550610.296567000 0 0
1484550610.302740000 0 0
1484550610.309054000 0 0
1484550610.314332000 0 0
1484550610.320503000 0 0
1484550610.326161000 0 0
1484550610.331497000 0 0
1484550629.112583000 0 8778
1484550629.126961000 0 0
1484550629.124497000 0 0
1484550554.199114000 0 0
1484550630.526436000 0 0
1484550824.826015000 0 0
1484550872.690078000 0 0
1484548956.075011000 3933 7992
1484550872.692911000 5173 0
1484550825.306928000 0 0
1484550929.167810000 0 8778
1484550929.181162000 0 0
1484550929.178785000 0 0
1484551172.732901000 0 0
1484549838.241445000 98304 192512
1484549836.784549000 0 0
1484551184.192363000 0 0
1484551184.200882000 402 0
1484551184.236433000 0 0
1484551184.283570000 0 0
1484551184.286619000 0 0
1484551184.289038000 0 0
1484551184.286736000 0 0
1484551184.294166000 0 0
1484551184.295705000 0 0
1484551184.303417000 0 0
1484551184.301948000 0 0
1484551184.299777000 0 0
1484551184.318238000 0 0
1484551184.311898000 0 0
1484551184.312403000 0 0
1484551184.617046000 0 0
1484551184.620800000 0 0
1484551184.624805000 574 0
1484551186.190476000 0 0
1484551186.196042000 0 0
1484551186.200918000 0 0
1484551186.201282000 0 0
1484551186.201774000 0 0
1484551188.216330000 0 0
1484551188.227607000 0 0
1484551188.242120000 0 0
1484551188.242838000 0 0
1484551188.241348000 0 0
1484551172.738094000 5173 0
1484551229.206981000 0 8778
1484551229.217747000 0 0
1484551229.216010000 0 0
1484550907.370791000 0 0
1484548606.597416000 106625 1024
1484551263.433859000 0 0
1484551300.095317000 0 0
1484551300.099174000 0 0
1484551300.102989000 0 0
1484551300.107495000 0 0
1484551300.112915000 0 0
1484551300.118910000 0 0
1484551300.124753000 0 0
1484551300.130616000 0 0
1484551300.136372000 0 0
1484551300.141756000 0 0
1484551300.146168000 0 0
1484551300.150618000 0 0
1484551300.154887000 0 0
1484551300.159224000 0 0
1484551263.438840000 107327 2049
1484551297.085590000 0 0
1484548613.484362000 0 0
1484551454.298696000 0 0
1484551472.773587000 0 0
1484551472.789715000 0 359
1484551472.817005000 0 0
1484551472.815418000 0 0
1484551472.777867000 5173 0
1484551461.802396000 0 0
1484551529.252404000 0 8778
1484551529.263708000 0 0
1484551529.262348000 0 0
1484551772.631826000 0 0
1484551772.637269000 107650 1998
1484551772.824547000 0 0
1484551772.828682000 5173 0
1484551829.290102000 0 8778
1484551829.301821000 0 0
1484551829.300320000 0 0
1484552049.348339000 0 0
1484552049.351549000 0 0
1484552049.359697000 0 0
1484552055.373364000 0 0
1484552055.377056000 0 0
1484552055.381713000 0 0
1484552055.386248000 0 0
1484552055.390640000 0 0
1484552055.396350000 0 0
1484552055.402207000 0 0
1484552055.407397000 0 0
1484552055.431607000 0 0
1484552055.436795000 0 0
1484552055.463594000 0 0
1484552055.486460000 0 0
1484552055.492888000 0 0
1484552049.365910000 574 0
1484552072.864581000 0 0
1484552055.428733000 212 0
1484552055.460248000 257 0
1484552055.482846000 315 0
1484552072.871057000 5173 0
1484552247.128471000 0 8778
1484552247.141079000 0 0
1484552247.139247000 0 0
1484552312.385937000 0 0
1484552312.400766000 0 0
1484551772.786121000 108494 7341
1484552334.192007000 0 0
1484552372.919056000 0 0
1484552372.944688000 0 366
1484552372.959018000 0 0
1484552372.956746000 0 0
1484552372.926439000 5173 0
1484552458.882857000 0 0
1484552460.923925000 0 0
1484552460.946986000 0 0
1484552453.954721000 16935 0
1484552460.932927000 486 0
1484552460.937208000 473 0
1484552460.941893000 478 0
1484552460.944936000 574 0
1484552462.698479000 0 0
1484552462.384442000 0 0
1484552460.928854000 0 0
1484552467.843182000 0 0
1484552469.237750000 0 0
1484552469.240188000 0 0
1484552469.243394000 0 0
1484552469.250732000 0 0
1484552469.429411000 0 0
1484552449.152772000 12840 0
1484552460.928499000 481 0
1484552477.773243000 0 0
1484552477.776787000 0 0
1484552477.782889000 0 0
1484552477.789955000 0 0
1484552477.787463000 0 0
1484552477.837749000 0 0
1484552477.835633000 0 0
1484552477.844911000 0 0
1484552477.842251000 0 0
1484552477.881560000 0 0
1484552477.877121000 0 0
1484552477.891763000 0 0
1484552477.889832000 0 0
1484552477.999622000 0 0
1484552478.060278000 0 0
1484552478.065777000 0 0
1484552478.075381000 0 0
1484552478.402392000 0 0
1484552478.407344000 0 0
1484552477.505459000 0 0
1484552478.517285000 0 162
1484552478.813025000 0 0
1484552478.870999000 0 0
1484552478.875436000 0 0
1484552478.881380000 0 0
1484552478.883658000 0 0
1484552478.888394000 0 0
1484552467.863725000 0 0
1484552469.372158000 14848 0
1484552469.496020000 4096 0
1484552478.086777000 574 0
1484552479.006355000 0 0
1484552479.004356000 0 0
1484552479.021089000 0 0
1484552479.112283000 0 0
1484552479.109410000 0 0
1484552479.524064000 0 0
1484552462.707915000 300 0
1484552462.708346000 0 0
1484552481.538887000 0 0
1484552477.488995000 119320 0
1484552478.433893000 2048 0
1484552478.441732000 29184 0
1484552503.312801000 0 0
1484552503.383204000 0 0
1484552503.386641000 0 0
1484552503.394928000 0 0
1484552503.398511000 0 0
1484552503.404746000 0 0
1484552503.410795000 0 0
1484552503.408778000 0 0
1484552503.418726000 0 0
1484552503.415403000 0 0
1484552503.335712000 0 0
1484552503.653511000 0 0
1484552503.650031000 0 0
1484552503.666041000 0 0
1484552503.661105000 0 0
1484552503.698203000 0 0
1484552503.693196000 0 0
1484552503.735002000 0 0
1484552503.738567000 0 0
1484552503.741341000 0 0
1484552503.745058000 0 0
1484552503.788611000 0 162
1484552503.858921000 0 0
1484552503.892581000 0 0
1484552503.895403000 0 0
1484552503.898239000 0 0
1484552503.906547000 0 0
1484552503.909499000 0 0
1484552503.911905000 0 0
1484552503.920058000 0 0
1484552504.021685000 0 0
1484552504.019752000 0 0
1484552504.026843000 0 0
1484552504.109937000 0 0
1484552504.106949000 0 0
1484552504.800813000 0 0
1484552504.800156000 0 0
1484552504.798761000 0 0
1484552504.809816000 0 0
1484552504.802945000 0 0
1484552504.816831000 0 0
1484552504.801699000 0 0
1484552504.825326000 0 0
1484552504.820529000 402 0
1484552506.009471000 0 0
1484552506.012002000 0 0
1484552506.014885000 0 0
1484552506.813669000 0 0
1484552506.817768000 0 0
1484552506.812108000 0 0
1484552506.817403000 0 0
1484552506.818734000 0 0
1484552507.529109000 0 0
1484552507.532686000 0 0
1484552502.756700000 12864 0
1484552503.764640000 12840 0
1484552507.536324000 402 0
1484552544.768033000 0 0
1484552477.792187000 0 0
1484552547.182057000 0 8778
1484552547.192286000 0 0
1484552547.190951000 0 0
1484552672.972770000 0 0
1484552672.978624000 5173 0
1484552824.950051000 0 0
1484552825.086767000 0 0
1484552825.089305000 0 0
1484552825.097162000 0 0
1484552825.138208000 0 0
1484552825.159586000 0 0
1484552825.163150000 0 0
1484552825.227831000 0 0
1484552825.230621000 0 0
1484552825.310285000 0 0
1484552825.286190000 0 0
1484552825.358505000 0 0
1484552825.103346000 402 0
1484552825.290747000 129 0
1484552825.326388000 281 0
1484552825.331743000 289 0
1484552825.337316000 504 0
1484552825.342950000 504 0
1484552825.348210000 504 0
1484552825.235593000 574 0
1484552825.358114000 81 0
1484552825.649434000 0 0
1484552825.649440000 0 0
1484552825.655307000 0 0
1484552825.655111000 0 0
1484552825.660648000 0 0
1484552825.665414000 0 0
1484552825.685486000 0 0
1484552825.688670000 0 0
1484552825.692374000 0 0
1484552825.696156000 0 0
1484552825.663409000 402 0
1484552837.111212000 0 0
1484552845.025348000 0 0
1484552845.043219000 2094 0
1484552845.051887000 1155 0
1484552845.035989000 464 0
1484552845.254672000 0 0
1484552847.220793000 0 8778
1484552847.231602000 0 0
1484552847.229982000 0 0
1484552851.798313000 0 0
1484552851.805722000 0 0
1484552851.810705000 0 0
1484552851.814586000 0 0
1484552851.820503000 0 0
1484552851.827692000 0 0
1484552851.836295000 0 0
1484552851.845650000 0 0
1484552851.850676000 0 0
1484552851.855621000 0 0
1484552852.036923000 0 0
1484552852.039979000 0 0
1484552544.772271000 0 0
1484552852.153818000 0 0
1484552852.156745000 0 0
1484552852.164500000 0 0
1484552852.178311000 0 0
1484552852.181938000 0 0
1484552852.168521000 0 0
1484552852.172177000 0 12002
1484552852.201713000 0 0
1484552845.260539000 481 0
1484552852.213753000 0 0
1484552845.266919000 486 0
1484552845.273689000 473 0
1484552852.190655000 0 0
1484552845.278872000 478 0
1484552852.216616000 0 0
1484552852.197567000 0 0
1484552852.221358000 0 0
1484552852.227798000 0 0
1484552852.225616000 0 0
1484552852.230920000 0 0
1484552852.235193000 0 162
1484552852.237549000 0 0
1484552852.239789000 0 0
1484552852.242910000 0 0
1484552852.251560000 0 0
1484552852.253925000 0 0
1484552852.256179000 0 0
1484552852.262767000 0 0
1484552852.262826000 0 0
1484552852.265510000 0 0
1484552852.268075000 0 0
1484552852.270522000 0 0
1484552852.271511000 0 0
1484552852.272026000 0 0
1484552852.272375000 0 0
1484552852.268548000 0 0
1484552852.274559000 0 0
1484552852.277332000 0 0
1484552852.277830000 0 0
1484552852.283635000 0 0
1484552852.282158000 0 0
1484552852.300886000 0 0
1484552852.311765000 0 0
1484552852.314008000 0 0
1484552852.316511000 0 0
1484552852.318773000 0 0
1484552852.374657000 0 0
1484552852.373040000 0 0
1484552852.379720000 0 0
1484552852.386233000 0 0
1484552852.384427000 0 0
1484552852.389792000 0 0
1484552852.392396000 0 0
1484552852.394616000 0 0
1484552852.401088000 0 0
1484552852.410105000 0 0
1484552852.412627000 0 0
1484552852.414875000 0 0
1484552852.420100000 0 0
1484552852.464102000 0 0
1484552852.462131000 0 0
1484552852.470999000 0 0
1484552852.468720000 0 0
1484552852.983712000 0 0
1484552852.989774000 0 0
1484552852.985159000 0 0
1484552852.990006000 0 0
1484552852.988547000 0 0
1484552853.016049000 0 0
1484552854.845647000 0 0
1484552854.843356000 0 0
1484552854.840265000 0 0
1484552854.844807000 0 0
1484552854.841944000 0 0
1484552856.858351000 0 0
1484552856.855254000 0 0
1484552856.853604000 0 0
1484552856.856740000 0 0
1484552856.858360000 0 0
1484552861.864700000 0 0
1484552861.868262000 0 0
1484552861.872565000 0 0
1484552861.874088000 0 0
1484552861.877553000 0 0
1484552861.881139000 0 0
1484552861.880950000 0 0
1484552861.889116000 0 0
1484552861.890194000 0 0
1484552861.893146000 0 0
1484552861.894494000 0 0
1484552861.895709000 0 0
1484552861.903638000 0 0
1484552861.947809000 0 0
1484552861.945903000 0 0
1484552861.953847000 0 0
1484552861.979910000 0 0
1484552861.982309000 0 0
1484552861.984731000 0 0
1484552861.987128000 0 0
1484552861.993283000 0 0
1484552862.022643000 0 0
1484552862.021147000 0 0
1484552862.027902000 0 0
1484552862.111363000 0 0
1484552862.109118000 0 0
1484552862.444427000 0 0
1484552862.442304000 0 0
1484552862.438986000 0 0
1484552862.440522000 0 0
1484552862.443659000 0 0
1484552852.225851000 48 0
1484552852.228100000 0 0
1484552863.910645000 0 0
1484552863.914244000 0 0
1484552863.945329000 0 0
1484552863.947106000 0 0
1484552863.949453000 0 0
1484552863.951078000 0 0
1484552863.951074000 0 0
1484552863.954034000 0 0
1484552863.954767000 0 0
1484552863.962685000 0 0
1484552863.965010000 0 0
1484552863.971440000 0 0
1484552864.040446000 0 0
1484552864.038281000 0 0
1484552864.050344000 0 0
1484552864.047512000 0 0
1484552864.055568000 0 0
1484552864.061262000 0 0
1484552864.065201000 0 0
1484552864.065498000 0 0
1484552864.062320000 0 0
1484552864.072997000 0 0
1484552864.153961000 0 0
1484552864.151400000 0 0
1484552864.397115000 0 0
1484552503.760448000 0 0
1484552864.592509000 0 0
1484552478.437577000 0 0
1484552864.399789000 481 0
1484552864.405329000 486 0
1484552864.408250000 473 0
1484552864.411451000 478 0
1484552864.420893000 8743 0
1484552864.430274000 7906 0
1484552864.439188000 10917 0
1484552864.459702000 0 0
1484552864.465551000 0 0
1484552864.471261000 0 0
1484552864.375244000 4096 0
1484552852.044171000 0 0
1484552864.457352000 464 0
1484552864.462980000 2094 0
1484552864.468706000 1155 0
1484552864.478253000 3289 0
1484552864.605320000 51200 0
1484552864.627440000 0 0
1484552973.025513000 0 0
1484552973.030659000 5173 0
1484552334.196666000 110189 0
1484553147.278175000 0 8785
1484553147.293267000 0 0
1484553147.291026000 0 0
1484553273.076503000 0 0
1484553273.081754000 5173 0
1484553447.310072000 0 8785
1484553447.320082000 0 0
1484553447.318936000 0 0
1484553573.175299000 0 0
1484553573.180650000 5173 0
1484553708.168852000 0 0
1484553708.173231000 5173 2685
1484553742.172692000 0 0
1484553742.221021000 0 0
1484553742.228258000 0 0
1484553742.236238000 0 0
1484553747.350084000 0 8788
1484553747.359753000 0 0
1484553747.358731000 0 0
1484553742.242729000 574 0
1484553889.034422000 0 0
1484552312.392967000 4007 4363
1484553889.136660000 0 2932
1484553892.725948000 0 0
1484553889.042000000 110189 8228
1484554047.426038000 0 8789
1484554047.440149000 0 0
1484554047.437881000 0 0
1484554083.109219000 0 0
1484554083.114956000 0 0
1484554105.650837000 0 0
1484553892.719876000 2932 6242
1484554173.276962000 0 476
1484554173.292077000 0 0
1484554173.289817000 0 0
1484554347.472844000 0 8790
1484554347.487171000 0 0
1484554347.484973000 0 0
1484553708.669726000 0 8563
1484554664.709775000 0 0
1484554664.757636000 0 0
1484554664.760664000 0 0
1484554664.769302000 0 0
1484554664.775690000 574 0
1484554773.321903000 0 0
1484554773.346547000 0 368
1484554773.361531000 0 0
1484554773.359178000 0 0
1484554773.326909000 5355 0
1484554914.432848000 0 8790
1484554914.445902000 0 0
1484554914.444287000 0 0
1484555011.688625000 574 0
1484555073.367729000 0 0
1484555073.375951000 5355 0
1484555161.753258000 0 0
1484555161.818774000 0 0
1484555161.823967000 0 0
1484555161.834395000 0 0
1484555165.740625000 0 0
1484555165.727719000 0 0
1484555161.843078000 402 0
1484555214.454629000 0 8790
1484555214.464768000 0 0
1484555214.463951000 0 0
1484555373.798977000 0 0
1484555373.806953000 5355 0
1484555514.494630000 0 8790
1484555514.505727000 0 0
1484555514.504166000 0 0
1484555630.421150000 574 0
1484555673.848637000 0 0
1484555673.853899000 5355 0
1484555814.551213000 0 8790
1484555814.564052000 0 0
1484555814.562424000 0 0
1484555894.277415000 0 0
1484555894.337851000 0 0
1484555894.342400000 0 0
1484555894.352586000 0 0
1484555904.887324000 0 0
1484555904.935289000 0 0
1484555904.940016000 0 0
1484555904.950747000 0 0
1484555904.895581000 0 0
1484555905.319861000 0 0
1484555905.333883000 0 0
1484555905.353875000 0 0
1484555912.868678000 0 0
1484555912.874216000 0 0
1484555912.878963000 0 0
1484555912.884741000 0 0
1484555912.889950000 0 0
1484555912.894340000 0 0
1484555912.899231000 0 0
1484555912.904325000 0 0
1484555912.909267000 0 0
1484555912.914460000 0 0
1484555912.919578000 0 0
1484555912.924446000 0 0
1484555912.929704000 0 0
1484555912.935168000 0 0
1484555912.940629000 0 0
1484555912.946429000 0 0
1484555912.951729000 0 0
1484555912.956356000 0 0
1484555912.961478000 0 0
1484555912.966658000 0 0
1484555912.971938000 0 0
1484555912.976995000 0 0
1484555912.982160000 0 0
1484555912.987153000 0 0
1484555912.992302000 0 0
1484555912.997300000 0 0
1484555914.153237000 0 149037
1484555915.169698000 0 0
1484555915.220858000 0 0
1484555915.225433000 0 0
1484555915.235952000 0 0
1484555915.247356000 0 0
1484555915.254769000 0 0
1484555915.262746000 0 0
1484555915.265813000 0 0
1484555915.250828000 0 0
1484555915.252674000 0 0
1484555904.893853000 574 0
1484555915.274685000 0 0
1484555894.361270000 804 0
1484555915.288399000 0 0
1484555917.185254000 0 0
1484555917.189740000 0 0
1484555917.183503000 0 0
1484555917.186729000 0 0
1484555917.188248000 0 0
1484555925.643833000 4096 0
1484555928.340370000 0 0
1484555928.359605000 0 0
1484555928.387877000 0 0
1484555928.392694000 0 0
1484555928.402163000 0 0
1484555928.407220000 0 0
1484555928.417611000 0 0
1484555928.425600000 0 0
1484555928.423299000 0 0
1484555928.460294000 0 0
1484555928.450630000 0 0
1484555928.476831000 0 0
1484555928.474953000 0 0
1484555928.469930000 0 0
1484555928.633327000 0 0
1484555925.662035000 4096 0
1484555973.900686000 0 0
1484555928.919802000 0 0
1484555976.794987000 0 0
1484555976.799578000 0 0
1484555976.812623000 0 0
1484555976.821939000 0 0
1484555976.827318000 0 0
1484555976.835878000 0 0
1484555976.840425000 0 0
1484555976.848518000 0 0
1484555976.853786000 0 0
1484555976.859567000 0 0
1484555976.871970000 0 0
1484555976.879634000 0 0
1484555976.888347000 0 0
1484555976.901048000 0 0
1484555976.913374000 0 0
1484555976.918172000 0 0
1484555976.923238000 0 0
1484555976.927808000 0 0
1484555976.932205000 0 0
1484555976.936623000 0 0
1484555976.942220000 0 0
1484555976.950680000 0 0
1484555976.955488000 0 0
1484555976.960993000 0 0
1484555976.965769000 0 0
1484555981.330963000 0 0
1484555973.905919000 5355 0
1484555928.653664000 149037 0
1484556010.645070000 574 0
1484556114.595576000 0 8790
1484556114.608124000 0 0
1484556114.606475000 0 0
1484556273.945604000 0 0
1484556273.950438000 5355 0
1484556414.644670000 0 8790
1484556414.659661000 0 0
1484556414.657411000 0 0
1484556573.998264000 0 0
1484556574.003872000 5355 0
1484556874.040327000 0 0
1484556874.044238000 5355 0
1484557174.448954000 0 0
1484557174.454405000 5355 0
1484557474.493602000 0 0
1484557474.498873000 5355 0
1484557774.543800000 0 0
1484557774.548480000 5355 0
1484558074.596643000 0 0
1484558074.697330000 5355 0
1484558374.767472000 0 0
1484558374.770906000 5355 0
1484558674.802027000 0 0
1484558674.809634000 5355 0
1484558975.216378000 0 0
1484558975.221976000 5355 0
1484559275.258915000 0 0
1484559275.267249000 5355 0
1484559359.518364000 0 8793
1484559359.531463000 0 0
1484559359.529906000 0 0
1484559575.309708000 0 0
1484559575.318251000 5355 0
1484559860.144182000 0 8793
1484559860.159343000 0 0
1484559860.156969000 0 0
1484559864.525243000 0 0
1484559864.567560000 0 0
1484559864.571754000 0 0
1484559864.581327000 0 0
1484559872.767262000 0 0
1484559872.793256000 0 0
1484559872.798014000 0 0
1484559872.808487000 0 0
1484559872.812798000 0 0
1484559872.816696000 0 0
1484559872.820686000 0 0
1484559872.824958000 0 0
1484559872.972149000 0 0
1484559872.989792000 0 0
1484559872.994867000 0 0
1484559872.999599000 0 0
1484559873.008300000 0 0
1484559875.356941000 0 0
1484559864.589976000 574 0
1484559872.789503000 183 0
1484559872.940041000 235 0
1484559875.362161000 5355 0
1484559887.774197000 265 0
1484559888.486524000 212 0
1484559888.546689000 208 0
1484559888.751408000 124 0
1484559888.797942000 249 0
1484559898.327115000 292 0
1484559898.451934000 198 0
1484560160.188446000 0 8793
1484560160.203671000 0 0
1484560160.201420000 0 0
1484560175.402360000 0 0
1484560175.408053000 5355 0
1484560460.242434000 0 8793
1484560460.254849000 0 0
1484560460.253115000 0 0
1484560475.445803000 0 0
1484560475.451534000 5355 0
1484560760.287172000 0 8793
1484560760.301761000 0 0
1484560760.299476000 0 0
1484560775.871833000 0 0
1484560775.877143000 5355 0
1484560889.319103000 0 0
1484560889.370557000 0 0
1484560889.374149000 0 0
1484560889.383459000 0 0
1484560889.391347000 574 0
1484561060.336150000 0 8793
1484561060.350987000 0 0
1484561060.348700000 0 0
1484561075.916876000 0 0
1484561075.921920000 5355 0
1484561079.535607000 0 0
1484561225.396383000 0 0
1484561225.402560000 0 0
1484561360.392234000 0 8793
1484561360.405778000 0 0
1484561360.404025000 0 0
1484561375.970983000 0 0
1484561375.995268000 0 359
1484561376.011733000 0 0
1484561376.009439000 0 0
1484561375.975823000 5355 0
1484561660.451983000 0 8793
1484561660.465384000 0 0
1484561660.463753000 0 0
1484561676.025425000 0 0
1484561676.031711000 5355 0
1484561797.684616000 0 0
1484561799.770957000 0 0
1484561799.774952000 0 0
1484561799.784771000 0 0
1484561799.792413000 574 0
1484552049.221323000 0 0
1484552180.416781000 0 0
1484561960.500982000 0 8793
1484561960.513910000 0 0
1484561960.512335000 0 0
1484561976.081536000 0 0
1484561976.106592000 0 368
1484561976.124642000 0 0
1484561976.122375000 0 0
1484561976.088374000 5355 0
1484562260.523858000 0 8793
1484562260.534332000 0 0
1484562260.533490000 0 0
1484562276.129374000 0 0
1484562276.132980000 5355 0
1484562560.561828000 0 8793
1484562560.572545000 0 0
1484562560.571640000 0 0
1484562576.511347000 0 0
1484562576.514895000 5355 0
1484562671.561606000 0 0
1484562671.611948000 0 0
1484562671.614667000 0 0
1484562671.622849000 0 0
1484562671.689310000 0 0
1484562671.691798000 0 0
1484562679.506341000 0 0
1484562679.492230000 0 0
1484562671.626471000 574 0
1484562671.697828000 402 0
1484562860.611972000 0 8793
1484562860.622190000 0 0
1484562860.621340000 0 0
1484562838.692955000 574 0
1484562876.545766000 0 0
1484562876.549233000 5355 0
1484563160.640496000 0 8793
1484563160.649745000 0 0
1484563160.648898000 0 0
1484563176.593215000 0 0
1484563176.599323000 5355 0
1484563476.629346000 0 0
1484563491.769878000 0 8793
1484563491.780007000 0 0
1484563491.779132000 0 0
1484563476.632943000 5355 0
1484563776.675778000 0 0
1484563776.681267000 5355 0
1484564076.716403000 0 0
1484564076.724237000 5355 0
1484564377.107815000 0 0
1484564377.111016000 5355 0
1484564677.143083000 0 0
1484564677.148138000 5355 0
1484564974.312208000 0 0
1484564974.338501000 20854 1228
1484564974.846590000 21708 1878
1484564977.188666000 0 0
1484564977.194872000 5355 0
1484565057.737681000 0 8793
1484565057.748091000 0 0
1484565057.747173000 0 0
1484565277.241029000 0 0
1484565277.264459000 0 359
1484565277.282336000 0 0
1484565277.281055000 0 0
1484564974.923728000 0 18917
1484565300.950087000 0 0
1484565277.246323000 5355 0
1484565315.587668000 0 0
1484565315.614838000 0 0
1484565300.955786000 17767 12313
1484565357.799864000 0 8793
1484565357.812106000 0 0
1484565357.810469000 0 0
1484565358.440486000 0 0
1484565358.483030000 0 0
1484565358.486265000 0 0
1484565358.495709000 0 0
1484565358.504267000 574 0
1484565409.889658000 262 0
1484565410.396169000 231 0
1484565415.194384000 239 0
1484565577.284602000 0 0
1484565577.289508000 5355 0
1484565657.859950000 0 8793
1484565657.872596000 0 0
1484565657.870867000 0 0
1484565791.474528000 0 0
1484565791.479124000 5355 3317
1484565867.422539000 0 9718
1484554105.656146000 110943 49666
1484565315.608240000 2866 5976
1484565886.661226000 0 0
1484565874.590575000 0 7060
1484565957.906913000 0 8793
1484565957.918678000 0 0
1484565957.917210000 0 0
1484565965.430038000 0 0
1484565965.437585000 0 0
1484565965.448345000 0 0
1484565965.922719000 0 0
1484565966.092329000 0 0
1484565966.096787000 0 0
1484565966.157367000 0 0
1484565966.235630000 0 0
1484565966.240022000 0 0
1484565966.243662000 0 0
1484565966.252469000 0 0
1484565966.277058000 0 0
1484565966.280563000 0 0
1484565966.291031000 0 0
1484565966.294130000 0 0
1484565966.297488000 0 0
1484565966.300713000 0 0
1484565965.457339000 574 0
1484565966.104932000 402 0
1484565966.219136000 2094 0
1484565966.240946000 1155 0
1484565966.249427000 402 0
1484565966.266446000 504 0
1484565966.318237000 504 0
1484565966.155418000 464 0
1484565966.279540000 4096 0
1484565966.861755000 0 0
1484565966.865300000 0 0
1484565966.870455000 0 0
1484565966.892768000 481 0
1484565966.906082000 486 0
1484565966.925413000 473 0
1484565966.934309000 478 0
1484565967.375818000 0 0
1484565967.693920000 0 0
1484565966.962476000 32768 20480
1484565967.386686000 149037 0
1484565968.737513000 0 0
1484565967.763049000 0 0
1484565968.733870000 574 0
1484565968.760031000 0 0
1484565968.758608000 0 0
1484565968.763995000 0 0
1484565968.739262000 0 0
1484565968.750714000 0 0
1484565968.773939000 0 0
1484565968.767896000 402 0
1484565968.770072000 464 0
1484565968.740676000 0 0
1484565968.753725000 0 0
1484565968.752341000 0 0
1484565970.745075000 0 0
1484565970.751438000 0 0
1484565968.778148000 2094 0
1484565968.786430000 1155 0
1484565970.752678000 0 0
1484565970.754096000 0 0
1484565970.758567000 0 0
1484565970.755616000 0 0
1484565970.757037000 0 0
1484565972.757131000 0 0
1484565972.763829000 0 0
1484565970.770445000 464 0
1484565970.776335000 2094 0
1484565972.760697000 0 0
1484565970.782614000 1155 0
1484565972.768756000 0 0
1484565972.765842000 0 0
1484565972.764251000 0 0
1484565972.767199000 0 0
1484565966.339429000 464 0
1484565989.456555000 0 0
1484565989.517009000 0 0
1484565989.553682000 0 0
1484565989.559614000 0 0
1484565989.613686000 0 0
1484565989.641572000 0 0
1484565974.230236000 0 0
1484565989.882572000 0 177405
1484565990.623609000 0 0
1484565990.626154000 0 0
1484565972.782504000 464 0
1484565990.625820000 0 0
1484565972.795187000 1155 0
1484565990.623513000 0 0
1484565972.788423000 2094 0
1484565990.630548000 0 0
1484565990.636032000 0 0
1484565990.831257000 0 0
1484565990.899491000 0 0
1484565990.937108000 0 0
1484565990.959077000 0 0
1484565990.965177000 0 0
1484565990.982842000 0 0
1484565992.202211000 0 0
1484565992.641030000 0 0
1484565990.630438000 514497 0
1484565992.645533000 0 0
1484565992.699002000 0 0
1484565992.640932000 0 0
1484565992.667747000 0 0
1484565992.670176000 0 0
1484565992.756924000 0 0
1484565992.777357000 0 0
1484565992.907840000 0 0
1484565994.569680000 0 514783
1484565994.649448000 0 0
1484565994.654666000 0 0
1484565994.645927000 0 0
1484565994.646188000 0 0
1484565994.654566000 0 0
1484565994.657453000 0 0
1484565994.661873000 0 0
1484565998.045377000 0 0
1484565998.093999000 0 0
1484565998.108779000 0 0
1484565998.114578000 0 0
1484565998.267174000 0 0
1484565998.336313000 0 0
1484565998.386140000 0 0
1484565998.402343000 0 0
1484565998.455211000 0 0
1484565998.477049000 0 0
1484565998.481918000 0 0
1484565998.488134000 0 0
1484565998.519386000 0 0
1484566001.184236000 0 0
1484566001.188949000 0 0
1484566001.193444000 0 0
1484566001.197951000 0 0
1484566001.202886000 0 0
1484566001.208613000 0 0
1484566001.227765000 0 0
1484566001.359007000 0 0
1484565998.255203000 0 0
1484566001.437677000 0 0
1484566001.584809000 0 0
1484566005.438639000 0 0
1484566001.375759000 464 0
1484566001.380032000 2094 0
1484566001.384591000 1155 0
1484566005.453705000 4096 0
1484566001.447566000 157696 0
1484566005.656802000 0 0
1484566005.818625000 0 0
1484566005.476306000 40960 22528
1484566005.599475000 2094 0
1484566005.800090000 1155 0
1484566005.661456000 177405 0
1484566006.330319000 0 0
1484566006.332902000 0 0
1484566006.331629000 0 0
1484566006.334711000 0 0
1484566006.336521000 0 0
1484566006.338313000 0 0
1484566008.860317000 0 0
1484566008.857690000 0 0
1484566008.862043000 0 0
1484566008.864492000 0 0
1484566005.856903000 0 0
1484566005.866977000 0 0
1484566005.851082000 4096 0
1484566008.870542000 0 0
1484566008.868876000 0 0
1484566008.865869000 0 0
1484566008.867491000 0 0
1484566008.916282000 47104 0
1484566009.287398000 0 0
1484566009.292395000 0 0
1484566009.296624000 0 0
1484566009.301626000 0 0
1484566009.307717000 0 0
1484566009.314075000 0 0
1484566009.319315000 0 0
1484566009.536231000 0 0
1484566009.539669000 0 0
1484566009.548738000 0 0
1484566009.553173000 0 0
1484566005.465833000 3072 0
1484566005.475559000 11776 0
1484566005.854297000 2094 0
1484566005.864487000 1155 0
1484566009.338170000 0 0
1484566009.518461000 0 0
1484566008.932853000 4096 0
1484566167.405127000 0 0
1484566167.516208000 0 0
1484566167.640071000 0 0
1484566167.412800000 177405 0
1484566243.916455000 0 0
1484566243.921201000 177405 0
1484566245.153601000 0 0
1484566245.168264000 0 0
1484566257.952967000 0 8793
1484566257.965677000 0 0
1484566257.964091000 0 0
1484566467.900717000 4096 0
1484566468.013966000 0 0
1484566468.017649000 0 0
1484566468.021338000 0 0
1484566468.030950000 0 0
1484566468.063849000 0 0
1484566468.067733000 0 0
1484566468.078399000 0 0
1484566468.092141000 0 0
1484566477.410576000 0 368
1484566477.428759000 0 0
1484566477.426561000 0 0
1484566468.350901000 464 0
1484566468.361399000 2094 0
1484566468.374807000 1155 0
1484566468.087976000 574 0
1484566468.101040000 481 0
1484566468.108725000 486 0
1484566468.117042000 473 0
1484566468.125328000 478 0
1484566468.167320000 8743 0
1484566468.218746000 7906 0
1484566468.252830000 8744 0
1484566468.288168000 10917 0
1484566468.354927000 0 0
1484566468.365351000 0 0
1484566468.379181000 0 0
1484566468.141653000 4096 0
1484566001.588383000 5590 6036
1484566557.992602000 0 8793
1484566558.004984000 0 0
1484566558.003580000 0 0
1484566167.622645000 3145 10297
1484566245.161706000 3131 6382
1484566777.438166000 0 0
1484566777.445401000 6140 0
1484566858.054799000 0 8793
1484566858.067044000 0 0
1484566858.065444000 0 0
1484566846.828412000 574 0
1484567077.481043000 0 0
1484567050.717277000 574 0
1484567077.486704000 6140 0
1484567158.098295000 0 8793
1484567158.111900000 0 0
1484567158.110401000 0 0
1484567260.296664000 574 0
1484567377.525492000 0 0
1484567368.411542000 574 0
1484567377.532997000 6140 0
1484567458.156624000 0 8793
1484567458.170770000 0 0
1484567458.168464000 0 0
1484567677.581127000 0 0
1484567677.586205000 6140 0
1484567949.033373000 574 0
1484567977.631718000 0 0
1484567977.637674000 6140 0
1484568008.057163000 0 8793
1484568008.071014000 0 0
1484568008.069612000 0 0
1484568277.685579000 0 0
1484568258.412985000 574 0
1484568277.690936000 6140 0
1484568308.100647000 0 8793
1484568308.115740000 0 0
1484568308.113440000 0 0
1484568367.744016000 0 0
1484568367.749677000 0 0
1484568373.093354000 0 0
1484568373.098644000 0 0
1484568373.108532000 0 0
1484568373.117077000 574 0
1484568415.377461000 0 0
1484568415.381462000 0 0
1484568415.385357000 0 0
1484568415.390372000 0 0
1484568415.397019000 0 0
1484568415.403104000 0 0
1484568415.408797000 0 0
1484568415.414931000 0 0
1484568415.421240000 0 0
1484568415.442541000 0 0
1484568415.448864000 0 0
1484568415.472866000 0 0
1484568415.497411000 0 0
1484568415.503989000 0 0
1484568415.438827000 212 0
1484568415.468301000 257 0
1484568415.492884000 315 0
1484566485.722815000 0 0
1484568525.675710000 0 0
1484568551.778978000 0 0
1484568525.681351000 6140 9411
1484568551.802598000 82347 1375
1484568577.731330000 0 0
1484568577.757411000 0 359
1484568577.773363000 0 0
1484568577.771633000 0 0
1484568577.737056000 7606 0
1484568608.159950000 0 8793
1484568608.175355000 0 0
1484568608.172619000 0 0
1484568836.283970000 0 384
1484568877.784011000 0 0
1484568565.181072000 83295 4821
1484568877.788372000 7606 0
1484568908.209277000 0 8793
1484568908.221869000 0 0
1484568908.220165000 0 0
1484568915.060486000 0 0
1484568915.066225000 0 0
1484568915.076772000 0 0
1484568921.465939000 0 0
1484568921.421543000 0 0
1484568915.086421000 402 0
1484565370.920126000 0 0
1484565886.665872000 120633 16814
1484569174.838148000 0 0
1484569177.829033000 0 0
1484569158.463106000 574 0
1484569185.174940000 0 0
1484569185.220090000 0 0
1484569185.223585000 0 0
1484569185.231272000 0 0
1484569177.834187000 7606 0
1484569185.234185000 574 0
1484569208.267717000 0 8793
1484569208.280077000 0 0
1484569208.278404000 0 0
1484569477.884811000 0 0
1484569477.889785000 7606 0
1484569508.314176000 0 8793
1484569508.329391000 0 0
1484569508.328037000 0 0
1484569777.928375000 0 0
1484569777.933907000 7606 0
1484569808.369897000 0 8793
1484569808.384313000 0 0
1484569808.382055000 0 0
1484570077.981985000 0 0
1484570077.985802000 7606 0
1484570108.420041000 0 8793
1484570108.433604000 0 0
1484570108.431881000 0 0
1484570378.023291000 0 0
1484570395.505054000 0 0
1484570378.029170000 7606 0
1484570395.512712000 84766 6877
1484570408.475863000 0 8793
1484570408.490695000 0 0
1484570408.488418000 0 0
1484570640.573976000 0 0
1484570640.586395000 0 0
1484570678.077918000 0 0
1484570678.103091000 0 368
1484570678.119404000 0 0
1484570678.117109000 0 0
1484570678.083591000 7606 0
1484570708.521812000 0 8793
1484570708.534306000 0 0
1484570708.532735000 0 0
1484570978.120978000 0 0
1484570978.126784000 7606 0
1484571008.569430000 0 8793
1484571008.581498000 0 0
1484571008.580375000 0 0
1484548191.522019000 0 220835
1484570640.580737000 3201 6522
1484571278.165309000 0 0
1484571278.173941000 7606 0
1484571418.290799000 0 0
1484571432.914135000 0 0
1484571432.947905000 0 0
1484571432.950861000 0 0
1484571432.959181000 0 0
1484571433.280117000 0 0
1484571433.283796000 0 0
1484571432.965688000 574 0
1484571433.290149000 402 0
1484548718.248269000 0 0
1484548692.750172000 0 0
1484551506.896076000 0 0
1484550537.648217000 0 0
1484548613.393503000 0 0
1484571496.352914000 0 0
1484571496.391065000 0 0
1484571496.396283000 0 0
1484571496.400830000 0 0
1484571496.405473000 0 0
1484571496.392653000 0 0
1484571496.415679000 0 0
1484571496.501095000 0 0
1484571497.516308000 0 0
1484571497.561377000 0 0
1484571497.566555000 0 0
1484571497.573022000 0 0
1484571497.580471000 0 0
1484571497.162305000 0 0
1484571496.307242000 0 0
1484571496.356178000 0 0
1484571496.306030000 0 0
1484552469.441132000 0 0
1484552481.549238000 0 0
1484571496.363821000 274 0
1484571496.384194000 194 0
1484571496.388561000 292 0
1484571496.407433000 179 0
1484571496.418701000 262 0
1484571496.436388000 208 0
1484571496.460357000 233 0
1484571496.489769000 242 0
1484571496.511397000 144 0
1484571496.589731000 219 0
1484571496.616209000 1028 0
1484571496.657146000 283 0
1484571496.794945000 321 0
1484571496.832763000 211 0
1484571496.852148000 183 0
1484571496.882122000 212 0
1484571496.902810000 169 0
1484571496.930227000 321 0
1484571496.944884000 249 0
1484571496.974484000 210 0
1484571496.412752000 198 0
1484571496.431154000 226 0
1484571496.447705000 213 0
1484571496.466952000 302 0
1484571496.495958000 281 0
1484571496.577415000 134 0
1484571496.601276000 134 0
1484571496.633878000 134 0
1484571496.776996000 144 0
1484571496.815828000 134 0
1484571496.845701000 134 0
1484571496.875042000 134 0
1484571496.889330000 265 0
1484571496.914490000 190 0
1484571496.937300000 239 0
1484571496.958684000 132 0
1484571496.989709000 225 0
1484571497.032747000 239 0
1484571497.040761000 231 0
1484571497.058067000 229 0
1484571497.093504000 104 0
1484571497.117348000 256 0
1484571497.158486000 281 0
1484571497.179070000 270 0
1484571497.200692000 328 0
1484571497.217613000 184 0
1484571497.451651000 305 0
1484571497.459621000 235 0
1484571497.471099000 293 0
1484571497.486361000 169 0
1484571497.503533000 118 0
1484571497.511937000 212 0
1484571497.523674000 203 0
1484571497.532211000 318 0
1484571497.541240000 417 0
1484571497.554829000 1794 0
1484571497.579377000 180 0
1484571497.628583000 301 0
1484571497.659540000 315 0
1484571497.711476000 142 0
1484571497.830301000 257 0
1484571497.855742000 157 0
1484571497.877879000 194 0
1484571497.893183000 315 0
1484571497.911549000 280 0
1484571497.942878000 280 0
1484571497.953474000 247 0
1484571497.976401000 209 0
1484571498.062749000 209 0
1484571498.079264000 209 0
1484571498.095474000 209 0
1484571498.117799000 209 0
1484571498.125447000 209 0
1484571498.226319000 276 0
1484571498.239665000 209 0
1484571498.256943000 209 0
1484571498.273133000 209 0
1484571498.280639000 192 0
1484571498.288058000 209 0
1484571497.595907000 235 0
1484571497.648464000 209 0
1484571497.694812000 218 0
1484571497.826203000 209 0
1484571497.849373000 209 0
1484571497.867871000 209 0
1484571497.889254000 230 0
1484571497.899094000 124 0
1484571497.926154000 289 0
1484571547.854528000 0 0
1484571547.868452000 0 0
1484571555.537215000 0 8793
1484571555.551892000 0 0
1484571555.550146000 0 0
1484571578.212900000 0 0
1484571578.240937000 0 359
1484571578.257331000 0 0
1484571578.255038000 0 0
1484571578.220638000 7606 0
1484571681.137502000 0 0
1484571681.385052000 0 0
1484571681.388023000 0 0
1484571681.397313000 0 0
1484571681.404446000 402 0
1484571681.411017000 574 0
1484571855.585309000 0 8793
1484571855.599795000 0 0
1484571855.598064000 0 0
1484571858.869088000 0 0
1484571858.874878000 0 0
1484571858.884092000 0 0
1484571858.883847000 0 0
1484571858.886721000 0 0
1484571858.890430000 0 0
1484571858.893507000 0 0
1484571858.890216000 0 0
1484571858.891963000 0 0
1484571858.894302000 0 0
1484571858.901375000 0 0
1484571858.900099000 0 0
1484571858.897197000 0 0
1484571858.903778000 0 0
1484571858.893749000 402 0
1484549834.429718000 0 0
1484549830.778625000 0 0
1484571874.082027000 0 0
1484571874.101570000 0 0
1484571874.096164000 0 0
1484571878.258327000 0 0
1484571878.280664000 0 459
1484571878.292637000 0 0
1484571878.291620000 0 0
1484571878.263032000 7606 0
1484571873.892049000 0 0
1484571681.233486000 0 0
1484571681.134048000 0 0
1484572087.702689000 0 0
1484572087.707504000 0 0
1484572087.711572000 0 0
1484572087.715565000 0 0
1484572087.719127000 0 0
1484572087.722422000 0 0
1484572087.725592000 0 0
1484572087.733899000 0 0
1484572087.772045000 0 0
1484572087.812540000 0 0
1484572087.816776000 0 0
1484572087.823111000 0 0
1484572087.729213000 0 0
1484572087.705512000 0 0
1484572087.687206000 0 0
1484572087.688117000 0 0
1484572087.710250000 274 0
1484572087.715096000 194 0
1484572087.720249000 292 0
1484572087.724579000 179 0
1484572087.729272000 262 0
1484572087.736247000 208 0
1484572087.742600000 233 0
1484572087.748812000 242 0
1484572087.758818000 144 0
1484572087.768091000 219 0
1484572087.774434000 1028 0
1484572087.781087000 283 0
1484572087.787569000 321 0
1484572087.795940000 211 0
1484572087.804299000 183 0
1484572087.811536000 212 0
1484572087.816688000 169 0
1484572087.822271000 321 0
1484572087.826980000 249 0
1484572087.831908000 210 0
1484572087.836819000 198 0
1484572087.842319000 226 0
1484572087.846777000 213 0
1484572087.851686000 302 0
1484572087.857372000 281 0
1484572087.864890000 134 0
1484572087.870585000 134 0
1484572087.872871000 134 0
1484572087.877983000 144 0
1484572087.880265000 134 0
1484572087.885195000 134 0
1484572087.890265000 134 0
1484572087.895236000 265 0
1484572087.899649000 190 0
1484572087.901855000 239 0
1484572087.907262000 132 0
1484572087.911602000 225 0
1484572087.913890000 239 0
1484572087.916461000 231 0
1484572087.918920000 229 0
1484572087.923730000 104 0
1484572087.928894000 256 0
1484572087.933740000 281 0
1484572087.936533000 270 0
1484572087.941348000 328 0
1484572087.943927000 184 0
1484572087.950089000 305 0
1484572087.952405000 235 0
1484572087.957641000 293 0
1484572087.960185000 169 0
1484572087.965038000 118 0
1484572087.732023000 212 0
1484572087.738370000 203 0
1484572087.744763000 318 0
1484572087.753889000 417 0
1484572087.763764000 1794 0
1484572087.770235000 180 0
1484572087.778868000 301 0
1484572087.785416000 315 0
1484572087.792264000 142 0
1484572087.800506000 257 0
1484572087.809084000 157 0
1484572087.971497000 194 0
1484572087.973302000 315 0
1484572087.975534000 280 0
1484572087.980233000 280 0
1484572087.984400000 247 0
1484572087.989148000 209 0
1484572087.993202000 209 0
1484572087.995365000 209 0
1484572087.999610000 209 0
1484572088.001795000 209 0
1484572088.004307000 209 0
1484572088.009189000 276 0
1484572088.013125000 209 0
1484572088.017090000 209 0
1484572088.019026000 209 0
1484572088.023604000 192 0
1484572088.025652000 209 0
1484572088.030669000 235 0
1484572088.032916000 209 0
1484572088.034833000 218 0
1484572088.039862000 209 0
1484572088.045008000 209 0
1484572088.049525000 209 0
1484572088.054682000 230 0
1484572088.058957000 124 0
1484572088.062775000 289 0
1484572148.204639000 0 0
1484572148.254363000 0 0
1484572148.411137000 0 0
1484572148.415298000 0 0
1484572148.425564000 0 0
1484572153.225213000 0 0
1484572153.230076000 0 0
1484572155.633834000 0 8793
1484572155.648492000 0 0
1484572155.646437000 0 0
1484572148.436071000 402 0
1484569174.842425000 122621 65790
1484572148.443656000 574 0
1484572178.302803000 0 0
1484571547.861996000 2999 32712
1484572178.308775000 7606 0
1484572455.687743000 0 8793
1484572455.703273000 0 0
1484572455.700977000 0 0
1484572478.353394000 0 0
1484572478.379036000 0 476
1484572478.395444000 0 0
1484572478.393193000 0 0
1484572478.358669000 7606 0
1484572755.726029000 0 8793
1484572755.738986000 0 0
1484572755.737601000 0 0
1484572778.394198000 0 0
1484572778.414183000 0 368
1484572778.428233000 0 0
1484572778.426662000 0 0
1484572778.397979000 7606 0
1484572880.862807000 0 0
1484572880.917248000 0 0
1484572880.921795000 0 0
1484572880.930840000 0 0
1484572880.937899000 574 0
1484572920.466692000 0 0
1484572920.471951000 0 0
1484572920.481769000 0 0
1484572920.493492000 0 0
1484572920.516549000 0 0
1484572920.521337000 0 0
1484572920.526311000 0 0
1484572920.531294000 0 0
1484572920.554167000 0 0
1484572920.558013000 0 0
1484572920.578684000 0 0
1484572920.582802000 0 0
1484572920.586840000 0 0
1484572920.608668000 0 0
1484572920.612902000 0 0
1484572923.751073000 0 0
1484572920.489940000 402 0
1484572920.502202000 504 0
1484572920.540397000 504 0
1484572920.565342000 574 0
1484572920.594306000 402 0
1484573055.784766000 0 8793
1484573055.798315000 0 0
1484573055.796456000 0 0
1484572926.184108000 0 0
1484573078.431699000 0 0
1484573078.459107000 0 459
1484573078.474774000 0 0
1484573078.472481000 0 0
1484573078.437213000 7606 0
1484573162.048182000 0 0
1484573162.061688000 0 0
1484572160.760730000 0 0
1484573355.834695000 0 8793
1484573355.847466000 0 0
1484573355.845862000 0 0
1484573378.480145000 0 0
1484573378.508919000 0 459
1484573378.521661000 0 0
1484573378.520383000 0 0
1484573378.487944000 7606 0
1484573223.320674000 0 0
1484572148.293531000 0 0
1484572148.252031000 0 0
1484573485.781051000 0 0
1484573485.786573000 0 0
1484573485.791397000 0 0
1484573485.795248000 0 0
1484573485.798725000 0 0
1484573485.802182000 0 0
1484573485.805719000 0 0
1484573485.811603000 0 0
1484573485.814954000 0 0
1484573485.818353000 0 0
1484573485.823796000 0 0
1484573485.829744000 0 0
1484573485.809504000 0 0
1484573485.784424000 0 0
1484573485.766309000 0 0
1484573485.767193000 0 0
1484573498.703381000 0 368
1484573498.714634000 0 0
1484573498.713579000 0 0
1484573498.753179000 0 0
1484573498.763439000 0 0
1484573498.767131000 0 1221
1484573498.774648000 0 0
1484573498.777899000 0 0
1484573498.780729000 0 0
1484573498.756602000 0 0
1484573498.783528000 0 0
1484573498.849517000 0 85
1484573498.857646000 0 0
1484573498.909892000 0 109
1484573498.917836000 0 0
1484573498.927747000 0 144
1484573498.935345000 0 0
1484573498.940686000 0 0
1484548171.576285000 0 4096
1484573498.948737000 0 0
1484573498.953601000 0 0
1484548171.572640000 0 0
1484573498.962626000 0 0
1484573499.152538000 0 0
1484573499.177256000 0 0
1484573499.195680000 0 0
1484573499.204760000 0 0
1484573499.213807000 0 0
1484573499.223203000 0 0
1484573499.232876000 0 0
1484573499.241942000 0 0
1484573499.257969000 0 0
1484573499.201773000 0 427
1484573499.286711000 0 0
1484573499.293615000 0 0
1484573499.159538000 0 0
1484573499.299265000 0 0
1484548170.548512000 25217 519333
1484571258.479265000 0 148911
1484548469.897857000 9516883 107202
1484573162.054714000 3471 14556
1484573499.326269000 0 25121
1484573499.496656000 0 384
1484573499.501282000 0 175
1484573499.511266000 0 0
1484573499.537320000 0 204
1484573499.566617000 0 0
1484573499.584890000 0 0
1484548173.187780000 0 32768
1484573499.594397000 0 0
1484548173.181291000 28800 2866192
1484573499.608034000 0 0
1484573499.612946000 0 0
1484573499.626975000 0 0
1484548173.160304000 0 4096
1484573499.637361000 0 0
1484573499.644251000 0 0
1484548173.154382000 0 0
1484573499.655349000 0 0
1484573499.663813000 0 0
1484573499.687657000 0 0
1484573499.694220000 0 54757
1484573499.740142000 0 0
1484573499.745307000 0 0
1484573499.671440000 0 0
1484573499.749613000 0 0
1484573499.823272000 0 0
1484548582.699516000 84904 21235
1484565315.695790000 0 29354
1484572175.464371000 0 105632
1484573485.789830000 274 0
1484573485.795139000 194 0
1484573485.800132000 292 0
1484573485.804693000 179 0
1484573485.809456000 262 0
1484573485.813976000 208 0
1484573485.819347000 233 0
1484573485.825324000 242 0
1484573485.832091000 144 0
1484573485.839944000 219 0
1484573485.846499000 1028 0
1484573485.852688000 283 0
1484573485.857475000 321 0
1484573485.862864000 211 0
1484573485.867580000 183 0
1484573485.872465000 212 0
1484573485.877799000 169 0
1484573485.882642000 321 0
1484573485.887260000 249 0
1484573485.893159000 210 0
1484573485.897420000 198 0
1484573485.902498000 226 0
1484573485.907284000 213 0
1484573485.912540000 302 0
1484573485.917594000 281 0
1484573485.923084000 134 0
1484573485.928032000 134 0
1484573485.933569000 134 0
1484573485.938738000 144 0
1484573485.944045000 134 0
1484573485.949673000 134 0
1484573485.954566000 134 0
1484573485.959128000 265 0
1484573485.963621000 190 0
1484573485.968170000 239 0
1484573485.973776000 132 0
1484573485.979154000 225 0
1484573485.983796000 239 0
1484573485.988498000 231 0
1484573485.993449000 229 0
1484573485.997968000 104 0
1484573486.003206000 256 0
1484573486.007913000 281 0
1484573486.012992000 270 0
1484573486.017709000 328 0
1484573486.022607000 184 0
1484573486.028281000 305 0
1484573486.032928000 235 0
1484573486.037243000 293 0
1484573486.041877000 169 0
1484573486.046218000 118 0
1484573486.051179000 212 0
1484573486.056413000 203 0
1484573486.060876000 318 0
1484573486.066456000 417 0
1484573486.071649000 1794 0
1484573486.077074000 180 0
1484573486.081685000 301 0
1484573486.086399000 315 0
1484573486.091451000 142 0
1484573486.096480000 257 0
1484573486.101031000 157 0
1484573486.107966000 194 0
1484573486.113626000 315 0
1484573486.119869000 280 0
1484573486.126007000 280 0
1484573486.132618000 247 0
1484573486.138216000 209 0
1484573486.143303000 209 0
1484573486.148567000 209 0
1484573486.153435000 209 0
1484573486.159449000 209 0
1484573486.165090000 209 0
1484573486.170462000 276 0
1484573486.175646000 209 0
1484573486.181004000 209 0
1484573486.186364000 209 0
1484573486.191189000 192 0
1484573486.196447000 209 0
1484573486.201705000 235 0
1484573486.206993000 209 0
1484573486.212142000 218 0
1484573486.217872000 209 0
1484573486.223088000 209 0
1484573486.228741000 209 0
1484573486.234583000 230 0
1484573486.239284000 124 0
1484573486.246350000 289 0
1484548173.167376000 1114112 1900544
1484548173.207709000 0 0
1484548173.139216000 98304 0
1484548173.170280000 0 0
1484548167.749955000 0 0
1484573512.704371000 0 0
1484573512.844279000 0 0
1484573513.092320000 0 0
1484573513.098005000 0 0
1484573513.108546000 0 0
1484573514.679478000 0 0
1484573514.695391000 0 0
1484573514.700253000 0 0
1484573514.705126000 0 0
1484573514.711093000 0 0
1484573516.630688000 0 0
1484573516.637165000 0 0
1484573516.644902000 0 544
1484573516.655198000 0 0
1484573516.663352000 0 0
1484573516.703867000 0 0
1484573516.700045000 0 0
1484573516.725045000 0 0
1484573516.729106000 0 0
1484573516.733914000 0 0
1484573516.738696000 0 0
1484573516.745063000 0 0
1484573516.768850000 0 0
1484573516.815732000 0 0
1484573516.830686000 0 0
1484573516.833419000 0 0
1484573516.850551000 0 0
1484573519.676017000 0 0
1484573519.673861000 0 0
1484573521.442429000 0 0
1484573521.465402000 0 0
1484573521.469270000 0 0
1484573521.491628000 0 0
1484573521.509651000 0 0
1484573521.514206000 0 0
1484573521.519021000 0 0
1484573521.533879000 0 0
1484573521.538345000 0 0
1484573521.542695000 0 0
1484573521.546846000 0 0
1484548169.556732000 360448 0
1484548171.566803000 7168 0
1484548170.231414000 163840 0
1484573499.250563000 3503 0
1484573499.265958000 3271 0
1484548168.525193000 9216 0
1484548168.084569000 118784 4096
1484548263.702256000 65536 0
1484548168.129329000 16384 4096
1484548871.629745000 98304 0
1484548191.152121000 13373 0
1484573523.754690000 0 0
1484573523.758757000 0 0
1484573523.769732000 0 0
1484573523.775934000 0 0
1484573523.780253000 0 0
1484573523.812424000 0 0
1484573523.826744000 0 0
1484573516.768328000 544 0
1484573523.834629000 0 0
1484573523.850694000 0 0
1484573513.373500000 402 0
1484573514.611949000 574 0
1484573514.741481000 129 0
1484573516.828729000 129 0
1484573516.848846000 129 0
1484573521.460638000 129 0
1484573521.487192000 129 0
1484573679.086115000 0 0
1484548144.895432000 0 0
