1484563090.621557000 0 0
1484563090.696237000 0 0
1484563090.698584000 0 0
1484563090.703311000 0 0
1484563090.710144000 0 0
1484563090.792779000 0 0
1484563090.794626000 0 0
1484563090.836667000 0 0
1484563090.832840000 0 0
1484563090.870769000 0 0
1484563090.875829000 0 0
1484563090.877615000 0 0
1484563090.878146000 0 0
1484563090.879878000 0 0
1484563090.880547000 0 0
1484563090.886759000 0 0
1484563090.888568000 0 0
1484563090.894615000 0 0
1484563090.894883000 0 0
1484563090.896507000 0 0
1484563090.897030000 0 0
1484563090.899038000 0 0
1484563090.900938000 0 0
1484563090.903071000 0 0
1484563090.904712000 0 0
1484563090.911191000 0 0
1484563094.520927000 0 0
1484563094.523364000 0 0
1484563094.526155000 0 0
1484563094.528992000 0 0
1484563094.541062000 0 0
1484563094.543525000 0 0
1484563094.545717000 0 0
1484563090.847002000 2267 0
1484563090.876700000 129 0
1484563090.884853000 556 0
1484563090.885418000 129 0
1484563090.893171000 129 0
1484563090.901280000 129 0
1484563090.906878000 504 0
1484563090.909223000 129 0
1484563094.534407000 504 0
1484563094.550769000 398 0
1484563090.661314000 282 0
1484563109.943619000 0 0
1484563096.894548000 111 0
1484563132.058347000 0 0
1484563132.060659000 0 0
1484563132.062722000 0 0
1484563116.941598000 282 0
1484563144.398765000 0 0
1484563144.448211000 0 0
1484563144.453213000 0 0
1484563144.459151000 0 0
1484563167.174525000 0 0
1484563144.472070000 282 0
1484563479.993080000 0 0
1484563479.997507000 0 0
1484563480.003336000 0 0
1484563492.988387000 0 0
1484563493.408062000 0 0
1484563493.402141000 0 0
1484563493.437632000 0 0
1484563493.439952000 0 0
1484563493.440069000 0 0
1484563493.443741000 0 0
1484563493.443827000 0 0
1484563493.446722000 0 0
1484563493.449111000 0 0
1484563493.461126000 0 0
1484563493.463040000 0 0
1484563493.465188000 0 0
1484563493.467083000 0 0
1484563480.007813000 556 0
1484563493.400647000 282 0
1484563493.449747000 398 0
1484563493.451660000 504 0
1484563493.471562000 504 0
1484563167.178209000 0 0
1484563562.781179000 0 0
1484563562.831921000 0 0
1484563562.836110000 0 0
1484563562.842257000 0 0
1484563562.847197000 398 0
1484563589.870660000 0 0
1484563589.869113000 282 0
1484564552.397857000 0 0
1484564721.501592000 0 0
1484564721.560117000 0 0
1484564721.562825000 0 0
1484564721.567109000 0 0
1484564723.260895000 0 0
1484564723.263244000 0 0
1484564723.266032000 0 0
1484564721.573827000 282 0
1484564753.279235000 0 0
1484564753.322240000 0 0
1484564753.325448000 0 0
1484564753.328657000 0 0
1484564770.238285000 0 0
1484564753.332364000 282 0
1484564781.851150000 0 0
1484564770.241702000 0 0
1484564799.772533000 0 0
1484564799.778686000 0 0
1484564799.784679000 0 0
1484564810.727018000 0 0
1484564810.975506000 0 0
1484564810.978437000 0 0
1484564810.982472000 0 0
1484564811.205203000 0 0
1484564811.207114000 0 0
1484564825.331014000 0 0
1484564810.989986000 282 0
1484564799.792809000 1112 0
1484564897.083779000 0 0
1484564919.528647000 0 0
1484564922.695189000 0 0
1484564922.879803000 0 0
1484564922.874125000 0 0
1484564922.912838000 0 0
1484564922.912715000 0 0
1484564922.915554000 0 0
1484564922.916305000 0 0
1484564922.919785000 0 0
1484564922.922537000 0 0
1484564922.931863000 0 0
1484564922.961179000 0 0
1484564922.963349000 0 0
1484564922.965681000 0 0
1484564922.967988000 0 0
1484564825.335453000 0 0
1484564922.871343000 564 0
1484564946.800906000 0 0
1484564946.817737000 0 0
1484564946.825874000 0 0
1484564946.842776000 0 0
1484564946.868205000 0 0
1484564946.891567000 0 0
1484564946.894682000 0 0
1484564946.900065000 0 0
1484564946.908593000 0 0
1484564946.914471000 0 0
1484564947.053135000 0 0
1484564947.079165000 0 0
1484564947.115098000 0 0
1484564947.206877000 0 0
1484564947.278392000 0 0
1484564947.285781000 0 0
1484564947.289087000 0 0
1484564947.292027000 0 0
1484564947.295582000 0 0
1484564947.298242000 0 0
1484564947.316999000 0 0
1484564947.339875000 0 0
1484564947.343546000 0 0
1484564947.422750000 0 0
1484564947.441459000 0 0
1484564947.607561000 0 0
1484564947.706097000 0 0
1484564947.756010000 0 0
1484564947.797519000 0 0
1484564947.925947000 0 0
1484564947.960499000 0 0
1484564947.965560000 0 18830
1484564948.216972000 0 0
1484564948.222067000 0 0
1484564947.951276000 18830 0
1484564947.955458000 0 0
1484564948.226569000 0 0
1484564922.925739000 398 0
1484564922.929315000 556 0
1484564922.938233000 504 0
1484564922.975080000 504 0
1484564948.341348000 0 0
1484564948.369553000 0 1544
1484564948.380048000 0 0
1484564948.438744000 0 0
1484564948.825637000 0 0
1484564949.041480000 0 0
1484564949.167197000 0 0
1484564949.284009000 0 0
1484564949.441938000 0 0
1484564949.444016000 0 0
1484564949.480677000 196608 0
1484564949.499604000 0 0
1484564949.529440000 0 0
1484564949.536441000 0 0
1484564949.751566000 0 0
1484564949.755556000 0 2
1484564949.762999000 0 0
1484564949.766295000 0 0
1484564949.543916000 2 0
1484564949.744374000 0 0
1484564949.769038000 0 0
1484564949.861016000 0 0
1484564949.872680000 0 0
1484564949.875755000 0 0
1484564949.884440000 0 0
1484564949.874965000 0 0
1484564949.887490000 0 0
1484564949.890779000 0 0
1484564949.892762000 0 0
1484564949.894789000 0 0
1484564949.896811000 0 0
1484564949.899284000 0 0
1484564949.901705000 0 0
1484564949.904182000 0 0
1484564949.906615000 0 0
1484564949.909128000 0 0
1484564949.911622000 0 0
1484564949.914325000 0 0
1484564949.916749000 0 0
1484564949.919168000 0 0
1484564949.922229000 0 0
1484564949.925127000 0 0
1484564949.927651000 0 0
1484564949.930135000 0 0
1484564949.933575000 0 0
1484564949.936675000 0 0
1484564949.939756000 0 0
1484564949.942867000 0 0
1484564949.946040000 0 0
1484564949.949074000 0 0
1484564949.952118000 0 0
1484564949.955193000 0 0
1484564949.958208000 0 0
1484564949.961296000 0 0
1484564949.964352000 0 0
1484564949.967491000 0 0
1484564949.970652000 0 0
1484564949.973713000 0 0
1484564949.976767000 0 0
1484564949.979873000 0 0
1484564949.982848000 0 0
1484564949.985966000 0 0
1484564949.989046000 0 0
1484564949.992109000 0 0
1484564949.995102000 0 0
1484564949.998223000 0 0
1484564950.001265000 0 0
1484564950.004282000 0 0
1484564949.889859000 0 0
1484564950.008947000 0 0
1484564950.020334000 0 0
1484564950.025831000 0 0
1484564950.024180000 0 0
1484564950.030354000 0 0
1484564950.038263000 0 0
1484564950.041622000 0 0
1484564950.044249000 0 0
1484564950.048715000 0 0
1484564950.051882000 0 0
1484564950.054610000 0 0
1484564950.057268000 0 0
1484564950.738864000 0 0
1484564950.772250000 0 0
1484564950.776106000 0 0
1484564950.789864000 0 0
1484564950.792842000 0 0
1484564950.795403000 0 0
1484564950.797873000 0 0
1484564950.807112000 0 0
1484564950.809559000 0 0
1484564950.812248000 0 0
1484564950.820397000 0 0
1484564950.822858000 0 0
1484564950.830409000 0 0
1484564950.832962000 0 0
1484564951.023666000 0 0
1484564951.069688000 0 0
1484564951.245494000 0 0
1484564951.257946000 0 0
1484564951.268488000 0 0
1484564951.275808000 0 0
1484564951.748191000 0 0
1484564952.841296000 0 53
1484564948.340250000 204 0
1484564952.851437000 0 0
1484564953.140401000 0 0
1484564953.169357000 0 0
1484564953.735630000 0 0
1484564955.149941000 0 0
1484564947.709346000 0 0
1484564946.832538000 10 0
1484564946.861493000 10 0
1484564946.889162000 111 0
1484564946.950660000 208 0
1484564947.090358000 65169 0
1484564947.160178000 4431 0
1484564947.227789000 16384 0
1484564947.248760000 1240 0
1484564947.464224000 497 0
1484564947.735683000 16291 0
1484564947.778822000 8416 0
1484564947.824178000 208787 0
1484564948.364833000 3072 0
1484564948.856117000 736392 0
1484564949.076324000 8 0
1484564949.189289000 504 0
1484564949.250605000 7636 0
1484564949.288310000 10459 0
1484564949.870305000 2840 0
1484564950.088756000 10 0
1484564950.778583000 556 0
1484564950.801443000 504 0
1484564950.814915000 504 0
1484564950.835389000 398 0
1484564951.028427000 359 0
1484564951.087528000 2041 0
1484564952.927471000 9188 0
1484564949.307062000 25 0
1484564952.999073000 9833 0
1484564953.048767000 3109 0
1484564979.876809000 0 10459
1484564979.891003000 0 0
1484564984.753802000 0 0
1484564991.787881000 0 0
1484564992.535333000 0 0
1484564992.540807000 93169 3463
1484564991.795187000 2766 4452
1484564984.782832000 982302 8256
1484565003.954341000 0 0
1484565004.610005000 0 0
1484565004.617176000 0 0
1484565004.625872000 0 0
1484565004.631325000 0 0
1484565004.649706000 0 66
1484565004.642817000 66 0
1484565004.658055000 0 0
1484565004.858689000 0 0
1484565007.660073000 0 0
1484565007.716338000 0 137
1484565007.727974000 0 0
1484565007.680198000 137 0
1484565007.726335000 0 0
1484565007.743577000 0 0
1484565007.777849000 0 0
1484565007.791147000 0 0
1484565007.845895000 0 0
1484565007.852307000 0 67986
1484565007.862516000 0 0
1484565007.861751000 0 0
1484565007.870582000 0 0
1484565007.886954000 0 0
1484565007.907970000 0 0
1484565007.915343000 0 0
1484565007.919972000 0 0
1484565007.925324000 0 0
1484565007.930707000 0 0
1484565007.944839000 0 0
1484565007.957803000 0 0
1484565007.962273000 0 0
1484565007.968816000 0 0
1484565007.975157000 0 0
1484565007.979792000 0 0
1484564991.805284000 0 0
1484565017.066241000 0 0
1484565007.775122000 5 0
1484565007.995362000 51 0
1484564993.471242000 0 11531
1484565036.934980000 0 0
1484565045.972144000 0 16622
1484565075.871851000 0 0
1484565152.275698000 0 0
1484565170.282682000 0 0
1484565170.284791000 0 0
1484565170.288267000 0 0
1484565152.274325000 282 0
1484565004.863646000 93575 4519
1484565003.963512000 983512 5098
1484565221.593754000 0 0
1484565089.200900000 0 28242
1484565221.597797000 94631 49364
1484565248.791339000 0 0
1484565251.078177000 0 359
1484565251.090929000 0 0
1484565251.089599000 0 0
1484565253.175686000 0 1240
1484565260.700309000 0 0
1484565263.395451000 0 0
1484565239.690040000 0 0
1484565248.798521000 10959 0
1484565260.698740000 282 0
1484565290.543484000 0 0
1484565290.615705000 0 0
1484565290.661351000 0 0
1484565290.666647000 0 0
1484565290.672253000 0 0
1484565307.978791000 0 72359
1484565307.988728000 0 0
1484565307.987956000 0 0
1484565290.681046000 282 0
1484565466.625404000 0 0
1484565466.628514000 0 0
1484565466.632866000 0 0
1484565466.639562000 556 0
1484565516.953027000 0 0
1484565517.418173000 0 0
1484565517.661447000 0 0
1484565517.673470000 0 0
1484565517.686459000 0 0
1484565517.714267000 0 0
1484565517.722063000 0 0
1484565517.725116000 0 0
1484565517.738988000 0 0
1484565517.748422000 0 0
1484565517.754996000 0 0
1484565517.841349000 0 0
1484565517.896523000 0 0
1484565517.927151000 0 0
1484565517.929512000 0 0
1484565517.931650000 0 0
1484565517.933952000 0 0
1484565517.935753000 0 0
1484565517.957376000 0 0
1484565518.002601000 0 0
1484565518.086621000 0 0
1484565518.089985000 0 0
1484565518.092843000 0 0
1484565518.096335000 0 0
1484565518.100067000 0 0
1484565518.103464000 0 0
1484565518.145316000 0 0
1484565518.163248000 0 0
1484565518.361628000 0 0
1484565518.375383000 0 0
1484565518.378121000 0 0
1484565518.383716000 0 0
1484565518.408212000 0 0
1484565518.449307000 0 0
1484565518.454018000 0 0
1484565518.498356000 0 0
1484565518.662725000 0 0
1484565518.667125000 0 0
1484565518.674761000 0 0
1484565518.689572000 0 0
1484565518.705755000 0 0
1484565518.729492000 0 0
1484565518.783958000 0 0
1484565518.938095000 0 0
1484565518.943781000 0 18830
1484565519.155792000 0 0
1484565519.159858000 0 0
1484565518.916348000 18830 0
1484565518.924907000 0 0
1484565519.163494000 0 0
1484565519.227339000 0 0
1484565519.421751000 0 0
1484565519.448218000 0 0
1484565519.452311000 0 2
1484565519.459770000 0 0
1484565519.462457000 0 0
1484565518.672190000 2 0
1484565519.441709000 0 0
1484565519.464787000 0 0
1484565519.647752000 1081344 0
1484565519.675016000 0 0
1484565519.756848000 0 0
1484565519.882124000 0 53
1484565519.262441000 288 0
1484565519.890147000 0 0
1484565520.129078000 0 0
1484565520.476735000 0 0
1484565520.526074000 0 0
1484565521.259272000 0 0
1484565521.261989000 0 0
1484565521.264204000 0 0
1484565521.276323000 0 0
1484565521.279813000 0 0
1484565521.282115000 0 0
1484565521.278822000 0 0
1484565521.275361000 0 0
1484565521.300031000 0 0
1484565521.305327000 0 0
1484565521.296617000 0 4096
1484565521.312541000 0 0
1484565521.294422000 0 0
1484565521.319496000 0 0
1484565521.320861000 0 0
1484565521.322137000 0 0
1484565521.340087000 0 0
1484565521.477649000 0 90
1484565521.484327000 0 0
1484565521.489074000 0 0
1484565521.981542000 0 0
1484565521.983117000 0 0
1484565521.986525000 0 0
1484565521.581867000 0 0
1484565522.498557000 0 0
1484565522.509075000 0 0
1484565522.512569000 0 0
1484565522.514736000 0 0
1484565522.511646000 0 0
1484565522.520197000 0 0
1484565522.508113000 0 0
1484565522.523988000 0 0
1484565522.531256000 0 0
1484565522.534743000 0 0
1484565522.536846000 0 0
1484565522.533878000 0 0
1484565522.541750000 0 0
1484565522.530528000 0 0
1484565522.545185000 0 0
1484565522.553373000 0 0
1484565522.573031000 0 0
1484565522.575644000 0 0
1484565522.556580000 0 0
1484565522.580727000 0 0
1484565522.552625000 0 0
1484565522.583902000 0 0
1484565522.591034000 0 0
1484565522.602805000 0 0
1484565522.604865000 0 0
1484565522.593660000 0 0
1484565522.609999000 0 0
1484565522.590324000 0 0
1484565522.612983000 0 0
1484565522.619792000 0 0
1484565522.623275000 0 0
1484565522.625297000 0 0
1484565522.622490000 0 0
1484565522.630219000 0 0
1484565522.618956000 0 0
1484565522.633539000 0 0
1484565522.640203000 0 0
1484565522.644107000 0 0
1484565522.646074000 0 0
1484565522.643266000 0 0
1484565522.651198000 0 0
1484565522.639371000 0 0
1484565522.656543000 0 0
1484565522.663951000 0 0
1484565522.667604000 0 0
1484565522.670242000 0 0
1484565522.666850000 0 0
1484565522.676244000 0 0
1484565522.663253000 0 0
1484565522.679453000 0 0
1484565522.688453000 0 0
1484565522.695602000 0 0
1484565522.697812000 0 0
1484565522.690818000 0 0
1484565522.707552000 0 0
1484565522.687720000 0 0
1484565522.710487000 0 0
1484565522.717242000 0 0
1484565522.720719000 0 0
1484565522.722561000 0 0
1484565522.724537000 0 0
1484565522.726497000 0 0
1484565522.719879000 0 0
1484565522.731179000 0 0
1484565522.735119000 0 0
1484565522.716450000 0 0
1484565522.738848000 0 0
1484565522.759529000 0 0
1484565522.776305000 0 0
1484565522.779074000 0 0
1484565522.781291000 0 0
1484565522.761851000 0 0
1484565522.758777000 0 0
1484565522.785553000 0 0
1484565522.809102000 0 0
1484565522.811460000 0 0
1484565522.808284000 0 0
1484565522.814461000 0 0
1484565522.822494000 0 0
1484565522.825780000 0 0
1484565522.827746000 0 0
1484565522.829896000 0 0
1484565522.831777000 0 0
1484565522.824974000 0 0
1484565522.837075000 0 0
1484565522.857686000 0 0
1484565522.860211000 0 0
1484565522.868849000 0 0
1484565522.871441000 0 0
1484565522.873669000 0 0
1484565522.884297000 0 0
1484565522.894617000 0 0
1484565522.898759000 0 0
1484565522.909332000 0 0
1484565522.911378000 0 0
1484565522.863011000 0 0
1484565522.821318000 0 0
1484565522.916296000 0 0
1484565522.923116000 0 0
1484565522.926419000 0 0
1484565522.928891000 0 0
1484565522.925695000 0 0
1484565522.934423000 0 0
1484565522.922444000 0 0
1484565522.937731000 0 0
1484565522.945756000 0 0
1484565522.957693000 0 0
1484565522.959854000 0 0
1484565522.948741000 0 0
1484565522.964794000 0 0
1484565522.945039000 0 0
1484565522.967745000 0 0
1484565522.979574000 0 0
1484565522.983110000 0 0
1484565522.986908000 0 0
1484565522.989126000 0 0
1484565522.981847000 0 0
1484565522.973759000 0 0
1484565522.993330000 0 0
1484565523.008154000 0 0
1484565523.017199000 0 0
1484565523.019825000 0 0
1484565523.016377000 0 0
1484565523.025332000 0 0
1484565523.002052000 0 0
1484565522.497626000 0 0
1484565523.030691000 0 0
1484565523.039474000 0 0
1484565523.058029000 0 0
1484565523.060466000 0 0
1484565523.057266000 0 0
1484565523.064053000 0 0
1484565523.096955000 0 0
1484565523.099852000 0 0
1484565523.080230000 0 0
1484565523.104483000 0 0
1484565523.119280000 0 0
1484565523.124487000 0 0
1484565523.117223000 0 0
1484565523.127732000 0 0
1484565523.173549000 0 0
1484565523.193688000 0 0
1484565523.195605000 0 0
1484565523.197560000 0 0
1484565523.200208000 0 0
1484565523.202219000 0 0
1484565523.204633000 0 0
1484565523.206881000 0 0
1484565523.192263000 0 0
1484565523.172264000 0 0
1484565523.211611000 0 0
1484565523.232528000 0 0
1484565523.246451000 0 0
1484565523.248925000 0 0
1484565523.251758000 0 0
1484565523.254060000 0 0
1484565523.256115000 0 0
1484565523.259052000 0 0
1484565523.261326000 0 0
1484565523.270319000 0 0
1484565523.272965000 0 0
1484565523.275336000 0 0
1484565523.278562000 0 0
1484565523.280556000 0 0
1484565523.245210000 0 0
1484565523.231838000 0 0
1484565523.284734000 0 0
1484565523.309343000 0 0
1484565523.312705000 0 0
1484565523.314880000 0 0
1484565523.317009000 0 0
1484565523.319852000 0 0
1484565523.311861000 0 0
1484565523.291318000 0 0
1484565523.038577000 0 0
1484565523.326738000 0 0
1484565523.329228000 0 0
1484565523.348724000 0 0
1484565523.361086000 0 0
1484565523.345002000 0 4096
1484565523.372488000 0 0
1484565523.342630000 0 0
1484565523.385148000 0 0
1484565523.405876000 0 0
1484565523.416634000 0 0
1484565523.422924000 0 0
1484565523.411572000 0 4096
1484565523.434275000 0 0
1484565523.408763000 0 0
1484565523.446750000 0 0
1484565519.759801000 0 0
1484565533.540717000 0 0
1484565521.485573000 0 4096
1484565533.548470000 0 0
1484565533.553030000 0 0
1484565521.483151000 0 0
1484565533.559689000 0 0
1484565533.739458000 0 0
1484565533.744019000 0 0
1484565534.973694000 0 0
1484565519.906928000 64809 0
1484565534.972965000 0 0
1484565534.982384000 0 0
1484565534.987720000 0 0
1484565534.986904000 0 0
1484565534.994925000 0 66808
1484565535.006654000 0 0
1484565517.680069000 10 0
1484565517.696580000 10 0
1484565517.719256000 111 0
1484565517.779820000 208 0
1484565517.907709000 66482 0
1484565518.038955000 16384 0
1484565518.080837000 17411 0
1484565546.735123000 0 0
1484565546.751025000 0 624
1484565546.748608000 0 0
1484565546.762599000 0 0
1484565518.463362000 185 0
1484565518.722273000 8416 0
1484565518.734044000 237378 0
1484565519.379137000 116 0
1484565519.437372000 3971 0
1484565519.450759000 17587 0
1484565519.452119000 309 0
1484565519.782813000 22978 0
1484565520.137536000 5470 0
1484565520.531492000 377 0
1484565520.881297000 38717 0
1484565519.472903000 25 0
1484565521.273331000 29 0
1484565521.710038000 55 0
1484565517.415650000 282 0
1484565522.506139000 50 0
1484565522.528796000 66 0
1484565522.550867000 50 0
1484565522.588566000 50 0
1484565522.617234000 52 0
1484565522.637680000 58 0
1484565522.661229000 46 0
1484565522.684886000 59 0
1484565522.714753000 39 0
1484565522.757037000 54 0
1484565522.806236000 47 0
1484565522.819458000 53 0
1484565522.920647000 47 0
1484565522.942413000 67 0
1484565522.971959000 51 0
1484565522.998054000 57 0
1484565523.055401000 70 0
1484565523.077669000 67 0
1484565523.115330000 43 0
1484565523.168889000 45 0
1484565523.229920000 39 0
1484565523.288854000 53 0
1484565523.430684000 4096 0
1484565523.399807000 40960 0
1484565523.464217000 4096 0
1484565523.485468000 4096 0
1484565523.509722000 4096 0
1484565523.518862000 4096 0
1484565523.530798000 787 0
1484565548.833314000 0 0
1484565549.446921000 0 3942
1484565549.455801000 0 0
1484565549.755007000 0 0
1484565549.768500000 0 0
1484565549.779877000 0 0
1484565549.783571000 0 66563
1484565549.809104000 0 0
1484565549.813183000 0 0
1484565549.816503000 0 0
1484565549.761184000 0 0
1484565549.819408000 0 0
1484565550.038738000 0 66808
1484565550.050218000 0 0
1484565550.059356000 0 0
1484565559.563721000 0 0
1484565521.291675000 40960 0
1484565565.195772000 0 67579
1484565565.209417000 0 0
1484565565.216884000 0 0
1484565570.331905000 0 0
1484565523.398499000 0 32768
1484565570.340758000 0 0
1484565523.395015000 0 354496
1484565570.360900000 0 0
1484565548.838620000 10959 0
1484565575.503097000 0 0
1484565575.511906000 0 0
1484565575.524326000 0 0
1484565575.530886000 0 0
1484565575.554655000 0 66
1484565575.545836000 66 0
1484565575.564622000 0 0
1484565556.310794000 14824 0
1484565578.559599000 0 0
1484565578.606328000 0 137
1484565578.616631000 0 0
1484565578.581000000 137 0
1484565578.615247000 0 0
1484565578.644518000 0 0
1484565578.657069000 0 0
1484565578.668262000 0 0
1484565578.672366000 0 15596
1484565578.680012000 0 0
1484565578.679512000 0 0
1484565578.687940000 0 0
1484565578.691090000 0 0
1484565578.694056000 0 0
1484565578.697523000 0 0
1484565578.710712000 0 0
1484565578.714242000 0 0
1484565578.724534000 0 0
1484565578.729664000 0 0
1484565578.753171000 0 0
1484565578.760207000 0 0
1484565578.790424000 0 0
1484565579.139995000 0 0
1484565579.199923000 0 0
1484565579.347616000 0 0
1484565579.386652000 0 0
1484565579.409092000 0 0
1484565579.416595000 0 0
1484565579.422174000 0 0
1484565579.435726000 0 0
1484565579.440276000 0 0
1484565579.454249000 0 0
1484565579.459128000 0 0
1484565579.463599000 0 0
1484565579.468161000 0 0
1484565579.486508000 0 0
1484565579.490741000 0 0
1484565579.504461000 0 0
1484565579.509227000 0 0
1484565579.513983000 0 0
1484565579.526389000 0 0
1484565579.530459000 0 0
1484565579.535523000 0 0
1484565579.539438000 0 0
1484565579.542964000 0 0
1484565579.557804000 0 0
1484565579.562052000 0 0
1484565579.567051000 0 0
1484565579.575743000 0 0
1484565579.591849000 0 0
1484565579.596759000 0 0
1484565579.601131000 0 0
1484565579.615981000 0 0
1484565579.631120000 0 0
1484565579.637447000 0 0
1484565579.651812000 0 0
1484565579.655992000 0 0
1484565579.660245000 0 0
1484565579.664832000 0 0
1484565579.669137000 0 0
1484565579.672722000 0 0
1484565579.688441000 0 0
1484565579.703245000 0 0
1484565579.736198000 0 0
1484565579.740447000 0 0
1484565579.746500000 0 0
1484565579.761944000 0 0
1484565579.780069000 0 0
1484565579.789154000 0 0
1484565579.818815000 0 0
1484565579.822813000 0 0
1484565579.826748000 0 0
1484565579.959669000 0 0
1484565579.965023000 0 0
1484565579.969989000 0 0
1484565579.984110000 0 0
1484565580.000060000 0 0
1484565580.017056000 0 0
1484565580.082809000 0 0
1484565580.093673000 0 0
1484565580.098040000 0 0
1484565580.102608000 0 0
1484565580.113208000 0 0
1484565580.117612000 0 0
1484565580.124110000 0 0
1484565580.128473000 0 0
1484565580.132642000 0 0
1484565580.150900000 0 0
1484565580.155146000 0 0
1484565580.183093000 0 0
1484565580.187755000 0 0
1484565580.244514000 0 68095
1484565580.256069000 0 0
1484565580.265587000 0 0
1484565580.291921000 0 0
1484565580.513130000 0 0
1484565580.518163000 0 0
1484565580.536660000 0 0
1484565580.552159000 0 0
1484565580.559948000 0 0
1484565580.578237000 0 0
1484565580.586251000 0 0
1484565580.592147000 0 0
1484565580.607186000 0 0
1484565580.613338000 0 0
1484565580.631298000 0 0
1484565580.637170000 0 0
1484565580.642807000 0 0
1484565580.655199000 0 0
1484565580.676230000 0 0
1484565580.700444000 0 0
1484565580.705956000 0 0
1484565580.718607000 0 0
1484565580.740495000 0 0
1484565580.760524000 0 0
1484565580.765886000 0 0
1484565580.792563000 0 0
1484565580.799352000 0 0
1484565580.806213000 0 0
1484565580.812228000 0 0
1484565580.817960000 0 0
1484565580.823717000 0 0
1484565580.829891000 0 0
1484565580.850905000 0 0
1484565580.856315000 0 0
1484565580.874184000 0 0
1484565580.879665000 0 0
1484565580.884820000 0 0
1484565580.889718000 0 0
1484565580.895122000 0 0
1484565580.901072000 0 0
1484565580.906357000 0 0
1484565580.912210000 0 0
1484565580.918153000 0 0
1484565580.923909000 0 0
1484565580.935106000 0 0
1484565580.941260000 0 0
1484565580.953312000 0 0
1484565580.959769000 0 0
1484565580.987282000 0 0
1484565580.993501000 0 0
1484565581.002576000 0 0
1484565581.012346000 0 0
1484565581.018450000 0 0
1484565581.029017000 0 0
1484565581.033983000 0 0
1484565581.037873000 0 0
1484565581.042244000 0 0
1484565581.046888000 0 0
1484565581.051681000 0 0
1484565581.056617000 0 0
1484565581.060788000 0 0
1484565581.069939000 0 0
1484565581.087920000 0 0
1484565581.092870000 0 0
1484565581.108565000 0 0
1484565581.113154000 0 0
1484565581.117712000 0 0
1484565581.137940000 0 0
1484565581.161770000 0 0
1484565581.282301000 0 0
1484565581.287159000 0 0
1484565581.292141000 0 0
1484565581.296809000 0 0
1484565581.301497000 0 0
1484565581.305755000 0 0
1484565581.315291000 0 0
1484565581.329901000 0 0
1484565581.334938000 0 0
1484565581.340029000 0 0
1484565581.344657000 0 0
1484565581.349529000 0 0
1484565581.354195000 0 0
1484565581.361203000 0 0
1484565581.377096000 0 0
1484565581.382061000 0 0
1484565581.387331000 0 0
1484565581.460043000 0 0
1484565581.469446000 0 0
1484565581.473592000 0 0
1484565581.477573000 0 0
1484565581.482159000 0 0
1484565581.492758000 0 0
1484565581.497406000 0 0
1484565581.501657000 0 0
1484565581.515544000 0 0
1484565581.533232000 0 0
1484565581.537568000 0 0
1484565581.542164000 0 0
1484565581.546232000 0 0
1484565581.550228000 0 0
1484565581.554654000 0 0
1484565581.565139000 0 0
1484565581.569498000 0 0
1484565581.584768000 0 0
1484565581.589417000 0 0
1484565581.593913000 0 0
1484565581.648444000 0 0
1484565581.656200000 0 0
1484565581.690510000 0 0
1484565581.695250000 0 0
1484565581.701933000 0 0
1484565581.716065000 0 0
1484565581.723655000 0 0
1484565581.804837000 0 0
1484565581.809018000 0 0
1484565581.812983000 0 0
1484565581.821137000 0 0
1484565581.828177000 0 0
1484565581.835646000 0 0
1484565581.848030000 0 0
1484565581.853937000 0 0
1484565581.867832000 0 0
1484565581.878635000 0 0
1484565581.895505000 0 0
1484565581.902561000 0 0
1484565581.919111000 0 0
1484565581.923981000 0 0
1484565581.929094000 0 0
1484565581.934383000 0 0
1484565581.938978000 0 0
1484565581.943722000 0 0
1484565581.950059000 0 0
1484565581.955259000 0 0
1484565581.960398000 0 0
1484565581.969864000 0 0
1484565581.984142000 0 0
1484565581.989233000 0 0
1484565581.997957000 0 0
1484565582.003082000 0 0
1484565582.016209000 0 0
1484565582.030812000 0 0
1484565582.047303000 0 0
1484565582.055927000 0 0
1484565582.077114000 0 0
1484565582.088775000 0 0
1484565582.093842000 0 0
1484565582.098985000 0 0
1484565582.115609000 0 0
1484565582.120959000 0 0
1484565582.134733000 0 0
1484565582.139909000 0 0
1484565582.145080000 0 0
1484565582.149658000 0 0
1484565582.159194000 0 0
1484565582.164922000 0 0
1484565582.180180000 0 0
1484565582.185629000 0 0
1484565582.199844000 0 0
1484565582.216113000 0 0
1484565582.243526000 0 0
1484565582.248031000 0 0
1484565582.268138000 0 0
1484565582.272677000 0 0
1484565582.299482000 0 0
1484565582.316071000 0 0
1484565582.321429000 0 0
1484565582.336950000 0 0
1484565582.343117000 0 0
1484565582.360285000 0 0
1484565582.364230000 0 0
1484565582.367898000 0 0
1484565582.380816000 0 0
1484565582.385837000 0 0
1484565582.389292000 0 0
1484565582.392637000 0 0
1484565582.396485000 0 0
1484565582.400130000 0 0
1484565582.403569000 0 0
1484565582.415451000 0 0
1484565582.419270000 0 0
1484565582.423121000 0 0
1484565582.427021000 0 0
1484565582.430749000 0 0
1484565582.435224000 0 0
1484565582.438889000 0 0
1484565582.442766000 0 0
1484565582.446220000 0 0
1484565582.456829000 0 0
1484565582.467809000 0 0
1484565582.471508000 0 0
1484565582.475483000 0 0
1484565582.479156000 0 0
1484565582.482735000 0 0
1484565582.486231000 0 0
1484565582.495373000 0 0
1484565582.499113000 0 0
1484565582.502831000 0 0
1484565582.506334000 0 0
1484565582.509504000 0 0
1484565582.512592000 0 0
1484565582.515911000 0 0
1484565582.521197000 0 0
1484565582.524597000 0 0
1484565582.528588000 0 0
1484565582.543408000 0 0
1484565582.552666000 0 0
1484565582.556435000 0 0
1484565582.560441000 0 0
1484565582.573271000 0 0
1484565582.577233000 0 0
1484565582.580435000 0 0
1484565582.583902000 0 0
1484565582.587133000 0 0
1484565582.590817000 0 0
1484565582.608811000 0 0
1484565582.626521000 0 0
1484565582.630808000 0 0
1484565582.634599000 0 0
1484565582.637767000 0 0
1484565582.641041000 0 0
1484565582.663308000 0 0
1484565559.565924000 8416 0
1484565595.292155000 0 68401
1484565595.304966000 0 0
1484565595.313359000 0 0
1484565523.339366000 258048 212992
1484565578.747247000 51 0
1484565608.048266000 0 72508
1484565608.059610000 0 0
1484565608.058838000 0 0
1484565627.278086000 0 0
1484565627.302531000 0 0
1484565627.305717000 0 0
1484565638.041859000 0 0
1484565641.044128000 0 68608
1484565641.058342000 0 0
1484565641.057105000 0 0
1484565641.069203000 0 0
1484565641.068216000 0 0
1484565656.107138000 0 68823
1484565656.121946000 0 0
1484565656.120558000 0 0
1484565656.132572000 0 0
1484565656.131357000 0 0
1484565637.844522000 19125 0
1484565637.839934000 83640 0
1484565638.050115000 984190 0
1484565638.110993000 787 0
1484565671.166891000 0 69106
1484565671.180471000 0 0
1484565671.179337000 0 0
1484565671.189245000 0 0
1484565671.188418000 0 0
1484565675.337409000 0 0
1484565627.296305000 0 32768
1484565675.346547000 0 0
1484565627.291974000 0 434136
1484565675.358434000 0 0
1484565627.284402000 278528 262144
1484565698.592047000 0 0
1484565698.609994000 0 0
1484565698.612801000 0 0
1484565700.915776000 0 69874
1484565700.927141000 0 0
1484565700.926621000 0 0
1484565700.934738000 0 0
1484565700.934315000 0 0
1484565715.976776000 0 69902
1484565715.989355000 0 0
1484565715.988203000 0 0
1484565715.998103000 0 0
1484565715.997051000 0 0
1484565721.104269000 0 0
1484565698.606215000 0 32768
1484565721.113306000 0 0
1484565698.603031000 0 329440
1484565721.125316000 0 0
1484565721.739982000 0 0
1484565721.756029000 0 0
1484565721.758914000 0 0
1484565731.043275000 0 69902
1484565731.059797000 0 0
1484565731.057790000 0 0
1484565731.071886000 0 0
1484565731.070435000 0 0
1484565733.780003000 0 0
1484565721.751776000 0 32768
1484565733.789522000 0 0
1484565721.748526000 0 8304
1484565733.801432000 0 0
1484565738.432290000 0 0
1484565738.459039000 0 0
1484565738.463744000 0 0
1484565746.114139000 0 69903
1484565746.130436000 0 0
1484565746.128556000 0 0
1484565746.142801000 0 0
1484565746.140982000 0 0
1484565750.487087000 0 0
1484565738.452215000 0 32768
1484565750.496520000 0 0
1484565738.446397000 0 8304
1484565750.510626000 0 0
1484565761.183380000 0 69903
1484565761.198822000 0 0
1484565761.197579000 0 0
1484565761.209607000 0 0
1484565761.208414000 0 0
1484565776.245643000 0 69903
1484565776.258884000 0 0
1484565776.258008000 0 0
1484565776.268341000 0 0
1484565776.267407000 0 0
1484565698.597313000 319488 192512
1484565791.302360000 0 69903
1484565791.317495000 0 0
1484565791.315887000 0 0
1484565791.327898000 0 0
1484565791.326082000 0 0
1484565806.370234000 0 70529
1484565806.382552000 0 0
1484565806.381692000 0 0
1484565806.392016000 0 0
1484565806.391073000 0 0
1484565820.505712000 0 0
1484565820.509606000 0 377
1484565821.419954000 0 70501
1484565821.434368000 0 0
1484565821.432979000 0 0
1484565821.443468000 0 0
1484565821.442648000 0 0
1484565822.244244000 0 17411
1484565836.489399000 0 70391
1484565836.502574000 0 0
1484565836.501378000 0 0
1484565836.513159000 0 0
1484565836.511892000 0 0
1484565848.867189000 0 0
1484565851.539409000 0 70652
1484565851.552383000 0 0
1484565851.551534000 0 0
1484565851.561251000 0 0
1484565851.560321000 0 0
1484565263.398751000 985523 6510
1484565866.583607000 0 70796
1484565866.594701000 0 0
1484565866.594113000 0 0
1484565866.603695000 0 0
1484565866.603127000 0 0
1484565848.873413000 10959 0
1484565878.721397000 0 15919
1484565878.730464000 0 0
1484565878.729805000 0 0
1484565881.650079000 0 70845
1484565881.662747000 0 0
1484565881.661384000 0 0
1484565881.672832000 0 0
1484565881.672177000 0 0
1484565896.714447000 0 70800
1484565896.725545000 0 0
1484565896.724930000 0 0
1484565896.732945000 0 0
1484565896.732376000 0 0
1484565908.087494000 0 72641
1484565908.096271000 0 0
1484565908.095573000 0 0
1484565911.754091000 0 70850
1484565911.766888000 0 0
1484565911.765620000 0 0
1484565290.546004000 0 0
1484565911.774674000 0 0
1484565911.774204000 0 0
1484565916.072905000 0 0
1484565916.079792000 0 0
1484565916.119278000 0 0
1484565916.121530000 0 0
1484565916.124695000 0 0
1484565916.128565000 0 0
1484565916.165160000 0 0
1484565916.171592000 0 0
1484565916.169564000 0 0
1484565916.175775000 0 0
1484565916.177484000 0 0
1484565916.175295000 0 0
1484565916.192644000 0 0
1484565916.195470000 0 0
1484565916.198317000 0 0
1484565916.172228000 983 0
1484565916.205054000 556 0
1484565916.127229000 282 0
1484566120.535238000 0 0
1484566120.541799000 0 377
1484566123.843806000 0 0
1484566123.873973000 0 0
1484566123.878689000 0 0
1484566135.910569000 0 0
1484566123.867168000 0 32768
1484566135.928606000 0 0
1484566123.862987000 0 8304
1484566135.950616000 0 0
1484566142.784790000 0 17411
1484566148.908382000 0 0
1484566123.852591000 28672 8192
1484566148.913815000 10959 0
1484566178.770035000 0 16201
1484566178.779145000 0 0
1484566178.778313000 0 0
1484566208.194367000 0 72670
1484566208.206234000 0 0
1484566208.205341000 0 0
1484566420.569514000 0 0
1484566420.577063000 0 377
1484566431.348090000 0 70472
1484566431.362374000 0 0
1484566431.360997000 0 0
1484566431.370678000 0 0
1484566431.370082000 0 0
1484566446.413312000 0 70500
1484566446.427884000 0 0
1484566446.426311000 0 0
1484566446.438607000 0 0
1484566446.436971000 0 0
1484566448.965740000 0 0
1484566460.785853000 0 17411
1484566448.972314000 10959 0
1484566478.812308000 0 16202
1484566478.823322000 0 0
1484566478.822145000 0 0
1484566508.262348000 0 72674
1484566508.270972000 0 0
1484566508.270277000 0 0
1484566720.604326000 0 0
1484566720.610386000 0 377
1484566723.924985000 0 0
1484566723.950805000 0 0
1484566723.954773000 0 0
1484566735.977360000 0 0
1484566723.944647000 0 32768
1484566735.986720000 0 0
1484566723.940282000 0 8304
1484566735.999757000 0 0
1484566749.030214000 0 0
1484566723.931532000 28672 8192
1484566749.034004000 10959 0
1484566778.853760000 0 16205
1484566778.865784000 0 0
1484566778.864150000 0 0
1484566808.336250000 0 72827
1484566808.345739000 0 0
1484566808.344895000 0 0
1484566820.876377000 0 17411
1484567020.637402000 0 0
1484567020.644832000 0 377
1484567033.382985000 0 56276
1484567033.391296000 0 0
1484567033.390686000 0 0
1484567033.399530000 0 0
1484567033.398941000 0 0
1484567033.406019000 0 0
1484567033.589188000 0 0
1484567033.593251000 0 0
1484567033.596378000 0 0
1484567033.600116000 0 0
1484567033.726792000 0 0
1484567033.739375000 0 0
1484567033.742902000 0 0
1484567033.747443000 0 0
1484567033.768241000 0 0
1484567033.867665000 0 0
1484567033.890348000 0 0
1484567033.896137000 0 0
1484567033.916915000 0 0
1484567033.935786000 0 0
1484567033.940805000 0 0
1484567033.944796000 0 0
1484567033.586978000 0 0
1484567033.958063000 0 0
1484567049.081927000 0 0
1484567049.085693000 10959 0
1484567240.937419000 0 17411
1484567259.001433000 0 72901
1484567259.014815000 0 0
1484567259.014206000 0 0
1484567263.659296000 0 16205
1484567263.669734000 0 0
1484567263.668579000 0 0
1484567320.671525000 0 0
1484567320.677810000 0 377
1484567324.730058000 0 0
1484567324.756023000 0 0
1484567324.759846000 0 0
1484567336.806297000 0 70472
1484567336.818047000 0 0
1484567336.817493000 0 0
1484567336.826058000 0 0
1484567336.825519000 0 0
1484567336.860884000 0 0
1484567324.749763000 0 32768
1484567336.869888000 0 0
1484567324.745173000 0 8304
1484567336.880618000 0 0
1484567349.123270000 0 0
1484567351.874419000 0 70500
1484567351.887123000 0 0
1484567351.886530000 0 0
1484567351.894909000 0 0
1484567351.894419000 0 0
1484567324.736939000 28672 8192
1484567349.129944000 10959 0
1484567559.080261000 0 72955
1484567559.090297000 0 0
1484567559.089439000 0 0
1484567563.706468000 0 16205
1484567563.717236000 0 0
1484567563.716035000 0 0
1484567620.704348000 0 0
1484567620.711066000 0 377
1484567622.942324000 0 17411
1484567649.159466000 0 0
1484567649.162099000 10959 0
1484567859.148895000 0 73009
1484567859.158260000 0 0
1484567859.157719000 0 0
1484567863.754581000 0 16205
1484567863.764276000 0 0
1484567863.763476000 0 0
1484567920.739045000 0 0
1484567920.746241000 0 377
1484567924.774306000 0 0
1484567924.796035000 0 0
1484567924.799830000 0 0
1484567936.821355000 0 0
1484567924.791443000 0 32768
1484567936.831203000 0 0
1484567924.788165000 0 8304
1484567936.844461000 0 0
1484567949.190173000 0 0
1484567924.781564000 28672 8192
1484567949.193239000 10959 0
1484567992.797669000 0 0
1484567992.803641000 986638 8630
1484568008.299473000 0 0
1484568008.307296000 0 0
1484568008.310533000 0 2840
1484568008.317227000 0 0
1484568008.319939000 0 0
1484568008.322149000 0 0
1484568008.302276000 0 0
1484568008.324403000 0 0
1484565233.845322000 0 100477
1484568008.340517000 0 0
1484568008.345001000 0 0
1484568008.354379000 0 0
1484568009.303992000 0 85
1484568009.312283000 0 0
1484568009.328814000 0 109
1484568009.336194000 0 0
1484568009.388603000 0 144
1484568009.395884000 0 0
1484568009.401578000 0 0
1484568009.401771000 0 0
1484564949.496058000 0 4096
1484568009.410565000 0 0
1484568009.411295000 0 0
1484568009.414565000 0 0
1484564949.493528000 0 0
1484568009.416612000 0 0
1484568009.420032000 0 0
1484568009.423107000 0 0
1484568009.424218000 0 0
1484568009.425400000 0 0
1484568009.427455000 0 0
1484568009.430090000 0 0
1484568009.432389000 0 0
1484568009.434487000 0 0
1484568009.436678000 0 0
1484568009.438837000 0 0
1484568009.415774000 0 10
1484568009.463935000 0 0
1484568009.466494000 0 0
1484568009.404896000 0 0
1484568009.468834000 0 0
1484564949.880065000 71543 140811
1484564953.739218000 0 220
1484564992.532519000 0 1162
1484565236.526598000 0 55536
1484568003.816103000 987742 2763
1484568008.362803000 0 5512
1484568009.491643000 0 71491
1484568010.133057000 0 1240
1484568010.139956000 0 175
1484568010.147590000 0 0
1484568010.153913000 0 0
1484564953.185700000 0 4096
1484568010.160658000 0 204
1484568010.161934000 0 0
1484568010.166583000 0 0
1484564953.182099000 0 0
1484568010.168994000 0 0
1484568010.174187000 0 0
1484568010.181918000 0 0
1484564953.157213000 0 4096
1484568010.189675000 0 0
1484568010.193486000 0 0
1484564953.153589000 0 0
1484568010.200496000 0 0
1484568010.204945000 0 0
1484568010.215751000 0 0
1484568010.219469000 0 65308
1484568010.247225000 0 0
1484568010.250393000 0 0
1484568010.208388000 0 0
1484568010.253244000 0 0
1484568010.362832000 0 0
1484564951.280883000 204081 7243
1484564951.252158000 21291 958
1484568010.402790000 0 6
1484568010.410215000 0 0
1484568010.415482000 0 0
1484564951.033679000 458423 140354
1484564953.196529000 0 0
1484564953.164198000 0 0
1484564955.156721000 98304 0
1484564951.789217000 98304 0
1484564951.273510000 2468 0
1484564951.262991000 35784 0
1484568025.918388000 0 0
1484568025.959685000 0 0
1484568025.963816000 0 0
1484568025.969912000 0 0
1484564946.898330000 0 0
1484565916.110502000 0 0
1484568027.773867000 0 0
1484568027.795161000 0 0
1484568027.803760000 0 0
1484568027.808845000 0 0
1484568027.826544000 0 122
1484568027.837368000 0 0
1484568027.835916000 0 16771
1484568027.835724000 0 0
1484568027.806882000 0 377
1484568027.846925000 0 0
1484568027.846325000 0 0
1484568027.854905000 0 0
1484568027.859388000 0 0
1484568027.899191000 0 146
1484568027.906631000 0 0
1484568027.906084000 0 0
1484568027.925746000 0 0
1484565519.671596000 0 32768
1484568027.933030000 0 0
1484565519.669027000 0 21099576
1484568027.936790000 0 17411
1484568027.939404000 0 181
1484568027.943666000 0 0
1484568027.945844000 0 0
1484568027.948875000 0 0
1484568027.948310000 0 0
1484568027.961465000 0 228
1484568027.962389000 0 0
1484565518.685403000 0 32768
1484568027.971197000 0 0
1484568027.970769000 0 0
1484565518.683113000 0 13793720
1484568027.970566000 0 0
1484568027.981313000 0 0
1484568027.980772000 0 259
1484568027.983696000 0 0
1484568027.991133000 0 0
1484568027.990572000 0 0
1484568027.998976000 0 288
1484568028.006268000 0 0
1484568028.005702000 0 0
1484568028.021647000 0 0
1484565520.142134000 0 32768
1484568028.028506000 0 0
1484565520.139742000 0 1488944
1484568028.037345000 0 0
1484568028.039950000 0 0
1484568028.044951000 0 0
1484568028.051608000 0 0
1484568028.059583000 0 0
1484568028.063248000 0 66624
1484568028.085396000 0 0
1484568028.088708000 0 0
1484568028.091364000 0 0
1484568028.048063000 0 0
1484568028.094081000 0 0
1484568028.124393000 0 6889
1484568028.132983000 0 0
1484568028.132210000 0 0
1484568028.142177000 0 0
1484563090.796549000 0 0
1484564948.446842000 360448 0
1484564949.449101000 267264 0
1484564949.489212000 98304 0
1484568009.450461000 1427 0
1484568009.455490000 2003 0
1484564947.612998000 6144 0
1484564947.235548000 282624 4096
1484564947.241914000 16384 4096
1484564953.175564000 229376 0
1484564953.146444000 98304 0
1484565519.831927000 0 0
1484565520.147565000 0 0
1484565517.729161000 0 0
1484565518.295376000 62824 0
1484565518.340787000 87809 0
1484565518.231790000 66770 0
1484568518.813063000 0 0
1484568518.822314000 0 0
1484568518.831476000 0 0
1484568518.840805000 0 0
1484568518.848962000 0 0
1484568519.481554000 282 0
1484568520.714775000 0 0
1484568520.717737000 0 0
1484568520.724051000 0 0
1484568522.136810000 0 0
1484568522.139197000 0 0
1484568522.144855000 0 0
1484568522.341850000 0 0
1484568522.346444000 0 0
1484568522.386226000 0 0
1484568522.398615000 0 0
1484568522.461662000 0 0
1484568522.464709000 0 0
1484568522.501763000 0 0
1484568522.504709000 0 0
1484568522.507619000 0 0
1484568522.507545000 0 0
1484568522.510087000 0 0
1484568522.510170000 0 0
1484568522.512012000 0 0
1484568522.514547000 0 0
1484568522.519370000 0 0
1484568522.521252000 0 0
1484568522.523532000 0 0
1484568522.529665000 0 0
1484568522.531782000 0 0
1484568519.654727000 111 0
1484568522.405331000 2267 0
1484568522.470571000 556 0
1484568522.513624000 504 0
1484568522.519821000 504 0
1484568522.536937000 398 0
1484568520.652839000 282 0
1484568522.556148000 36864 0
1484568523.054791000 2267 0
1484568522.867124000 13312 0
1484568522.896996000 14336 0
1484568522.916929000 19968 0
1484568522.963791000 14848 0
1484568522.971868000 10752 0
1484568523.094881000 0 0
1484568522.779373000 36864 0
1484568522.787987000 564 0
1484568592.329571000 0 0
1484568593.548067000 0 0
1484568593.551917000 0 0
1484568593.558978000 0 0
1484568593.567416000 0 0
1484568593.580029000 0 0
1484568593.585300000 0 0
1484568593.588306000 0 0
1484568593.593346000 0 0
1484568593.595967000 0 0
1484568593.601889000 0 0
1484568593.677653000 0 0
1484568593.718677000 0 0
1484568593.765463000 0 0
1484568593.768510000 0 0
1484568593.771327000 0 0
1484568593.775524000 0 0
1484568593.779074000 0 0
1484568593.818961000 0 0
1484568593.957160000 0 0
1484568594.160403000 0 0
1484568594.165252000 0 0
1484568594.168716000 0 0
1484568594.173193000 0 0
1484568594.176952000 0 0
1484568594.180559000 0 0
1484568594.311013000 0 0
1484568594.317695000 0 0
1484568594.541957000 0 0
1484568594.544537000 0 0
1484568594.546775000 0 0
1484568594.551385000 0 0
1484568594.558856000 0 0
1484568594.560985000 0 0
1484568594.563016000 0 0
1484568594.587944000 0 0
1484568595.269188000 0 0
1484568595.274332000 0 0
1484568595.282535000 0 0
1484568595.295827000 0 0
1484568595.312686000 0 0
1484568595.540668000 0 0
1484568595.599697000 0 0
1484568595.613780000 0 0
1484568595.618586000 0 18830
1484568595.797958000 0 0
1484568595.801780000 0 0
1484568595.604469000 18830 0
1484568595.608404000 0 0
1484568595.805125000 0 0
1484568595.857608000 0 0
1484568596.209978000 0 0
1484568596.227488000 0 0
1484568596.231135000 0 2
1484568596.238591000 0 0
1484568596.241162000 0 0
1484568595.279909000 2 0
1484568596.220315000 0 0
1484568596.243612000 0 0
1484568596.975096000 1081344 0
1484568597.006327000 0 0
1484568597.263923000 0 0
1484568597.326247000 0 0
1484568597.403011000 0 0
1484568597.520024000 0 53
1484568595.925113000 288 0
1484568597.527925000 0 0
1484568598.449510000 0 0
1484568598.498622000 0 0
1484568598.815125000 0 0
1484568598.821491000 0 0
1484568599.191412000 0 0
1484568599.194534000 0 0
1484568599.197053000 0 0
1484568599.213266000 0 0
1484568599.217004000 0 0
1484568599.219228000 0 0
1484568599.216111000 0 0
1484568599.211461000 0 0
1484568599.237086000 0 0
1484568599.243593000 0 0
1484568599.233571000 0 4096
1484568599.254334000 0 0
1484568599.231116000 0 0
1484568599.263129000 0 0
1484568599.262846000 0 0
1484568599.265839000 0 0
1484568599.513979000 0 0
1484568599.668919000 0 90
1484568599.676827000 0 0
1484568599.744633000 0 0
1484568601.049422000 0 0
1484568601.057209000 0 0
1484568601.060657000 0 0
1484568601.062601000 0 0
1484568601.059645000 0 0
1484568601.067630000 0 0
1484568601.056384000 0 0
1484568601.070540000 0 0
1484568601.077212000 0 0
1484568601.080502000 0 0
1484568601.082593000 0 0
1484568601.079668000 0 0
1484568601.087570000 0 0
1484568601.076410000 0 0
1484568601.090483000 0 0
1484568601.097557000 0 0
1484568601.101437000 0 0
1484568601.103840000 0 0
1484568601.100437000 0 0
1484568601.109839000 0 0
1484568601.096626000 0 0
1484568601.113505000 0 0
1484568601.121326000 0 0
1484568601.125155000 0 0
1484568601.127644000 0 0
1484568601.124126000 0 0
1484568601.133279000 0 0
1484568601.120404000 0 0
1484568601.136355000 0 0
1484568601.143733000 0 0
1484568601.147034000 0 0
1484568601.149077000 0 0
1484568601.146193000 0 0
1484568601.154110000 0 0
1484568601.142941000 0 0
1484568601.157085000 0 0
1484568601.163991000 0 0
1484568601.167255000 0 0
1484568601.169276000 0 0
1484568601.166388000 0 0
1484568601.174477000 0 0
1484568601.163180000 0 0
1484568601.177493000 0 0
1484568601.184821000 0 0
1484568601.188769000 0 0
1484568601.190822000 0 0
1484568601.187924000 0 0
1484568601.196219000 0 0
1484568601.183790000 0 0
1484568601.199336000 0 0
1484568601.206467000 0 0
1484568601.209875000 0 0
1484568601.212133000 0 0
1484568601.208969000 0 0
1484568601.217548000 0 0
1484568601.205614000 0 0
1484568601.220518000 0 0
1484568601.227461000 0 0
1484568601.230853000 0 0
1484568601.232838000 0 0
1484568601.234968000 0 0
1484568601.237234000 0 0
1484568601.229868000 0 0
1484568601.242300000 0 0
1484568601.246334000 0 0
1484568601.226750000 0 0
1484568601.249211000 0 0
1484568601.256346000 0 0
1484568601.259619000 0 0
1484568601.261792000 0 0
1484568601.264228000 0 0
1484568601.258690000 0 0
1484568601.255447000 0 0
1484568601.268779000 0 0
1484568601.276015000 0 0
1484568601.278299000 0 0
1484568601.275178000 0 0
1484568601.281254000 0 0
1484568601.288409000 0 0
1484568601.292001000 0 0
1484568601.294095000 0 0
1484568601.296011000 0 0
1484568601.298281000 0 0
1484568601.291113000 0 0
1484568601.303542000 0 0
1484568601.306053000 0 0
1484568601.308685000 0 0
1484568601.418285000 0 0
1484568601.420559000 0 0
1484568601.423511000 0 0
1484568601.425764000 0 0
1484568601.427864000 0 0
1484568601.429979000 0 0
1484568601.432328000 0 0
1484568601.434487000 0 0
1484568601.436753000 0 0
1484568601.417183000 0 0
1484568601.287624000 0 0
1484568601.441772000 0 0
1484568601.448741000 0 0
1484568601.451870000 0 0
1484568601.453831000 0 0
1484568601.451106000 0 0
1484568601.458769000 0 0
1484568601.447937000 0 0
1484568601.461738000 0 0
1484568601.468691000 0 0
1484568601.471815000 0 0
1484568601.474030000 0 0
1484568601.471043000 0 0
1484568601.479160000 0 0
1484568601.467902000 0 0
1484568601.482405000 0 0
1484568601.488929000 0 0
1484568601.492770000 0 0
1484568601.495465000 0 0
1484568601.498228000 0 0
1484568601.491648000 0 0
1484568601.488155000 0 0
1484568601.502591000 0 0
1484568601.509420000 0 0
1484568601.512967000 0 0
1484568601.514953000 0 0
1484568601.512175000 0 0
1484568601.520325000 0 0
1484568601.508692000 0 0
1484568601.048570000 0 0
1484568601.524341000 0 0
1484568601.530027000 0 0
1484568601.537033000 0 0
1484568601.539744000 0 0
1484568601.536127000 0 0
1484568601.543289000 0 0
1484568601.550032000 0 0
1484568601.552492000 0 0
1484568601.549212000 0 0
1484568601.555458000 0 0
1484568601.562271000 0 0
1484568601.564672000 0 0
1484568601.561473000 0 0
1484568601.567683000 0 0
1484568601.574416000 0 0
1484568601.577759000 0 0
1484568601.579820000 0 0
1484568601.581966000 0 0
1484568601.584111000 0 0
1484568601.586192000 0 0
1484568601.588416000 0 0
1484568601.590423000 0 0
1484568601.576849000 0 0
1484568601.573672000 0 0
1484568601.594615000 0 0
1484568601.601087000 0 0
1484568601.604359000 0 0
1484568601.606315000 0 0
1484568601.608284000 0 0
1484568601.610296000 0 0
1484568601.612292000 0 0
1484568601.614327000 0 0
1484568601.616382000 0 0
1484568601.618444000 0 0
1484568601.620921000 0 0
1484568601.623509000 0 0
1484568601.625680000 0 0
1484568601.627831000 0 0
1484568601.603375000 0 0
1484568601.600439000 0 0
1484568601.632270000 0 0
1484568601.639531000 0 0
1484568601.643498000 0 0
1484568601.645963000 0 0
1484568601.648490000 0 0
1484568601.651010000 0 0
1484568601.642349000 0 0
1484568601.638471000 0 0
1484568601.529285000 0 0
1484568601.656931000 0 0
1484568601.659367000 0 0
1484568601.677514000 0 0
1484568601.683077000 0 0
1484568601.673892000 0 4096
1484568601.690708000 0 0
1484568601.671341000 0 0
1484568601.699621000 0 0
1484568601.716586000 0 0
1484568601.723215000 0 0
1484568601.727941000 0 0
1484568601.719321000 0 4096
1484568601.736981000 0 0
1484568601.716768000 0 0
1484568601.746452000 0 0
1484568604.342169000 0 0
1484568604.346300000 0 0
1484568611.689876000 0 0
1484568599.509310000 0 4096
1484568611.698089000 0 0
1484568611.701683000 0 0
1484568599.506060000 0 0
1484568611.708157000 0 0
1484568597.267509000 0 0
1484568612.574515000 0 0
1484568597.542586000 16771 0
1484568612.573999000 0 0
1484568612.582403000 0 0
1484568612.587811000 0 0
1484568612.586979000 0 0
1484568612.595359000 0 17445
1484568612.603738000 0 0
1484568614.837729000 0 0
1484568593.545219000 282 0
1484568593.565117000 10 0
1484568593.573944000 10 0
1484568593.582855000 111 0
1484568593.611559000 208 0
1484568593.729545000 66624 0
1484568593.964426000 16384 0
1484568594.139258000 17411 0
1484568619.079842000 0 0
1484568620.835920000 0 164392
1484568621.125257000 0 0
1484568627.251799000 0 0
1484568627.267143000 0 0
1484568627.283940000 0 0
1484568627.290470000 0 66702
1484568627.328833000 0 0
1484568627.335618000 0 0
1484568627.340891000 0 0
1484568627.258833000 0 0
1484568627.345486000 0 0
1484568627.638304000 0 19239
1484568627.652195000 0 0
1484568627.664094000 0 0
1484568594.568742000 185 0
1484568595.318648000 8416 0
1484568595.546365000 237378 0
1484568596.040894000 116 0
1484568596.215879000 3942 0
1484568596.223066000 17587 0
1484568596.335097000 309 0
1484568597.274145000 22978 0
1484568597.874496000 5470 0
1484568598.502254000 377 0
1484568598.822979000 38717 0
1484568596.345986000 25 0
1484568599.208851000 29 0
1484568600.160174000 55 0
1484568601.054564000 50 0
1484568601.074769000 66 0
1484568601.094843000 50 0
1484568601.118167000 50 0
1484568601.140747000 52 0
1484568601.161488000 58 0
1484568601.181984000 46 0
1484568601.203778000 59 0
1484568601.224948000 39 0
1484568601.253623000 54 0
1484568601.273476000 47 0
1484568601.285732000 53 0
1484568601.446242000 47 0
1484568601.466240000 67 0
1484568601.486518000 51 0
1484568601.506919000 57 0
1484568601.534155000 70 0
1484568601.547449000 67 0
1484568601.559775000 43 0
1484568601.571805000 45 0
1484568601.598670000 39 0
1484568601.636357000 53 0
1484568601.734096000 4096 0
1484568601.741936000 4096 0
1484568601.712726000 40960 0
1484568636.137754000 0 164392
1484568636.160763000 0 0
1484568610.991004000 14824 0
1484568599.228242000 40960 0
1484568601.746404000 23221 0
1484568601.730575000 87736 0
1484568601.737602000 988286 0
1484568601.750698000 1574 0
1484568642.683501000 0 22191
1484568642.693141000 0 0
1484568642.700662000 0 0
1484568649.399315000 0 0
1484568649.700272000 0 0
1484568649.733183000 0 0
1484568649.736967000 0 0
1484568649.742702000 0 0
1484568651.595727000 0 0
1484568651.603962000 0 0
1484568651.613869000 0 0
1484568651.620777000 0 0
1484568651.643187000 0 66
1484568651.634740000 66 0
1484568651.650735000 0 0
1484568652.600544000 0 0
1484568601.712600000 0 32768
1484568652.610581000 0 0
1484568601.710131000 0 424600
1484568652.625010000 0 0
1484568654.719420000 0 0
1484568654.737866000 0 137
1484568654.745170000 0 0
1484568654.724806000 137 0
1484568654.744724000 0 0
1484568654.754815000 0 0
1484568654.759491000 0 0
1484568654.767206000 0 0
1484568654.771230000 0 15600
1484568654.779423000 0 0
1484568654.778986000 0 0
1484568654.786459000 0 0
1484568654.789745000 0 0
1484568654.792911000 0 0
1484568654.796022000 0 0
1484568654.799421000 0 0
1484568654.802661000 0 0
1484568654.805947000 0 0
1484568654.808973000 0 0
1484568654.823156000 0 0
1484568654.827180000 0 0
1484568654.842186000 0 0
1484568654.852589000 0 0
1484568654.862488000 0 0
1484568654.869954000 0 0
1484568654.877080000 0 0
1484568654.884318000 0 0
1484568654.898623000 0 0
1484568654.903325000 0 0
1484568654.907747000 0 0
1484568654.911604000 0 0
1484568654.916032000 0 0
1484568654.919235000 0 0
1484568654.922844000 0 0
1484568654.926205000 0 0
1484568654.929275000 0 0
1484568654.932863000 0 0
1484568654.936189000 0 0
1484568654.939211000 0 0
1484568654.944174000 0 0
1484568654.949349000 0 0
1484568654.954819000 0 0
1484568654.960985000 0 0
1484568654.966188000 0 0
1484568654.970756000 0 0
1484568654.976187000 0 0
1484568654.981280000 0 0
1484568654.986921000 0 0
1484568654.992409000 0 0
1484568654.997807000 0 0
1484568655.002389000 0 0
1484568655.006019000 0 0
1484568655.010042000 0 0
1484568655.013397000 0 0
1484568655.019517000 0 0
1484568655.023676000 0 0
1484568655.027203000 0 0
1484568655.031479000 0 0
1484568655.034726000 0 0
1484568655.040169000 0 0
1484568655.043569000 0 0
1484568655.047485000 0 0
1484568655.050864000 0 0
1484568655.054949000 0 0
1484568655.058991000 0 0
1484568655.062854000 0 0
1484568655.066676000 0 0
1484568655.071418000 0 0
1484568655.075420000 0 0
1484568655.079862000 0 0
1484568655.084309000 0 0
1484568655.088883000 0 0
1484568655.094056000 0 0
1484568655.098140000 0 0
1484568655.102752000 0 0
1484568655.107267000 0 0
1484568655.111986000 0 0
1484568655.116280000 0 0
1484568655.120240000 0 0
1484568655.123884000 0 0
1484568655.127217000 0 0
1484568655.130693000 0 0
1484568655.134245000 0 0
1484568655.137509000 0 0
1484568655.143482000 0 0
1484568655.146755000 0 0
1484568655.150055000 0 0
1484568655.153270000 0 0
1484568655.156980000 0 0
1484568655.160079000 0 0
1484568655.163266000 0 0
1484568655.166504000 0 0
1484568655.169778000 0 0
1484568655.173464000 0 0
1484568655.176685000 0 0
1484568655.180050000 0 0
1484568655.183597000 0 0
1484568655.187157000 0 0
1484568655.190379000 0 0
1484568655.193441000 0 0
1484568655.196593000 0 0
1484568655.199673000 0 0
1484568655.202700000 0 0
1484568655.205791000 0 0
1484568655.209044000 0 0
1484568655.212216000 0 0
1484568655.215275000 0 0
1484568655.218402000 0 0
1484568655.221551000 0 0
1484568655.224795000 0 0
1484568655.228100000 0 0
1484568655.231250000 0 0
1484568655.234448000 0 0
1484568655.237999000 0 0
1484568655.243571000 0 0
1484568655.246993000 0 0
1484568655.250705000 0 0
1484568655.254165000 0 0
1484568655.257554000 0 0
1484568655.260816000 0 0
1484568655.263928000 0 0
1484568655.267060000 0 0
1484568655.270264000 0 0
1484568655.273633000 0 0
1484568655.276935000 0 0
1484568655.280084000 0 0
1484568655.283202000 0 0
1484568655.286380000 0 0
1484568655.289752000 0 0
1484568655.292970000 0 0
1484568655.296474000 0 0
1484568655.299592000 0 0
1484568655.302796000 0 0
1484568655.306486000 0 0
1484568655.309572000 0 0
1484568655.312794000 0 0
1484568655.316367000 0 0
1484568655.319575000 0 0
1484568655.322956000 0 0
1484568655.326267000 0 0
1484568655.329438000 0 0
1484568655.332808000 0 0
1484568655.336179000 0 0
1484568655.341513000 0 0
1484568655.344643000 0 0
1484568655.347880000 0 0
1484568655.351119000 0 0
1484568655.354516000 0 0
1484568655.357731000 0 0
1484568655.361117000 0 0
1484568655.364316000 0 0
1484568655.367518000 0 0
1484568655.370657000 0 0
1484568655.373992000 0 0
1484568655.377068000 0 0
1484568655.380279000 0 0
1484568655.383864000 0 0
1484568655.387075000 0 0
1484568655.390726000 0 0
1484568655.393860000 0 0
1484568655.397104000 0 0
1484568655.400202000 0 0
1484568655.403645000 0 0
1484568655.407047000 0 0
1484568655.410249000 0 0
1484568655.413447000 0 0
1484568655.416563000 0 0
1484568655.419816000 0 0
1484568655.423299000 0 0
1484568655.426460000 0 0
1484568655.429569000 0 0
1484568655.433116000 0 0
1484568655.436361000 0 0
1484568655.441604000 0 0
1484568655.444990000 0 0
1484568655.448247000 0 0
1484568655.451408000 0 0
1484568655.454761000 0 0
1484568655.458000000 0 0
1484568655.461251000 0 0
1484568655.464634000 0 0
1484568655.468737000 0 0
1484568655.472157000 0 0
1484568655.475248000 0 0
1484568655.478867000 0 0
1484568655.482605000 0 0
1484568655.485747000 0 0
1484568655.488840000 0 0
1484568655.492539000 0 0
1484568655.495888000 0 0
1484568655.499072000 0 0
1484568655.502462000 0 0
1484568655.505639000 0 0
1484568655.508914000 0 0
1484568655.512236000 0 0
1484568655.515436000 0 0
1484568655.518757000 0 0
1484568655.522266000 0 0
1484568655.525771000 0 0
1484568655.528943000 0 0
1484568655.532527000 0 0
1484568655.535825000 0 0
1484568655.538904000 0 0
1484568655.544802000 0 0
1484568655.548087000 0 0
1484568655.551133000 0 0
1484568655.554436000 0 0
1484568655.557725000 0 0
1484568655.561258000 0 0
1484568655.564628000 0 0
1484568655.567778000 0 0
1484568655.571125000 0 0
1484568655.574193000 0 0
1484568655.577567000 0 0
1484568655.580895000 0 0
1484568655.584093000 0 0
1484568655.587746000 0 0
1484568655.591007000 0 0
1484568655.594487000 0 0
1484568655.597687000 0 0
1484568655.600900000 0 0
1484568655.604204000 0 0
1484568655.607419000 0 0
1484568655.611062000 0 0
1484568655.614282000 0 0
1484568655.617635000 0 0
1484568655.621104000 0 0
1484568655.624225000 0 0
1484568655.627515000 0 0
1484568655.630797000 0 0
1484568655.633997000 0 0
1484568655.637249000 0 0
1484568655.642446000 0 0
1484568655.646118000 0 0
1484568655.649429000 0 0
1484568655.652690000 0 0
1484568655.655873000 0 0
1484568655.659128000 0 0
1484568655.662357000 0 0
1484568655.665603000 0 0
1484568655.668710000 0 0
1484568655.671998000 0 0
1484568655.675233000 0 0
1484568655.678646000 0 0
1484568655.681880000 0 0
1484568655.685090000 0 0
1484568655.688240000 0 0
1484568655.691440000 0 0
1484568655.694684000 0 0
1484568655.697920000 0 0
1484568655.701175000 0 0
1484568655.704437000 0 0
1484568655.707495000 0 0
1484568655.710921000 0 0
1484568655.714133000 0 0
1484568655.717216000 0 0
1484568655.720332000 0 0
1484568655.723753000 0 0
1484568655.727456000 0 0
1484568655.731416000 0 0
1484568655.735176000 0 0
1484568655.738266000 0 0
1484568655.743813000 0 0
1484568655.747034000 0 0
1484568655.750091000 0 0
1484568655.753269000 0 0
1484568655.756560000 0 0
1484568655.759729000 0 0
1484568655.762933000 0 0
1484568655.766085000 0 0
1484568655.769340000 0 0
1484568655.772530000 0 0
1484568655.775709000 0 0
1484568655.778798000 0 0
1484568655.781954000 0 0
1484568655.785163000 0 0
1484568655.788207000 0 0
1484568655.791403000 0 0
1484568655.794524000 0 0
1484568655.797544000 0 0
1484568655.800710000 0 0
1484568655.804025000 0 0
1484568655.807235000 0 0
1484568655.810335000 0 0
1484568655.814099000 0 0
1484568655.817301000 0 0
1484568655.821020000 0 0
1484568655.824206000 0 0
1484568655.827538000 0 0
1484568655.830795000 0 0
1484568655.833988000 0 0
1484568655.837667000 0 0
1484568655.842746000 0 0
1484568655.846318000 0 0
1484568655.849490000 0 0
1484568655.852772000 0 0
1484568655.856176000 0 0
1484568655.859421000 0 0
1484568655.862716000 0 0
1484568655.866292000 0 0
1484568655.869458000 0 0
1484568655.872604000 0 0
1484568655.875974000 0 0
1484568655.879249000 0 0
1484568655.882519000 0 0
1484568655.885816000 0 0
1484568655.889028000 0 0
1484568655.892361000 0 0
1484568655.895493000 0 0
1484568655.899147000 0 0
1484568657.737483000 0 23385
1484568657.750171000 0 0
1484568657.761032000 0 0
1484568667.970113000 0 0
1484568649.751459000 398 0
1484568601.668312000 385024 258048
1484568654.819257000 51 0
1484568709.386220000 0 0
1484568709.416839000 0 0
1484568709.421851000 0 0
1484568721.454041000 0 0
1484568709.408707000 0 32768
1484568721.463094000 0 0
1484568709.403706000 0 12424
1484568721.475077000 0 0
1484568709.393960000 32768 12288
1484568791.228780000 0 0
1484568791.232888000 0 0
1484568798.193844000 0 0
1484568798.219076000 0 0
1484568798.222489000 0 0
1484568812.363453000 0 0
1484568818.012588000 0 0
1484568818.016065000 0 0
1484568818.019690000 0 0
1484568818.026854000 0 0
1484568818.033872000 0 0
1484568818.035797000 0 0
1484568818.038287000 0 0
1484568818.040231000 0 0
1484568818.048963000 0 0
1484568818.050949000 0 0
1484568818.056265000 0 0
1484568818.058189000 0 0
1484568818.065035000 0 0
1484568818.067093000 0 0
1484568822.384718000 0 0
1484568798.213650000 0 32768
1484568822.394388000 0 0
1484568798.209510000 0 230768
1484568822.406945000 0 0
1484568825.228476000 0 0
1484568825.253454000 0 0
1484568825.256634000 0 0
1484568832.793886000 0 22998
1484568832.806872000 0 0
1484568832.805658000 0 0
1484568832.818045000 0 0
1484568832.816731000 0 0
1484568834.811013000 0 0
1484568837.276866000 0 0
1484568825.247539000 0 32768
1484568837.285881000 0 0
1484568825.242788000 0 8304
1484568837.302657000 0 0
1484568818.025508000 556 0
1484568818.029649000 504 0
1484568818.044777000 504 0
1484568818.060295000 398 0
1484568817.973116000 564 0
1484568858.463480000 0 26209
1484568858.473914000 0 0
1484568858.473191000 0 0
1484568858.483469000 0 0
1484568858.482467000 0 0
1484568798.200515000 237568 167936
1484568869.362605000 0 0
1484568873.484236000 0 24399
1484568873.497767000 0 0
1484568873.496071000 0 0
1484568873.508261000 0 0
1484568873.506565000 0 0
1484568877.104834000 0 0
1484568877.107377000 0 0
1484568877.097149000 0 0
1484568877.149750000 0 0
1484568877.151563000 0 0
1484568877.153217000 0 0
1484568877.158043000 0 0
1484568877.160138000 0 0
1484568877.161562000 0 0
1484568877.167192000 0 0
1484568877.184329000 0 0
1484568877.187463000 0 0
1484568877.198263000 0 0
1484568877.200595000 0 0
1484568877.202936000 0 0
1484568881.910477000 0 164392
1484568881.937060000 0 0
1484568881.959073000 0 0
1484568881.961115000 0 0
1484568881.966189000 0 0
1484568881.968159000 0 0
1484568887.181277000 0 0
1484568887.192621000 0 0
1484568887.200832000 0 0
1484568887.205825000 0 0
1484568887.221550000 0 122
1484568887.229144000 0 0
1484568887.229490000 0 18819
1484568887.228669000 0 0
1484568887.239090000 0 0
1484568887.240838000 0 0
1484568887.240389000 0 0
1484568887.247128000 0 0
1484568887.250812000 0 0
1484568887.204253000 0 377
1484568887.264934000 0 146
1484568887.272502000 0 0
1484568887.271958000 0 0
1484568887.281765000 0 193
1484568887.288960000 0 0
1484568887.288395000 0 0
1484568887.455952000 0 228
1484568887.466755000 0 0
1484568887.466240000 0 0
1484568887.473347000 0 0
1484568597.001881000 0 32768
1484568887.479692000 0 17411
1484568887.481811000 0 259
1484568887.483576000 0 0
1484568596.998830000 0 3869096
1484568887.491841000 0 0
1484568887.491379000 0 0
1484568887.496610000 0 0
1484568887.498862000 0 0
1484568887.501242000 0 4002
1484568887.510874000 0 0
1484568887.510155000 0 0
1484568887.530680000 0 288
1484568887.537797000 0 0
1484568887.538832000 0 0
1484568595.291493000 0 32768
1484568887.538261000 0 0
1484568887.545315000 0 0
1484568595.289087000 0 7526760
1484568887.553421000 0 0
1484568887.555681000 0 0
1484568887.569819000 0 0
1484568597.338444000 0 32768
1484568887.576964000 0 0
1484568597.335250000 0 1001128
1484568887.585926000 0 0
1484568887.588399000 0 0
1484568887.593273000 0 0
1484568887.601148000 0 0
1484568887.609643000 0 0
1484568887.613346000 0 66762
1484568887.686035000 0 0
1484568887.692819000 0 0
1484568887.698164000 0 0
1484568887.597027000 0 0
1484568887.702726000 0 0
1484568887.758546000 0 6868
1484568887.768478000 0 0
1484568887.767353000 0 0
1484568887.779518000 0 0
1484568889.888550000 0 0
1484568869.370741000 8416 0
1484568597.323399000 0 0
1484568597.344379000 0 0
1484568593.591578000 0 0
1484568877.095634000 282 0
1484568877.165036000 398 0
1484568877.165559000 556 0
1484568877.170339000 504 0
1484568877.205774000 504 0
1484568594.472940000 62824 0
1484568594.531332000 87809 0
1484568594.385290000 66770 0
1484568887.245167000 53 53
1484568614.844505000 196608 327680
1484568594.592831000 65536 0
1484568594.085662000 806912 57344
1484568594.091763000 8192 4096
1484568596.992633000 1081344 1540096
1484568595.285535000 1605632 5832704
1484568597.328868000 4849664 229376
1484568595.862991000 229376 163840
1484568922.230682000 0 0
1484568924.025548000 0 0
1484568924.028288000 0 0
1484568924.032319000 0 0
1484568924.050471000 0 0
1484568924.054189000 0 0
1484568924.067189000 0 0
1484568924.069585000 0 0
1484568924.071537000 0 0
1484568924.076397000 0 0
1484568924.084538000 0 0
1484568924.086531000 0 0
1484568924.088705000 0 0
1484568924.087527000 0 0
1484568924.098986000 0 0
1484568924.100863000 0 0
1484568924.109153000 0 0
1484568924.111609000 0 0
1484568919.702293000 282 0
1484568924.073826000 556 0
1484568924.079637000 504 0
1484568924.092788000 504 0
1484568924.103284000 398 0
1484568944.334472000 0 0
1484568944.419912000 0 0
1484568951.281362000 0 0
1484568951.284393000 111 0
1484568951.287179000 208 0
1484568951.447769000 0 0
1484568951.591455000 0 0
1484568951.594660000 0 0
1484568951.597852000 0 0
1484568951.603421000 0 0
1484568951.605508000 0 0
1484568951.607484000 0 0
1484568951.609706000 0 0
1484568951.618581000 0 0
1484568951.621000000 0 0
1484568951.623920000 0 0
1484568953.436801000 282 0
1484568987.472085000 0 0
1484568987.474385000 111 0
1484568987.476248000 208 0
1484568990.847801000 0 0
1484568990.850678000 0 0
1484568990.853844000 0 0
1484568990.857600000 0 0
1484568990.864740000 0 0
1484568990.866675000 0 0
1484568990.868565000 0 0
1484568990.878299000 0 0
1484568990.880373000 0 0
1484568990.886428000 0 0
1484568990.888221000 0 0
1484568990.890199000 0 0
1484568990.898919000 0 0
1484568990.901804000 0 0
1484568990.800865000 282 0
1484568990.856328000 556 0
1484568990.860427000 504 0
1484568990.873337000 504 0
1484568990.892708000 398 0
1484568522.349689000 0 0
