1484564564.813785000 0 0
1484564564.820422000 0 0
1484564564.826266000 0 0
1484564564.832334000 0 0
1484564564.838237000 0 0
1484564565.431352000 282 0
1484564565.600617000 0 0
1484564565.603513000 0 0
1484564565.611643000 0 0
1484564565.563189000 282 0
1484564566.521839000 0 0
1484564566.525018000 0 0
1484564566.531193000 0 0
1484564566.558340000 0 0
1484564566.639601000 0 0
1484564566.580742000 0 0
1484564566.654380000 0 0
1484564566.656741000 0 0
1484564566.658285000 0 0
1484564566.661178000 0 0
1484564566.670231000 0 0
1484564566.672789000 0 0
1484564566.683190000 0 0
1484564566.687454000 0 0
1484564566.693134000 0 0
1484564566.696570000 0 0
1484564566.699705000 0 0
1484564566.703336000 0 0
1484564566.707158000 0 0
1484564566.709081000 0 0
1484564566.726152000 0 0
1484564566.636402000 2359 0
1484564566.630787000 2565 0
1484564566.615816000 2343 0
1484564565.746387000 111 0
1484564566.610208000 474 0
1484564566.642306000 430 0
1484564566.651334000 129 0
1484564566.667582000 129 0
1484564566.668219000 570 0
1484564566.681079000 129 0
1484564566.591402000 395 0
1484564566.703636000 0 0
1484564566.703308000 0 0
1484564566.704914000 129 0
1484564566.710969000 0 0
1484564566.712588000 504 0
1484564566.723439000 129 0
1484564566.504837000 564 0
1484564695.406288000 0 0
1484564696.087124000 0 0
1484564696.090753000 0 0
1484564696.096917000 0 0
1484564696.103810000 0 0
1484564696.117243000 0 0
1484564696.131714000 0 0
1484564696.134080000 0 0
1484564696.138929000 0 0
1484564696.141724000 0 0
1484564696.147393000 0 0
1484564696.209027000 0 0
1484564696.236395000 0 0
1484564696.252774000 0 0
1484564696.294042000 0 0
1484564696.337299000 0 0
1484564696.340160000 0 0
1484564696.343046000 0 0
1484564696.345772000 0 0
1484564696.348207000 0 0
1484564696.380978000 0 0
1484564696.395892000 0 0
1484564696.399303000 0 0
1484564696.443397000 0 0
1484564696.449695000 0 0
1484564696.510881000 0 0
1484564696.629025000 0 0
1484564696.672820000 0 0
1484564696.814035000 0 0
1484564696.937911000 0 0
1484564697.126025000 0 0
1484564697.129934000 0 18830
1484564697.317617000 0 0
1484564697.320879000 0 0
1484564697.112786000 18830 0
1484564697.119673000 0 0
1484564697.324039000 0 0
1484564697.427438000 0 0
1484564697.486490000 0 0
1484564697.596582000 0 0
1484564697.623548000 0 0
1484564697.688927000 0 0
1484564697.814665000 0 0
1484564698.016103000 0 0
1484564698.018775000 0 0
1484564698.048286000 7168 0
1484564698.067175000 0 0
1484564698.102820000 0 0
1484564698.109761000 0 0
1484564698.348174000 0 0
1484564698.352283000 0 2
1484564698.361528000 0 0
1484564698.364750000 0 0
1484564698.115700000 2 0
1484564698.338779000 0 0
1484564698.368148000 0 0
1484564698.410137000 0 0
1484564698.420842000 0 0
1484564698.425469000 0 0
1484564698.440476000 0 0
1484564698.424014000 0 0
1484564698.444600000 0 0
1484564698.449265000 0 0
1484564698.452235000 0 0
1484564698.455041000 0 0
1484564698.447696000 0 0
1484564698.459140000 0 0
1484564698.462442000 0 0
1484564698.464967000 0 0
1484564698.467799000 0 0
1484564698.530114000 0 0
1484564698.538597000 0 0
1484564698.541492000 0 0
1484564698.544657000 0 0
1484564698.547621000 0 0
1484564698.550395000 0 0
1484564699.173842000 0 0
1484564699.200003000 0 0
1484564699.267555000 0 0
1484564699.275993000 0 0
1484564699.503450000 0 53
1484564697.425609000 204 0
1484564699.512226000 0 0
1484564700.319478000 0 0
1484564700.325954000 0 0
1484564696.632503000 0 0
1484564713.777395000 0 0
1484564713.787239000 0 0
1484564716.709555000 0 0
1484564716.713376000 0 0
1484564696.082935000 282 0
1484564696.101764000 10 0
1484564696.113100000 10 0
1484564696.129978000 111 0
1484564696.165159000 208 0
1484564696.244959000 30082 0
1484564696.267512000 4431 0
1484564696.305891000 16384 0
1484564696.327346000 319 0
1484564696.476315000 497 0
1484564696.648826000 11085 0
1484564696.797137000 12029 0
1484564696.841162000 208787 0
1484564697.446823000 32768 0
1484564697.619477000 7624 0
1484564697.632981000 8 0
1484564697.695076000 504 0
1484564697.753939000 7636 0
1484564697.828642000 6818 0
1484564698.416197000 6247 0
1484564698.527515000 188 0
1484564699.179586000 359 0
1484564699.215288000 27 0
1484564699.530798000 9188 0
1484564697.864281000 25 0
1484564699.572426000 9833 0
1484564699.580954000 55 0
1484564728.409136000 0 6818
1484564728.423538000 0 0
1484564753.514639000 0 0
1484564753.531290000 0 0
1484564753.548621000 0 0
1484564753.556903000 0 0
1484564753.596308000 0 66
1484564753.585065000 66 0
1484564753.604874000 0 0
1484564756.561286000 0 0
1484564756.600030000 0 137
1484564756.609286000 0 0
1484564756.577573000 137 0
1484564756.608234000 0 0
1484564756.621066000 0 0
1484564756.646436000 0 0
1484564756.656257000 0 9983
1484564756.667151000 0 0
1484564756.666021000 0 0
1484564772.515679000 0 0
1484564756.686588000 51 0
1484564822.280038000 0 0
1484564822.310491000 817230 6164
1484564978.832393000 0 0
1484564978.869474000 0 0
1484564978.874008000 0 0
1484564978.882740000 0 0
1484564978.891786000 0 0
1484564987.284469000 0 0
1484564991.664850000 0 0
1484564991.787441000 0 0
1484564991.793669000 0 0
1484564991.802944000 0 0
1484564978.687338000 395 0
1484564978.695082000 0 0
1484564997.566962000 0 0
1484564999.197808000 0 364
1484564999.213747000 0 0
1484564999.212058000 0 0
1484565000.329148000 0 319
1484564978.889571000 570 0
1484564978.906053000 504 0
1484564978.830105000 282 0
1484564997.573650000 23196 0
1484565056.701242000 0 9987
1484565056.712486000 0 0
1484565056.711220000 0 0
1484565083.857846000 0 0
1484565297.599125000 0 0
1484564698.535643000 1875 0
1484565307.324788000 0 0
1484565307.369973000 0 0
1484565307.373595000 0 0
1484565307.381894000 0 0
1484565307.413121000 0 0
1484565307.415687000 0 0
1484565297.606502000 23196 0
1484565286.168994000 564 0
1484565307.384734000 570 0
1484565356.718782000 0 9988
1484565356.730543000 0 0
1484565356.728965000 0 0
1484565597.621583000 0 0
1484565597.628608000 23196 0
1484565656.741811000 0 9988
1484565656.752341000 0 0
1484565656.751125000 0 0
1484565897.654992000 0 0
1484565897.659820000 23196 0
1484565956.762151000 0 9991
1484565956.774992000 0 0
1484565956.773828000 0 0
1484566002.557687000 0 0
1484566197.681700000 0 0
1484566197.686802000 23196 0
1484566256.790537000 0 9991
1484566256.802827000 0 0
1484566256.801635000 0 0
1484566497.709979000 0 0
1484566497.714327000 23196 0
1484566556.816405000 0 9991
1484566556.829536000 0 0
1484566556.828378000 0 0
1484566797.731059000 0 0
1484566797.734678000 23196 0
1484566856.834353000 0 9991
1484566856.844514000 0 0
1484566856.843480000 0 0
1484567097.751466000 0 0
1484567097.755759000 23196 0
1484567156.839953000 0 9991
1484567156.850979000 0 0
1484567156.849724000 0 0
1484567397.786909000 0 0
1484567397.790879000 23196 0
1484567456.880525000 0 9991
1484567456.893143000 0 0
1484567456.891372000 0 0
1484567697.818770000 0 0
1484567697.823486000 23196 0
1484567756.887202000 0 9991
1484567756.899198000 0 0
1484567756.898467000 0 0
1484567939.518529000 0 0
1484567997.841221000 0 0
1484567997.848587000 23196 0
1484568056.901135000 0 9991
1484568056.911650000 0 0
1484568056.910692000 0 0
1484568063.581232000 0 0
1484568063.627959000 0 0
1484568063.631500000 0 0
1484568063.640739000 0 0
1484568063.659503000 0 0
1484568063.662727000 0 0
1484568063.648362000 282 0
1484568063.669123000 570 0
1484565083.861965000 0 0
1484568096.939933000 0 0
1484568097.337724000 0 0
1484568097.342810000 0 0
1484568097.352417000 0 0
1484568097.554224000 0 0
1484568102.043491000 0 0
1484568102.047135000 0 0
1484568102.554433000 0 0
1484568102.557806000 0 0
1484568112.658288000 0 0
1484568097.359471000 282 0
1484568102.560681000 570 0
1484568112.662241000 0 0
1484568297.924115000 0 0
1484568311.286660000 0 0
1484568311.304381000 0 0
1484568311.315812000 0 0
1484568311.293810000 12077 0
1484568297.927664000 23196 0
1484568311.322839000 0 0
1484568356.932556000 0 9991
1484568356.946420000 0 0
1484568356.944874000 0 0
1484564699.186949000 59157 35598
1484568597.944737000 0 0
1484568599.314220000 0 459
1484568599.326545000 0 0
1484568599.325388000 0 0
1484568597.949361000 23196 0
1484568656.969926000 0 9991
1484568656.983438000 0 0
1484568656.981765000 0 0
1484568897.974736000 0 0
1484568897.981901000 23196 0
1484568956.977226000 0 9991
1484568956.989169000 0 0
1484568956.987888000 0 0
1484564844.181730000 818793 18203
1484568311.310773000 1875 3880
1484569169.772776000 0 0
1484569169.780702000 0 0
1484569169.865394000 0 0
1484569170.104220000 0 0
1484569170.107173000 0 0
1484569170.115787000 0 0
1484569170.155039000 0 0
1484569170.158111000 0 0
1484569170.221056000 0 0
1484569170.251121000 0 0
1484569170.244227000 0 0
1484569170.135435000 398 0
1484569170.140534000 282 0
1484569197.997539000 0 0
1484569198.003237000 23196 0
1484569403.117089000 0 9991
1484569403.128641000 0 0
1484569403.127483000 0 0
1484569498.012777000 0 0
1484569498.018219000 23196 0
1484569703.130674000 0 9991
1484569703.141283000 0 0
1484569703.140178000 0 0
1484569798.035465000 0 0
1484569798.041638000 23196 0
1484569169.946795000 0 0
1484569169.862897000 0 0
1484569872.383478000 0 0
1484569872.390826000 0 0
1484569872.397708000 0 0
1484569872.404243000 0 0
1484569872.409247000 0 0
1484569872.413002000 0 0
1484569872.388155000 0 0
1484569872.364872000 0 0
1484569872.363881000 0 0
1484569873.973040000 0 0
1484569873.981541000 0 0
1484569873.988194000 0 0
1484569872.399804000 243 0
1484569872.413619000 243 0
1484569872.430022000 257 0
1484569872.443925000 193 0
1484569872.457286000 179 0
1484569872.475980000 229 0
1484569872.489989000 271 0
1484569872.501290000 227 0
1484569872.510497000 183 0
1484569872.529843000 229 0
1484569872.545226000 1171 0
1484569872.564303000 197 0
1484569872.580689000 172 0
1484569872.605303000 164 0
1484569872.624911000 226 0
1484569872.644291000 282 0
1484569872.658671000 134 0
1484569872.672251000 134 0
1484569872.756715000 134 0
1484569872.770746000 144 0
1484569872.833449000 134 0
1484569872.858080000 134 0
1484569872.879457000 134 0
1484569872.901930000 191 0
1484569872.923758000 127 0
1484569873.043211000 122 0
1484569873.051424000 122 0
1484569873.057926000 498 0
1484569873.066215000 241 0
1484569873.074921000 240 0
1484569873.082060000 119 0
1484569873.094176000 129 0
1484569873.106381000 180 0
1484569873.114283000 6398 0
1484569873.122646000 187 0
1484569873.130687000 2518 0
1484569873.149719000 182 0
1484569873.175414000 133 0
1484569873.182529000 133 0
1484569873.196167000 134 0
1484569873.202862000 133 0
1484569873.209999000 133 0
1484569873.217410000 256 0
1484569873.223358000 260 0
1484569873.239192000 636 0
1484569873.556061000 181 0
1484569873.563513000 226 0
1484569873.570720000 113 0
1484569873.578559000 302 0
1484569873.595751000 375 0
1484569873.601772000 265 0
1484569933.902333000 0 0
1484569955.546521000 430 0
1484570003.168184000 0 9991
1484570003.181229000 0 0
1484570003.179743000 0 0
1484570098.118637000 0 0
1484570099.340377000 0 359
1484570099.354078000 0 0
1484570099.352412000 0 0
1484570098.125722000 23196 0
1484569873.977105000 1951 4064
1484570398.148545000 0 0
1484570398.155822000 23196 0
1484570698.179727000 0 0
1484570279.203817000 0 1402
1484570698.185146000 23196 0
1484570866.543519000 0 0
1484570866.548865000 0 0
1484570998.201181000 0 0
1484570998.208136000 23196 0
1484571298.232367000 0 0
1484571298.239521000 23196 0
1484571598.261876000 0 0
1484571598.268204000 23196 0
1484571676.104029000 0 9994
1484571676.114430000 0 0
1484571676.113680000 0 0
1484571688.045516000 0 0
1484571688.072770000 0 0
1484571688.266529000 0 0
1484571688.271438000 0 0
1484571688.280106000 0 0
1484571688.307908000 0 0
1484571688.310715000 0 0
1484571698.791031000 0 0
1484571704.094215000 0 0
1484571704.097479000 0 0
1484571704.107091000 0 0
1484571704.111836000 0 0
1484571705.841106000 0 1103
1484571705.848685000 0 0
1484571705.856687000 1103 0
1484571705.869543000 1103 0
1484571699.098644000 182 0
1484571701.215122000 0 0
1484571705.839161000 0 0
1484571705.851389000 364 0
1484571705.889901000 0 1103
1484571705.886505000 0 182
1484571705.901022000 0 0
1484571708.859123000 0 0
1484571708.864266000 0 0
1484571710.871308000 0 0
1484571710.874897000 0 0
1484571698.964473000 179 0
1484571698.977602000 271 0
1484571688.287008000 398 0
1484571688.293225000 282 0
1484571699.012366000 197 0
1484571699.018120000 172 0
1484571699.029685000 191 0
1484571699.035504000 498 0
1484571699.041693000 241 0
1484571699.119686000 636 0
1484571703.005534000 0 0
1484571699.105673000 256 0
1484571703.375364000 0 0
1484571705.905694000 0 0
1484571698.808386000 80 0
1484571698.858785000 638 0
1484571698.877658000 84 0
1484571698.934250000 243 0
1484571698.944493000 243 0
1484571698.948854000 257 0
1484571698.956535000 193 0
1484571698.971370000 229 0
1484571698.983983000 227 0
1484571698.991604000 183 0
1484571698.997875000 229 0
1484571699.004895000 1171 0
1484571699.023933000 164 0
1484571699.047531000 240 0
1484571699.054125000 119 0
1484571699.057853000 129 0
1484571699.063504000 180 0
1484571699.070441000 6398 0
1484571699.079145000 187 0
1484571699.087087000 2518 0
1484571699.113342000 260 0
1484571699.125825000 181 0
1484571699.131595000 375 0
1484571699.137382000 265 0
1484571699.634990000 0 0
1484571699.660644000 0 0
1484571700.117612000 0 0
1484571700.296504000 0 0
1484571700.399519000 0 0
1484571700.447208000 0 0
1484571700.543538000 0 0
1484571698.789495000 0 0
1484571688.123259000 0 0
1484571691.213262000 0 0
1484571688.070304000 0 0
1484571747.217807000 0 0
1484571747.223366000 0 0
1484571747.226453000 0 0
1484571747.229954000 0 0
1484571747.233656000 0 0
1484571747.237295000 0 0
1484571747.220893000 0 0
1484571747.197165000 0 0
1484571747.196488000 0 0
1484571747.224033000 243 0
1484571747.226641000 243 0
1484571747.228910000 257 0
1484571747.231054000 193 0
1484571747.234978000 179 0
1484571747.237694000 229 0
1484571747.241883000 271 0
1484571747.243966000 227 0
1484571747.246103000 183 0
1484571747.248091000 229 0
1484571747.250164000 1171 0
1484571747.252444000 197 0
1484571747.256565000 172 0
1484571747.258610000 164 0
1484571747.263032000 226 0
1484571747.267162000 282 0
1484571747.273068000 134 0
1484571747.277954000 134 0
1484571747.282435000 134 0
1484571747.287545000 144 0
1484571747.292843000 134 0
1484571747.297676000 134 0
1484571747.302815000 134 0
1484571747.305586000 191 0
1484571747.310976000 127 0
1484571747.316006000 122 0
1484571747.321282000 122 0
1484571747.324195000 498 0
1484571747.326900000 241 0
1484571747.329280000 240 0
1484571747.331698000 119 0
1484571747.333993000 129 0
1484571747.336427000 180 0
1484571747.338975000 6398 0
1484571747.344190000 187 0
1484571747.346395000 2518 0
1484571747.349074000 182 0
1484571747.354825000 133 0
1484571747.359973000 133 0
1484571747.364725000 134 0
1484571747.369706000 133 0
1484571747.374833000 133 0
1484571747.377300000 256 0
1484571747.379689000 260 0
1484571747.382072000 636 0
1484571747.384594000 181 0
1484571747.389750000 226 0
1484571747.394826000 113 0
1484571747.399665000 302 0
1484571747.402190000 375 0
1484571747.404642000 265 0
1484571898.343540000 0 0
1484571898.351247000 23196 0
1484571976.136646000 0 9995
1484571976.148140000 0 0
1484571976.146990000 0 0
1484572198.374756000 0 0
1484572198.383066000 23196 0
1484572498.401241000 0 0
1484572498.405207000 23196 0
1484572798.420708000 0 0
1484572798.424982000 23196 0
1484573098.446679000 0 0
1484573098.453195000 23196 0
1484573219.068461000 0 0
1484573219.358661000 0 0
1484573219.440964000 0 0
1484573219.444779000 0 0
1484573219.512106000 0 0
1484573219.523195000 0 0
1484573219.535113000 0 0
1484573219.547797000 0 0
1484573219.559039000 0 0
1484573398.476033000 0 0
1484573398.483379000 23196 0
1484573698.558064000 0 0
1484573698.564571000 23196 0
1484573998.590023000 0 0
1484573998.594225000 23196 0
1484574298.613549000 0 0
1484574298.617957000 23196 0
1484574408.439415000 0 9995
1484574408.451448000 0 0
1484574408.449887000 0 0
1484574471.767476000 0 0
1484574471.779715000 0 0
1484574471.783724000 0 6247
1484574471.793952000 0 0
1484574471.797950000 0 0
1484574471.801222000 0 0
1484574471.771229000 0 0
1484574471.804493000 0 0
1484574471.878198000 0 85
1484574471.885907000 0 0
1484574471.899490000 0 109
1484574471.906726000 0 0
1484574471.952096000 0 144
1484574471.961037000 0 0
1484574471.972910000 0 0
1484574471.972845000 0 0
1484564698.061221000 0 4096
1484574471.980778000 0 0
1484574471.980899000 0 0
1484574471.985502000 0 0
1484564698.058546000 0 0
1484574471.991581000 0 0
1484574471.993022000 0 0
1484574471.997458000 0 0
1484574472.001903000 0 0
1484574472.006300000 0 0
1484574471.995876000 0 188
1484574472.021976000 0 0
1484574472.025184000 0 0
1484574471.976858000 0 0
1484574472.028389000 0 0
1484564698.430773000 46007 126141
1484568597.886815000 0 71056
1484574472.011060000 1402 1483
1484574472.047047000 0 46007
1484574472.085439000 0 319
1484574472.093160000 0 175
1484574472.101878000 0 0
1484574472.116432000 0 204
1484574472.153133000 0 0
1484574472.165288000 0 0
1484564700.345871000 0 32768
1484574472.173284000 0 0
1484564700.342317000 0 459152
1484574472.183435000 0 0
1484574472.187260000 0 0
1484574472.196762000 0 0
1484564700.338880000 0 4096
1484574472.204780000 0 0
1484574472.209538000 0 0
1484564700.335221000 0 0
1484574472.216870000 0 0
1484574472.221895000 0 0
1484574472.239542000 0 0
1484574472.244456000 0 30221
1484574472.272092000 0 0
1484574472.276662000 0 0
1484574472.226824000 0 0
1484574472.281002000 0 0
1484574472.320837000 0 0
1484564699.281993000 159601 4439
1484568311.332110000 0 23597
1484564697.492522000 327680 0
1484564698.024204000 163840 0
1484564698.053537000 7168 0
1484564696.516673000 4096 0
1484564696.313904000 53248 4096
1484564696.321100000 8192 4096
1484564700.332562000 884736 458752
1484564700.326359000 98304 0
1484564772.522071000 98304 0
1484564713.794174000 98304 0
1484564699.272880000 1400 0
1484574475.679723000 0 0
1484574475.740880000 0 0
1484574475.745278000 0 0
1484574475.754878000 0 0
1484564566.534006000 0 0
1484564700.359113000 0 0
1484564700.351185000 0 0
1484564696.137732000 0 0
