1484569987.101807000 0 0
1484569987.109442000 0 0
1484569987.194301000 0 0
1484569987.222386000 0 0
1484569987.236460000 0 0
1484569987.260690000 0 0
1484569987.261717000 0 0
1484569987.292342000 0 0
1484569988.094170000 0 0
1484569988.096930000 0 0
1484569988.097467000 0 0
1484569988.100578000 0 0
1484569988.100531000 0 0
1484569988.105085000 0 0
1484569988.107859000 0 0
1484569988.130652000 0 0
1484569990.188312000 0 0
1484569990.190961000 0 0
1484569987.538755000 0 0
1484570004.508743000 0 0
1484570222.539273000 0 0
1484570819.343477000 0 0
1484570819.351797000 0 0
