1484564372.419452000 0 0
1484564372.663585000 0 0
1484564372.880164000 0 0
1484564372.885813000 0 0
1484564372.887916000 0 0
1484564373.520084000 0 0
1484564373.570488000 0 0
1484564373.573790000 0 0
1484564373.581059000 0 0
1484564373.719386000 0 0
1484564373.746154000 0 0
1484564372.424273000 1544 0
1484564373.587174000 908 0
1484564373.776801000 0 0
1484564373.778672000 0 0
1484564373.779862000 0 0
1484564373.781252000 0 0
1484564373.781746000 0 0
1484564373.783415000 0 0
1484564373.784030000 0 0
1484564373.786080000 0 0
1484564373.787808000 0 0
1484564373.790038000 0 0
1484564373.792762000 0 0
1484564373.796013000 0 0
1484564373.837411000 0 0
1484564373.845259000 0 0
1484564373.847977000 0 0
1484564373.854062000 0 723
1484564373.875591000 0 0
1484564373.879266000 0 620
1484564373.881199000 995 1013
1484564373.902117000 0 0
1484564373.912321000 0 0
1484564373.917553000 0 0
1484564373.902968000 0 2008
1484564373.896119000 1013 0
1484564373.926230000 1013 0
1484564373.941512000 0 0
1484564385.585170000 0 0
1484564385.587454000 0 0
1484564373.870402000 723 0
1484564373.890416000 620 0
1484564373.939992000 1013 995
1484564385.592046000 51984 0
1484564528.262260000 0 0
1484564528.307847000 0 0
1484564528.310266000 0 0
1484564528.314362000 0 0
1484564528.325477000 0 0
1484564528.328531000 0 0
1484564528.330715000 0 0
1484564372.884548000 0 0
1484564528.392849000 0 0
1484564528.395058000 0 0
1484564528.731031000 0 0
1484564528.747771000 0 0
1484564528.759871000 0 0
1484564528.762914000 0 0
1484564528.766571000 0 0
1484564528.781647000 0 0
1484564528.785198000 0 0
1484564529.221616000 0 0
1484564529.230278000 0 0
1484564529.238756000 0 0
1484564529.244448000 0 0
1484564529.247076000 0 0
1484564529.293162000 0 0
1484564529.299605000 0 0
1484564529.302052000 0 0
1484564529.345389000 0 0
1484564529.348422000 0 0
1484564529.213408000 0 0
1484564529.353873000 0 0
1484564529.356621000 0 0
1484564529.360166000 0 0
1484564529.390699000 0 0
1484564529.393870000 0 0
1484564529.396518000 0 0
1484564529.402677000 0 0
1484564529.404920000 0 0
1484564529.408211000 0 0
1484564529.470415000 0 0
1484564529.476905000 0 0
1484564529.479887000 0 0
1484564529.485513000 0 0
1484564529.489615000 0 0
1484564529.493384000 0 0
1484564529.511000000 0 0
1484564529.513034000 0 0
1484564529.517294000 0 0
1484564529.520491000 0 0
1484564529.545003000 0 0
1484564529.549110000 0 0
1484564529.551341000 0 0
1484564529.554886000 0 0
1484564529.557294000 0 0
1484564529.575755000 0 0
1484564529.599223000 0 0
1484564529.601318000 0 0
1484564529.605824000 0 0
1484564529.608430000 0 0
1484564529.610688000 0 0
1484564529.613320000 0 0
1484564529.624276000 0 0
1484564529.626214000 0 0
1484564529.628343000 0 0
1484564529.631138000 0 0
1484564529.204198000 454 0
1484564529.307205000 402 0
1484564529.533175000 504 0
1484564528.802703000 274 0
1484564529.618530000 5103 0
1484564528.321283000 568 0
1484564529.637233000 504 0
1484564529.583272000 4955 0
1484564529.417897000 3528 0
1484564529.503593000 5084 0
1484564566.516785000 0 0
1484564566.519074000 0 0
1484564566.618609000 0 0
1484564566.622384000 0 0
1484564566.849799000 0 0
1484564566.881817000 0 0
1484564567.979752000 0 0
1484564568.327316000 0 0
1484564568.330389000 0 0
1484564568.332728000 0 0
1484564568.335483000 0 0
1484564568.341738000 0 0
1484564568.327997000 0 0
1484564569.199030000 0 2017
1484564569.220474000 0 0
1484564569.222925000 995 1079
1484564569.235134000 0 0
1484564569.243391000 0 0
1484564569.246141000 0 0
1484564569.524302000 0 1662
1484564569.525390000 0 0
1484564569.535797000 3324 0
1484564569.536746000 0 0
1484564569.550086000 0 0
1484564569.554548000 0 0
1484564569.230252000 1079 0
1484564569.250646000 0 2093
1484564569.562509000 1032 0
1484564569.568588000 0 1061
1484564569.571550000 0 0
1484564569.583869000 0 0
1484564569.588531000 0 0
1484564569.596047000 0 0
1484564574.961817000 0 0
1484564574.966448000 0 0
1484564574.976298000 0 0
1484564575.015802000 0 2017
1484564569.585345000 0 2206
1484564569.578362000 2122 0
1484564569.579068000 0 0
1484564575.045438000 1145 0
1484564575.054558000 0 0
1484564575.062211000 0 0
1484564575.065988000 0 0
1484564575.130621000 0 1662
1484564575.149903000 0 0
1484564575.153760000 0 0
1484564575.070105000 0 3229
1484564575.064437000 1145 0
1484564575.165528000 1086 0
1484564575.174184000 0 0
1484564568.324664000 454 0
1484564568.340481000 274 0
1484564569.209647000 2017 0
1484564575.025562000 2017 0
1484564575.141589000 1662 0
1484564724.021180000 0 0
1484564724.023942000 0 0
1484564724.093573000 0 0
1484564724.110866000 0 0
1484564724.150103000 0 0
1484564724.157111000 0 0
1484564726.390829000 0 2017
1484564726.411151000 0 0
1484564726.416575000 0 0
1484564726.413912000 1086 2088
1484564726.430826000 0 0
1484564726.510880000 0 1662
1484564726.532011000 0 0
1484564726.537285000 0 0
1484564726.534853000 0 2143
1484564726.426334000 1086 0
1484564726.569024000 1086 0
1484564726.577908000 0 0
1484564726.401006000 2017 0
1484564726.521888000 1662 0
1484564529.469227000 0 0
1484564529.266065000 0 0
1484564727.580355000 0 0
1484564727.609236000 0 0
1484564727.614958000 0 0
1484564727.617419000 0 0
1484564728.053645000 0 0
1484564728.101893000 0 0
1484564728.105192000 0 0
1484564728.109276000 0 0
1484564728.253629000 0 0
1484564727.383958000 1544 0
1484564728.111967000 908 0
1484564728.310558000 0 0
1484564728.312938000 0 0
1484564728.312998000 0 0
1484564728.316009000 0 0
1484564728.316264000 0 0
1484564728.318354000 0 0
1484564728.320325000 0 0
1484564728.321536000 0 0
1484564728.324891000 0 0
1484564728.326474000 0 0
1484564728.331851000 0 0
1484564728.329276000 0 0
1484564728.380092000 0 0
1484564728.379483000 0 0
1484564728.384789000 0 0
1484564728.395623000 0 723
1484564728.414286000 0 620
1484564728.414072000 1086 1104
1484564728.430015000 0 0
1484564728.425257000 1104 0
1484564728.434219000 0 1086
1484564728.437206000 0 0
1484564728.449067000 0 2154
1484564728.443504000 1086 0
1484564728.463802000 1086 0
1484564728.470991000 0 0
1484564728.408702000 723 0
1484564728.425571000 620 0
1484564772.039067000 0 0
1484564772.041477000 0 0
1484564772.045865000 51984 0
1484564803.387207000 0 0
1484564803.437018000 0 0
1484564803.440151000 0 0
1484564803.443854000 0 0
1484564803.449881000 0 0
1484564803.454878000 0 0
1484564727.613396000 0 0
1484564803.516110000 0 0
1484564803.518673000 0 0
1484564803.812018000 0 0
1484564803.818834000 0 0
1484564803.824049000 0 0
1484564803.826751000 0 0
1484564803.829192000 0 0
1484564803.834344000 0 0
1484564803.837953000 0 0
1484564804.075412000 0 0
1484564804.079092000 0 0
1484564804.081969000 0 0
1484564804.085006000 0 0
1484564804.091409000 0 0
1484564804.104417000 0 0
1484564804.105219000 0 0
1484564804.108269000 0 0
1484564804.111058000 0 0
1484564804.112886000 0 0
1484564804.114135000 0 0
1484564804.098473000 0 0
1484564804.115763000 0 0
1484564804.119964000 0 0
1484564804.132948000 0 0
1484564804.136758000 0 0
1484564804.139166000 0 0
1484564804.141826000 0 0
1484564804.144473000 0 0
1484564804.148295000 0 0
1484564804.182334000 0 0
1484564804.187022000 0 0
1484564804.189649000 0 0
1484564804.192277000 0 0
1484564804.194866000 0 0
1484564804.197834000 0 0
1484564804.209450000 0 0
1484564804.213072000 0 0
1484564804.216324000 0 0
1484564804.219921000 0 0
1484564804.238992000 0 0
1484564804.243629000 0 0
1484564804.246221000 0 0
1484564804.249273000 0 0
1484564804.252101000 0 0
1484564804.255500000 0 0
1484564804.273314000 0 0
1484564804.276842000 0 0
1484564804.280034000 0 0
1484564804.282729000 0 0
1484564804.302759000 0 0
1484564804.306733000 0 0
1484564804.338694000 0 0
1484564804.341418000 0 0
1484564804.344546000 0 0
1484564804.347927000 0 0
1484564804.094195000 454 0
1484564804.120186000 402 0
1484564804.225201000 504 0
1484564803.846505000 274 0
1484564803.447337000 568 0
1484564804.351363000 504 0
1484564804.261155000 4955 0
1484564804.156771000 3528 0
1484564804.310710000 5103 0
1484564804.202001000 5084 0
1484564844.352983000 0 0
1484564844.355264000 0 0
1484564844.478679000 0 0
1484564844.482738000 0 0
1484564844.495190000 0 0
1484564846.757957000 0 1916
1484564846.777702000 0 0
1484564846.780178000 1086 1145
1484564846.794988000 0 0
1484564846.804066000 0 0
1484564846.811843000 0 0
1484564846.905104000 0 1662
1484564846.921706000 0 0
1484564846.926557000 0 0
1484564846.789131000 1145 0
1484564846.816232000 0 2125
1484564846.935402000 1048 0
1484564846.940593000 0 1077
1484564846.952096000 0 0
1484564846.767935000 1916 0
1484564846.914292000 1662 0
1484564846.947964000 1077 0
1484564804.115096000 0 0
1484564804.193249000 0 0
