1484575274.052897000 0 0
1484575274.074654000 0 0
1484575274.080163000 0 0
1484575274.088879000 0 0
1484575274.093976000 0 0
1484575276.649862000 282 0
1484575284.537428000 0 0
1484575284.575580000 0 0
1484575284.578252000 0 0
1484575284.586138000 0 0
1484575287.555832000 0 0
1484575287.558420000 0 0
1484575287.569864000 0 0
1484575287.601073000 0 0
1484575287.670342000 0 0
1484575287.765705000 0 0
1484575288.430548000 0 0
1484575288.456441000 0 0
1484575288.459005000 0 0
1484575288.484499000 0 0
1484575288.486861000 0 0
1484575288.502732000 0 0
1484575288.504863000 0 0
1484575288.515962000 0 0
1484575288.525629000 0 0
1484575288.547121000 0 0
1484575288.550948000 0 0
1484575288.566376000 0 0
1484575288.666562000 0 0
1484575288.670462000 0 0
1484575288.675576000 0 0
1484575288.681320000 0 0
1484575276.934378000 150 0
1484575287.795479000 1087 0
1484575287.814212000 383 0
1484575288.474772000 578 0
1484575288.480896000 129 0
1484575288.500652000 129 0
1484575288.513792000 129 0
1484575288.543524000 129 0
1484575288.562616000 129 0
1484575288.705477000 504 0
1484575284.518372000 282 0
1484575615.697300000 0 0
1484575615.699778000 0 0
1484575615.707566000 0 0
1484575615.714919000 0 0
1484575615.781249000 0 0
1484575616.344093000 0 0
1484575616.352626000 0 0
1484575616.360389000 0 0
1484575616.366510000 0 0
1484575616.377380000 0 0
1484575616.382433000 0 0
1484575616.393724000 0 0
1484575616.399575000 0 0
1484575616.410064000 0 0
1484575616.419582000 0 0
1484575616.503617000 0 0
1484575616.573955000 0 0
1484575616.647290000 0 0
1484575616.650475000 0 0
1484575616.653347000 0 0
1484575616.656641000 0 0
1484575616.658824000 0 0
1484575616.687995000 0 0
1484575616.723836000 0 0
1484575616.806606000 0 0
1484575616.810028000 0 0
1484575616.829497000 0 0
1484575617.152667000 0 0
1484575617.253086000 0 0
1484575617.256917000 0 0
1484575617.259805000 0 0
1484575617.274381000 0 0
1484575617.310152000 0 0
1484575617.313030000 0 0
1484575617.315717000 0 0
1484575617.344000000 0 0
1484575617.511925000 0 0
1484575617.518268000 0 0
1484575617.530927000 0 0
1484575617.681807000 0 0
1484575617.710782000 0 0
1484575617.771608000 0 0
1484575617.947919000 0 0
1484575617.984044000 0 0
1484575617.987505000 0 18830
1484575618.165792000 0 0
1484575618.169452000 0 0
1484575617.970092000 18830 0
1484575617.976524000 0 0
1484575618.172445000 0 0
1484575618.240010000 0 0
1484575618.434529000 0 0
1484575618.462860000 0 0
1484575618.466886000 0 2
1484575618.488494000 0 0
1484575618.492052000 0 0
1484575617.523702000 2 0
1484575618.453415000 0 0
1484575618.494884000 0 0
1484575618.820130000 0 0
1484575619.040391000 0 0
1484575619.073334000 0 0
1484575619.094301000 0 0
1484575619.104547000 0 0
1484575619.107099000 0 0
1484575619.103352000 0 0
1484575619.087588000 0 0
1484575619.156758000 0 0
1484575619.169369000 0 0
1484575619.150768000 0 4096
1484575619.177997000 0 0
1484575619.147203000 0 0
1484575619.184500000 0 53
1484575619.191566000 0 0
1484575618.343774000 241 0
1484575619.192823000 0 0
1484575619.236892000 0 0
1484575619.306616000 0 90
1484575619.314033000 0 0
1484575619.377709000 0 0
1484575621.404950000 524288 0
1484575621.493505000 0 0
1484575615.552218000 1087 0
1484575615.557459000 0 0
1484575615.591266000 0 0
1484575618.824498000 0 0
1484575631.347773000 0 0
1484575619.211955000 0 4096
1484575631.354978000 0 0
1484575631.359034000 0 0
1484575619.205972000 0 0
1484575631.365300000 0 0
1484575615.712883000 282 0
1484575616.364514000 10 0
1484575616.372243000 10 0
1484575616.380307000 150 0
1484575616.431606000 208 0
1484575616.524814000 0 0
1484575616.607475000 18628 0
1484575616.741369000 16384 0
1484575616.807901000 617 0
1484575617.322118000 321 0
1484575617.724748000 11329 0
1484575617.801336000 237211 0
1484575618.344716000 116 0
1484575618.447046000 1713 0
1484575618.466571000 309 0
1484575618.479733000 3403 0
1484575618.951455000 9044 0
1484575619.085001000 29 0
1484575619.227411000 34995 0
1484575619.253067000 1251 0
1484575618.608292000 29 0
1484575619.403047000 601 0
1484575648.818169000 0 0
1484575648.831527000 0 0
1484575648.835586000 0 18708
1484575648.849547000 0 0
1484575648.853947000 0 0
1484575648.857487000 0 0
1484575648.822342000 0 0
1484575648.860759000 0 0
1484575619.141507000 40960 0
1484575674.345885000 0 0
1484575674.355023000 0 0
1484575674.363917000 0 0
1484575674.369318000 0 0
1484575674.387277000 0 225
1484575674.380238000 225 0
1484575674.393322000 0 0
1484575677.410752000 0 0
1484575677.437631000 0 137
1484575677.445301000 0 0
1484575677.421538000 137 0
1484575677.444188000 0 0
1484575677.455143000 0 0
1484575677.461332000 0 0
1484575677.481000000 0 15948
1484575677.490091000 0 0
1484575677.489098000 0 0
1484575677.680481000 0 0
1484575677.684882000 0 0
1484575677.703393000 0 0
1484575677.721868000 0 0
1484575677.764267000 0 0
1484575677.779406000 0 0
1484575677.921539000 0 0
1484575677.948442000 0 0
1484575677.970408000 0 0
1484575677.974621000 0 0
1484575677.996261000 0 0
1484575678.012332000 0 0
1484575678.017546000 0 0
1484575678.030387000 0 0
1484575678.043881000 0 0
1484575678.084282000 0 0
1484575678.094129000 0 0
1484575678.105303000 0 0
1484575678.126151000 0 0
1484575678.130934000 0 0
1484575678.135289000 0 0
1484575678.139882000 0 0
1484575678.164468000 0 0
1484575678.173464000 0 0
1484575678.190790000 0 0
1484575678.197628000 0 0
1484575678.202239000 0 0
1484575678.207946000 0 0
1484575678.212533000 0 0
1484575678.216650000 0 0
1484575678.239659000 0 0
1484575678.257944000 0 0
1484575678.273287000 0 0
1484575678.291263000 0 0
1484575678.296072000 0 0
1484575678.300751000 0 0
1484575678.305218000 0 0
1484575678.310711000 0 0
1484575678.315995000 0 0
1484575678.321216000 0 0
1484575678.332484000 0 0
1484575678.339163000 0 0
1484575678.345547000 0 0
1484575678.366553000 0 0
1484575678.373512000 0 0
1484575678.406805000 0 0
1484575678.422080000 0 0
1484575678.430137000 0 0
1484575678.435829000 0 0
1484575678.450369000 0 0
1484575678.480610000 0 0
1484575678.490493000 0 0
1484575678.507363000 0 0
1484575678.512527000 0 0
1484575678.519224000 0 0
1484575678.524072000 0 0
1484575678.534195000 0 0
1484575678.689214000 0 0
1484575680.409841000 0 0
1484575680.513961000 0 0
1484575680.538747000 0 0
1484575680.550333000 0 0
1484575680.554535000 0 0
1484575680.560311000 0 0
1484575680.577388000 0 0
1484575680.616928000 0 0
1484575680.626705000 0 0
1484575680.644365000 0 0
1484575680.782964000 0 0
1484575680.798481000 0 0
1484575680.860736000 0 0
1484575680.927978000 0 0
1484575681.085040000 0 0
1484575681.104627000 0 0
1484575681.110285000 0 0
1484575681.115114000 0 0
1484575681.121254000 0 0
1484575681.129210000 0 0
1484575681.146662000 0 0
1484575681.151152000 0 0
1484575681.167912000 0 0
1484575681.174578000 0 0
1484575681.180551000 0 0
1484575681.216105000 0 0
1484575681.220756000 0 0
1484575681.227621000 0 0
1484575681.232033000 0 0
1484575681.244017000 0 0
1484575681.248630000 0 0
1484575681.253025000 0 0
1484575681.258183000 0 0
1484575681.262556000 0 0
1484575681.276701000 0 0
1484575681.281163000 0 0
1484575681.285614000 0 0
1484575681.291156000 0 0
1484575681.295425000 0 0
1484575681.299514000 0 0
1484575681.314484000 0 0
1484575681.319075000 0 0
1484575681.331658000 0 0
1484575681.335915000 0 0
1484575681.348820000 0 0
1484575681.362559000 0 0
1484575681.396536000 0 0
1484575681.434054000 0 0
1484575681.462844000 0 0
1484575681.475412000 0 0
1484575681.504639000 0 0
1484575681.746862000 0 0
1484575681.865547000 0 0
1484575681.881360000 0 0
1484575681.904230000 0 0
1484575681.911099000 0 0
1484575681.927131000 0 0
1484575681.936420000 0 0
1484575681.945057000 0 0
1484575681.967077000 0 0
1484575681.979836000 0 0
1484575681.984668000 0 0
1484575682.004870000 0 0
1484575682.010446000 0 0
1484575682.022742000 0 0
1484575670.774503000 85 0
1484575677.674039000 51 0
1484575964.233324000 0 0
1484575964.266648000 0 0
1484575964.280040000 0 0
1484575964.284653000 0 18710
1484575964.302961000 0 0
1484575964.307662000 0 0
1484575964.311197000 0 0
1484575964.270709000 0 0
1484575964.314816000 0 0
1484575964.344463000 0 0
1484575964.348974000 0 0
1484575964.352522000 0 0
1484575964.364101000 0 0
1484575964.368927000 0 0
1484575964.374206000 0 0
1484575964.376827000 0 0
1484575964.381177000 0 0
1484575964.379944000 0 0
1484575964.373140000 0 0
1484575964.394301000 0 0
1484575964.395722000 0 0
1484575964.398529000 0 0
1484575964.401048000 0 0
1484575964.404725000 0 0
1484575964.413856000 0 0
1484575964.403641000 0 0
1484575976.387180000 0 0
1484575964.376635000 0 4096
1484575976.393842000 0 0
1484575976.397628000 0 0
1484575964.370949000 0 0
1484575976.403692000 0 0
1484575977.528018000 0 17721
1484575977.539993000 0 0
1484575977.538840000 0 0
1484575964.384205000 29 0
1484575964.357658000 45056 0
1484576049.608992000 0 0
1484576049.665019000 0 0
1484576049.667603000 0 0
1484576049.675818000 0 0
1484576049.793859000 0 0
1484576049.797052000 0 0
1484576028.218303000 564 0
1484576049.681768000 578 0
1484576098.446975000 0 1251
1484576098.456046000 0 0
1484576098.454970000 0 0
1484576219.384849000 0 237378
1484576219.417027000 0 0
1484576219.416004000 0 0
1484576337.625005000 0 3403
1484576337.634209000 0 0
1484576337.633155000 0 0
1484576397.914999000 0 617
1484576577.554081000 0 17723
1484576577.563319000 0 0
1484576577.562259000 0 0
1484576877.574468000 0 17726
1484576877.583619000 0 0
1484576877.582803000 0 0
1484577177.766852000 0 17870
1484577177.783037000 0 0
1484577177.781906000 0 0
1484577477.614130000 0 17871
1484577477.623419000 0 0
1484577477.622323000 0 0
1484577777.631634000 0 17871
1484577777.640365000 0 0
1484577777.639399000 0 0
1484578077.657304000 0 17871
1484578077.666604000 0 0
1484578077.665476000 0 0
1484578377.680220000 0 17871
1484578377.689137000 0 0
1484578377.688182000 0 0
1484578677.697246000 0 17871
1484578677.705869000 0 0
1484578677.704811000 0 0
1484578977.825094000 0 17872
1484578977.833917000 0 0
1484578977.832925000 0 0
1484579277.737020000 0 17872
1484579277.745686000 0 0
1484579277.744617000 0 0
1484579577.757276000 0 17873
1484579577.766437000 0 0
1484579577.765331000 0 0
1484579877.776200000 0 17873
1484579877.784735000 0 0
1484579877.783727000 0 0
1484580177.792247000 0 17880
1484580177.800644000 0 0
1484580177.799654000 0 0
1484580477.812510000 0 17880
1484580477.821040000 0 0
1484580477.820092000 0 0
1484580777.937860000 0 17880
1484580777.945975000 0 0
1484580777.944913000 0 0
1484581077.850701000 0 17880
1484581077.858647000 0 0
1484581077.857721000 0 0
1484581377.862116000 0 17880
1484581377.870502000 0 0
1484581377.869520000 0 0
1484581677.891145000 0 17881
1484581677.899310000 0 0
1484581677.898283000 0 0
1484581977.914078000 0 18025
1484581977.922670000 0 0
1484581977.921615000 0 0
1484582417.105739000 0 0
1484582417.112845000 0 0
1484582578.060762000 0 18026
1484582578.075796000 0 0
1484582578.074625000 0 0
1484582877.951942000 0 18026
1484582877.960071000 0 0
1484582877.959097000 0 0
1484583177.968540000 0 18026
1484583177.976980000 0 0
1484583177.975927000 0 0
1484583649.764485000 0 1713
1484583649.772457000 0 0
1484583649.771411000 0 0
1484583722.919197000 0 18026
1484583722.927981000 0 0
1484583722.926909000 0 0
1484584022.961975000 0 18026
1484584022.978683000 0 0
1484584022.977621000 0 0
1484584322.948639000 0 18026
1484584322.957231000 0 0
1484584322.956152000 0 0
1484584703.292182000 0 41465
1484584703.302366000 0 0
1484584703.301388000 0 0
1484584703.310591000 0 0
1484584703.309609000 0 0
1484584703.316150000 0 0
1484584703.343306000 0 0
1484584703.346338000 0 0
1484584703.358197000 0 0
1484584703.360806000 0 0
1484584703.363519000 0 0
1484584703.366336000 0 0
1484584703.369003000 0 0
1484584703.371581000 0 0
1484584703.374123000 0 0
1484584703.376781000 0 0
1484584703.388381000 0 0
1484584703.399880000 0 0
1484584703.402266000 0 0
1484584703.413843000 0 0
1484584703.416356000 0 0
1484584703.418661000 0 0
1484584703.329450000 0 0
1484584703.425991000 0 0
1484584757.611989000 0 18026
1484584757.620815000 0 0
1484584757.619716000 0 0
1484585057.620153000 0 18026
1484585057.628506000 0 0
1484585057.627459000 0 0
1484585357.629904000 0 18026
1484585357.638631000 0 0
1484585357.637513000 0 0
1484585657.640096000 0 18029
1484585657.648557000 0 0
1484585657.647498000 0 0
1484585957.660754000 0 18029
1484585957.669395000 0 0
1484585957.668325000 0 0
1484586257.671787000 0 18029
1484586257.680220000 0 0
1484586257.679238000 0 0
1484586557.676562000 0 18029
1484586557.684520000 0 0
1484586557.683584000 0 0
1484586857.683772000 0 18029
1484586857.692663000 0 0
1484586857.691851000 0 0
1484587157.699098000 0 18031
1484587157.707851000 0 0
1484587157.706878000 0 0
1484587457.716715000 0 18032
1484587457.724997000 0 0
1484587457.724026000 0 0
1484587757.729361000 0 18033
1484587757.737603000 0 0
1484587757.736631000 0 0
1484588057.743958000 0 18033
1484588057.752159000 0 0
1484588057.751116000 0 0
1484588357.787703000 0 18033
1484588357.796199000 0 0
1484588357.795245000 0 0
1484588657.786827000 0 18033
1484588657.795814000 0 0
1484588657.794730000 0 0
1484588899.394087000 0 0
1484588899.400664000 0 0
1484588957.798391000 0 18033
1484588957.806689000 0 0
1484588957.805580000 0 0
1484589257.817673000 0 18033
1484589257.825818000 0 0
1484589257.824837000 0 0
1484589557.823869000 0 18033
1484589557.832233000 0 0
1484589557.831156000 0 0
1484590157.842258000 0 18033
1484590157.850475000 0 0
1484590157.849410000 0 0
1484590457.940719000 0 18033
1484590457.955301000 0 0
1484590457.948069000 0 0
1484590757.939096000 0 18033
1484590757.957624000 0 0
1484590757.947614000 0 0
1484591057.947861000 0 18047
1484591057.990624000 0 0
1484591057.957117000 0 0
1484591357.963814000 0 18048
1484591357.972469000 0 0
1484591357.971385000 0 0
1484591657.971772000 0 18048
1484591657.980029000 0 0
1484591657.978976000 0 0
1484591958.611197000 0 18049
1484591958.619629000 0 0
1484591958.618592000 0 0
1484592258.547942000 0 18049
1484592258.557917000 0 0
1484592258.556781000 0 0
1484592558.557664000 0 18049
1484592558.566737000 0 0
1484592558.565709000 0 0
1484592858.576858000 0 18064
1484592858.587191000 0 0
1484592858.586043000 0 0
1484593158.589996000 0 18064
1484593158.598696000 0 0
1484593158.597742000 0 0
1484593458.606858000 0 18064
1484593458.615294000 0 0
1484593458.614229000 0 0
1484594058.621025000 0 18064
1484594058.630087000 0 0
1484594058.629100000 0 0
1484594358.644487000 0 18064
1484594358.653090000 0 0
1484594358.651986000 0 0
1484594658.653414000 0 18064
1484594658.661634000 0 0
1484594658.660673000 0 0
1484594958.677354000 0 18064
1484594958.686302000 0 0
1484594958.685234000 0 0
1484595258.707187000 0 18064
1484595258.715586000 0 0
1484595258.714476000 0 0
1484595558.713892000 0 18072
1484595558.722264000 0 0
1484595558.721294000 0 0
1484595858.733260000 0 18072
1484595858.741698000 0 0
1484595858.740611000 0 0
1484595981.620592000 0 0
1484595981.627195000 0 0
1484596158.808204000 0 18072
1484596158.816797000 0 0
1484596158.815843000 0 0
1484596458.803201000 0 18072
1484596458.811006000 0 0
1484596458.809989000 0 0
1484596758.854027000 0 18073
1484596758.862066000 0 0
1484596758.861066000 0 0
1484597060.066383000 0 18073
1484597060.074970000 0 0
1484597060.073816000 0 0
1484597264.887490000 0 0
1484597264.894225000 0 0
1484597659.451282000 0 18216
1484597659.460176000 0 0
1484597659.459200000 0 0
1484597750.695287000 0 122
1484597750.704301000 0 0
1484597750.701504000 0 0
1484597750.728626000 0 146
1484597750.736641000 0 0
1484597750.735248000 0 0
1484597750.840957000 0 181
1484597750.851541000 0 0
1484597750.851511000 0 0
1484575621.488038000 0 32768
1484597750.850557000 0 0
1484597750.858384000 0 0
1484575621.484680000 0 1589344
1484597750.860267000 0 212
1484597750.864614000 0 0
1484597750.866526000 0 0
1484597750.867105000 0 0
1484597750.865521000 0 0
1484597750.894356000 0 617
1484597750.896368000 0 1711
1484597750.903399000 0 0
1484597750.902419000 0 0
1484597750.914098000 0 241
1484597750.920554000 0 0
1484597750.918899000 0 0
1484597750.934894000 0 0
1484575617.673498000 0 32768
1484597750.938764000 0 0
1484575617.669932000 0 211112
1484597750.943817000 0 0
1484597750.945894000 0 0
1484597750.952145000 0 0
1484575619.083246000 0 4096
1484597750.956371000 0 0
1484597750.959251000 0 0
1484575619.079883000 0 0
1484597750.963039000 0 0
1484597750.965988000 0 0
1484597750.975691000 0 0
1484597750.978320000 0 18772
1484597750.989833000 0 0
1484597750.993324000 0 0
1484597750.995753000 0 0
1484597750.968858000 0 0
1484597750.997989000 0 0
1484597751.044293000 0 7647
1484597751.052134000 0 0
1484597751.051132000 0 0
1484597751.060289000 0 0
1484597752.475613000 0 0
1484597752.521569000 0 0
1484597752.523414000 0 0
1484597752.530838000 0 0
1484575287.632354000 0 0
1484575619.022671000 0 0
1484575619.091119000 0 0
1484575616.397788000 0 0
