1484586697.505158000 0 0
1484586697.509896000 0 0
1484586697.518171000 0 0
1484586697.520254000 0 0
1484586697.593865000 0 0
1484586697.782370000 0 0
1484586697.787461000 0 0
1484586697.796790000 0 0
1484586697.801382000 0 0
1484586697.809299000 0 0
1484586697.823902000 0 0
1484586697.826054000 0 0
1484586698.504198000 0 0
1484586698.533676000 0 0
1484586697.808020000 0 0
1484586697.813298000 0 0
1484586697.515680000 0 0
1484586700.500887000 0 0
1484586700.523429000 0 0
1484586697.854819000 0 0
1484586705.374731000 0 0
1484586705.377426000 0 1243
1484586705.386262000 0 0
1484586705.387071000 0 0
1484586705.389703000 0 0
1484586705.408042000 1243 0
1484586705.418671000 1243 0
1484586705.431602000 1243 0
1484586705.438468000 1243 0
1484586697.513436000 696 0
1484586697.523689000 0 0
1484586705.188635000 0 0
1484586705.373392000 0 0
1484586705.389826000 348 0
1484586705.471540000 0 1243
1484586705.483279000 0 0
1484586705.467152000 0 174
1484586705.484277000 0 0
1484586697.665292000 0 0
1484586705.489749000 0 0
1484586705.488031000 0 0
1484586705.501205000 0 0
1484586705.518673000 0 0
1484586705.942861000 1243 0
1484586705.949337000 0 0
1484586708.399566000 0 0
1484586708.400721000 0 0
1484586697.805373000 402 0
1484586697.811348000 446 0
1484586710.465890000 0 0
1484586710.458231000 0 0
1484586705.487594000 0 0
1484586705.492953000 348 0
1484586705.502978000 348 0
1484586705.504547000 23552 0
1484586705.544188000 0 0
1484586832.348538000 0 0
1484586832.361844000 0 0
1484586832.359111000 0 0
1484586832.417435000 0 0
1484586832.428467000 0 0
1484586832.437152000 0 0
1484586832.448566000 0 0
1484586832.459450000 0 0
1484586834.295577000 0 0
1484586834.309807000 0 0
1484586834.319415000 0 0
1484586834.328653000 0 0
1484586834.341818000 0 0
1484586834.372142000 0 0
1484586834.381069000 0 0
1484586834.389558000 0 0
1484586834.398916000 0 0
1484586834.410975000 0 0
1484586834.420631000 0 0
1484586834.429888000 0 0
1484586834.460502000 0 0
1484586703.681332000 0 0
1484586842.628670000 0 0
1484586842.632184000 0 1150
1484586842.639362000 0 0
1484586842.639897000 0 0
1484586842.662177000 1150 0
1484586842.721589000 1150 0
1484586842.736390000 1150 0
1484586842.748400000 1150 0
1484586842.753284000 1150 0
1484586834.344009000 17607 0
1484586834.347345000 0 0
1484586842.627009000 0 0
1484586842.650358000 11738 0
1484586842.785295000 0 1150
1484586842.795727000 0 0
1484586842.774197000 0 5869
1484586842.801119000 0 0
1484586832.350851000 402 0
1484586832.357790000 0 0
1484586832.373665000 80 0
1484586832.376036000 0 0
1484586832.420824000 201 0
1484586832.423844000 0 0
1484586832.430756000 141 0
1484586832.432975000 0 0
1484586832.441221000 241 0
1484586832.443556000 0 0
1484586832.452322000 188 0
1484586832.454695000 0 0
1484586832.462835000 245 0
1484586832.465154000 0 0
1484586834.383394000 170 0
1484586834.386154000 0 0
1484586834.392930000 343 0
1484586834.395256000 0 0
1484586834.404161000 205 0
1484586834.406500000 0 0
1484586834.414418000 197 0
1484586834.416702000 0 0
1484586834.423940000 248 0
1484586834.426195000 0 0
1484586834.434236000 4327 0
1484586834.437571000 0 0
1484586834.462872000 3174 0
1484586834.465741000 0 0
1484586834.312743000 186 0
1484586834.315037000 0 0
1484586834.322610000 246 0
1484586834.324422000 0 0
1484586834.335942000 0 0
1484586834.374578000 546 0
1484586834.377019000 0 0
1484586842.801738000 0 0
1484586842.806052000 11738 0
1484586842.818304000 11738 0
1484586834.333298000 218 0
1484586901.367632000 0 0
1484586901.374340000 0 0
1484586840.738155000 0 0
1484587184.209428000 0 0
1484587188.895696000 0 0
1484587188.902932000 5869 0
1484587188.917764000 0 0
1484587186.089894000 0 0
1484587244.267528000 0 0
1484587257.620711000 0 0
1484587259.903672000 0 0
1484587261.564383000 0 0
1484587261.573954000 5869 0
1484587261.583338000 0 0
1484587345.950525000 0 0
1484587260.928896000 0 0
1484587353.475593000 0 0
1484587345.955479000 5869 0
1484587345.959496000 0 0
1484587358.231158000 0 0
1484587355.010030000 0 0
1484587358.235515000 5869 0
1484587358.240506000 0 0
1484587443.213404000 0 0
1484587443.582063000 0 0
1484587362.507461000 0 0
1484587456.469461000 0 0
1484587456.555123000 0 0
1484587456.559323000 0 894
1484587456.571899000 0 0
1484587456.575974000 0 0
1484587456.609280000 894 0
1484587456.630399000 894 0
1484587456.817201000 894 0
1484587456.827432000 894 0
1484587443.216632000 654 0
1484587444.701557000 0 0
1484587456.552302000 0 0
1484587456.577702000 436 0
1484587456.870283000 0 894
1484587456.878411000 0 0
1484587456.861540000 0 218
1484587456.879479000 0 0
1484587443.585085000 5869 0
1484587456.882905000 0 0
1484587659.703448000 0 0
1484587660.634205000 0 0
1484587659.709500000 218 0
1484587659.712033000 0 0
1484587660.636513000 246 0
1484587661.963579000 0 0
1484587448.919589000 0 0
1484587680.798746000 0 0
1484587680.864088000 0 0
1484587680.869893000 0 1150
1484587680.876662000 0 0
1484587680.886430000 0 0
1484587680.891671000 1150 0
1484587680.896588000 1150 0
1484587680.906085000 1150 0
1484587680.914325000 1150 0
1484587680.860340000 738 0
1484587680.862667000 0 0
1484587680.884332000 492 0
1484587680.935435000 0 1150
1484587680.942811000 0 0
1484587680.931138000 0 246
1484587680.943673000 0 0
1484587680.946904000 0 0
1484587676.794646000 0 0
1484587758.317277000 0 0
1484587759.414866000 0 0
1484587759.424312000 0 0
1484587759.435052000 0 0
1484587759.438009000 0 0
1484587758.331412000 246 0
1484587758.362804000 0 0
1484587759.440592000 446 0
1484587759.448217000 0 0
1484587755.275039000 0 0
1484587816.875082000 0 0
1484587816.929125000 0 0
1484587816.932824000 1150 0
1484587816.940152000 0 0
1484587944.384515000 0 0
1484587944.608581000 0 0
1484587944.696266000 0 0
1484587944.896366000 0 0
1484587946.128523000 0 0
1484587946.328698000 0 0
1484587946.368025000 0 0
1484587946.399944000 0 0
1484587946.145013000 205 0
1484587948.009361000 0 0
1484587813.165230000 0 0
1484587944.388564000 218 0
1484587944.612573000 546 0
1484587944.700409000 170 0
1484587944.910748000 343 0
1484587946.416243000 4327 0
1484587946.374957000 248 0
1484587946.337298000 197 0
1484587970.446297000 0 0
1484587970.971166000 0 0
1484587970.975519000 0 2411
1484587971.005320000 0 0
1484587971.023897000 0 0
1484587971.084473000 2411 0
1484587971.096196000 2411 0
1484587971.132531000 2411 0
1484587971.168591000 2411 0
1484587970.953425000 615 0
1484587970.968832000 0 0
1484587971.025381000 410 0
1484587971.191630000 0 2411
1484587971.249968000 0 0
1484587971.187309000 0 205
1484587971.250564000 0 0
1484587971.255544000 0 0
1484587967.230187000 0 0
1484588038.299878000 0 0
1484588054.382402000 0 0
1484588241.648948000 0 0
1484588244.773075000 0 0
1484588245.919578000 0 0
1484588245.930809000 0 0
1484588245.950882000 0 0
1484588246.001043000 0 0
1484588246.031706000 0 0
1484588246.043379000 0 0
1484588246.051484000 0 0
1484588246.060834000 0 0
1484588250.584517000 0 0
1484588250.587989000 0 1078
1484588250.595483000 0 0
1484588250.595533000 0 0
1484588250.605179000 1078 0
1484588250.610019000 1078 0
1484588250.619310000 1078 0
1484588250.624046000 1078 0
1484588246.045657000 642 0
1484588246.047538000 0 0
1484588250.576995000 0 0
1484588250.599040000 428 0
1484588250.642508000 0 1078
1484588250.648478000 0 0
1484588250.638169000 0 214
1484588250.649452000 0 0
1484588241.651560000 205 0
1484588241.654030000 0 0
1484588244.775660000 80 0
1484588244.778487000 0 0
1484588245.942919000 129 0
1484588245.946179000 0 0
1484588245.966501000 183 0
1484588245.997418000 0 0
1484588246.005382000 2750 0
1484588246.009317000 0 0
1484588246.036653000 198 0
1484588246.038693000 0 0
1484588246.056534000 0 0
1484588246.072545000 254 0
1484588246.075107000 0 0
1484588250.653237000 0 0
1484588246.054680000 197 0
1484588275.251864000 0 0
1484588275.925930000 0 0
1484588275.939907000 0 0
1484588275.965743000 0 0
1484588275.997569000 0 0
1484588276.007327000 0 0
1484588277.397345000 0 0
1484588275.257125000 0 0
1484588275.942262000 183 0
1484588278.254316000 0 0
1484588275.928556000 129 0
1484588276.009693000 254 0
1484588276.000060000 197 0
1484588275.254537000 214 0
1484588275.968263000 198 0
1484588277.399839000 2750 0
1484588054.384549000 0 0
1484591229.224511000 0 0
1484591230.369594000 0 0
1484591229.228947000 56832 0
1484591230.373269000 174 0
1484591233.075417000 0 0
1484591233.274954000 0 0
1484591233.308867000 0 0
1484591233.312859000 0 0
1484591233.325508000 0 0
1484591233.328269000 0 0
1484591233.165303000 0 0
1484591238.760328000 0 0
1484591238.765173000 1243 0
1484591238.772891000 0 0
1484591243.695408000 0 0
1484591243.691147000 0 0
1484591243.734905000 0 0
1484591243.748140000 0 0
1484591243.755908000 0 0
1484591243.758719000 0 0
1484591233.080887000 174 0
1484591233.089501000 0 0
1484591233.331967000 402 0
1484591233.334332000 0 0
1484591246.577893000 0 0
1484591246.586013000 0 0
1484591246.593284000 0 0
1484591246.601516000 0 0
1484591246.612499000 0 0
1484591246.638722000 0 0
1484591246.646214000 0 0
1484591246.654689000 0 0
1484591246.663182000 0 0
1484591246.670250000 0 0
1484591246.676626000 0 0
1484591246.684156000 0 0
1484591246.708717000 0 0
1484591251.248359000 0 0
1484591251.252504000 0 1150
1484591251.260439000 0 0
1484591251.263850000 0 0
1484591251.260992000 0 0
1484591251.287644000 1150 0
1484591251.300282000 1150 0
1484591251.312589000 1150 0
1484591251.328619000 1150 0
1484591246.713120000 9522 0
1484591246.715937000 0 0
1484591251.247019000 0 0
1484591251.273062000 6348 0
1484591251.351721000 0 1150
1484591251.361289000 0 0
1484591251.347455000 0 3174
1484591251.361808000 0 0
1484591251.363777000 0 0
1484591251.373567000 0 0
1484591243.697632000 80 0
1484591243.699966000 0 0
1484591243.760861000 446 0
1484591243.763903000 0 0
1484591246.588271000 186 0
1484591246.590147000 0 0
1484591246.595449000 246 0
1484591246.597620000 0 0
1484591246.607001000 218 0
1484591246.608822000 0 0
1484591246.614359000 5869 0
1484591246.617716000 0 0
1484591246.641104000 546 0
1484591246.643501000 0 0
1484591246.648538000 170 0
1484591246.650381000 0 0
1484591246.657971000 343 0
1484591246.660398000 0 0
1484591246.665198000 205 0
1484591246.667043000 0 0
1484591246.672286000 197 0
1484591246.674120000 0 0
1484591246.678569000 248 0
1484591246.680338000 0 0
1484591246.686167000 4327 0
1484591246.689317000 0 0
1484591251.371203000 0 0
1484591251.380540000 6348 0
1484591251.393685000 6348 0
1484591233.083322000 0 0
1484591238.133553000 0 0
1484591454.224838000 0 0
1484591454.230333000 3174 0
1484591454.242856000 0 0
1484591422.864775000 0 0
1484586832.346094000 0 0
1484586705.492138000 0 0
1484586697.590060000 0 0
1484591901.003374000 0 0
1484591901.011814000 0 0
1484591901.022066000 0 0
1484591901.029451000 0 0
1484591901.036273000 0 0
1484591901.043022000 0 0
1484591901.051211000 0 0
1484591901.060129000 0 0
1484591901.062324000 0 0
1484591901.069321000 0 0
1484591901.054932000 2887 0
1484591901.057424000 0 0
1484591901.075210000 0 0
1484591901.082087000 0 0
1484591901.087888000 0 0
1484591901.093752000 0 0
1484591901.099972000 0 0
1484591901.107275000 0 0
1484591901.113060000 0 0
1484591901.121346000 0 0
1484591901.128795000 0 0
1484591901.136065000 0 0
1484591901.143362000 0 0
1484591901.149466000 0 0
1484591901.156586000 0 0
1484591901.163671000 0 0
1484591901.169830000 0 0
1484591901.178228000 0 0
1484591901.007319000 0 0
1484591901.184123000 0 0
1484591901.186473000 0 0
1484591901.187096000 0 0
1484591901.189541000 0 0
1484591901.185316000 0 0
1484591901.194479000 0 0
1484591901.194371000 0 0
1484591901.192094000 0 0
1484591901.198018000 0 0
1484591901.200634000 0 0
1484591901.201863000 0 0
1484591901.203049000 0 0
1484591901.207891000 0 0
1484591901.208156000 0 0
1484591901.210693000 0 0
1484591901.213507000 0 0
1484591901.214886000 0 0
1484591901.216023000 0 0
1484591901.221028000 0 0
1484591901.226048000 0 0
1484591901.235300000 0 0
1484591901.241142000 0 0
1484591901.246088000 0 0
1484591901.251053000 0 0
1484591901.258945000 0 0
1484591901.264752000 0 0
1484591901.270923000 0 0
1484591901.277500000 0 0
1484591901.284496000 0 0
1484591901.290307000 0 0
1484591901.295227000 0 0
1484591901.301112000 0 0
1484591901.307676000 0 0
1484591901.313582000 0 0
1484591901.319688000 0 0
1484591901.324973000 0 0
1484591901.332139000 0 0
1484591901.338387000 0 0
1484591901.344611000 0 0
1484591901.350869000 0 0
1484591901.357127000 0 0
1484591901.363348000 0 0
1484591901.370607000 0 0
1484591901.376002000 0 0
1484591901.382259000 0 0
1484591901.388517000 0 0
1484591901.395670000 0 0
1484591901.402820000 0 0
1484591901.410029000 0 0
1484591901.218647000 0 0
1484591901.416349000 0 0
1484591901.422064000 0 0
1484591901.428273000 0 0
1484591901.433463000 0 0
1484591901.439705000 0 0
1484591901.449146000 0 0
1484591901.206127000 0 0
1484591901.455304000 0 0
1484591901.461723000 0 0
1484591901.455914000 0 0
1484591901.468011000 0 0
1484591901.474219000 0 0
1484591901.479843000 0 0
1484591901.486053000 0 0
1484591901.491247000 0 0
1484591901.497425000 0 0
1484591901.506746000 0 0
1484591901.513081000 0 0
1484591901.518250000 0 0
1484591901.524333000 0 0
1484591901.529592000 0 0
1484591901.535737000 0 0
1484591901.540980000 0 0
1484591901.546516000 0 0
1484591901.468651000 0 0
1484591901.552586000 0 0
1484591901.559179000 0 0
1484591901.565325000 0 0
1484591901.571634000 0 0
1484591901.553141000 0 0
1484591901.577799000 0 0
1484591901.583994000 0 0
1484591901.590053000 0 0
1484591901.596183000 0 0
1484591901.603268000 0 0
1484591901.609431000 0 0
1484591901.615479000 0 0
1484591901.621764000 0 0
1484591901.626914000 0 0
1484591901.633193000 0 0
1484591901.638385000 0 0
1484591901.643782000 0 0
1484591901.650013000 0 0
1484591901.655352000 0 0
1484591901.661069000 0 0
1484591901.668117000 0 0
1484591901.674289000 0 0
1484591901.681222000 0 0
1484591901.687148000 0 0
1484591901.693473000 0 0
1484591901.698641000 0 0
1484591901.707795000 0 0
1484591901.713903000 0 0
1484591901.719402000 0 0
1484591901.725403000 0 0
1484591901.731406000 0 0
1484591901.578633000 0 0
1484591901.737508000 0 0
1484591901.742669000 0 0
1484591901.748229000 0 0
1484591901.754411000 0 0
1484591901.759685000 0 0
1484591901.765820000 0 0
1484591901.748009000 0 0
1484591901.771071000 0 0
1484591901.776911000 0 0
1484591901.771657000 0 0
1484591901.783017000 0 0
1484591901.788357000 0 0
1484591901.793478000 0 0
1484591901.799548000 0 0
1484591901.804727000 0 0
1484591901.810305000 0 0
1484591901.816387000 0 0
1484591901.823912000 0 0
1484591901.831827000 0 0
1484591901.838349000 0 0
1484591901.844658000 0 0
1484591901.850951000 0 0
1484591901.856384000 0 0
1484591901.862871000 0 0
1484591901.868197000 0 0
1484591901.874872000 0 0
1484591901.881451000 0 0
1484591901.887690000 0 0
1484591901.894388000 0 0
1484591901.900959000 0 0
1484591901.907227000 0 0
1484591901.913513000 0 0
1484591901.921780000 0 0
1484591901.928207000 0 0
1484591901.937273000 0 0
1484591901.783572000 0 0
1484591901.942680000 0 0
1484591901.948248000 0 0
1484591901.954514000 0 0
1484591901.961631000 0 0
1484591901.967852000 0 0
1484591901.974026000 0 0
1484591901.980244000 0 0
1484591901.973867000 0 0
1484591901.986404000 0 0
1484591901.992642000 0 0
1484591901.998794000 0 0
1484591902.005027000 0 0
1484591902.011201000 0 0
1484591902.016438000 0 0
1484591902.021684000 0 0
1484591902.027899000 0 0
1484591901.948044000 0 0
1484591902.033227000 0 0
1484591902.039494000 0 0
1484591902.045592000 0 0
1484591902.051611000 0 0
1484591902.057680000 0 0
1484591902.063850000 0 0
1484591902.069955000 0 0
1484591902.076219000 0 0
1484591902.081839000 0 0
1484591902.088079000 0 0
1484591902.094316000 0 0
1484591902.100399000 0 0
1484591902.105664000 0 0
1484591902.111853000 0 0
1484591902.117892000 0 0
1484591902.123445000 0 0
1484591902.033855000 0 0
1484591902.130551000 0 0
1484591902.137922000 0 0
1484591902.143985000 0 0
1484591902.149692000 0 0
1484591902.155729000 0 0
1484591902.160808000 0 0
1484591902.131152000 0 0
1484591902.166025000 0 0
1484591902.172339000 0 0
1484591902.181947000 0 0
1484591902.188062000 0 0
1484591902.193663000 0 0
1484591902.199960000 0 0
1484591902.206868000 0 0
1484591902.213877000 0 0
1484591902.166632000 0 0
1484591902.220275000 0 0
1484591902.228186000 0 0
1484591902.220501000 0 0
1484591902.234372000 0 0
1484591902.239618000 0 0
1484591902.246920000 0 0
1484591902.253089000 0 0
1484591902.260155000 0 0
1484591902.268087000 0 0
1484591902.274890000 0 0
1484591902.280792000 0 0
1484591902.287651000 0 0
1484591902.295452000 0 0
1484591902.260012000 0 0
1484591902.302499000 0 0
1484591902.307824000 0 0
1484591902.313174000 0 0
1484591902.319954000 0 0
1484591902.327127000 0 0
1484591902.332689000 0 0
1484591902.339234000 0 0
1484591902.346729000 0 0
1484591902.352899000 0 0
1484591902.359022000 0 0
1484591902.365141000 0 0
1484591902.370354000 0 0
1484591902.376459000 0 0
1484591902.382487000 0 0
1484591902.388979000 0 0
1484591902.395408000 0 0
1484591902.401628000 0 0
1484591902.407500000 0 0
1484591902.326984000 0 0
1484591902.413917000 0 0
1484591902.420043000 0 0
1484591902.427221000 0 0
1484591902.433382000 0 0
1484591902.439117000 0 0
1484591902.445552000 0 0
1484591902.451821000 0 0
1484591902.459426000 0 0
1484591902.466389000 0 0
1484591902.474125000 0 0
1484591902.482123000 0 0
1484591902.491711000 0 0
1484591902.498952000 0 0
1484591902.506157000 0 0
1484591902.514312000 0 0
1484591902.520509000 0 0
1484591902.530136000 0 0
1484591902.537510000 0 0
1484591902.544794000 0 0
1484591902.550864000 0 0
1484591902.557809000 0 0
1484591902.564388000 0 0
1484591902.572029000 0 0
1484591902.235004000 0 0
1484591902.578934000 0 0
1484591902.581948000 0 0
1484591902.584969000 0 0
1484591901.005991000 0 0
1484591902.723981000 0 0
1484591902.730501000 0 0
1484591902.737120000 0 0
1484591902.742908000 0 0
1484591902.749812000 0 0
1484591902.755566000 0 0
1484591902.761859000 0 0
1484591902.768225000 0 0
1484591902.773615000 0 0
1484591902.779936000 0 0
1484591902.786138000 0 0
1484591902.792047000 0 0
1484591902.798338000 0 0
1484591902.802772000 0 0
1484591902.809160000 0 0
1484591902.814081000 0 0
1484591902.820840000 0 0
1484591902.826343000 0 0
1484591902.832258000 0 0
1484591902.838221000 0 0
1484591902.845218000 0 0
1484591902.851883000 0 0
1484591902.858397000 0 0
1484591902.864451000 0 0
1484591901.000724000 0 0
1484591900.974176000 0 0
1484591901.015167000 607 0
1484591901.017523000 0 0
1484591901.025205000 682 0
1484591901.027434000 0 0
1484591901.032435000 577 0
1484591901.034263000 0 0
1484591901.039246000 625 0
1484591901.041029000 0 0
1484591901.046653000 585 0
1484591901.048974000 0 0
1484591901.065167000 523 0
1484591901.067181000 0 0
1484591901.071171000 739 0
1484591901.073197000 0 0
1484591901.078110000 637 0
1484591901.080102000 0 0
1484591901.084033000 772 0
1484591901.085997000 0 0
1484591901.089800000 769 0
1484591901.091805000 0 0
1484591901.095635000 766 0
1484591901.097755000 0 0
1484591901.103140000 742 0
1484591901.105255000 0 0
1484591901.109289000 405 0
1484591901.111080000 0 0
1484591901.116773000 571 0
1484591901.119097000 0 0
1484591901.124567000 706 0
1484591901.126748000 0 0
1484591901.131879000 682 0
1484591901.134031000 0 0
1484591901.139205000 670 0
1484591901.141362000 0 0
1484591901.145352000 646 0
1484591901.147459000 0 0
1484591901.152419000 703 0
1484591901.154560000 0 0
1484591901.159566000 682 0
1484591901.161704000 0 0
1484591901.165670000 1082 0
1484591901.167835000 0 0
1484591901.173392000 950 0
1484591901.175886000 0 0
1484591901.180241000 640 0
1484591901.182336000 0 0
1484591901.190023000 270 0
1484591901.192377000 0 0
1484591901.198247000 201 0
1484591901.200418000 0 0
1484591901.204801000 982 0
1484591901.206829000 0 0
1484591901.211327000 1168 0
1484591901.213644000 0 0
1484591901.217944000 220 0
1484591901.220016000 0 0
1484591901.230208000 7583 0
1484591901.233200000 0 0
1484591901.243107000 199 0
1484591901.244900000 0 0
1484591901.254688000 2282 0
1484591901.257156000 0 0
1484591901.267669000 1303 0
1484591901.269746000 0 0
1484591901.280996000 865 0
1484591901.283293000 0 0
1484591901.292259000 476 0
1484591901.294064000 0 0
1484591901.304487000 229 0
1484591901.306482000 0 0
1484591901.316448000 190 0
1484591901.318404000 0 0
1484591901.328461000 272 0
1484591901.330753000 0 0
1484591901.341368000 188 0
1484591901.343303000 0 0
1484591901.353830000 211 0
1484591901.355768000 0 0
1484591901.366890000 249 0
1484591901.369268000 0 0
1484591901.378960000 198 0
1484591901.380924000 0 0
1484591901.392023000 226 0
1484591901.394313000 0 0
1484591901.406393000 260 0
1484591901.408694000 0 0
1484591901.418375000 257 0
1484591901.420691000 0 0
1484591901.430266000 246 0
1484591901.432172000 0 0
1484591901.443675000 4092 0
1484591901.446590000 0 0
1484591901.458296000 188 0
1484591901.460408000 0 0
1484591901.471016000 258 0
1484591901.472921000 0 0
1484591901.482740000 612 0
1484591901.484650000 0 0
1484591901.494182000 272 0
1484591901.496163000 0 0
1484591901.509830000 262 0
1484591901.511768000 0 0
1484591901.521151000 262 0
1484591901.523062000 0 0
1484591901.532504000 270 0
1484591901.534445000 0 0
1484591901.542992000 270 0
1484591901.545235000 0 0
1484591901.555642000 264 0
1484591901.557868000 0 0
1484591901.568362000 261 0
1484591901.570358000 0 0
1484591901.580717000 258 0
1484591901.582698000 0 0
1484591901.592953000 228 0
1484591901.594889000 0 0
1484591901.606183000 250 0
1484591901.608125000 0 0
1484591901.618529000 248 0
1484591901.620499000 0 0
1484591901.629948000 249 0
1484591901.631914000 0 0
1484591901.640436000 274 0
1484591901.642352000 0 0
1484591901.652011000 178 0
1484591901.653971000 0 0
1484591901.664554000 248 0
1484591901.666809000 0 0
1484591901.677670000 242 0
1484591901.679941000 0 0
1484591901.690160000 433 0
1484591901.692128000 0 0
1484591901.702346000 3058 0
1484591901.705213000 0 0
1484591901.715862000 137 0
1484591901.718137000 0 0
1484591901.728194000 173 0
1484591901.730126000 0 0
1484591901.739497000 335 0
1484591901.741389000 0 0
1484591901.751171000 335 0
1484591901.753085000 0 0
1484591901.762583000 165 0
1484591901.764539000 0 0
1484591901.773072000 272 0
1484591901.775624000 0 0
1484591901.785003000 188 0
1484591901.787075000 0 0
1484591901.796327000 180 0
1484591901.798237000 0 0
1484591901.806731000 241 0
1484591901.809014000 0 0
1484591901.819940000 845 0
1484591901.822577000 0 0
1484591901.834959000 262 0
1484591901.836943000 0 0
1484591901.847656000 392 0
1484591901.849615000 0 0
1484591901.859585000 424 0
1484591901.861548000 0 0
1484591901.871602000 261 0
1484591901.873574000 0 0
1484591901.884411000 261 0
1484591901.886343000 0 0
1484591901.897712000 261 0
1484591901.899673000 0 0
1484591901.910203000 442 0
1484591901.912190000 0 0
1484591901.924966000 261 0
1484591901.926911000 0 0
1484591901.939345000 261 0
1484591901.941397000 0 0
1484591901.951208000 402 0
1484591901.953175000 0 0
1484591901.964569000 297 0
1484591901.966533000 0 0
1484591901.976991000 392 0
1484591901.978934000 0 0
1484591901.989336000 424 0
1484591901.991325000 0 0
1484591902.001711000 261 0
1484591902.003708000 0 0
1484591902.013199000 197 0
1484591902.015150000 0 0
1484591902.024617000 267 0
1484591902.026589000 0 0
1484591902.036229000 232 0
1484591902.038176000 0 0
1484591902.048391000 266 0
1484591902.050306000 0 0
1484591902.060593000 293 0
1484591902.062573000 0 0
1484591902.072886000 222 0
1484591902.074858000 0 0
1484591902.084819000 224 0
1484591902.086738000 0 0
1484591902.097170000 255 0
1484591902.099081000 0 0
1484591902.108527000 727 0
1484591902.110454000 0 0
1484591902.119899000 1030 0
1484591902.122142000 0 0
1484591902.134040000 620 0
1484591902.136636000 0 0
1484591902.146034000 352 0
1484591902.148276000 0 0
1484591902.157745000 348 0
1484591902.159478000 0 0
1484591902.168889000 307 0
1484591902.171019000 0 0
1484591902.184072000 721 0
1484591902.186750000 0 0
1484591902.196720000 508 0
1484591902.198666000 0 0
1484591902.210247000 530 0
1484591902.212512000 0 0
1484591902.224114000 1240 0
1484591902.226819000 0 0
1484591902.236364000 210 0
1484591902.238321000 0 0
1484591902.249905000 487 0
1484591902.251811000 0 0
1484591902.264038000 1004 0
1484591902.266760000 0 0
1484591902.277076000 245 0
1484591902.279314000 0 0
1484591902.291802000 276 0
1484591902.294113000 0 0
1484591902.304583000 238 0
1484591902.306534000 0 0
1484591902.316255000 342 0
1484591902.318540000 0 0
1484591902.329308000 235 0
1484591902.331352000 0 0
1484591902.342694000 1182 0
1484591902.345398000 0 0
1484591902.355789000 168 0
1484591902.357732000 0 0
1484591902.367157000 162 0
1484591902.369084000 0 0
1484591902.378475000 974 0
1484591902.381190000 0 0
1484591902.392001000 534 0
1484591902.394123000 0 0
1484591902.403778000 786 0
1484591902.406026000 0 0
1484591902.416817000 180 0
1484591902.418786000 0 0
1484591902.429269000 1144 0
1484591902.432084000 0 0
1484591902.442266000 170 0
1484591902.444214000 0 0
1484591902.453853000 3421 0
1484591902.456886000 0 0
1484591902.468631000 2651 0
1484591902.471546000 0 0
1484591902.486246000 2213 0
1484591902.489155000 0 0
1484591902.502324000 238 0
1484591902.504739000 0 0
1484591902.516602000 236 0
1484591902.519069000 0 0
1484591902.533624000 217 0
1484591902.536077000 0 0
1484591902.547044000 231 0
1484591902.549447000 0 0
1484591902.560996000 244 0
1484591902.562981000 0 0
1484591901.223019000 215 0
1484591901.224830000 0 0
1484591901.238160000 213 0
1484591901.239922000 0 0
1484591901.248048000 267 0
1484591901.249875000 0 0
1484591901.261830000 230 0
1484591901.263570000 0 0
1484591901.274329000 202 0
1484591901.276338000 0 0
1484591901.287385000 220 0
1484591901.289135000 0 0
1484591901.298148000 176 0
1484591901.299937000 0 0
1484591901.310630000 186 0
1484591901.312417000 0 0
1484591901.321745000 306 0
1484591901.323667000 0 0
1484591901.335154000 214 0
1484591901.337119000 0 0
1484591901.347562000 207 0
1484591901.349566000 0 0
1484591901.360124000 193 0
1484591901.362083000 0 0
1484591901.372662000 126 0
1484591901.374699000 0 0
1484591901.385252000 209 0
1484591901.387204000 0 0
1484591901.399200000 228 0
1484591901.401513000 0 0
1484591901.413026000 267 0
1484591901.415007000 0 0
1484591901.425031000 263 0
1484591901.427001000 0 0
1484591901.436442000 192 0
1484591901.438359000 0 0
1484591901.452139000 317 0
1484591901.454057000 0 0
1484591901.464801000 292 0
1484591901.466764000 0 0
1484591901.476194000 129 0
1484591901.478476000 0 0
1484591901.488032000 183 0
1484591901.489943000 0 0
1484591901.501188000 2750 0
1484591901.504061000 0 0
1484591901.515048000 198 0
1484591901.516956000 0 0
1484591901.526381000 214 0
1484591901.528293000 0 0
1484591901.537753000 197 0
1484591901.539703000 0 0
1484591901.548519000 254 0
1484591901.551195000 0 0
1484591901.562081000 226 0
1484591901.564005000 0 0
1484591901.574530000 302 0
1484591901.576457000 0 0
1484591901.586851000 168 0
1484591901.588748000 0 0
1484591901.599579000 311 0
1484591901.601969000 0 0
1484591901.612256000 198 0
1484591901.614183000 0 0
1484591901.623729000 216 0
1484591901.625636000 0 0
1484591901.635156000 211 0
1484591901.637121000 0 0
1484591901.646806000 166 0
1484591901.648748000 0 0
1484591901.657320000 229 0
1484591901.659674000 0 0
1484591901.671098000 220 0
1484591901.673015000 0 0
1484591901.683194000 1163 0
1484591901.685879000 0 0
1484591901.695455000 211 0
1484591901.697368000 0 0
1484591901.710699000 199 0
1484591901.712633000 0 0
1484591901.722210000 277 0
1484591901.724156000 0 0
1484591901.734212000 248 0
1484591901.736240000 0 0
1484591901.744622000 245 0
1484591901.746962000 0 0
1484591901.756449000 207 0
1484591901.758390000 0 0
1484591901.767810000 207 0
1484591901.769791000 0 0
1484591901.779792000 273 0
1484591901.781727000 0 0
1484591901.790309000 186 0
1484591901.792199000 0 0
1484591901.801526000 246 0
1484591901.803443000 0 0
1484591901.813184000 218 0
1484591901.815128000 0 0
1484591901.825930000 5869 0
1484591901.829182000 0 0
1484591901.841376000 546 0
1484591901.843321000 0 0
1484591901.853022000 170 0
1484591901.854954000 0 0
1484591901.864919000 343 0
1484591901.866878000 0 0
1484591901.878209000 205 0
1484591901.880161000 0 0
1484591901.890863000 197 0
1484591901.893078000 0 0
1484591901.903901000 248 0
1484591901.905892000 0 0
1484591901.915552000 4327 0
1484591901.918898000 0 0
1484591901.931954000 3174 0
1484591901.934763000 0 0
1484591901.944704000 141 0
1484591901.946961000 0 0
1484591901.957976000 269 0
1484591901.960300000 0 0
1484591901.970778000 281 0
1484591901.972752000 0 0
1484591901.983149000 260 0
1484591901.985126000 0 0
1484591901.995535000 217 0
1484591901.997471000 0 0
1484591902.007935000 267 0
1484591902.009904000 0 0
1484591902.018433000 267 0
1484591902.020394000 0 0
1484591902.029970000 209 0
1484591902.031959000 0 0
1484591902.042353000 186 0
1484591902.044341000 0 0
1484591902.054457000 177 0
1484591902.056379000 0 0
1484591902.066704000 175 0
1484591902.068656000 0 0
1484591902.078191000 224 0
1484591902.080560000 0 0
1484591902.091053000 288 0
1484591902.093053000 0 0
1484591902.102421000 184 0
1484591902.104392000 0 0
1484591902.114707000 170 0
1484591902.116613000 0 0
1484591902.126858000 232 0
1484591902.129258000 0 0
1484591902.140790000 210 0
1484591902.142704000 0 0
1484591902.152521000 217 0
1484591902.154445000 0 0
1484591902.162767000 144 0
1484591902.164676000 0 0
1484591902.176338000 4178 0
1484591902.179319000 0 0
1484591902.190074000 156 0
1484591902.192377000 0 0
1484591902.203325000 156 0
1484591902.205573000 0 0
1484591902.216970000 803 0
1484591902.218953000 0 0
1484591902.231123000 264 0
1484591902.233114000 0 0
1484591902.242981000 740 0
1484591902.245638000 0 0
1484591902.256546000 186 0
1484591902.258795000 0 0
1484591902.271156000 238 0
1484591902.273474000 0 0
1484591902.284167000 369 0
1484591902.286130000 0 0
1484591902.299204000 255 0
1484591902.301181000 0 0
1484591902.309824000 205 0
1484591902.311877000 0 0
1484591902.323551000 249 0
1484591902.325862000 0 0
1484591902.335637000 241 0
1484591902.337912000 0 0
1484591902.349643000 268 0
1484591902.351611000 0 0
1484591902.361917000 206 0
1484591902.363868000 0 0
1484591902.373219000 206 0
1484591902.375174000 0 0
1484591902.385713000 206 0
1484591902.387714000 0 0
1484591902.398293000 196 0
1484591902.400229000 0 0
1484591902.410660000 189 0
1484591902.412655000 0 0
1484591902.423529000 269 0
1484591902.425904000 0 0
1484591902.435443000 205 0
1484591902.437707000 0 0
1484591902.448533000 251 0
1484591902.450496000 0 0
1484591902.462833000 247 0
1484591902.464944000 0 0
1484591902.478090000 430 0
1484591902.480691000 0 0
1484591902.495120000 243 0
1484591902.497522000 0 0
1484591902.510084000 509 0
1484591902.512842000 0 0
1484591902.524619000 2333 0
1484591902.527594000 0 0
1484591902.540970000 322 0
1484591902.543379000 0 0
1484591902.554037000 387 0
1484591902.556352000 0 0
1484591902.567479000 460 0
1484591902.569432000 0 0
1484591902.575099000 290 0
1484591902.576989000 0 0
1484591902.726298000 758 0
1484591902.729109000 0 0
1484591902.733698000 164 0
1484591902.735808000 0 0
1484591902.739811000 169 0
1484591902.741558000 0 0
1484591902.746118000 224 0
1484591902.748431000 0 0
1484591902.751902000 233 0
1484591902.754232000 0 0
1484591902.758743000 188 0
1484591902.760554000 0 0
1484591902.765031000 213 0
1484591902.766900000 0 0
1484591902.770258000 166 0
1484591902.772306000 0 0
1484591902.776820000 203 0
1484591902.778695000 0 0
1484591902.782932000 222 0
1484591902.784841000 0 0
1484591902.789122000 191 0
1484591902.790871000 0 0
1484591902.794963000 194 0
1484591902.796694000 0 0
1484591902.799864000 312 0
1484591902.801637000 0 0
1484591902.805935000 910 0
1484591902.808205000 0 0
1484591902.811033000 368 0
1484591902.812797000 0 0
1484591902.817159000 307 0
1484591902.819044000 0 0
1484591902.823193000 347 0
1484591902.824968000 0 0
1484591902.829050000 261 0
1484591902.830904000 0 0
1484591902.835019000 277 0
1484591902.837031000 0 0
1484591902.841556000 362 0
1484591902.843856000 0 0
1484591902.848584000 347 0
1484591902.850512000 0 0
1484591902.854942000 395 0
1484591902.857173000 0 0
1484591902.861417000 261 0
1484591902.863192000 0 0
1484591902.867029000 271 0
1484591902.868772000 0 0
1484592532.302657000 0 0
1484592532.338092000 0 0
1484592532.342615000 0 0
1484592532.351986000 0 0
1484592532.354924000 0 0
1484586700.526578000 0 0
1484592532.358838000 446 0
1484592532.361832000 0 0
