1484574223.335811000 0 0
1484574223.349036000 0 0
1484574223.354435000 0 0
1484574223.360187000 0 0
1484574223.365794000 0 0
1484574224.611957000 282 0
1484574227.047396000 0 0
1484574227.050757000 0 0
1484574227.059764000 0 0
1484574228.705612000 0 0
1484574228.708910000 0 0
1484574228.749797000 0 0
1484574228.786825000 0 0
1484574228.950295000 0 0
1484574228.966404000 0 0
1484574228.969071000 0 0
1484574228.971901000 0 0
1484574228.982752000 0 0
1484574229.072583000 0 0
1484574229.081777000 0 0
1484574229.084076000 0 0
1484574229.086376000 0 0
1484574229.089773000 0 0
1484574229.091091000 0 0
1484574229.092773000 0 0
1484574229.105034000 0 0
1484574229.155047000 0 0
1484574229.159113000 0 0
1484574229.207717000 0 0
1484574225.120431000 111 0
1484574228.812944000 1423 0
1484574228.881871000 710 0
1484574228.894689000 1159 0
1484574228.966073000 129 0
1484574229.002074000 0 0
1484574229.004393000 0 0
1484574229.067251000 566 0
1484574228.995930000 129 0
1484574229.088313000 129 0
1484574229.150925000 129 0
1484574229.174208000 504 0
1484574229.201983000 129 0
1484574226.998828000 282 0
1484574229.332039000 0 0
1484574229.371573000 1423 0
1484574229.377916000 881 0
1484574229.387871000 710 0
1484574229.400878000 1159 0
1484574229.409256000 749 0
1484574229.348955000 478 0
1484574229.364527000 481 0
1484574229.374099000 0 0
1484574228.849104000 881 0
1484574229.390596000 0 0
1484574229.403608000 0 0
1484574228.922981000 749 0
1484574230.042993000 282 0
1484574880.618645000 0 0
1484574880.621184000 0 0
1484574880.629196000 0 0
1484574880.637058000 0 0
1484574880.642242000 0 0
1484574881.645862000 0 0
1484574881.658467000 0 0
1484574881.678048000 0 0
1484574881.685577000 0 0
1484574881.708645000 0 0
1484574881.713826000 0 0
1484574881.736889000 0 0
1484574881.759907000 0 0
1484574881.762665000 0 0
1484574881.769103000 0 0
1484574881.852531000 0 0
1484574881.919856000 0 0
1484574881.991129000 0 0
1484574881.994298000 0 0
1484574881.997225000 0 0
1484574882.000275000 0 0
1484574882.002573000 0 0
1484574882.024731000 0 0
1484574882.063619000 0 0
1484574882.152061000 0 0
1484574882.155452000 0 0
1484574882.157984000 0 0
1484574882.167009000 0 0
1484574882.175930000 0 0
1484574882.181617000 0 0
1484574882.233295000 0 0
1484574882.236123000 0 0
1484574882.238737000 0 0
1484574882.258768000 0 0
1484574882.297185000 0 0
1484574882.300210000 0 0
1484574882.305117000 0 0
1484574882.330877000 0 0
1484574882.500410000 0 0
1484574882.506721000 0 0
1484574882.519118000 0 0
1484574882.567045000 0 0
1484574882.593220000 0 0
1484574882.623942000 0 0
1484574882.787316000 0 0
1484574882.825758000 0 0
1484574882.829393000 0 18830
1484574883.010233000 0 0
1484574883.013805000 0 0
1484574882.811012000 18830 0
1484574882.818006000 0 0
1484574883.016896000 0 0
1484574883.089409000 0 0
1484574883.259881000 0 0
1484574883.289833000 0 0
1484574883.294523000 0 2
1484574883.303573000 0 0
1484574883.306914000 0 0
1484574882.512800000 2 0
1484574883.279893000 0 0
1484574883.310100000 0 0
1484574883.566175000 1998848 0
1484574884.064666000 0 0
1484574884.197804000 0 0
1484574884.368341000 0 53
1484574883.180131000 288 0
1484574884.376451000 0 0
1484574884.473888000 0 0
1484574884.479394000 0 0
1484574884.520923000 0 0
1484574884.542642000 0 0
1484574884.547775000 0 0
1484574884.524280000 0 0
1484574884.563636000 0 90
1484574884.519739000 0 0
1484574884.574953000 0 0
1484574884.625934000 0 0
1484574884.638049000 0 0
1484574884.618999000 0 4096
1484574884.585090000 0 0
1484574884.646394000 0 0
1484574884.614275000 0 0
1484574884.655548000 0 0
1484574884.676797000 0 0
1484574885.001292000 0 0
1484574886.529276000 0 0
1484574884.408260000 37625 0
1484574886.528482000 0 0
1484574886.552874000 0 0
1484574886.558774000 0 0
1484574886.557557000 0 0
1484574886.566681000 0 38524
1484574886.579386000 0 0
1484574880.526311000 1159 0
1484574880.541040000 0 0
1484574880.573064000 0 0
1484574881.435447000 0 0
1484574896.681953000 0 0
1484574884.669491000 0 4096
1484574896.689671000 0 0
1484574896.694495000 0 0
1484574884.666269000 0 0
1484574896.701235000 0 0
1484574884.203860000 0 0
1484574899.748948000 0 0
1484574899.800447000 0 3608
1484574899.820809000 0 0
1484574901.245901000 0 2227
1484574885.701789000 2227 0
1484574901.253796000 0 0
1484574901.600425000 0 40740
1484574901.613146000 0 0
1484574901.620574000 0 0
1484574894.193262000 1046 0
1484574884.606911000 40960 0
1484574880.635239000 282 0
1484574881.683548000 10 0
1484574881.702892000 10 0
1484574881.711888000 111 0
1484574881.793633000 208 0
1484574881.961526000 189092 0
1484574882.086544000 16384 0
1484574882.158555000 17189 0
1484574882.311727000 185 0
1484574882.612146000 11329 0
1484574882.644591000 237211 0
1484574883.179210000 116 0
1484574883.274337000 1494 0
1484574883.293434000 309 0
1484574883.301060000 4687 0
1484574884.231181000 9716 0
1484574884.479460000 1251 0
1484574884.516997000 29 0
1484574884.527591000 35011 0
1484574883.326584000 25 0
1484574913.502844000 0 1494
1484574913.511594000 0 0
1484574914.190432000 0 0
1484574914.202795000 0 0
1484574914.206551000 0 189173
1484574914.269339000 0 0
1484574914.273926000 0 0
1484574914.277493000 0 0
1484574914.194479000 0 0
1484574914.280768000 0 0
1484574893.013186000 766 0
1484574916.641735000 0 41901
1484574916.655500000 0 0
1484574916.664177000 0 0
1484574939.331989000 0 0
1484574939.340636000 0 0
1484574939.349579000 0 0
1484574939.355989000 0 0
1484574939.376789000 0 66
1484574939.368959000 66 0
1484574939.383639000 0 0
1484574942.395057000 0 0
1484574942.411927000 0 137
1484574942.417324000 0 0
1484574942.399008000 137 0
1484574942.416335000 0 0
1484574942.424538000 0 0
1484574942.429536000 0 0
1484574942.636901000 0 0
1484574942.642766000 0 13878
1484574942.653959000 0 0
1484574942.653004000 0 0
1484574942.661896000 0 0
1484574942.724007000 0 0
1484574942.730454000 0 0
1484574942.751373000 0 0
1484574942.769115000 0 0
1484574942.808977000 0 0
1484574942.937844000 0 0
1484574942.969091000 0 0
1484574942.989524000 0 0
1484574943.008508000 0 0
1484574943.022647000 0 0
1484574943.081966000 0 0
1484574943.086442000 0 0
1484574943.097595000 0 0
1484574943.168305000 0 0
1484574943.172922000 0 0
1484574943.177655000 0 0
1484574943.182894000 0 0
1484574943.188270000 0 0
1484574943.193620000 0 0
1484574943.198250000 0 0
1484574943.208726000 0 0
1484574943.213638000 0 0
1484574943.219027000 0 0
1484574943.239259000 0 0
1484574943.244001000 0 0
1484574943.248614000 0 0
1484574943.262715000 0 0
1484574943.267345000 0 0
1484574943.272052000 0 0
1484574943.276442000 0 0
1484574943.281440000 0 0
1484574943.286365000 0 0
1484574943.291055000 0 0
1484574943.295383000 0 0
1484574943.299802000 0 0
1484574943.304608000 0 0
1484574943.309501000 0 0
1484574943.314034000 0 0
1484574943.318440000 0 0
1484574943.322866000 0 0
1484574943.327616000 0 0
1484574943.342466000 0 0
1484574943.355709000 0 0
1484574943.369034000 0 0
1484574943.374173000 0 0
1484574943.391500000 0 0
1484574943.396494000 0 0
1484574943.418124000 0 0
1484574943.423138000 0 0
1484574943.448485000 0 0
1484574943.460545000 0 0
1484574943.465458000 0 0
1484574943.469915000 0 0
1484574943.474321000 0 0
1484574943.483086000 0 0
1484574943.501593000 0 0
1484574943.506430000 0 0
1484574943.522590000 0 0
1484574943.553515000 0 0
1484574943.558763000 0 0
1484574943.563492000 0 0
1484574943.568161000 0 0
1484574943.572729000 0 0
1484574943.577106000 0 0
1484574943.581653000 0 0
1484574943.586138000 0 0
1484574943.603949000 0 0
1484574943.625893000 0 0
1484574943.631232000 0 0
1484574943.635979000 0 0
1484574943.640525000 0 0
1484574943.645719000 0 0
1484574943.661837000 0 0
1484574943.685705000 0 0
1484574943.733989000 0 0
1484574943.738938000 0 0
1484574943.753221000 0 0
1484574943.784098000 0 0
1484574943.808942000 0 0
1484574943.813905000 0 0
1484574943.818409000 0 0
1484574943.822662000 0 0
1484574943.826979000 0 0
1484574943.844346000 0 0
1484574943.848564000 0 0
1484574943.853131000 0 0
1484574943.862581000 0 0
1484574943.867275000 0 0
1484574943.871697000 0 0
1484574943.875940000 0 0
1484574943.880521000 0 0
1484574943.885130000 0 0
1484574943.889540000 0 0
1484574943.893844000 0 0
1484574943.898094000 0 0
1484574943.918253000 0 0
1484574943.922441000 0 0
1484574943.926574000 0 0
1484574943.930839000 0 0
1484574943.945998000 0 0
1484574943.950373000 0 0
1484574943.954655000 0 0
1484574943.961551000 0 0
1484574943.966110000 0 0
1484574944.065206000 0 0
1484574944.081747000 0 0
1484574944.086371000 0 0
1484574944.090884000 0 0
1484574944.095419000 0 0
1484574944.100211000 0 0
1484574944.104712000 0 0
1484574944.109178000 0 0
1484574944.113640000 0 0
1484574944.126141000 0 0
1484574944.130575000 0 0
1484574944.136990000 0 0
1484574944.226921000 0 0
1484574944.241212000 0 0
1484574944.245747000 0 0
1484574944.258435000 0 0
1484574953.761746000 0 41853
1484574953.776010000 0 0
1484574953.784446000 0 0
1484574942.698655000 51 0
1484574977.188234000 0 41901
1484574977.202858000 0 0
1484574977.201772000 0 0
1484574977.211010000 0 0
1484574977.209944000 0 0
1484574982.557299000 0 0
1484574982.604155000 0 0
1484574982.607309000 0 0
1484574982.615764000 0 0
1484574982.797573000 0 0
1484574982.800899000 0 0
1484574992.231354000 0 41853
1484574992.245341000 0 0
1484574992.244259000 0 0
1484574992.253520000 0 0
1484574992.252458000 0 0
1484574961.214620000 564 0
1484574982.619228000 566 0
1484575053.802010000 0 0
1484575053.815125000 0 0
1484575053.819312000 0 188895
1484575053.892211000 0 0
1484575053.896878000 0 0
1484575053.900885000 0 0
1484575053.806418000 0 0
1484575053.904240000 0 0
1484575053.932114000 0 0
1484575053.937534000 0 0
1484575053.938227000 0 0
1484575053.941900000 0 0
1484575053.947312000 0 0
1484575053.949949000 0 0
1484575053.953670000 0 0
1484575053.945751000 0 0
1484575053.961534000 0 0
1484575053.961770000 0 0
1484575053.966974000 0 0
1484575053.967600000 0 0
1484575053.970134000 0 0
1484575053.975134000 0 0
1484575053.973709000 0 0
1484575054.000928000 0 0
1484575054.018563000 0 0
1484575054.029641000 0 0
1484575054.035856000 0 0
1484575054.040738000 0 0
1484575054.041425000 0 0
1484575054.023937000 0 4096
1484575054.040290000 0 0
1484575054.047748000 0 0
1484575054.048900000 0 0
1484575054.020193000 0 0
1484575054.056856000 0 0
1484575054.069275000 0 0
1484575054.074307000 0 0
1484575054.072748000 0 0
1484575054.082744000 0 0
1484575054.085752000 0 0
1484575054.118201000 0 0
1484575054.129072000 0 0
1484575054.112450000 0 4096
1484575054.135815000 0 0
1484575054.108770000 0 0
1484575054.144547000 0 0
1484575054.181142000 0 0
1484575054.089149000 0 0
1484575054.204209000 0 0
1484575054.213794000 0 0
1484575054.215193000 0 0
1484575054.215857000 0 0
1484575054.197506000 0 4096
1484575054.221814000 0 0
1484575054.193461000 0 0
1484575054.227574000 0 0
1484575054.230180000 0 0
1484575054.219004000 0 0
1484575054.235201000 0 0
1484575054.246530000 0 0
1484575054.229482000 0 4096
1484575054.248096000 0 0
1484575054.250918000 0 0
1484575054.254464000 0 0
1484575054.256019000 0 0
1484575054.225545000 0 0
1484575054.254686000 0 0
1484575054.264510000 0 0
1484575054.264813000 0 0
1484575054.283291000 0 0
1484575054.285800000 0 0
1484575054.288394000 0 0
1484575054.287004000 0 0
1484575054.300049000 0 0
1484575054.279339000 0 4096
1484575054.307713000 0 0
1484575054.275642000 0 0
1484575054.377347000 0 0
1484575054.395276000 0 0
1484575054.425860000 0 0
1484575054.428507000 0 0
1484575054.443321000 0 0
1484575054.423100000 0 4096
1484575054.450190000 0 0
1484575054.418735000 0 0
1484575054.459075000 0 0
1484575054.606739000 0 0
1484575054.617929000 0 0
1484575054.600818000 0 4096
1484575054.624770000 0 0
1484575054.597025000 0 0
1484575054.634274000 0 0
1484575054.651158000 0 0
1484575054.429280000 0 0
1484575054.665727000 0 0
1484575054.670972000 0 0
1484575054.676496000 0 0
1484575054.674061000 0 0
1484575054.684697000 0 0
1484575054.688446000 0 0
1484575054.705494000 0 0
1484575054.708445000 0 0
1484575054.691529000 0 0
1484575054.713389000 0 0
1484575054.717996000 0 0
1484575054.723629000 0 0
1484575054.703080000 0 4096
1484575054.727648000 0 0
1484575054.731632000 0 0
1484575054.732762000 0 0
1484575054.699947000 0 0
1484575054.737081000 0 0
1484575054.712481000 0 4096
1484575054.731353000 0 0
1484575054.740475000 0 0
1484575054.744381000 0 0
1484575054.709246000 0 0
1484575054.752629000 0 0
1484575054.756862000 0 0
1484575054.762101000 0 0
1484575054.771993000 0 0
1484575054.774529000 0 0
1484575054.757070000 0 4096
1484575054.775995000 0 0
1484575054.781248000 0 0
1484575054.734735000 0 0
1484575054.786182000 0 0
1484575054.789548000 0 0
1484575054.796842000 0 0
1484575054.771535000 0 4096
1484575054.803302000 0 0
1484575054.768360000 0 0
1484575054.811679000 0 0
1484575054.774825000 0 0
1484575054.888545000 0 0
1484575054.899637000 0 0
1484575054.910265000 0 0
1484575054.920617000 0 0
1484575054.903414000 0 0
1484575054.929641000 0 0
1484575054.933147000 0 0
1484575054.914577000 0 4096
1484575054.940055000 0 0
1484575054.910999000 0 0
1484575054.948650000 0 0
1484575055.063930000 0 0
1484575055.069360000 0 0
1484575055.082040000 0 0
1484575055.067931000 0 0
1484575055.089399000 0 0
1484575055.095129000 0 0
1484575055.076427000 0 4096
1484575055.102192000 0 0
1484575055.104208000 0 0
1484575055.072616000 0 0
1484575055.115530000 0 0
1484575055.116560000 0 0
1484575055.137755000 0 0
1484575055.115023000 0 0
1484575055.139770000 0 0
1484575055.141693000 0 0
1484575055.144950000 0 0
1484575055.150159000 0 0
1484575055.151225000 0 0
1484575055.133967000 0 4096
1484575055.157940000 0 0
1484575055.130599000 0 0
1484575055.166354000 0 0
1484575055.179935000 0 0
1484575055.191191000 0 0
1484575055.191955000 0 0
1484575055.174267000 0 4096
1484575055.198617000 0 0
1484575055.170654000 0 0
1484575055.207100000 0 0
1484575055.211330000 0 0
1484575055.185590000 0 4096
1484575055.148717000 0 0
1484575055.218228000 0 0
1484575055.181940000 0 0
1484575055.227227000 0 0
1484575055.259493000 0 0
1484575055.262098000 0 0
1484575055.275636000 0 0
1484575055.282903000 0 0
1484575055.312069000 0 0
1484575055.312950000 0 0
1484575055.274138000 0 0
1484575055.316900000 0 0
1484575055.331858000 0 0
1484575055.357597000 0 0
1484575055.336394000 0 0
1484575053.966513000 0 0
1484575055.371360000 0 0
1484575055.372479000 0 0
1484575055.375627000 0 0
1484575055.383403000 0 0
1484575055.384844000 0 0
1484575055.361511000 0 4096
1484575055.391533000 0 0
1484575055.353612000 0 0
1484575055.399358000 0 0
1484575055.399678000 0 0
1484575055.368440000 0 4096
1484575055.404712000 0 0
1484575055.404664000 0 0
1484575055.408917000 0 0
1484575055.360485000 0 0
1484575055.413162000 0 0
1484575055.418916000 0 0
1484575055.448221000 0 0
1484575055.459144000 0 0
1484575055.442463000 0 4096
1484575055.465781000 0 0
1484575055.438949000 0 0
1484575055.474631000 0 0
1484575055.542961000 0 0
1484575055.549500000 0 0
1484575055.553198000 0 0
1484575055.562876000 0 0
1484575055.570980000 0 0
1484575055.306327000 0 4096
1484575055.576678000 0 0
1484575055.577748000 0 0
1484575055.580544000 0 0
1484575055.302663000 0 0
1484575055.583773000 0 0
1484575055.584922000 0 0
1484575055.586876000 0 0
1484575055.605146000 0 0
1484575055.876548000 0 0
1484575055.375454000 0 0
1484575056.151705000 0 0
1484575055.563804000 0 4096
1484575056.159557000 0 0
1484575055.558351000 0 0
1484575056.170589000 0 0
1484575065.995267000 0 0
1484575053.954972000 0 4096
1484575066.003443000 0 0
1484575066.008493000 0 0
1484575053.951579000 0 0
1484575066.015407000 0 0
1484575053.956978000 29 0
1484575053.996873000 50 0
1484575054.045771000 44 0
1484575054.014902000 45056 0
1484575054.079432000 70 0
1484575054.103344000 45056 0
1484575054.199768000 50 0
1484575054.187805000 45056 0
1484575054.232827000 60 0
1484575054.261427000 58 0
1484575054.220087000 45056 0
1484575054.293673000 46 0
1484575054.270342000 45056 0
1484575054.413263000 45056 0
1484575054.591505000 45056 0
1484575054.656095000 70 0
1484575054.681481000 60 0
1484575054.710392000 48 0
1484575054.737561000 67 0
1484575054.695293000 45056 0
1484575054.703619000 45056 0
1484575054.729887000 45056 0
1484575054.764107000 45056 0
1484575054.884581000 67 0
1484575054.926575000 39 0
1484575054.905544000 45056 0
1484575055.085696000 57 0
1484575055.066931000 45056 0
1484575055.131448000 61 0
1484575055.125633000 45056 0
1484575055.165537000 45056 0
1484575055.216245000 47 0
1484575055.174769000 45056 0
1484575055.280758000 57 0
1484575055.367073000 51 0
1484575055.345715000 45056 0
1484575055.350111000 45056 0
1484575055.432730000 45056 0
1484575055.294842000 524288 0
1484575055.549808000 491520 0
1484575053.944455000 45056 0
1484575122.563922000 0 43401
1484575122.578579000 0 0
1484575122.577490000 0 0
1484575122.587199000 0 0
1484575122.586117000 0 0
1484575134.808940000 0 0
1484575135.002797000 0 0
1484575135.588020000 0 0
1484575135.591883000 0 0
1484575135.600037000 0 0
1484575135.630275000 0 0
1484575135.633479000 0 0
1484575137.618983000 0 45654
1484575137.632422000 0 0
1484575137.631500000 0 0
1484575137.640585000 0 0
1484575137.639661000 0 0
1484575135.618833000 398 0
1484575135.621977000 282 0
1484575184.301211000 0 17189
1484575135.232571000 0 0
1484575210.664891000 0 0
1484575214.096344000 0 0
1484575215.967565000 0 0
1484575218.692742000 0 0
1484575135.879669000 0 0
1484575257.775132000 0 0
1484575222.806527000 0 0
1484575483.485176000 0 1251
1484575483.494484000 0 0
1484575483.493429000 0 0
1484575542.693728000 0 15653
1484575542.702963000 0 0
1484575542.701913000 0 0
1484575258.766385000 0 0
1484575578.426220000 0 0
1484575604.214940000 0 237378
1484575604.243393000 0 0
1484575604.242424000 0 0
1484575596.694426000 0 0
1484575612.038855000 0 0
1484575620.317984000 0 0
1484575626.452883000 0 0
1484575641.759140000 0 0
1484575667.698463000 0 0
1484575685.090186000 0 0
1484575693.025795000 0 0
1484575722.482927000 0 0
1484575703.990442000 0 0
1484575722.610586000 0 4687
1484575722.622464000 0 0
1484575722.619293000 0 0
1484575732.050948000 0 45654
1484575732.065620000 0 0
1484575732.064569000 0 0
1484575732.074160000 0 0
1484575732.073132000 0 0
1484575782.981043000 0 17189
1484575842.707328000 0 15653
1484575842.717320000 0 0
1484575842.716355000 0 0
1484575722.612656000 0 0
1484575961.485486000 0 0
1484576142.736214000 0 15656
1484576142.746076000 0 0
1484576142.745036000 0 0
1484575992.891708000 0 0
1484576275.164135000 0 0
1484576332.484862000 0 45654
1484576332.499326000 0 0
1484576332.498507000 0 0
1484576332.507600000 0 0
1484576332.506831000 0 0
1484576442.736506000 0 15656
1484576442.746122000 0 0
1484576442.745052000 0 0
1484576275.729444000 0 0
1484576613.639188000 0 0
1484576614.290218000 0 0
1484576742.752772000 0 15656
1484576742.762125000 0 0
1484576742.761117000 0 0
1484576932.918695000 0 45654
1484576932.939034000 0 0
1484576932.938049000 0 0
1484576932.947578000 0 0
1484576932.946586000 0 0
1484577042.773186000 0 15656
1484577042.782062000 0 0
1484577042.781011000 0 0
1484576632.727500000 0 0
1484577167.321301000 0 0
1484577218.671442000 0 0
1484577223.765155000 0 0
1484577223.768132000 0 0
1484577223.776379000 0 0
1484577223.782170000 564 0
1484577342.782411000 0 15656
1484577342.793060000 0 0
1484577342.792040000 0 0
1484577167.976991000 0 0
1484577533.239496000 0 45654
1484577533.252926000 0 0
1484577533.251996000 0 0
1484577533.259874000 0 0
1484577533.258975000 0 0
1484577642.794082000 0 15656
1484577642.804333000 0 0
1484577642.803289000 0 0
1484577353.172364000 0 0
1484577890.932439000 0 0
1484577942.822718000 0 15656
1484577942.834253000 0 0
1484577942.833326000 0 0
1484575988.009569000 0 0
1484577891.442379000 0 0
1484578133.752739000 0 45654
1484578133.769455000 0 0
1484578133.767595000 0 0
1484578133.777409000 0 0
1484578133.776341000 0 0
1484578089.727187000 0 0
1484578095.684512000 0 0
1484578175.451714000 0 0
1484578242.811777000 0 15656
1484578242.820761000 0 0
1484578242.819712000 0 0
1484577993.341504000 0 0
1484578542.822339000 0 15657
1484578542.831472000 0 0
1484578542.830414000 0 0
1484578176.871393000 0 0
1484578734.153587000 0 45654
1484578734.166446000 0 0
1484578734.165349000 0 0
1484578734.173767000 0 0
1484578734.172694000 0 0
1484579003.906395000 0 0
1484579003.911021000 0 0
1484579003.913313000 0 0
1484579003.915776000 0 0
1484579003.918563000 0 0
1484579003.921098000 0 0
1484579003.944847000 0 0
1484579003.947350000 0 0
1484579003.950297000 0 0
1484579003.952816000 0 0
1484579003.955644000 0 0
1484579003.958174000 0 0
1484579003.960560000 0 0
1484579003.962994000 0 0
1484579003.965472000 0 0
1484579003.968072000 0 0
1484579003.909337000 0 0
1484579003.974753000 0 0
1484579334.532672000 0 45654
1484579334.545690000 0 0
1484579334.544609000 0 0
1484579334.553365000 0 0
1484579334.552285000 0 0
1484579934.882720000 0 45654
1484579934.896686000 0 0
1484579934.895697000 0 0
1484579934.904079000 0 0
1484579934.903046000 0 0
1484580106.741506000 0 0
1484580106.748668000 0 0
1484580535.296393000 0 45654
1484580535.309334000 0 0
1484580535.308359000 0 0
1484580535.316345000 0 0
1484580535.315365000 0 0
1484581058.167177000 0 15659
1484581058.175826000 0 0
1484581058.174766000 0 0
1484581131.143676000 0 45638
1484581131.157122000 0 0
1484581131.156011000 0 0
1484581131.164432000 0 0
1484581131.163371000 0 0
1484581212.671649000 0 0
1484581212.708474000 0 0
1484581212.711408000 0 0
1484581212.723744000 0 0
1484581212.728851000 398 0
1484581358.190079000 0 15660
1484581358.198839000 0 0
1484581358.197778000 0 0
1484581658.250105000 0 15660
1484581658.259319000 0 0
1484581658.257824000 0 0
1484581732.029776000 0 45638
1484581732.042459000 0 0
1484581732.041387000 0 0
1484581732.049650000 0 0
1484581732.048591000 0 0
1484581958.236430000 0 15660
1484581958.244980000 0 0
1484581958.243919000 0 0
1484582258.250520000 0 15660
1484582258.259007000 0 0
1484582258.257954000 0 0
1484582332.381562000 0 45638
1484582332.395278000 0 0
1484582332.394185000 0 0
1484582332.402870000 0 0
1484582332.401809000 0 0
1484582373.065721000 0 0
1484582373.118411000 0 0
1484582373.122030000 0 0
1484582373.130190000 0 0
1484582373.149129000 0 0
1484582373.151376000 0 0
1484582373.157555000 0 0
1484582374.886936000 0 0
1484582374.889212000 0 0
1484582374.891389000 0 0
1484582375.602198000 0 1406
1484582375.608933000 0 0
1484582375.633059000 1406 0
1484582375.653078000 1406 0
1484582373.489034000 269 0
1484582374.292347000 0 0
1484582375.599891000 0 0
1484582375.610415000 538 0
1484582375.671249000 0 1406
1484582375.667181000 0 269
1484582375.679047000 0 0
1484582378.627964000 0 0
1484582378.631371000 0 0
1484582380.640315000 0 0
1484582380.643681000 0 0
1484582373.393495000 520 0
1484582373.419565000 148 0
1484582373.428507000 198 0
1484582373.454871000 264 0
1484582373.476822000 197 0
1484582375.681125000 0 0
1484582373.135220000 398 0
1484582373.155435000 282 0
1484582373.242137000 80 0
1484582373.270654000 638 0
1484582373.306992000 84 0
1484582373.505373000 83 0
1484582373.555769000 0 0
1484582373.700521000 0 0
1484582373.924773000 0 0
1484582374.059438000 0 0
1484582374.140602000 0 0
1484578504.339930000 0 0
1484582558.277159000 0 15660
1484582558.285872000 0 0
1484582558.284816000 0 0
1484582858.290727000 0 15660
1484582858.299379000 0 0
1484582858.298323000 0 0
1484582932.740102000 0 45638
1484582932.752814000 0 0
1484582932.751765000 0 0
1484582932.760115000 0 0
1484582932.759089000 0 0
1484583172.856329000 0 15660
1484583172.864806000 0 0
1484583172.863749000 0 0
1484583533.114732000 0 45638
1484583533.128218000 0 0
1484583533.127108000 0 0
1484583533.135509000 0 0
1484583533.134414000 0 0
1484584133.468903000 0 45638
1484584133.482231000 0 0
1484584133.481142000 0 0
1484584133.489705000 0 0
1484584133.488634000 0 0
1484584733.866962000 0 45638
1484584733.880122000 0 0
1484584733.879004000 0 0
1484584733.887595000 0 0
1484584733.886522000 0 0
1484585266.510582000 0 15663
1484585266.519236000 0 0
1484585266.518029000 0 0
1484585274.030934000 0 45638
1484585274.044010000 0 0
1484585274.042903000 0 0
1484585274.050942000 0 0
1484585274.049901000 0 0
1484585279.880663000 0 0
1484585280.049686000 0 0
1484585280.052565000 0 0
1484585280.060548000 0 0
1484585280.065677000 0 0
1484585280.070575000 0 0
1484585281.848992000 0 0
1484585281.852820000 0 0
1484585281.859643000 0 0
1484585281.865145000 0 0
1484585285.075049000 0 0
1484585285.077228000 0 0
1484585289.069612000 0 65361
1484585289.084335000 0 0
1484585289.083436000 0 0
1484585289.091351000 0 0
1484585289.090493000 0 0
1484585279.888276000 1159 0
1484585279.903562000 0 0
1484585279.939421000 0 0
1484585304.113982000 0 48442
1484585304.127450000 0 0
1484585304.126406000 0 0
1484585304.135805000 0 0
1484585304.134774000 0 0
1484585280.063751000 282 0
1484585281.863245000 10 0
1484585281.868613000 10 0
1484585319.156110000 0 48442
1484585319.169181000 0 0
1484585319.168147000 0 0
1484585319.176255000 0 0
1484585319.175191000 0 0
1484585344.267022000 0 48414
1484585344.281769000 0 0
1484585344.280257000 0 0
1484585344.289352000 0 0
1484585344.288308000 0 0
1484585359.316445000 0 48396
1484585359.329510000 0 0
1484585359.328488000 0 0
1484585359.336560000 0 0
1484585359.335548000 0 0
1484585374.327546000 0 48874
1484585374.340922000 0 0
1484585374.339893000 0 0
1484585374.347894000 0 0
1484585374.346890000 0 0
1484585389.378538000 0 240418
1484585389.409093000 0 0
1484585389.407428000 0 0
1484585389.417395000 0 0
1484585389.416331000 0 0
1484585404.449957000 0 47903
1484585404.463383000 0 0
1484585404.462186000 0 0
1484585404.471139000 0 0
1484585404.470178000 0 0
1484585419.649342000 0 49050
1484585419.663003000 0 0
1484585419.661866000 0 0
1484585419.670758000 0 0
1484585419.668967000 0 0
1484585434.758000000 0 49251
1484585434.772594000 0 0
1484585434.771439000 0 0
1484585434.779502000 0 0
1484585434.778450000 0 0
1484585449.799921000 0 49251
1484585449.812969000 0 0
1484585449.811906000 0 0
1484585449.819917000 0 0
1484585449.818862000 0 0
1484585542.246498000 0 50353
1484585542.284181000 0 0
1484585542.281480000 0 0
1484585542.314168000 0 0
1484585542.290702000 0 0
1484585557.400939000 0 50381
1484585557.414494000 0 0
1484585557.413513000 0 0
1484585557.421430000 0 0
1484585557.420532000 0 0
1484585572.445260000 0 50156
1484585572.458925000 0 0
1484585572.457857000 0 0
1484585572.466322000 0 0
1484585572.465239000 0 0
1484585582.739667000 0 17143
1484585656.093068000 0 50184
1484585656.106639000 0 0
1484585656.105585000 0 0
1484585656.113814000 0 0
1484585656.112781000 0 0
1484585671.203477000 0 50242
1484585671.238056000 0 0
1484585671.236187000 0 0
1484585671.248022000 0 0
1484585671.244812000 0 0
1484585686.281488000 0 52512
1484585686.295006000 0 0
1484585686.294003000 0 0
1484585686.302193000 0 0
1484585686.301226000 0 0
1484585701.337149000 0 52540
1484585701.350579000 0 0
1484585701.349561000 0 0
1484585701.357567000 0 0
1484585701.356502000 0 0
1484585716.379824000 0 52541
1484585716.393809000 0 0
1484585716.392802000 0 0
1484585716.400634000 0 0
1484585716.399654000 0 0
1484585731.430943000 0 52541
1484585731.444440000 0 0
1484585731.443412000 0 0
1484585731.451553000 0 0
1484585731.450519000 0 0
1484585746.476173000 0 52541
1484585746.490590000 0 0
1484585746.489376000 0 0
1484585746.498132000 0 0
1484585746.497170000 0 0
1484585761.528599000 0 52541
1484585761.541834000 0 0
1484585761.540846000 0 0
1484585761.548922000 0 0
1484585761.547947000 0 0
1484585776.579370000 0 52541
1484585776.604608000 0 0
1484585776.601005000 0 0
1484585776.612394000 0 0
1484585776.611404000 0 0
1484585791.646702000 0 52541
1484585791.660598000 0 0
1484585791.659429000 0 0
1484585791.667867000 0 0
1484585791.666802000 0 0
1484585806.690746000 0 52541
1484585806.704435000 0 0
1484585806.703433000 0 0
1484585806.711508000 0 0
1484585806.710553000 0 0
1484585822.295624000 0 52491
1484585822.527661000 0 0
1484585822.451756000 0 0
1484585822.542806000 0 0
1484585822.536169000 0 0
1484585837.285646000 0 50309
1484585837.299280000 0 0
1484585837.298213000 0 0
1484585837.306626000 0 0
1484585837.305557000 0 0
1484585852.427700000 0 50142
1484585852.563129000 0 0
1484585852.534334000 0 0
1484585852.571652000 0 0
1484585852.570530000 0 0
1484585866.487616000 0 16148
1484585866.496339000 0 0
1484585866.495242000 0 0
1484585867.621270000 0 50171
1484585867.634379000 0 0
1484585867.633351000 0 0
1484585867.641348000 0 0
1484585867.640408000 0 0
1484585882.678409000 0 50171
1484585882.693012000 0 0
1484585882.691901000 0 0
1484585882.700397000 0 0
1484585882.699325000 0 0
1484585897.736708000 0 50171
1484585897.750558000 0 0
1484585897.749579000 0 0
1484585897.757653000 0 0
1484585897.756621000 0 0
1484585912.782526000 0 50171
1484585912.796345000 0 0
1484585912.795255000 0 0
1484585912.803814000 0 0
1484585912.802627000 0 0
1484585927.946524000 0 50071
1484585927.960799000 0 0
1484585927.959770000 0 0
1484585927.970586000 0 0
1484585927.968189000 0 0
1484585943.128242000 0 50100
1484585943.142238000 0 0
1484585943.141054000 0 0
1484585943.149480000 0 0
1484585943.148380000 0 0
1484585964.039007000 0 50100
1484585964.053199000 0 0
1484585964.052059000 0 0
1484585964.060442000 0 0
1484585964.059390000 0 0
1484585979.087682000 0 50100
1484585979.101333000 0 0
1484585979.100289000 0 0
1484585979.108170000 0 0
1484585979.107260000 0 0
1484586014.020480000 0 50100
1484586014.034253000 0 0
1484586014.033259000 0 0
1484586014.041480000 0 0
1484586014.040525000 0 0
1484586029.062137000 0 50100
1484586029.076930000 0 0
1484586029.074765000 0 0
1484586029.084302000 0 0
1484586029.083246000 0 0
1484586044.109022000 0 50100
1484586044.122748000 0 0
1484586044.121768000 0 0
1484586044.129972000 0 0
1484586044.129011000 0 0
1484586059.150384000 0 50100
1484586059.163746000 0 0
1484586059.162743000 0 0
1484586059.171120000 0 0
1484586059.170159000 0 0
1484586074.201342000 0 50100
1484586074.214697000 0 0
1484586074.213674000 0 0
1484586074.221889000 0 0
1484586074.220976000 0 0
1484586089.247617000 0 50100
1484586089.261567000 0 0
1484586089.260513000 0 0
1484586089.268683000 0 0
1484586089.267749000 0 0
1484586115.482996000 0 50100
1484586115.496911000 0 0
1484586115.495897000 0 0
1484586115.504028000 0 0
1484586115.503004000 0 0
1484586124.159269000 0 17143
1484586130.546854000 0 50101
1484586130.560611000 0 0
1484586130.559559000 0 0
1484586130.568014000 0 0
1484586130.567020000 0 0
1484586145.598328000 0 50101
1484586145.612139000 0 0
1484586145.611070000 0 0
1484586145.619363000 0 0
1484586145.618400000 0 0
1484586160.651123000 0 245836
1484586160.682831000 0 0
1484586160.681870000 0 0
1484586160.691174000 0 0
1484586160.690177000 0 0
1484586212.792424000 0 305666
1484586212.827614000 0 0
1484586212.826529000 0 0
1484586212.834432000 0 0
1484586212.833329000 0 0
1484586223.958300000 0 3608
1484586223.972118000 0 0
1484586227.857980000 0 48135
1484586227.871052000 0 0
1484586227.869951000 0 0
1484586227.877919000 0 0
1484586227.876878000 0 0
1484586228.548828000 0 3608
1484586228.560834000 0 0
1484586230.382877000 0 3608
1484586230.399803000 0 0
1484586231.627350000 0 3608
1484586231.643328000 0 0
1484586232.828051000 0 3608
1484586232.844598000 0 0
1484586242.901842000 0 49628
1484586242.915351000 0 0
1484586242.914278000 0 0
1484586242.922953000 0 0
1484586242.921903000 0 0
1484586257.947706000 0 50511
1484586257.960978000 0 0
1484586257.959878000 0 0
1484586257.968288000 0 0
1484586257.967222000 0 0
1484586266.289206000 0 0
1484586268.792547000 0 0
1484586268.794747000 0 0
1484586268.802578000 0 0
1484586273.009765000 0 53326
1484586273.071140000 0 0
1484586273.049179000 0 0
1484586273.089369000 0 0
1484586273.088392000 0 0
1484586281.460950000 0 0
1484586281.464749000 0 0
1484586281.472367000 0 0
1484586281.478899000 0 0
1484586281.508591000 0 0
1484586281.510836000 0 0
1484586281.513147000 0 0
1484586281.515425000 0 0
1484586281.525280000 0 0
1484586281.527367000 0 0
1484586281.558588000 0 0
1484586281.561149000 0 0
1484586281.575449000 0 0
1484586281.578986000 0 0
1484586281.997672000 0 0
1484586282.000165000 0 0
1484586281.953654000 0 0
1484586282.187580000 0 0
1484586282.190018000 0 0
1484586282.204357000 0 0
1484586282.206777000 0 0
1484586282.215028000 0 0
1484586282.230614000 0 0
1484586282.233034000 0 0
1484586282.236549000 0 0
1484586283.464244000 0 3608
1484586283.483788000 0 0
1484586284.064159000 0 0
1484586284.066730000 0 0
1484586284.996368000 0 1046
1484586285.003702000 0 0
1484586285.002591000 0 0
1484586287.256609000 0 0
1484586288.288337000 0 0
1484586288.392789000 0 56846
1484586288.406934000 0 0
1484586288.405921000 0 0
1484586288.414143000 0 0
1484586288.413185000 0 0
1484586288.456679000 0 0
1484586288.459142000 0 0
1484586288.481543000 0 0
1484586288.484246000 0 0
1484586288.488704000 0 0
1484586288.522235000 0 0
1484586288.524961000 0 0
1484586288.527669000 0 0
1484586299.732097000 0 1494
1484586299.739097000 0 0
1484586299.738175000 0 0
1484586281.565342000 398 0
1484586281.477158000 566 0
1484586268.805646000 564 0
1484586281.519413000 504 0
1484586281.501785000 504 0
1484586318.547245000 0 56839
1484586318.562354000 0 0
1484586318.561362000 0 0
1484586318.573456000 0 0
1484586318.572142000 0 0
1484586333.599283000 0 57985
1484586333.613541000 0 0
1484586333.612458000 0 0
1484586333.620781000 0 0
1484586333.619732000 0 0
1484586340.619353000 0 0
1484586341.651546000 0 3608
1484586341.698586000 0 0
1484586343.159343000 0 1046
1484586343.166752000 0 0
1484586343.165645000 0 0
1484586348.646224000 0 65171
1484586348.659675000 0 0
1484586348.658439000 0 0
1484586348.675888000 0 0
1484586348.674733000 0 0
1484586363.702106000 0 64468
1484586363.716947000 0 0
1484586363.715850000 0 0
1484586363.724043000 0 0
1484586363.722978000 0 0
1484586366.624190000 0 1494
1484586366.631983000 0 0
1484586366.630889000 0 0
1484586378.751195000 0 64578
1484586378.768701000 0 0
1484586378.765673000 0 0
1484586378.775709000 0 0
1484586378.774705000 0 0
1484586393.754442000 0 65652
1484586393.769387000 0 0
1484586393.768351000 0 0
1484586393.776452000 0 0
1484586393.775478000 0 0
1484586403.880220000 0 0
1484586405.156832000 0 3608
1484586405.194663000 0 0
1484586406.704435000 0 1046
1484586406.825331000 0 0
1484586406.770269000 0 0
1484586408.811978000 0 70352
1484586408.832939000 0 0
1484586408.831966000 0 0
1484586408.839805000 0 0
1484586408.838859000 0 0
1484586423.928877000 0 71360
1484586423.948923000 0 0
1484586423.947719000 0 0
1484586423.956262000 0 0
1484586423.955313000 0 0
1484586403.878013000 282 0
1484581420.667109000 0 0
1484586441.400388000 0 71360
1484586441.421952000 0 0
1484586441.420970000 0 0
1484586441.428744000 0 0
1484586441.427796000 0 0
1484586456.462670000 0 72203
1484586456.478686000 0 0
1484586456.477709000 0 0
1484586456.487007000 0 0
1484586456.486034000 0 0
1484586466.530171000 0 16158
1484586466.541206000 0 0
1484586466.540239000 0 0
1484586471.594535000 0 73919
1484586471.672295000 0 0
1484586471.670839000 0 0
1484586471.697867000 0 0
1484586471.693166000 0 0
1484586477.791764000 0 0
1484586481.616785000 0 3608
1484586481.704130000 0 0
1484586483.262925000 0 1046
1484586483.289042000 0 0
1484586483.287628000 0 0
1484586486.764555000 0 81543
1484586486.781024000 0 0
1484586486.780067000 0 0
1484586486.791113000 0 0
1484586486.789471000 0 0
1484586477.736426000 282 0
1484586501.827873000 0 66439
1484586501.842909000 0 0
1484586501.841954000 0 0
1484586501.849949000 0 0
1484586501.848983000 0 0
1484586504.007950000 0 1494
1484586504.015994000 0 0
1484586504.014908000 0 0
1484586521.672857000 0 66438
1484586521.687521000 0 0
1484586521.686508000 0 0
1484586521.695173000 0 0
1484586521.694207000 0 0
1484586536.720917000 0 67643
1484586536.735950000 0 0
1484586536.734868000 0 0
1484586536.743363000 0 0
1484586536.742332000 0 0
1484586546.096900000 0 0
1484586547.164584000 0 3608
1484586547.259505000 0 0
1484586549.017404000 0 1046
1484586549.185822000 0 0
1484586549.107227000 0 0
1484586550.193363000 0 0
1484586550.232663000 0 0
1484586550.254262000 0 0
1484586550.271892000 0 0
1484586550.274917000 0 0
1484586550.260971000 0 0
1484586550.332072000 0 0
1484586550.250584000 0 0
1484586550.336477000 0 0
1484586550.347910000 0 0
1484586550.350291000 0 0
1484586550.364380000 0 0
1484586550.390159000 0 0
1484586550.397296000 0 0
1484586550.371080000 0 0
1484586550.426649000 0 0
1484586550.361897000 0 0
1484586550.431358000 0 0
1484586550.446391000 0 0
1484586550.476280000 0 0
1484586550.478826000 0 0
1484586550.474547000 0 0
1484586550.492011000 0 0
1484586550.443005000 0 0
1484586550.501526000 0 0
1484586550.622501000 0 0
1484586550.635321000 0 0
1484586550.641195000 0 0
1484586550.627240000 0 0
1484586550.648922000 0 0
1484586550.598073000 0 0
1484586550.652550000 0 0
1484586550.664683000 0 0
1484586550.684359000 0 0
1484586550.687930000 0 0
1484586550.667914000 0 0
1484586550.695107000 0 0
1484586550.663654000 0 0
1484586550.698073000 0 0
1484586550.706798000 0 0
1484586550.772620000 0 0
1484586550.789027000 0 0
1484586550.760342000 0 0
1484586550.942826000 0 0
1484586550.705688000 0 0
1484586550.966433000 0 0
1484586551.001693000 0 0
1484586551.008838000 0 0
1484586551.010969000 0 0
1484586551.007658000 0 0
1484586551.017699000 0 0
1484586550.994729000 0 0
1484586551.021063000 0 0
1484586551.030502000 0 0
1484586551.053341000 0 0
1484586551.093959000 0 0
1484586551.033372000 0 0
1484586551.107293000 0 0
1484586551.029401000 0 0
1484586551.110306000 0 0
1484586551.118097000 0 0
1484586551.135216000 0 0
1484586551.139034000 0 0
1484586551.121297000 0 0
1484586551.169433000 0 0
1484586551.116928000 0 0
1484586551.173634000 0 0
1484586551.186364000 0 0
1484586551.200221000 0 0
1484586551.202810000 0 0
1484586551.190173000 0 0
1484586551.209707000 0 0
1484586551.183624000 0 0
1484586551.212224000 0 0
1484586551.218593000 0 0
1484586551.238635000 0 0
1484586551.241038000 0 0
1484586551.221947000 0 0
1484586551.248306000 0 0
1484586551.217601000 0 0
1484586551.251149000 0 0
1484586551.259033000 0 0
1484586551.277232000 0 0
1484586551.279686000 0 0
1484586551.262499000 0 0
1484586551.286799000 0 0
1484586551.257907000 0 0
1484586551.289668000 0 0
1484586551.297041000 0 0
1484586551.327345000 0 0
1484586551.329877000 0 0
1484586551.316908000 0 0
1484586551.338684000 0 0
1484586551.295848000 0 0
1484586551.341437000 0 0
1484586551.348921000 0 0
1484586551.369211000 0 0
1484586551.372148000 0 0
1484586551.352044000 0 0
1484586551.379365000 0 0
1484586551.347703000 0 0
1484586551.382392000 0 0
1484586551.389615000 0 0
1484586551.401622000 0 0
1484586551.405092000 0 0
1484586551.414093000 0 0
1484586551.416209000 0 0
1484586551.392518000 0 0
1484586551.439751000 0 0
1484586551.445345000 0 0
1484586551.388497000 0 0
1484586551.448161000 0 0
1484586551.455630000 0 0
1484586551.459767000 0 0
1484586551.461850000 0 0
1484586551.458585000 0 0
1484586551.469216000 0 0
1484586551.454524000 0 0
1484586551.472221000 0 0
1484586551.478546000 0 0
1484586551.486551000 0 0
1484586551.488909000 0 0
1484586551.507834000 0 0
1484586551.510599000 0 0
1484586551.513043000 0 0
1484586551.515353000 0 0
1484586551.481604000 0 0
1484586551.570926000 0 0
1484586551.581084000 0 0
1484586551.601217000 0 0
1484586551.477444000 0 0
1484586551.611227000 0 0
1484586551.619921000 0 0
1484586551.624637000 0 0
1484586551.627014000 0 0
1484586551.623302000 0 0
1484586551.639648000 0 0
1484586551.618573000 0 0
1484586550.211334000 0 0
1484586551.646854000 0 0
1484586551.662270000 0 0
1484586551.680947000 0 0
1484586551.685214000 0 0
1484586551.679780000 0 0
1484586551.688199000 0 0
1484586551.695525000 0 0
1484586551.698546000 0 0
1484586551.694389000 0 0
1484586551.701296000 0 0
1484586551.709465000 0 0
1484586551.712286000 0 0
1484586551.708326000 0 0
1484586551.715037000 0 0
1484586551.767296000 0 71468
1484586551.791095000 0 0
1484586551.794403000 0 0
1484586551.789305000 0 0
1484586551.796484000 0 0
1484586551.797480000 0 0
1484586551.795163000 0 0
1484586551.816563000 0 0
1484586551.808370000 0 0
1484586551.837672000 0 0
1484586551.859617000 0 0
1484586551.816922000 0 0
1484586551.862741000 0 0
1484586551.878145000 0 0
1484586551.888023000 0 0
1484586551.869032000 0 0
1484586551.896679000 0 0
1484586551.904220000 0 0
1484586551.907158000 0 0
1484586551.903041000 0 0
1484586551.910109000 0 0
1484586551.917731000 0 0
1484586551.920525000 0 0
1484586551.916273000 0 0
1484586551.923281000 0 0
1484586551.930453000 0 0
1484586551.933244000 0 0
1484586551.929305000 0 0
1484586551.936352000 0 0
1484586551.964853000 0 0
1484586552.004424000 0 0
1484586552.007343000 0 0
1484586552.010250000 0 0
1484586552.013711000 0 0
1484586552.016150000 0 0
1484586552.018968000 0 0
1484586552.022257000 0 0
1484586551.978026000 0 0
1484586551.963558000 0 0
1484586552.028575000 0 0
1484586552.038951000 0 0
1484586552.051555000 0 0
1484586552.067987000 0 0
1484586552.097383000 0 0
1484586552.108120000 0 0
1484586552.110525000 0 0
1484586552.112498000 0 0
1484586552.114881000 0 0
1484586552.117120000 0 0
1484586552.120518000 0 0
1484586552.127657000 0 0
1484586552.130032000 0 0
1484586552.132198000 0 0
1484586552.134380000 0 0
1484586552.142084000 0 0
1484586552.144393000 0 0
1484586552.146548000 0 0
1484586552.148770000 0 0
1484586552.050134000 0 0
1484586552.037609000 0 0
1484586552.152450000 0 0
1484586552.164000000 0 0
1484586552.166913000 0 0
1484586552.158899000 0 0
1484586552.170734000 0 0
1484586552.200614000 0 0
1484586552.207663000 0 0
1484586552.209859000 0 0
1484586552.204730000 0 0
1484586552.192406000 0 0
1484586551.660977000 0 0
1484586552.213323000 0 0
1484586552.215482000 0 0
1484586552.240322000 0 0
1484586552.250223000 0 0
1484586552.234947000 0 4096
1484586552.254978000 0 0
1484586552.231719000 0 0
1484586552.260980000 0 0
1484586552.277395000 0 0
1484586552.279099000 0 0
1484586552.280106000 0 0
1484586552.297523000 0 0
1484586552.311025000 0 0
1484586552.313898000 0 0
1484586552.317885000 0 0
1484586558.409076000 0 0
1484586552.272679000 0 32768
1484586558.414502000 0 0
1484586552.268913000 0 4184
1484586558.501614000 0 0
1484586567.076285000 0 73865
1484586567.092287000 0 0
1484586567.091091000 0 0
1484586567.100052000 0 0
1484586567.098878000 0 0
1484586551.345073000 57 0
1484586546.075448000 282 0
1484586550.238446000 50 0
1484586550.340417000 44 0
1484586550.354361000 44 0
1484586550.435088000 70 0
1484586550.562627000 50 0
1484586550.657119000 60 0
1484586550.702014000 58 0
1484586550.970896000 46 0
1484586551.026675000 70 0
1484586551.113738000 60 0
1484586551.178408000 48 0
1484586551.215114000 67 0
1484586551.255329000 67 0
1484586551.293201000 39 0
1484586551.385817000 61 0
1484586551.451353000 47 0
1484586551.475148000 57 0
1484586574.320142000 0 1494
1484586574.327439000 0 0
1484586574.326500000 0 0
1484586551.615098000 51 0
1484586551.676451000 56 0
1484586551.691701000 50 0
1484586551.705337000 50 0
1484586551.747419000 70 0
1484586551.802011000 72 0
1484586551.866283000 70 0
1484586551.900277000 58 0
1484586551.913518000 52 0
1484586551.926651000 67 0
1484586551.960423000 45 0
1484586552.033019000 39 0
1484586552.156291000 54 0
1484586552.185342000 53 0
1484586552.226666000 40960 4096
1484586558.875948000 0 57
1484586587.883896000 0 73837
1484586587.899596000 0 0
1484586587.898623000 0 0
1484586587.906870000 0 0
1484586587.905908000 0 0
1484586614.968299000 0 73865
1484586614.983691000 0 0
1484586614.982601000 0 0
1484586614.990599000 0 0
1484586614.989660000 0 0
1484586630.019912000 0 75027
1484586630.035531000 0 0
1484586630.034448000 0 0
1484586630.043829000 0 0
1484586630.041585000 0 0
1484586640.151407000 0 0
1484586641.257102000 0 3608
1484586641.273675000 0 0
1484586642.767112000 0 1046
1484586642.774227000 0 0
1484586642.773123000 0 0
1484586645.070570000 0 79836
1484586645.086792000 0 0
1484586645.085778000 0 0
1484586645.094016000 0 0
1484586645.093006000 0 0
1484586660.120198000 0 68669
1484586660.134893000 0 0
1484586660.133963000 0 0
1484586660.141712000 0 0
1484586660.140775000 0 0
1484586640.144115000 282 0
1484586685.358864000 0 68668
1484586685.374401000 0 0
1484586685.373416000 0 0
1484586685.381514000 0 0
1484586685.380569000 0 0
1484586697.395745000 0 17143
1484586700.406995000 0 69570
1484586700.422465000 0 0
1484586700.421386000 0 0
1484586700.429587000 0 0
1484586700.428531000 0 0
1484586715.462342000 0 75454
1484586715.504524000 0 0
1484586715.503271000 0 0
1484586715.512897000 0 0
1484586715.511938000 0 0
1484586719.726917000 0 0
1484586721.101646000 0 3608
1484586721.139128000 0 0
1484586722.610930000 0 1046
1484586722.618121000 0 0
1484586722.617140000 0 0
1484586730.471762000 0 73756
1484586730.487129000 0 0
1484586730.486044000 0 0
1484586730.494353000 0 0
1484586730.493259000 0 0
1484586719.720471000 282 0
1484586760.715323000 0 73756
1484586760.730790000 0 0
1484586760.729686000 0 0
1484586760.738258000 0 0
1484586760.736999000 0 0
1484586766.523870000 0 16172
1484586766.532583000 0 0
1484586766.531574000 0 0
1484586775.762264000 0 74630
1484586775.779765000 0 0
1484586775.778734000 0 0
1484586775.786829000 0 0
1484586775.785867000 0 0
1484586790.854490000 0 80465
1484586790.870365000 0 0
1484586790.869378000 0 0
1484586790.877536000 0 0
1484586790.876577000 0 0
1484586791.160250000 0 0
1484586792.348859000 0 3608
1484586792.364269000 0 0
1484586793.858896000 0 1046
1484586793.865940000 0 0
1484586793.864925000 0 0
1484586805.906769000 0 79563
1484586805.923151000 0 0
1484586805.922070000 0 0
1484586805.930662000 0 0
1484586805.929594000 0 0
1484586791.153168000 282 0
1484586830.315760000 0 79563
1484586830.331531000 0 0
1484586830.330593000 0 0
1484586830.338427000 0 0
1484586830.337497000 0 0
1484586845.362590000 0 80433
1484586845.377665000 0 0
1484586845.376699000 0 0
1484586845.384084000 0 0
1484586845.383139000 0 0
1484586860.412490000 0 83720
1484586860.429207000 0 0
1484586860.428252000 0 0
1484586860.439401000 0 0
1484586860.437530000 0 0
1484586860.638659000 0 0
1484586875.484684000 0 84589
1484586875.501117000 0 0
1484586875.500105000 0 0
1484586875.508163000 0 0
1484586875.507204000 0 0
1484586883.794939000 0 3608
1484586883.815299000 0 0
1484586885.309237000 0 1046
1484586885.316483000 0 0
1484586885.315373000 0 0
1484586860.635407000 282 0
1484586890.533503000 0 84835
1484586890.549169000 0 0
1484586890.548137000 0 0
1484586890.556150000 0 0
1484586890.555086000 0 0
1484586912.581908000 0 4640
1484586912.595240000 0 0
1484586915.592471000 0 84784
1484586915.609511000 0 0
1484586915.608527000 0 0
1484586915.616941000 0 0
1484586915.615973000 0 0
1484586930.645178000 0 85869
1484586930.661766000 0 0
1484586930.660654000 0 0
1484586930.668929000 0 0
1484586930.667864000 0 0
1484586945.699596000 0 86944
1484586945.715811000 0 0
1484586945.714802000 0 0
1484586945.723419000 0 0
1484586945.722450000 0 0
1484586948.498203000 0 0
1484586949.532079000 0 3608
1484586949.615125000 0 0
1484586948.476208000 282 0
1484586950.829721000 0 0
1484586951.143134000 0 1046
1484586951.181690000 0 0
1484586951.180717000 0 0
1484586960.918262000 0 92426
1484586960.936050000 0 0
1484586960.934895000 0 0
1484586960.943569000 0 0
1484586960.942217000 0 0
1484586977.502711000 0 1494
1484586977.511076000 0 0
1484586977.509751000 0 0
1484586981.766540000 0 92424
1484586981.783817000 0 0
1484586981.782724000 0 0
1484586981.790841000 0 0
1484586981.789773000 0 0
1484586996.821907000 0 93615
1484586996.838754000 0 0
1484586996.837690000 0 0
1484586996.845710000 0 0
1484586996.844679000 0 0
1484587003.216725000 0 0
1484587003.256686000 0 0
1484587003.258993000 0 0
1484587003.266745000 0 0
1484587003.292679000 0 0
1484587003.286542000 0 0
1484587003.313028000 0 0
1484587003.315398000 0 0
1484587004.661773000 0 3608
1484587004.677549000 0 0
1484587006.190234000 0 1046
1484587006.197753000 0 0
1484587006.196552000 0 0
1484587011.878076000 0 94236
1484587011.895442000 0 0
1484587011.894252000 0 0
1484587011.902657000 0 0
1484587011.901615000 0 0
1484587013.252861000 0 17143
1484587018.222146000 0 0
1484587018.226574000 0 0
1484587018.235784000 0 0
1484587019.048483000 0 0
1484587019.051550000 0 0
1484587019.054058000 0 0
1484587019.056367000 0 0
1484587019.066860000 0 0
1484587019.068928000 0 0
1484587019.071087000 0 0
1484587019.073256000 0 0
1484587019.083810000 0 0
1484587019.086017000 0 0
1484587003.276521000 282 0
1484587038.983084000 0 94236
1484587039.000185000 0 0
1484587038.999209000 0 0
1484587039.007065000 0 0
1484587039.006109000 0 0
1484587018.240580000 566 0
1484587019.059628000 504 0
1484587019.075493000 504 0
1484587003.319753000 796 0
1484587054.106734000 0 95096
1484587054.124688000 0 0
1484587054.123636000 0 0
1484587054.131916000 0 0
1484587054.130996000 0 0
1484587066.690233000 0 16194
1484587066.699216000 0 0
1484587066.698192000 0 0
1484587069.121027000 0 95421
1484587069.138464000 0 0
1484587069.137393000 0 0
1484587069.145510000 0 0
1484587069.144454000 0 0
1484587082.500025000 0 0
1484587083.524035000 0 3608
1484587083.534345000 0 0
1484587084.179648000 0 98450
1484587084.203237000 0 0
1484587084.201573000 0 0
1484587084.211715000 0 0
1484587084.209386000 0 0
1484587085.035546000 0 1046
1484587085.046315000 0 0
1484587085.041821000 0 0
1484587099.240016000 0 75720
1484587099.259953000 0 0
1484587099.258878000 0 0
1484587099.268439000 0 0
1484587099.266463000 0 0
1484587082.496753000 282 0
1484587129.365505000 0 0
1484587129.399606000 0 0
1484587129.401707000 0 0
1484587129.409218000 0 0
1484587135.063678000 0 0
1484587135.091169000 0 0
1484587135.093533000 0 0
1484587135.198839000 0 0
1484587135.191071000 0 0
1484587135.206255000 0 0
1484587135.208767000 0 0
1484587135.250025000 0 0
1484587135.314757000 0 0
1484587135.317684000 0 0
1484587135.319910000 0 0
1484587135.326363000 0 0
1484587135.339431000 0 0
1484587135.341738000 0 0
1484587135.351477000 0 0
1484587135.353508000 0 0
1484587135.356326000 0 0
1484587135.359342000 0 0
1484587135.368428000 0 0
1484587135.374813000 0 0
1484587135.382450000 0 0
1484587135.395925000 0 0
1484587135.414443000 0 0
1484582778.497730000 0 0
1484587138.241273000 0 0
1484587138.243695000 0 0
1484587138.246242000 0 0
1484587138.248896000 0 0
1484587138.257996000 0 0
1484587135.095711000 282 0
1484587129.412200000 398 0
1484587135.233510000 1423 0
1484587135.238450000 881 0
1484587135.242367000 710 0
1484587135.245724000 1159 0
1484587135.253529000 749 0
1484587135.324152000 566 0
1484587135.329477000 504 0
1484587135.361518000 504 0
1484587141.623265000 0 0
1484587141.625903000 0 0
1484587141.633701000 0 0
1484587141.642717000 0 0
1484587141.645220000 0 0
1484587138.902552000 0 0
1484587141.727437000 0 0
1484587145.888183000 0 0
1484587143.130829000 0 0
1484587147.138877000 0 0
1484587150.284661000 0 0
1484587153.020805000 0 0
1484587155.527528000 0 0
1484587157.578739000 0 0
1484587160.705344000 0 0
1484587162.202554000 0 0
1484587201.035891000 0 0
1484587202.555042000 0 0
1484587204.992534000 0 0
1484587206.130095000 0 0
1484587208.408625000 0 0
1484587211.982024000 0 0
1484587209.666086000 0 0
1484587213.274316000 0 0
1484587215.675379000 0 0
1484587219.162396000 0 0
1484587221.406733000 0 0
1484587201.032021000 282 0
1484587260.472039000 0 75690
1484587260.487832000 0 0
1484587260.486766000 0 0
1484587260.495904000 0 0
1484587260.494009000 0 0
1484587266.810070000 0 0
1484587266.849173000 0 0
1484587266.851962000 0 0
1484587266.859694000 0 0
1484587266.864851000 0 0
1484587266.869875000 0 0
1484587266.872786000 0 0
1484587266.883259000 0 0
1484587266.884957000 0 0
1484587266.887112000 0 0
1484587266.889248000 0 0
1484587266.893607000 0 0
1484587266.896489000 0 0
1484587266.906340000 0 0
1484587266.908030000 0 0
1484587266.910133000 0 0
1484587266.913717000 0 0
1484587266.916408000 0 0
1484587266.926145000 0 0
1484587266.927835000 0 0
1484587266.929654000 0 0
1484587266.933723000 0 0
1484587266.936340000 0 0
1484587266.946794000 0 0
1484587266.948869000 0 0
1484587266.950741000 0 0
1484587266.975907000 0 0
1484587266.978282000 0 0
1484587266.980879000 0 0
1484587266.983281000 0 0
1484587266.985775000 0 0
1484587266.987879000 0 0
1484587275.526971000 0 75690
1484587275.542918000 0 0
1484587275.541836000 0 0
1484587275.550040000 0 0
1484587275.548982000 0 0
1484587266.880302000 0 0
1484587266.911594000 0 0
1484587266.927260000 0 0
1484587266.948278000 0 0
1484587266.963889000 0 0
1484587266.814558000 129 0
1484587266.862652000 566 0
1484587266.868076000 504 0
1484587266.876585000 129 0
1484587266.891493000 504 0
1484587266.900353000 129 0
1484587266.912342000 282 0
1484587266.920179000 129 0
1484587266.931763000 398 0
1484587266.940115000 129 0
1484587279.353002000 1159 0
1484587366.673520000 0 16194
1484587366.682084000 0 0
1484587366.681018000 0 0
1484587667.259832000 0 16194
1484587667.268238000 0 0
1484587667.267164000 0 0
1484587678.829578000 0 75690
1484587678.845214000 0 0
1484587678.844158000 0 0
1484587678.852368000 0 0
1484587678.851313000 0 0
1484588279.167658000 0 75690
1484588279.183278000 0 0
1484588279.182110000 0 0
1484588279.190305000 0 0
1484588279.189266000 0 0
1484588698.813502000 0 16194
1484588698.822175000 0 0
1484588698.821120000 0 0
1484588765.847637000 0 75884
1484588765.863418000 0 0
1484588765.862323000 0 0
1484588765.870489000 0 0
1484588765.869424000 0 0
1484588770.621327000 0 5672
1484588770.635933000 0 0
1484588780.899901000 0 73954
1484588780.914798000 0 0
1484588780.913823000 0 0
1484588780.921918000 0 0
1484588780.920951000 0 0
1484588795.946979000 0 73955
1484588795.962800000 0 0
1484588795.961728000 0 0
1484588795.969761000 0 0
1484588795.968714000 0 0
1484588814.338546000 0 74354
1484588814.354027000 0 0
1484588814.352950000 0 0
1484588814.361155000 0 0
1484588814.360106000 0 0
1484588829.395833000 0 75104
1484588829.411409000 0 0
1484588829.410432000 0 0
1484588829.418239000 0 0
1484588829.417278000 0 0
1484588855.415742000 0 75429
1484588855.431264000 0 0
1484588855.430207000 0 0
1484588855.438374000 0 0
1484588855.437271000 0 0
1484588867.012161000 0 0
1484588867.059876000 0 0
1484588867.062034000 0 0
1484588867.061562000 0 0
1484588867.064893000 0 0
1484588867.066334000 0 0
1484588867.073653000 0 0
1484588867.076856000 0 0
1484588867.079693000 0 0
1484588867.081274000 0 0
1484588867.083703000 0 0
1484588867.086027000 0 0
1484588867.091421000 0 0
1484588867.104353000 0 0
1484588867.108539000 0 0
1484588867.121224000 0 0
1484588867.124527000 0 0
1484588867.126894000 0 0
1484588867.129209000 0 0
1484588868.091887000 0 3608
1484588868.115416000 0 0
1484588868.860616000 0 0
1484588868.863015000 0 0
1484588868.865569000 0 0
1484588868.872752000 0 0
1484588868.875065000 0 0
1484588868.877339000 0 0
1484588868.884570000 0 0
1484588868.886377000 0 0
1484588868.893655000 0 0
1484588868.895943000 0 0
1484588869.612107000 0 1046
1484588869.619304000 0 0
1484588869.617978000 0 0
1484588870.474452000 0 75890
1484588870.489429000 0 0
1484588870.488462000 0 0
1484588870.496334000 0 0
1484588870.495390000 0 0
1484588885.528075000 0 75890
1484588885.544002000 0 0
1484588885.542930000 0 0
1484588885.552148000 0 0
1484588885.551044000 0 0
1484588867.060580000 282 0
1484588867.089620000 566 0
1484588867.094423000 504 0
1484588867.132501000 504 0
1484588867.082164000 398 0
1484588900.578633000 0 75891
1484588900.594096000 0 0
1484588900.592992000 0 0
1484588900.601086000 0 0
1484588900.600027000 0 0
1484588915.638449000 0 75891
1484588915.653992000 0 0
1484588915.652910000 0 0
1484588915.661431000 0 0
1484588915.660345000 0 0
1484588930.692152000 0 76043
1484588930.707752000 0 0
1484588930.706691000 0 0
1484588930.714824000 0 0
1484588930.713778000 0 0
1484588911.193270000 1159 0
1484588955.385625000 0 76025
1484588955.401295000 0 0
1484588955.400284000 0 0
1484588955.412918000 0 0
1484588955.411740000 0 0
1484588970.453768000 0 77207
1484588970.469088000 0 0
1484588970.468106000 0 0
1484588970.476174000 0 0
1484588970.475152000 0 0
1484588981.630097000 0 0
1484588982.674169000 0 3608
1484588982.735433000 0 0
1484588984.194419000 0 1608
1484588984.202998000 0 0
1484588984.200674000 0 0
1484588985.508232000 0 78438
1484588985.524648000 0 0
1484588985.523559000 0 0
1484588985.531747000 0 0
1484588985.530681000 0 0
1484588986.298810000 0 1046
1484588986.306101000 0 0
1484588986.304996000 0 0
1484588998.831251000 0 16194
1484588998.839781000 0 0
1484588998.838643000 0 0
1484589000.557754000 0 78439
1484589000.573548000 0 0
1484589000.572430000 0 0
1484589000.580592000 0 0
1484589000.579494000 0 0
1484588981.627122000 282 0
1484589025.220979000 0 78408
1484589025.236870000 0 0
1484589025.235745000 0 0
1484589025.244134000 0 0
1484589025.243071000 0 0
1484589040.283563000 0 79632
1484589040.299461000 0 0
1484589040.298398000 0 0
1484589040.306636000 0 0
1484589040.305566000 0 0
1484589046.417032000 0 0
1484589047.540699000 0 3608
1484589047.603901000 0 0
1484589049.042390000 0 1046
1484589049.049450000 0 0
1484589049.048489000 0 0
1484589055.339847000 0 81026
1484589055.357210000 0 0
1484589055.356018000 0 0
1484589055.365549000 0 0
1484589055.364397000 0 0
1484589046.410558000 282 0
1484589086.123731000 0 81018
1484589086.139959000 0 0
1484589086.138859000 0 0
1484589086.146824000 0 0
1484589086.145750000 0 0
1484589101.178029000 0 81824
1484589101.194209000 0 0
1484589101.193097000 0 0
1484589101.201221000 0 0
1484589101.200175000 0 0
1484589114.952867000 0 0
1484589116.371314000 0 86363
1484589116.489967000 0 0
1484589116.465973000 0 0
1484589116.591337000 0 0
1484589116.590363000 0 0
1484589119.463874000 0 3608
1484589120.061573000 0 0
1484589121.035944000 0 1046
1484589121.113976000 0 0
1484589121.112980000 0 0
1484589131.378358000 0 87262
1484589131.399119000 0 0
1484589131.398080000 0 0
1484589131.406285000 0 0
1484589131.405297000 0 0
1484589114.838097000 282 0
1484589143.563380000 0 1494
1484589143.574500000 0 0
1484589143.573169000 0 0
1484589146.446735000 0 87262
1484589146.467553000 0 0
1484589146.462933000 0 0
1484589146.474935000 0 0
1484589146.473780000 0 0
1484589161.517543000 0 87262
1484589161.533755000 0 0
1484589161.532714000 0 0
1484589161.539966000 0 0
1484589161.539014000 0 0
1484589176.571211000 0 72076
1484589176.586151000 0 0
1484589176.585070000 0 0
1484589176.593235000 0 0
1484589176.592161000 0 0
1484589209.531480000 0 72018
1484589209.548160000 0 0
1484589209.547031000 0 0
1484589209.559971000 0 0
1484589209.558777000 0 0
1484589224.596024000 0 73240
1484589224.611645000 0 0
1484589224.610590000 0 0
1484589224.618982000 0 0
1484589224.617943000 0 0
1484589231.783584000 0 0
1484589232.844639000 0 3608
1484589232.897456000 0 0
1484589234.356248000 0 1046
1484589234.363678000 0 0
1484589234.362473000 0 0
1484589239.659376000 0 75420
1484589239.675363000 0 0
1484589239.674276000 0 0
1484589239.682671000 0 0
1484589239.681607000 0 0
1484589231.779831000 282 0
1484589281.433977000 0 75401
1484589281.449978000 0 0
1484589281.448940000 0 0
1484589281.457048000 0 0
1484589281.456089000 0 0
1484589296.543667000 0 76267
1484589296.636109000 0 0
1484589296.626306000 0 0
1484589296.678689000 0 0
1484589296.674178000 0 0
1484589298.852101000 0 16195
1484589298.860467000 0 0
1484589298.859380000 0 0
1484589306.750611000 0 0
1484589308.065923000 0 3608
1484589308.102772000 0 0
1484589306.743151000 282 0
1484589309.578197000 0 1046
1484589309.585368000 0 0
1484589309.584372000 0 0
1484589311.717613000 0 80065
1484589311.733643000 0 0
1484589311.732549000 0 0
1484589311.740611000 0 0
1484589311.739560000 0 0
1484589326.770732000 0 70172
1484589326.786798000 0 0
1484589326.785574000 0 0
1484589326.793982000 0 0
1484589326.792881000 0 0
1484589331.588496000 0 1494
1484589331.596511000 0 0
1484589331.595459000 0 0
1484589348.500211000 0 17097
1484589479.959272000 0 70171
1484589479.974374000 0 0
1484589479.973268000 0 0
1484589479.981829000 0 0
1484589479.980716000 0 0
1484589501.651748000 0 0
1484589523.839643000 282 0
1484589550.418693000 0 0
1484589550.422866000 0 0
1484589550.430819000 0 0
1484589550.436343000 0 0
1484589550.446956000 0 0
1484589550.449162000 0 0
1484589550.452195000 0 0
1484589550.454726000 0 0
1484589550.464823000 0 0
1484589550.467013000 0 0
1484589550.475372000 0 0
1484589550.477569000 0 0
1484589550.491456000 0 0
1484589550.493795000 0 0
1484589550.361637000 282 0
1484589550.434077000 566 0
1484589550.439637000 504 0
1484589550.457185000 504 0
1484589550.481504000 398 0
1484589598.870215000 0 16195
1484589598.878285000 0 0
1484589598.877236000 0 0
1484589659.357072000 0 70144
1484589659.372137000 0 0
1484589659.371039000 0 0
1484589659.379255000 0 0
1484589659.378198000 0 0
1484589671.750435000 0 5672
1484589671.766311000 0 0
1484589674.411188000 0 69856
1484589674.425952000 0 0
1484589674.424866000 0 0
1484589674.433537000 0 0
1484589674.432483000 0 0
1484589689.010853000 0 3608
1484589689.024727000 0 0
1484589689.466150000 0 70054
1484589689.480826000 0 0
1484589689.479833000 0 0
1484589689.487641000 0 0
1484589689.486683000 0 0
1484589704.525451000 0 399052
1484589704.568534000 0 0
1484589704.567432000 0 0
1484589704.575816000 0 0
1484589704.574733000 0 0
1484589719.611649000 0 401661
1484589719.654972000 0 0
1484589719.653820000 0 0
1484589719.662268000 0 0
1484589719.661191000 0 0
1484589734.689506000 0 69896
1484589734.704909000 0 0
1484589734.703804000 0 0
1484589734.711956000 0 0
1484589734.710892000 0 0
1484589749.749169000 0 399896
1484589749.791929000 0 0
1484589749.790915000 0 0
1484589749.799351000 0 0
1484589749.798286000 0 0
1484589764.830372000 0 69559
1484589764.845408000 0 0
1484589764.844329000 0 0
1484589764.852720000 0 0
1484589764.851661000 0 0
1484589779.896139000 0 399435
1484589779.939495000 0 0
1484589779.938430000 0 0
1484589779.946680000 0 0
1484589779.945643000 0 0
1484589794.967530000 0 69824
1484589794.983339000 0 0
1484589794.982261000 0 0
1484589794.990529000 0 0
1484589794.989453000 0 0
1484589810.091231000 0 69690
1484589810.369808000 0 0
1484589810.202996000 0 0
1484589810.471621000 0 0
1484589810.379475000 0 0
1484589825.637962000 0 69921
1484589825.652652000 0 0
1484589825.651703000 0 0
1484589825.659529000 0 0
1484589825.658617000 0 0
1484589840.689575000 0 400584
1484589840.732820000 0 0
1484589840.731723000 0 0
1484589840.740067000 0 0
1484589840.739002000 0 0
1484589855.780792000 0 72433
1484589855.795682000 0 0
1484589855.794902000 0 0
1484589855.803849000 0 0
1484589855.802110000 0 0
1484589870.818859000 0 77718
1484589870.834509000 0 0
1484589870.833560000 0 0
1484589870.843656000 0 0
1484589870.840478000 0 0
1484589885.882710000 0 80830
1484589885.899159000 0 0
1484589885.898103000 0 0
1484589885.908666000 0 0
1484589885.904950000 0 0
1484589898.942832000 0 16209
1484589898.950829000 0 0
1484589898.949871000 0 0
1484589901.048511000 0 80647
1484589901.080669000 0 0
1484589901.079686000 0 0
1484589901.102989000 0 0
1484589901.094345000 0 0
1484589916.212597000 0 82267
1484589916.234545000 0 0
1484589916.230621000 0 0
1484589916.242139000 0 0
1484589916.241153000 0 0
1484589931.277336000 0 83088
1484589931.294402000 0 0
1484589931.293277000 0 0
1484589931.301718000 0 0
1484589931.300650000 0 0
1484589946.336138000 0 83490
1484589946.352629000 0 0
1484589946.351665000 0 0
1484589946.359442000 0 0
1484589946.358504000 0 0
1484589961.386511000 0 83823
1484589961.403040000 0 0
1484589961.401930000 0 0
1484589961.410367000 0 0
1484589961.409267000 0 0
1484589976.441662000 0 85076
1484589976.521596000 0 0
1484589976.503640000 0 0
1484589976.529420000 0 0
1484589976.528449000 0 0
1484589991.679730000 0 83778
1484589991.774435000 0 0
1484589991.767660000 0 0
1484589991.831905000 0 0
1484589991.795620000 0 0
1484590007.157336000 0 85404
1484590007.264314000 0 0
1484590007.238762000 0 0
1484590007.308384000 0 0
1484590007.307482000 0 0
1484590010.296812000 0 17049
1484590023.088745000 0 89274
1484590023.153670000 0 0
1484590023.152664000 0 0
1484590023.209430000 0 0
1484590023.208289000 0 0
1484590038.322327000 0 419118
1484590038.462300000 0 0
1484590038.384426000 0 0
1484590038.553927000 0 0
1484590038.526432000 0 0
1484590053.781621000 0 419240
1484590053.997026000 0 0
1484590053.867467000 0 0
1484590054.103848000 0 0
1484590054.014491000 0 0
1484590069.159020000 0 540197
1484590069.447783000 0 0
1484590069.315692000 0 0
1484590069.579780000 0 0
1484590069.459898000 0 0
1484590084.713752000 0 541130
1484590084.927341000 0 0
1484590084.921847000 0 0
1484590084.936554000 0 0
1484590084.935539000 0 0
1484590099.736182000 0 540567
1484590099.791362000 0 0
1484590099.790370000 0 0
1484590099.799526000 0 0
1484590099.798477000 0 0
1484590116.051878000 0 659919
1484590116.376971000 0 0
1484590116.280982000 0 0
1484590116.539407000 0 0
1484590116.384299000 0 0
1484590131.471100000 0 660438
1484590131.559074000 0 0
1484590131.558051000 0 0
1484590131.609739000 0 0
1484590131.571368000 0 0
1484590146.498339000 0 660530
1484590146.596800000 0 0
1484590146.595751000 0 0
1484590146.608662000 0 0
1484590146.603160000 0 0
1484590161.783338000 0 660516
1484590161.863198000 0 0
1484590161.861706000 0 0
1484590161.870381000 0 0
1484590161.869352000 0 0
1484590177.003433000 0 660648
1484590177.255983000 0 0
1484590177.135424000 0 0
1484590177.292886000 0 0
1484590177.277681000 0 0
1484590192.512312000 0 966781
1484590192.605934000 0 0
1484590192.604720000 0 0
1484590192.613562000 0 0
1484590192.612576000 0 0
1484590198.930055000 0 16209
1484590198.938745000 0 0
1484590198.937719000 0 0
1484590207.718466000 0 71562
1484590207.736865000 0 0
1484590207.735614000 0 0
1484590207.744359000 0 0
1484590207.743394000 0 0
1484590212.791851000 0 122
1484590212.799504000 0 0
1484590212.798051000 0 0
1484590212.805493000 0 11605
1484590212.822114000 0 0
1484590212.811762000 0 146
1484590212.814597000 0 0
1484590212.834414000 0 0
1484590212.835587000 0 0
1484590212.833364000 0 0
1484590212.839155000 0 0
1484590213.422988000 0 181
1484590213.430742000 0 0
1484590213.429611000 0 0
1484590213.477952000 0 212
1484590213.488553000 0 0
1484590213.497523000 0 0
1484590213.486116000 0 0
1484574884.059351000 0 32768
1484590213.507382000 0 0
1484590213.507513000 0 17049
1484590213.510987000 0 259
1484574884.055964000 0 46543360
1484590213.520079000 0 0
1484590213.520572000 0 0
1484590213.517214000 0 0
1484590213.527483000 0 0
1484590213.533006000 0 1494
1484590213.539866000 0 0
1484590213.538854000 0 0
1484574884.788882000 0 0
1484590213.548510000 0 288
1484590213.554863000 0 0
1484590213.553819000 0 0
1484590213.584930000 0 0
1484574882.559309000 0 32768
1484590213.589605000 0 0
1484574882.555564000 129000 47083776
1484590213.595240000 0 0
1484590213.597750000 0 0
1484574882.550969000 1417216 17551360
1484590213.643176000 0 0
1484574884.540179000 0 32768
1484590213.648340000 0 0
1484574884.531224000 28824 5339560
1484590213.655431000 0 0
1484590213.659000000 0 0
1484590213.663959000 0 0
1484590213.676244000 0 0
1484590213.679748000 0 188956
1484590213.741867000 0 0
1484590213.746002000 0 0
1484590213.749132000 0 0
1484590213.667467000 0 0
1484590213.751939000 0 0
1484590213.795633000 0 7139
1484590213.803013000 0 0
1484590213.801971000 0 0
1484590213.810365000 0 0
1484590217.072596000 0 0
1484590217.112581000 0 0
1484590217.115313000 0 0
1484590217.123048000 0 0
1484590221.608976000 0 0
1484590221.611335000 0 0
1484574884.547015000 0 0
1484574881.747534000 0 0
1484590227.123735000 0 0
1484590227.127474000 0 0
1484590227.135155000 0 0
1484590227.142183000 0 0
1484590227.152674000 0 0
1484590227.154792000 0 0
1484590227.157002000 0 0
1484590227.159186000 0 0
1484590227.168954000 0 0
1484590227.171234000 0 0
1484590227.180182000 0 0
1484590227.182523000 0 0
1484590227.191827000 0 0
1484590227.194185000 0 0
1484587224.642223000 0 0
1484590227.287994000 0 0
1484590227.301365000 0 0
1484590227.303806000 0 0
1484590211.850348000 1159 0
1484590227.140198000 566 0
1484590227.145424000 504 0
1484590227.161441000 504 0
1484590217.126052000 282 0
1484590221.613657000 398 0
1484590228.485525000 0 0
1484590228.488075000 0 0
1484590228.495539000 0 0
1484590228.507186000 0 0
1484590228.509861000 0 0
1484590228.512197000 0 0
1484590228.530174000 0 0
1484590228.532619000 0 0
1484590228.542131000 0 0
1484590228.544320000 0 0
1484590228.478576000 0 0
1484590230.854623000 0 0
1484590232.246178000 0 0
1484590234.947501000 0 0
1484574899.781181000 60416 133120
1484574882.357365000 18432 0
1484574882.119439000 610304 4096
1484574882.135985000 16384 4096
1484574884.047369000 1441792 56328192
1484574884.513494000 294912 688128
1484574883.128031000 69632 221184
1484590238.608347000 0 0
1484590236.094797000 0 0
1484590239.726167000 0 0
1484590242.353987000 0 0
1484590246.390267000 0 0
1484590249.368010000 0 0
1484590228.492867000 566 0
1484590228.498619000 504 0
1484590228.515476000 504 0
1484590228.534934000 398 0
1484582373.176212000 0 0
1484590250.670240000 0 0
1484575135.000048000 0 0
1484590278.924397000 0 0
1484590278.957184000 0 0
1484590278.959987000 0 0
1484590278.984231000 0 0
1484590278.987539000 0 0
1484590279.005644000 0 0
1484590279.008793000 0 0
1484590278.928214000 0 0
1484590278.875833000 0 0
1484590278.878649000 0 0
1484590284.719290000 0 0
1484590284.756725000 0 0
1484590284.759443000 0 0
1484590284.767299000 0 0
1484590284.770318000 0 0
1484590284.773268000 0 0
1484590284.776146000 0 0
1484590284.787011000 0 0
1484590284.788827000 0 0
1484590284.790960000 0 0
1484590284.793095000 0 0
1484590284.795198000 0 0
1484590284.798091000 0 0
1484590284.807473000 0 0
1484590284.809170000 0 0
1484590284.811365000 0 0
1484590284.815237000 0 0
1484590284.817926000 0 0
1484590284.828748000 0 0
1484590284.830880000 0 0
1484590284.832983000 0 0
1484590284.835078000 0 0
1484590284.845879000 0 0
1484590284.848019000 0 0
1484590284.850077000 0 0
1484590284.885381000 0 0
1484590284.888386000 0 0
1484590284.891074000 0 0
1484590284.893724000 0 0
1484590284.896406000 0 0
1484590284.916165000 0 0
1484590284.780737000 0 0
1484590284.827924000 0 0
1484590284.811958000 0 0
1484590290.968687000 0 0
1484590284.859212000 0 0
1484590284.843571000 0 0
1484590290.972526000 0 0
1484590290.975370000 0 0
1484574228.720608000 0 0
1484590278.935108000 520 0
1484590278.941428000 148 0
1484590278.944377000 198 0
1484590278.947978000 264 0
1484590278.952095000 197 0
1484590278.955651000 269 0
1484590278.974091000 226 0
1484590278.992526000 134 0
1484590279.006563000 134 0
1484590279.030749000 134 0
1484590279.071792000 144 0
1484590279.114361000 134 0
1484590279.127185000 134 0
1484590279.147160000 134 0
1484590279.171045000 127 0
1484590279.184362000 122 0
1484590279.206455000 122 0
1484590279.222135000 138 0
1484590279.241689000 137 0
1484590279.257235000 142 0
1484590279.263767000 142 0
1484590279.274608000 133 0
1484590279.286151000 134 0
1484590279.298692000 133 0
1484590279.302987000 83 0
1484590279.325025000 349 0
1484590279.330750000 385 0
1484590279.342713000 226 0
1484590279.357050000 243 0
1484590279.371696000 214 0
1484590279.377283000 251 0
1484590284.723721000 129 0
1484590284.780088000 129 0
1484590284.800599000 129 0
1484590284.813481000 282 0
1484590284.821672000 129 0
1484590284.838679000 129 0
1484590294.090568000 1159 0
