1484551030.312015000 0 0
1484551030.315199000 0 0
1484551030.315189000 0 0
1484551030.325823000 0 0
1484551030.328223000 0 0
1484551030.333384000 0 0
1484551030.370426000 0 0
1484551030.343384000 0 0
1484551030.577399000 0 0
1484551030.580162000 0 0
1484551030.629261000 0 0
1484551030.633294000 0 0
1484551030.635634000 0 0
1484551030.638005000 0 0
1484551029.764350000 111 0
1484551030.361037000 104 0
1484551030.385816000 1978 0
1484551030.266250000 282 0
1484551030.471261000 436 0
1484551030.495803000 2020 0
1484551030.602253000 552 0
1484551030.654195000 504 0
1484551030.365719000 354 0
1484551030.372963000 552 0
1484551030.380725000 1448 0
1484551030.392635000 537 0
1484551030.512242000 1321 0
1484551030.529031000 1667 0
1484551030.810288000 8192 0
1484551030.867839000 0 0
1484551030.886189000 478 0
1484551030.899964000 1651 0
1484551031.059039000 0 0
1484551030.952331000 104 0
1484551030.955354000 0 0
1484551031.069760000 1978 0
1484551031.181258000 436 0
1484551031.323643000 2020 0
1484551030.938662000 15872 0
1484551030.991048000 10752 0
1484551031.037536000 35664 0
1484551031.075657000 0 0
1484551031.145706000 40960 0
1484551031.201333000 0 0
1484551031.292211000 5229 0
1484551031.327565000 0 0
1484551031.339673000 10851 0
1484551030.913055000 8192 0
1484551045.464830000 282 0
1484551072.562515000 0 0
1484551072.566950000 0 0
1484551072.576506000 0 0
1484551072.581319000 0 0
1484551072.590585000 0 0
1484551072.880241000 0 0
1484551072.884020000 0 0
1484551072.891317000 0 0
1484551072.898171000 0 0
1484551072.917096000 0 0
1484551072.929126000 0 0
1484551072.932752000 0 0
1484551072.941160000 0 0
1484551072.944364000 0 0
1484551072.952292000 0 0
1484551073.159287000 0 0
1484551073.196583000 0 0
1484551073.234655000 0 0
1484551073.294136000 0 0
1484551073.409677000 0 0
1484551073.412931000 0 0
1484551073.415976000 0 0
1484551073.419169000 0 0
1484551073.421827000 0 0
1484551073.463378000 0 0
1484551073.502816000 0 0
1484551073.506037000 0 0
1484551073.508860000 0 0
1484551073.567987000 0 0
1484551073.573787000 0 0
1484551073.655086000 0 0
1484551073.893268000 0 0
1484551073.914043000 0 0
1484551073.957925000 0 0
1484551074.095311000 0 0
1484551074.126504000 0 0
1484551074.129780000 0 18830
1484551074.335707000 0 0
1484551074.338708000 0 0
1484551074.112880000 18830 0
1484551074.119963000 0 0
1484551074.341701000 0 0
1484551074.449751000 0 0
1484551074.535586000 0 0
1484551074.676508000 0 0
1484551074.772373000 0 0
1484551074.863841000 0 53
1484551074.447192000 204 0
1484551074.871481000 0 0
1484551074.904593000 0 0
1484551074.954278000 0 0
1484551075.177687000 0 0
1484551075.484836000 0 0
1484551075.487879000 0 0
1484551075.804150000 0 0
1484551075.817856000 0 0
1484551075.822338000 0 0
1484551075.895904000 0 0
1484551075.820916000 0 0
1484551075.900119000 0 0
1484551075.905992000 0 0
1484551075.909127000 0 0
1484551075.911874000 0 0
1484551075.914970000 0 0
1484551075.918301000 0 0
1484551075.921409000 0 0
1484551075.924407000 0 0
1484551075.927411000 0 0
1484551075.930443000 0 0
1484551075.933516000 0 0
1484551075.936318000 0 0
1484551075.939893000 0 0
1484551075.956214000 0 0
1484551075.959274000 0 0
1484551075.962241000 0 0
1484551075.965525000 0 0
1484551075.968588000 0 0
1484551075.971924000 0 0
1484551075.975282000 0 0
1484551075.903709000 0 0
1484551075.979647000 0 0
1484551075.984971000 0 0
1484551075.991912000 0 0
1484551075.989655000 0 0
1484551076.001298000 0 0
1484551076.005905000 0 0
1484551076.011076000 0 0
1484551076.014976000 0 0
1484551076.018090000 0 0
1484551076.022235000 0 0
1484551076.028118000 0 0
1484551076.031333000 0 0
1484551076.026070000 0 0
1484551076.035879000 0 0
1484551076.046015000 0 0
1484551076.062373000 0 0
1484551076.049856000 0 0
1484551076.077852000 0 0
1484551076.082711000 0 0
1484551076.086640000 0 0
1484551076.092210000 0 0
1484551076.096954000 0 0
1484551072.876582000 282 0
1484551072.895723000 10 0
1484551072.913192000 10 0
1484551072.925619000 216 0
1484551073.061556000 208 0
1484551073.227573000 28199 0
1484551073.243600000 4431 0
1484551073.307002000 16384 0
1484551073.373350000 317 0
1484551073.596073000 0 0
1484551073.600220000 660 0
1484551073.907006000 8582 0
1484551073.929188000 12029 0
1484551073.978920000 208620 0
1484551074.461449000 3072 0
1484551074.491959000 9014 0
1484551074.700377000 476922 0
1484551074.782021000 8 0
1484551074.888683000 12447 0
1484551074.528134000 25 0
1484551074.959761000 504 0
1484551075.187861000 6856 0
1484551075.813965000 3869 0
1484551076.146282000 0 0
1484551076.162740000 0 0
1484551076.167380000 0 0
1484551076.171180000 0 0
1484551076.180053000 0 0
1484551076.183444000 0 0
1484551076.194232000 0 0
1484551076.208028000 0 0
1484551076.211315000 0 0
1484551076.215475000 0 0
1484551076.230130000 0 0
1484551076.237498000 0 0
1484551076.241765000 0 0
1484551076.245149000 0 0
1484551076.253363000 0 0
1484551076.256626000 0 0
1484551076.261299000 0 0
1484551076.270454000 0 0
1484551076.283019000 0 0
1484551076.287440000 0 0
1484551076.297558000 0 0
1484551076.339926000 0 0
1484551076.344025000 0 0
1484551076.346894000 0 0
1484551076.351051000 0 0
1484551076.374202000 0 0
1484551076.378629000 0 0
1484551076.381984000 0 0
1484551076.386015000 0 0
1484551076.389309000 0 0
1484551076.403993000 0 0
1484551076.411872000 0 0
1484551076.415842000 0 0
1484551076.432404000 0 0
1484551076.435644000 0 0
1484551076.439973000 0 0
1484551076.454494000 0 0
1484551076.457860000 0 0
1484551076.479548000 0 0
1484551076.483005000 0 0
1484551076.486370000 0 0
1484551076.490801000 0 0
1484551076.497727000 0 0
1484551076.505737000 0 0
1484551076.510412000 0 0
1484551076.513923000 0 0
1484551076.518265000 0 0
1484551076.521732000 0 0
1484551076.532782000 0 0
1484551076.536637000 0 0
1484551076.540771000 0 0
1484551076.544248000 0 0
1484551076.548454000 0 0
1484551076.551857000 0 0
1484551076.555888000 0 0
1484551076.570378000 0 0
1484551076.574584000 0 0
1484551076.578145000 0 0
1484551076.582240000 0 0
1484551076.585796000 0 0
1484551076.589943000 0 0
1484551076.593130000 0 0
1484551076.596338000 0 0
1484551076.600469000 0 0
1484551076.603823000 0 0
1484551076.607441000 0 0
1484551076.611559000 0 0
1484551076.614850000 0 0
1484551076.625105000 0 0
1484551076.628322000 0 0
1484551076.632138000 0 0
1484551077.186100000 0 0
1484551077.190777000 0 0
1484551077.194752000 0 0
1484551077.202172000 0 0
1484551077.228850000 0 0
1484551077.239152000 0 0
1484551077.243571000 0 0
1484551077.259311000 0 0
1484551077.270819000 0 0
1484551077.275030000 0 0
1484551077.278555000 0 0
1484551077.283492000 0 0
1484551077.287013000 0 0
1484551077.852479000 0 0
1484551078.243257000 7168 0
1484551078.262486000 0 0
1484551078.296342000 0 0
1484551078.303032000 0 0
1484551078.828219000 0 0
1484551079.453405000 0 0
1484551079.456635000 0 2
1484551079.464866000 0 0
1484551079.473740000 0 0
1484551078.308152000 2 0
1484551079.442483000 0 0
1484551079.486522000 0 0
1484551072.417110000 2020 0
1484551072.439383000 0 0
1484551072.467196000 0 0
1484551073.897576000 0 0
1484551084.088615000 0 0
1484551085.616617000 0 0
1484551085.680919000 0 0
1484551096.351471000 0 0
1484551096.365442000 0 0
1484551096.394683000 0 0
1484551096.408034000 0 0
1484551096.413829000 0 0
1484551096.426969000 0 0
1484551096.435996000 0 0
1484551096.458563000 0 0
1484551096.466917000 0 0
1484551096.477171000 0 0
1484551096.483873000 0 0
1484551096.486978000 0 0
1484551096.493310000 0 0
1484551096.496722000 0 0
1484551096.504083000 0 0
1484551096.688939000 0 0
1484551096.719410000 0 0
1484551096.753028000 0 0
1484551096.810815000 0 0
1484551096.957603000 0 0
1484551096.960665000 0 0
1484551096.963116000 0 0
1484551096.965980000 0 0
1484551096.968540000 0 0
1484551097.015000000 0 0
1484551097.052173000 0 0
1484551097.055479000 0 0
1484551097.058557000 0 0
1484551097.061519000 0 0
1484551097.064489000 0 0
1484551097.067433000 0 0
1484551097.073602000 0 0
1484551097.077380000 0 0
1484551097.080594000 0 0
1484551097.101571000 0 0
1484551097.121839000 0 0
1484551097.370785000 0 0
1484551097.535714000 0 0
1484551097.608371000 0 0
1484551097.755174000 0 0
1484551097.913435000 0 0
1484551097.968828000 0 0
1484551097.972679000 0 18830
1484551098.664481000 0 0
1484551098.669251000 0 0
1484551097.952070000 18830 0
1484551097.960620000 0 0
1484551098.673366000 0 0
1484551098.800970000 0 0
1484551099.113752000 0 0
1484551099.319995000 0 0
1484551099.374916000 0 0
1484551099.463827000 0 0
1484551099.525466000 0 0
1484551099.580260000 0 0
1484551099.880863000 0 0
1484551099.883537000 0 0
1484551100.313234000 0 0
1484551100.339509000 0 0
1484551100.344281000 0 0
1484551100.414096000 0 0
1484551100.342202000 0 0
1484551100.418940000 0 0
1484551100.425178000 0 0
1484551100.428898000 0 0
1484551100.435678000 0 0
1484551100.440456000 0 0
1484551100.443853000 0 0
1484551100.423028000 0 0
1484551100.451421000 0 0
1484551100.456041000 0 0
1484551100.460226000 0 0
1484551100.463150000 0 0
1484551100.467748000 0 0
1484551101.021996000 0 0
1484551101.234172000 0 0
1484551101.295764000 0 0
1484551101.304080000 0 0
1484551101.590985000 196608 0
1484551101.648777000 0 0
1484551077.362430000 10 0
1484551077.663850000 9833 0
1484551077.872182000 740 0
1484551078.846650000 999 0
1484551102.401462000 0 0
1484551102.409365000 0 2
1484551102.424553000 0 53
1484551102.436813000 0 0
1484551098.798796000 204 0
1484551102.442348000 0 0
1484551102.461644000 0 0
1484551101.310051000 2 0
1484551102.370125000 0 0
1484551102.474810000 0 0
1484551102.641579000 0 0
1484551103.193324000 0 0
1484551103.210498000 0 0
1484551104.115599000 0 0
1484551104.192474000 0 0
1484551104.420758000 0 0
1484551104.494886000 0 0
1484551106.123952000 0 6856
1484551106.133063000 0 0
1484551106.462885000 0 0
1484551082.639834000 55 0
1484551096.264850000 1978 0
1484551096.272563000 0 0
1484551096.292833000 0 0
1484551097.539439000 0 0
1484551108.755548000 0 0
1484551108.812399000 0 0
1484551108.814942000 0 0
1484551108.824883000 0 0
1484551108.831143000 0 0
1484551108.840499000 0 0
1484551108.847982000 0 0
1484551108.846225000 0 0
1484551108.861415000 0 0
1484551108.855738000 0 0
1484551108.879589000 0 0
1484551108.876111000 0 0
1484551109.323814000 0 0
1484551109.326970000 0 0
1484551109.330009000 0 0
1484551109.472690000 0 0
1484551109.476047000 0 0
1484551109.478900000 0 0
1484551109.481351000 0 0
1484551109.549626000 0 0
1484551109.559255000 0 162
1484551109.647833000 0 0
1484551109.646911000 0 0
1484551099.045232000 3072 0
1484551099.350338000 123100 0
1484551099.388014000 8 0
1484551099.470207000 504 0
1484551099.537538000 13242 0
1484551099.646899000 6789 0
1484551100.329567000 1035 0
1484551100.535357000 10 0
1484551101.027415000 571 0
1484551101.247198000 2893 0
1484551102.475001000 10070 0
1484551099.697514000 25 0
1484551102.525000000 9833 0
1484551102.544714000 544 0
1484551096.395216000 564 0
1484551109.803078000 8192 0
1484551109.818121000 354 0
1484551109.821488000 552 0
1484551109.824310000 1448 0
1484551109.827367000 537 0
1484551109.830590000 1321 0
1484551109.835945000 1667 0
1484551109.892114000 0 0
1484551109.895022000 0 0
1484551109.897763000 0 0
1484551109.908620000 0 0
1484551109.911357000 0 0
1484551109.914040000 0 0
1484551109.922768000 0 0
1484551109.851750000 8192 0
1484551110.084198000 0 0
1484551110.077335000 0 0
1484551110.108731000 0 0
1484551110.213684000 0 0
1484551110.211311000 0 0
1484551112.561919000 0 0
1484551112.559588000 0 0
1484551114.150887000 0 0
1484551114.153979000 0 0
1484551114.158014000 0 0
1484551114.169866000 0 0
1484551114.177470000 0 0
1484551114.181909000 0 0
1484551114.183056000 0 0
1484551114.185310000 0 0
1484551114.188095000 0 0
1484551114.190761000 0 0
1484551114.191998000 0 0
1484551114.193994000 0 0
1484551114.198996000 0 0
1484551114.199621000 0 0
1484551114.202262000 0 0
1484551114.204557000 0 0
1484551114.212614000 0 0
1484551112.592191000 8192 0
1484551112.611303000 354 0
1484551112.622766000 552 0
1484551112.627138000 1448 0
1484551112.634964000 537 0
1484551112.642538000 1321 0
1484551112.645587000 1667 0
1484551114.340109000 0 0
1484551114.337562000 0 0
1484551114.351201000 0 0
1484551114.453572000 0 0
1484551114.450738000 0 0
1484551109.069130000 0 0
1484551114.578686000 0 0
1484551114.572756000 0 0
1484551109.534288000 0 0
1484551116.185950000 0 0
1484551116.212347000 0 0
1484551116.225334000 0 0
1484551116.238484000 0 0
1484551116.318322000 0 0
1484551117.687761000 0 0
1484551117.783927000 0 0
1484551117.790014000 0 544
1484551117.797776000 0 0
1484551109.537839000 13421 0
1484551103.266564000 225773 0
1484551117.805314000 0 0
1484551117.829396000 0 0
1484551117.826092000 0 0
1484551117.845322000 0 0
1484551117.847408000 0 0
1484551117.850678000 0 0
1484551117.853993000 0 0
1484551117.858670000 0 0
1484551117.882752000 0 0
1484551096.464799000 10 0
1484551096.469297000 10 0
1484551096.480950000 216 0
1484551096.575372000 208 0
1484551096.745752000 28101 0
1484551096.766315000 4431 0
1484551096.832464000 16384 0
1484551096.933271000 317 0
1484551097.137363000 522 0
1484551097.575074000 16929 0
1484551097.715956000 12029 0
1484551097.786074000 208620 0
1484551120.838471000 0 0
1484551120.831834000 0 0
1484551122.246402000 0 0
1484551130.323270000 0 6789
1484551130.331482000 0 0
1484551130.790320000 0 0
1484551131.016475000 0 0
1484551131.816152000 0 0
1484551132.050826000 0 0
1484551133.569302000 0 66
1484551133.241235000 66 0
1484551133.577720000 0 0
1484551133.814182000 0 0
1484551136.117767000 0 137
1484551136.127824000 0 0
1484551134.093577000 137 0
1484551136.126066000 0 0
1484551136.334242000 0 0
1484551136.919934000 0 0
1484551137.477637000 0 0
1484551137.740361000 0 10291
1484551137.749578000 0 0
1484551137.748639000 0 0
1484551137.945635000 0 0
1484551122.365462000 0 0
1484551138.183208000 0 0
1484551138.409611000 0 0
1484551138.650757000 0 0
1484551138.883621000 0 0
1484551139.524917000 0 0
1484551139.802152000 0 0
1484551140.022863000 0 0
1484551140.302563000 0 0
1484551140.602528000 0 0
1484551140.874490000 0 0
1484551141.139842000 0 0
1484551116.331466000 129 0
1484551117.884411000 544 0
1484551117.888885000 544 0
1484551117.893415000 544 0
1484551117.897058000 544 0
1484551117.901645000 544 0
1484551117.906253000 544 0
1484551117.914527000 544 0
1484551117.921928000 544 0
1484551117.935918000 544 0
1484551117.940195000 544 0
1484551117.944180000 544 0
1484551117.948063000 544 0
1484551117.951752000 544 0
1484551117.956068000 544 0
1484551117.961005000 544 0
1484551114.618596000 354 0
1484551114.630952000 552 0
1484551114.643897000 1448 0
1484551114.656806000 537 0
1484551114.666690000 1321 0
1484551114.669671000 1667 0
1484551114.592700000 8192 0
1484551144.700907000 0 0
1484551145.408841000 0 0
1484551145.822878000 0 0
1484551146.090996000 0 0
1484551146.326959000 0 0
1484551146.537979000 0 0
1484551146.953525000 0 0
1484551147.476057000 0 0
1484551147.870817000 0 0
1484551154.374640000 0 0
1484551154.389950000 0 0
1484551154.412478000 0 0
1484551154.423782000 0 0
1484551154.468464000 0 66
1484551154.450669000 66 0
1484551154.476523000 0 0
1484551157.483085000 0 0
1484551157.868754000 0 137
1484551157.897269000 0 0
1484551157.852314000 136 0
1484551157.892304000 0 0
1484551157.939472000 0 0
1484551157.974791000 0 0
1484551157.987396000 0 0
1484551157.992199000 0 9823
1484551158.003384000 0 0
1484551158.002298000 0 0
1484551158.015559000 0 0
1484551158.035648000 0 0
1484551158.039461000 0 0
1484551158.048895000 0 0
1484551158.052678000 0 0
1484551158.056365000 0 0
1484551158.065526000 0 0
1484551158.070109000 0 0
1484551158.073729000 0 0
1484551142.045342000 51 0
1484551148.965760000 0 0
1484551172.534992000 0 0
1484551172.537756000 0 0
1484551172.698587000 0 0
1484551158.091734000 51 0
1484551078.356431000 290795268 0
1484551122.279562000 233682 12426
1484551197.987644000 0 0
1484551244.190840000 0 0
1484551244.194271000 0 0
1484551244.198456000 0 0
1484551244.203481000 0 0
1484551244.208511000 0 0
1484551244.213939000 0 0
1484551244.224668000 0 0
1484551244.227932000 0 0
1484551244.231082000 0 0
1484551244.382044000 0 0
1484551244.385901000 0 0
1484551244.394279000 0 0
1484551244.400478000 0 0
1484551244.427997000 0 0
1484551244.430949000 0 0
1484551244.433403000 0 0
1484551244.436010000 0 0
1484551244.444717000 0 0
1484551244.447335000 0 0
1484551244.457195000 0 0
1484551244.459586000 0 0
1484551244.462134000 0 0
1484551244.482255000 0 0
1484551244.484309000 0 0
1484551246.124344000 0 38786
1484551246.137062000 0 0
1484551244.314848000 38253 0
1484551246.136374000 0 0
1484551252.705032000 0 0
1484551252.706855000 0 0
1484551252.709081000 0 0
1484551252.714635000 0 0
1484551252.716696000 0 0
1484551252.789205000 0 0
1484551252.795250000 0 158740
1484551252.832425000 0 0
1484551252.835379000 0 0
1484551244.438702000 504 0
1484551244.398092000 552 0
1484551244.421628000 504 0
1484551244.475060000 398 0
1484551244.450314000 282 0
1484551252.862341000 8192 0
1484551255.824707000 0 0
1484551255.823728000 0 0
1484551257.837374000 0 0
1484551257.836343000 0 0
1484551255.850111000 354 0
1484551255.854990000 552 0
1484551255.857804000 1448 0
1484551255.860595000 537 0
1484551255.863255000 1321 0
1484551255.865676000 1667 0
1484551257.858846000 354 0
1484551257.861897000 552 0
1484551266.078961000 0 39319
1484551266.092588000 0 0
1484551266.091632000 0 0
1484551276.762202000 0 0
1484551276.770186000 0 164505
1484551276.810961000 0 0
1484551276.812098000 0 0
1484551279.786536000 0 0
1484551279.785108000 0 0
1484551252.884636000 16384 0
1484551281.796749000 0 0
1484551281.795463000 0 0
1484551279.830303000 354 0
1484551279.833295000 552 0
1484551257.865247000 2896 0
1484551257.869330000 1074 0
1484551289.984659000 0 0
1484551279.826634000 8192 0
1484551257.875586000 3334 0
1484551289.835594000 0 0
1484551290.013107000 0 0
1484551290.621349000 0 0
1484551290.629800000 0 0
1484551290.634858000 0 0
1484551290.639685000 0 0
1484551290.644273000 0 0
1484551290.648836000 0 0
1484551290.653812000 0 0
1484551290.658394000 0 0
1484551290.663121000 0 0
1484551290.678500000 0 0
1484551290.683197000 0 0
1484551290.688105000 0 0
1484551290.696504000 0 0
1484551290.701505000 0 0
1484551290.706260000 0 0
1484551290.711172000 0 0
1484551290.715875000 0 0
1484551290.721214000 0 0
1484551290.725380000 0 0
1484551290.730672000 0 0
1484551290.735003000 0 0
1484551290.746401000 0 0
1484551290.750778000 0 0
1484551290.756339000 0 0
1484551290.760926000 0 0
1484551290.766650000 0 0
1484551290.772611000 0 0
1484551290.779362000 0 0
1484551291.636714000 0 0
1484551291.646353000 0 0
1484551291.675284000 0 0
1484551291.688362000 0 0
1484551291.694578000 0 0
1484551291.770456000 0 0
1484551291.784459000 0 0
1484551292.561991000 0 0
1484551292.560595000 0 0
1484551292.750550000 0 0
1484551279.839692000 0 0
1484551297.167404000 0 0
1484551297.386280000 0 0
1484551290.009475000 0 0
1484551257.872167000 2642 0
1484551311.938446000 0 0
1484551030.347488000 0 0
1484551297.384005000 0 0
1484551311.947810000 0 0
1484551311.953778000 158740 0
1484551311.998878000 0 0
1484551312.005017000 0 0
1484551312.011576000 164505 0
1484551312.057266000 0 0
1484551312.075154000 0 0
1484551312.074209000 0 0
1484551312.075492000 0 0
1484551312.087264000 0 0
1484551312.083069000 0 0
1484551312.086108000 0 0
1484551312.098182000 0 0
1484551312.206958000 0 0
1484551311.956762000 0 158740
1484551292.753060000 0 0
1484551312.063580000 0 0
1484551321.511756000 0 0
1484551321.517339000 0 0
1484551321.516345000 0 0
1484551321.524012000 0 0
1484551321.526720000 0 0
1484551321.531238000 0 0
1484551321.536122000 0 0
1484551312.015921000 0 164505
1484551321.545582000 0 0
1484551321.588864000 0 0
1484551321.596437000 0 0
1484551322.185208000 0 0
1484551322.183619000 0 0
1484551322.368002000 0 0
1484551321.555473000 0 0
1484551328.151311000 0 0
1484551329.889466000 0 0
1484551312.327738000 554675 0
1484551322.368149000 0 0
1484551354.774309000 0 0
1484551354.773168000 0 0
1484551354.780492000 0 0
1484551354.784629000 0 0
1484551354.793431000 0 0
1484551354.796742000 0 0
1484551356.190274000 0 0
1484551358.694513000 0 0
1484551374.701818000 0 0
1484551374.713093000 18637 2349
1484551374.732052000 0 0
1484551374.745727000 3742 3838
1484551374.758690000 0 0
1484551354.790098000 0 0
1484551374.789937000 0 0
1484551374.789054000 0 0
1484551374.795853000 0 0
1484551374.778743000 30116 1544
1484551374.799808000 0 0
1484551374.802772000 0 0
1484551374.807590000 0 0
1484551374.810941000 0 0
1484551374.821459000 30422 1846
1484551374.840891000 0 0
1484551374.865096000 197668 1158
1484551374.978584000 0 0
1484551374.995058000 11777 3681
1484551375.012965000 0 0
1484551375.042753000 77326 3698
1484551375.071993000 0 0
1484551375.081555000 23560 3176
1484551375.101328000 0 0
1484551375.120640000 46250 1294
1484551375.144137000 0 0
1484551375.372963000 3516 3608
1484551377.937442000 0 740
1484551377.950505000 0 0
1484551377.948800000 0 0
1484551328.164302000 164505 0
1484551384.135798000 0 317
1484551399.318365000 0 0
1484551399.332450000 2700 2792
1484551399.345156000 0 0
1484551399.371456000 42243 1379
1484551399.394998000 0 0
1484551399.540692000 105048 2748
1484551399.572754000 0 0
1484551399.606294000 789851 3517
1484551400.430826000 0 0
1484551401.086160000 0 571
1484551401.097692000 0 0
1484551401.096431000 0 0
1484551403.249088000 0 317
1484551413.783464000 0 0
1484551413.873933000 0 0
1484551413.969433000 0 0
1484551416.609221000 0 0
1484551077.911368000 792534 6472
1484551436.123394000 0 208787
1484551436.149104000 0 0
1484551436.148007000 0 0
1484551415.813947000 0 0
1484551440.502998000 0 0
1484551458.787832000 0 0
1484551460.358880000 0 208787
1484551460.385342000 0 0
1484551460.384340000 0 0
1484551079.032554000 3576 0
1484551464.660694000 282 0
1484551489.693761000 0 0
1484551504.172670000 0 0
1484551504.177510000 0 0
1484551504.186378000 0 0
1484551504.195908000 0 0
1484551504.209203000 0 0
1484551504.212117000 0 0
1484551504.215228000 0 0
1484551504.218261000 0 0
1484551504.231901000 0 0
1484551504.234604000 0 0
1484551504.242003000 0 0
1484551504.244612000 0 0
1484551504.247378000 0 0
1484551504.260174000 0 0
1484551504.263015000 0 0
1484551504.125315000 282 0
1484551504.192949000 552 0
1484551504.200630000 504 0
1484551504.223910000 504 0
1484551504.252232000 398 0
1484551527.507561000 0 0
1484551572.559884000 0 0
1484551596.586661000 0 0
1484551596.613086000 0 0
1484551596.617148000 0 0
1484551596.620919000 0 0
1484551596.697009000 3581 21180
1484551596.602854000 15770 10087
1484551596.782209000 0 14753
1484551606.849485000 0 0
1484551606.854035000 0 0
1484551606.863657000 0 0
1484551606.872425000 0 0
1484551606.889147000 0 0
1484551606.892806000 0 0
1484551606.896476000 0 0
1484551606.900495000 0 0
1484551606.915656000 0 0
1484551606.919041000 0 0
1484551606.935156000 0 0
1484551606.938382000 0 0
1484551606.941866000 0 0
1484551606.959759000 0 0
1484551606.963510000 0 0
1484551606.708156000 556465 0
1484551606.868888000 552 0
1484551606.878096000 504 0
1484551606.904015000 504 0
1484551606.922588000 282 0
1484551606.945151000 398 0
1484551607.480986000 0 0
1484551607.588595000 0 0
1484551607.688517000 0 0
1484551607.706173000 0 0
1484551607.944274000 0 0
1484551607.949504000 0 0
1484551607.955509000 0 0
1484551607.962028000 0 0
1484551607.966976000 0 0
1484551607.971828000 0 0
1484551607.976535000 0 0
1484551607.981355000 0 0
1484551607.986325000 0 0
1484551607.991548000 0 0
1484551607.996440000 0 0
1484551608.001078000 0 0
1484551608.054536000 0 0
1484551608.082195000 0 0
1484551608.087008000 0 0
1484551608.532056000 0 0
1484551610.353978000 0 556945
1484551610.413152000 0 0
1484551610.411801000 0 0
1484551612.569059000 282 0
1484551638.870393000 0 0
1484551647.817731000 0 0
1484551647.936914000 0 0
1484551674.560447000 0 0
1484551674.635381000 0 9014
1484551674.645211000 0 0
1484551674.644121000 0 0
1484551675.444393000 0 0
1484551675.459361000 2839 2996
1484551675.471284000 0 0
1484551675.486827000 25903 1423
1484551675.505900000 0 0
1484551675.522634000 1962 2054
1484551675.534271000 0 0
1484551675.676656000 34726 2054
1484551675.696819000 0 0
1484551675.711858000 11226 3130
1484551675.729073000 0 0
1484551675.742528000 24176 3792
1484551675.762151000 0 0
1484551675.775809000 4472 468
1484551675.787844000 0 0
1484551677.997149000 0 756
1484551678.009329000 0 0
1484551678.007621000 0 0
1484551691.288075000 0 0
1484551695.028174000 0 0
1484551695.031606000 0 0
1484551695.035090000 0 0
1484551695.039237000 0 0
1484551695.141188000 3877 11311
1484551695.186600000 0 0
1484551698.896740000 0 0
1484551698.906347000 0 0
1484551698.914643000 0 0
1484551698.922340000 0 0
1484551698.974766000 0 13242
1484551698.985950000 0 0
1484551698.984711000 0 0
1484551699.927025000 0 0
1484551699.950706000 5450 1446
1484551705.564299000 0 0
1484551695.193580000 27 0
1484551722.092032000 0 0
1484551722.134299000 0 0
1484551722.138185000 0 0
1484551722.146875000 0 0
1484551722.264299000 0 0
1484551722.268278000 0 0
1484551722.416185000 0 0
1484551738.077404000 0 11423
1484551738.087113000 0 0
1484551738.085882000 0 0
1484551700.905994000 564 0
1484551722.151499000 552 0
1484551742.858579000 0 0
1484551758.150148000 0 10954
1484551758.159445000 0 0
1484551758.158289000 0 0
1484551787.607401000 0 0
1484551374.803337000 0 0
1484551321.566008000 0 0
1484551357.025457000 158740 0
1484551847.956428000 0 0
1484551847.960980000 0 0
1484551848.009650000 0 0
1484551848.026904000 0 0
1484551848.031318000 0 28179
1484551848.054973000 0 0
1484551848.060880000 0 0
1484551848.065304000 0 0
1484551848.015231000 0 0
1484551848.069289000 0 0
1484551848.134861000 0 0
1484551848.153915000 0 0
1484551848.169065000 0 0
1484551848.199292000 0 28284
1484551848.228536000 0 0
1484551848.234233000 0 0
1484551848.238610000 0 0
1484551848.140341000 0 0
1484551848.242614000 0 0
1484551848.286163000 0 0
1484551848.304769000 0 0
1484551897.341880000 0 0
1484551897.346234000 0 0
1484551897.354824000 0 0
1484551897.361808000 0 0
1484551897.387948000 0 0
1484551898.991602000 0 0
1484551897.222574000 1321 0
1484551897.230113000 0 0
1484551897.358655000 282 0
1484551927.256485000 0 0
1484551928.229548000 0 0
1484551897.376704000 0 0
1484551928.677092000 0 0
1484551928.691284000 0 0
1484551928.706350000 0 0
1484551928.716828000 0 0
1484551928.731105000 0 0
1484551928.735995000 0 0
1484551928.750386000 0 0
1484551928.756283000 0 0
1484551928.768797000 0 0
1484551928.773803000 0 0
1484551928.785787000 0 0
1484551928.792579000 0 0
1484551928.805624000 0 0
1484551928.817728000 0 0
1484551928.823428000 0 0
1484551928.828956000 0 0
1484551928.833879000 0 0
1484551928.839478000 0 0
1484551928.852826000 0 0
1484551928.874652000 0 0
1484551928.880283000 0 0
1484551928.896416000 0 0
1484551928.910174000 0 0
1484551928.915199000 0 0
1484551928.930650000 0 0
1484551928.935748000 0 0
1484551928.940785000 0 0
1484551928.945447000 0 0
1484551928.951152000 0 0
1484551928.969689000 0 0
1484551928.979664000 0 0
1484551928.985321000 0 0
1484551928.990295000 0 0
1484551928.999675000 0 0
1484551929.005132000 0 0
1484551929.029685000 0 0
1484551929.043569000 0 0
1484551929.057341000 0 0
1484551929.063372000 0 0
1484551929.083518000 0 0
1484551929.091607000 0 0
1484551929.106400000 0 0
1484551929.126325000 0 0
1484551929.176459000 0 0
1484551929.209790000 0 0
1484551929.216979000 0 0
1484551929.229344000 0 0
1484551929.360796000 0 0
1484551929.367131000 0 0
1484551929.384190000 0 0
1484551929.389490000 0 0
1484551929.401797000 0 0
1484551929.407257000 0 0
1484551929.412403000 0 0
1484551929.418196000 0 0
1484551929.423151000 0 0
1484551929.439016000 0 0
1484551929.443766000 0 0
1484551929.456322000 0 0
1484551929.470616000 0 0
1484551929.484584000 0 0
1484551929.490356000 0 0
1484551929.495154000 0 0
1484551929.500804000 0 0
1484551929.513126000 0 0
1484551929.517844000 0 0
1484551929.535334000 0 0
1484551929.551973000 0 0
1484551929.564808000 0 0
1484551929.569577000 0 0
1484551929.575362000 0 0
1484551929.580088000 0 0
1484551929.585119000 0 0
1484551929.683778000 0 0
1484551929.792599000 0 0
1484551929.797812000 0 0
1484551929.802567000 0 0
1484551929.818769000 0 0
1484551929.823221000 0 0
1484551929.827903000 0 0
1484551929.832511000 0 0
1484551929.843759000 0 0
1484551929.852543000 0 0
1484551929.862794000 0 0
1484551929.879085000 0 0
1484551929.885030000 0 0
1484551929.890615000 0 0
1484551929.922390000 0 0
1484551929.925093000 0 0
1484551929.924749000 0 0
1484551929.926602000 0 0
1484551929.925888000 0 0
1484551927.252227000 0 0
1484551929.933918000 0 0
1484551929.951196000 0 0
1484551929.965591000 0 0
1484551929.970069000 0 0
1484551929.975408000 0 0
1484551929.990766000 0 0
1484551929.994927000 0 0
1484551930.035128000 0 0
1484551930.039493000 0 0
1484551930.051801000 0 0
1484551930.055747000 0 0
1484551930.059554000 0 0
1484551930.063540000 0 0
1484551930.067822000 0 0
1484551930.072609000 0 0
1484551930.078876000 0 0
1484551930.084069000 0 0
1484551930.119739000 0 0
1484551930.126458000 0 0
1484551930.148848000 0 0
1484551930.169117000 0 0
1484551930.173824000 0 0
1484551930.178859000 0 0
1484551930.184126000 0 0
1484551930.189143000 0 0
1484551930.193941000 0 0
1484551929.930728000 0 0
1484551929.929676000 0 0
1484551930.203415000 0 0
1484551930.207633000 0 0
1484551930.227952000 0 0
1484551930.232511000 0 0
1484551930.237848000 0 0
1484551930.247952000 0 0
1484551930.260479000 0 0
1484551930.264655000 0 0
1484551930.268752000 0 0
1484551930.272677000 0 0
1484551930.284292000 0 0
1484551930.289088000 0 0
1484551930.293811000 0 0
1484551930.303625000 0 0
1484551930.308383000 0 0
1484551930.312254000 0 0
1484551930.316169000 0 0
1484551930.329115000 0 0
1484551930.333320000 0 0
1484551930.337423000 0 0
1484551930.341255000 0 0
1484551930.363995000 0 0
1484551930.375538000 0 0
1484551930.389619000 0 0
1484551930.395209000 0 0
1484551930.407436000 0 0
1484551930.412387000 0 0
1484551930.417259000 0 0
1484551930.422253000 0 0
1484551930.427310000 0 0
1484551930.431967000 0 0
1484551930.437142000 0 0
1484551932.530484000 0 0
1484551932.559598000 0 0
1484551932.572258000 0 0
1484551932.587715000 0 0
1484551932.617255000 0 0
1484551932.634955000 0 0
1484551932.640138000 0 0
1484551932.645819000 0 0
1484551932.664282000 0 0
1484551932.675559000 0 0
1484551932.680756000 0 0
1484551932.685900000 0 0
1484551932.690820000 0 0
1484551932.712558000 0 0
1484551932.717688000 0 0
1484551932.729647000 0 0
1484551932.734526000 0 0
1484551932.754134000 0 0
1484551932.777395000 0 0
1484551932.787908000 0 0
1484551932.804004000 0 0
1484551932.808991000 0 0
1484551932.813892000 0 0
1484551933.019280000 0 0
1484551933.119128000 0 0
1484551933.124700000 0 0
1484551933.129694000 0 0
1484551933.135461000 0 0
1484551933.149898000 0 0
1484551933.188610000 0 0
1484551934.486418000 0 0
1484551934.491174000 0 0
1484551929.922318000 0 0
1484551928.223208000 0 0
1484551956.101076000 0 0
1484551956.174986000 0 0
1484551956.581238000 0 0
1484551956.579620000 0 0
1484551956.712493000 0 0
1484551956.717095000 0 0
1484551956.726347000 0 0
1484551956.797697000 0 0
1484551956.800329000 0 0
1484551956.803227000 0 0
1484551956.806230000 0 0
1484551956.876243000 0 0
1484551956.894011000 0 0
1484551956.898051000 0 0
1484551956.733193000 282 0
1484551956.926581000 0 0
1484551956.941180000 0 0
1484551956.956242000 0 0
1484551956.986221000 0 0
1484551957.009927000 0 0
1484551957.019922000 0 0
1484551956.997347000 0 0
1484551957.041659000 0 0
1484551957.044476000 0 0
1484551957.046872000 0 0
1484551957.047216000 0 0
1484551957.036276000 0 0
1484551957.156135000 0 0
1484551957.143433000 0 0
1484551957.320971000 0 0
1484551957.356207000 0 0
1484551957.375429000 0 0
1484551957.375633000 0 0
1484551957.379400000 0 0
1484551957.392105000 0 0
1484551957.417925000 0 0
1484551957.420546000 0 0
1484551957.425343000 0 0
1484551957.431130000 0 0
1484551957.423280000 282 0
1484551957.484736000 0 0
1484551957.483016000 0 0
1484551957.485166000 0 0
1484551957.495073000 0 0
1484551957.506065000 0 0
1484551957.514392000 0 0
1484551957.593748000 0 0
1484551957.591579000 0 0
1484551958.374885000 0 0
1484551958.369790000 0 0
1484551956.851480000 16384 17408
1484551959.710556000 0 0
1484551959.714055000 0 0
1484551959.717148000 0 0
1484551959.722412000 0 0
1484551959.738808000 0 0
1484551959.747241000 0 0
1484551959.750242000 0 0
1484551959.755525000 0 0
1484551958.424991000 354 0
1484551958.432784000 552 0
1484551958.440013000 1448 0
1484551958.443574000 537 0
1484551958.445743000 1321 0
1484551958.448254000 1667 0
1484551958.404709000 8192 0
1484551959.848537000 0 0
1484551959.846324000 0 0
1484551959.854184000 0 0
1484551959.949702000 0 0
1484551959.946632000 0 0
1484551960.361334000 0 0
1484551960.359899000 0 0
1484551956.849929000 2048 0
1484551959.697686000 0 0
1484551961.417204000 0 0
1484551961.424431000 0 0
1484551961.427100000 0 0
1484551961.429979000 0 0
1484551961.442938000 0 0
1484551960.393439000 8192 0
1484551960.411333000 354 0
1484551960.414175000 552 0
1484551960.417160000 1448 0
1484551960.420533000 537 0
1484551960.423741000 1321 0
1484551960.427047000 1667 0
1484551961.448723000 129 0
1484551956.584407000 0 0
1484551963.370772000 0 0
1484551963.386292000 0 0
1484551963.391731000 0 544
1484551963.399071000 0 0
1484551956.855459000 40448 0
1484551950.542792000 54808 0
1484551963.403603000 0 0
1484551963.416151000 0 0
1484551963.413002000 0 0
1484551963.432959000 0 0
1484551963.435595000 0 0
1484551963.438912000 0 0
1484551963.442613000 0 0
1484551963.448330000 0 0
1484551963.459249000 0 0
1484551966.413513000 0 0
1484551966.412055000 0 0
1484551963.459650000 544 0
1484551963.464793000 544 0
1484551963.469837000 544 0
1484551963.473060000 544 0
1484551963.478499000 544 0
1484551963.483535000 544 0
1484551963.489707000 544 0
1484551963.493904000 544 0
1484551963.498547000 544 0
1484551963.502849000 544 0
1484551963.507617000 544 0
1484551963.511948000 544 0
1484551963.516947000 544 0
1484551963.520987000 544 0
1484551963.525197000 544 0
1484551963.529339000 544 0
1484551964.575393000 16384 0
1484551966.454684000 354 0
1484551966.433507000 8192 0
1484551966.457955000 552 0
1484551966.461599000 1448 0
1484551966.464942000 537 0
1484551966.468247000 1321 0
1484551966.471110000 1667 0
1484551966.488991000 4096 0
1484551969.666748000 0 0
1484551969.690735000 0 0
1484551969.693237000 0 0
1484551969.702001000 0 0
1484551969.706221000 0 0
1484551969.712663000 0 0
1484551969.718023000 0 0
1484551969.716161000 0 0
1484551969.732165000 0 0
1484551969.728718000 0 0
1484551969.762663000 0 0
1484551969.677708000 0 0
1484551972.702178000 0 0
1484551972.711509000 0 0
1484551972.717855000 0 0
1484551972.720061000 0 0
1484551972.728800000 0 0
1484551972.735272000 0 0
1484551972.733277000 0 0
1484551972.743157000 0 0
1484551972.739702000 0 0
1484551972.756446000 0 0
1484551972.752803000 0 0
1484551972.777910000 0 0
1484551972.702344000 0 0
1484551976.117477000 0 0
1484551976.157911000 0 0
1484551976.174948000 1408 1557
1484551976.187881000 0 0
1484551976.203989000 1413 1562
1484551976.215378000 0 0
1484551976.243968000 1418 1567
1484551976.256147000 0 0
1484551976.279347000 2206 2298
1484551976.292097000 0 0
1484551976.319085000 1977 2069
1484551976.331621000 0 0
1484551978.056920000 0 728
1484551978.069963000 0 0
1484551978.068369000 0 0
1484551984.031928000 0 0
1484551966.525227000 8192 0
1484551983.906591000 537 0
1484551969.839391000 200698 0
1484551999.746003000 0 0
1484551972.856390000 93738 0
1484551982.904466000 552 0
1484551983.913711000 0 0
1484551999.778501000 4096 0
1484551999.782409000 400379 0
1484551997.794248000 1978 0
1484551638.874658000 11873 8833
1484551695.042883000 792720 5972
1484552338.214367000 0 11723
1484552338.224108000 0 0
1484552338.222866000 0 0
1484552358.271120000 0 11255
1484552358.282450000 0 0
1484552358.281151000 0 0
1484552587.542659000 0 0
1484552587.576084000 0 0
1484552587.616460000 0 0
1484552587.619662000 0 0
1484552587.627859000 0 0
1484552587.633243000 0 0
1484552587.640084000 0 0
1484552587.646679000 0 0
1484552587.644687000 0 0
1484552587.655225000 0 0
1484552587.651845000 0 0
1484552587.661072000 0 0
1484552587.668998000 0 0
1484552587.666869000 0 0
1484552587.673669000 0 0
1484552587.631261000 282 0
1484552619.165162000 0 0
1484552619.852338000 0 482631
1484552620.039900000 0 8
1484552619.234977000 0 0
1484552638.273264000 0 11723
1484552638.283427000 0 0
1484552638.282172000 0 0
1484552648.321671000 0 0
1484552658.338243000 0 11255
1484552658.348744000 0 0
1484552658.347566000 0 0
1484552665.597824000 0 0
1484552665.604858000 0 0
1484552665.646968000 0 0
1484552665.649629000 0 0
1484552665.685452000 0 0
1484552665.694947000 0 0
1484552665.697736000 0 0
1484552665.706922000 0 0
1484552665.709795000 0 0
1484552665.713254000 0 0
1484552665.715550000 0 0
1484552665.717899000 0 0
1484552665.747234000 0 0
1484552665.750191000 0 0
1484552665.758858000 0 0
1484552665.841300000 0 0
1484552665.844337000 0 0
1484552665.844632000 0 0
1484552665.873309000 0 0
1484552665.876236000 0 0
1484552665.882477000 0 0
1484552665.885027000 0 0
1484552665.909673000 0 0
1484552665.931765000 0 0
1484552665.934739000 0 0
1484552665.937909000 0 0
1484552665.942848000 0 0
1484552665.957070000 0 0
1484552665.959676000 0 0
1484552665.969523000 0 0
1484552665.972261000 0 0
1484552665.974813000 0 0
1484552665.977491000 0 0
1484552665.763253000 282 0
1484552665.890307000 398 0
1484552665.896677000 1978 0
1484552665.915739000 2020 0
1484552665.940435000 552 0
1484552665.946859000 504 0
1484552665.982041000 504 0
1484552666.014627000 0 0
1484552666.028228000 0 0
1484552666.027238000 8192 0
1484552665.873409000 354 0
1484552665.884826000 552 0
1484552665.889715000 1448 0
1484552665.901274000 537 0
1484552665.922117000 1321 0
1484552665.928510000 1667 0
1484552666.096593000 0 0
1484552666.099028000 0 0
1484552666.101985000 0 0
1484552672.456026000 0 0
1484552672.462781000 0 0
1484552672.466561000 0 0
1484552672.469870000 0 0
1484552672.474434000 0 0
1484552672.480285000 0 0
1484552665.855393000 0 0
1484552672.546802000 0 0
1484552672.549551000 0 0
1484551312.065926000 0 0
1484552672.613588000 0 0
1484552672.616448000 0 0
1484552672.623247000 0 0
1484552672.626098000 0 0
1484552672.632194000 0 0
1484552672.635351000 0 0
1484552672.638015000 0 0
1484552672.640897000 0 0
1484552672.598110000 0 0
1484552672.561901000 0 158737
1484552672.663750000 0 0
1484552672.662895000 0 0
1484552672.671166000 0 0
1484552672.675294000 0 0
1484552672.681031000 0 0
1484552673.192960000 0 0
1484552673.196116000 0 0
1484552673.200547000 0 0
1484552666.107274000 478 0
1484552666.112386000 1651 0
1484552665.866289000 104 0
1484552665.909994000 436 0
1484552672.728173000 166929 0
1484552666.121031000 8192 0
1484552675.332866000 0 0
1484552666.140720000 104 0
1484552666.152195000 436 0
1484552673.264252000 8192 0
1484552675.477556000 158737 0
1484552778.810061000 0 0
1484552778.850834000 0 0
1484552778.854718000 0 0
1484552778.864073000 0 0
1484552778.868642000 0 0
1484552778.873773000 0 0
1484552780.645157000 0 0
1484552780.650203000 0 0
1484552780.656983000 0 544
1484552780.665118000 0 0
1484552780.671036000 0 0
1484552780.683086000 0 0
1484552780.679551000 0 0
1484552780.700191000 0 0
1484552780.703071000 0 0
1484552780.706471000 0 0
1484552780.709848000 0 0
1484552780.714799000 0 0
1484552780.733086000 0 0
1484552780.736863000 0 0
1484552780.739910000 0 0
1484552780.746826000 0 0
1484552780.764370000 0 0
1484552780.767604000 0 0
1484552780.771275000 0 0
1484552780.774515000 0 0
1484552780.791722000 0 0
1484552780.795778000 0 0
1484552780.799840000 0 0
1484552780.818848000 0 0
1484552780.822232000 0 0
1484552780.834668000 0 0
1484552783.693303000 0 0
1484552783.691818000 0 0
1484552778.777086000 282 0
1484552778.879837000 129 0
1484552780.726569000 544 0
1484552780.732379000 544 0
1484552780.737687000 544 0
1484552780.742795000 544 0
1484552780.743502000 552 0
1484552780.747055000 544 0
1484552780.751663000 504 0
1484552780.752245000 544 0
1484552780.755633000 544 0
1484552780.761336000 544 0
1484552780.766977000 544 0
1484552780.772369000 544 0
1484552780.777230000 544 0
1484552780.777961000 504 0
1484552780.781583000 544 0
1484552780.787347000 544 0
1484552780.793009000 544 0
1484552780.799179000 544 0
1484552780.803832000 544 0
1484552780.806235000 398 0
1484552780.808664000 544 0
1484552783.743397000 354 0
1484552783.745880000 552 0
1484552783.749577000 1448 0
1484552783.752862000 537 0
1484552783.734045000 8192 0
1484552783.764191000 1321 0
1484552783.770880000 1667 0
1484552783.811757000 0 0
1484552783.878173000 0 0
1484552783.837760000 104 0
1484552783.887277000 1978 0
1484552783.917879000 436 0
1484552783.925488000 2020 0
1484552783.814808000 478 0
1484552783.817557000 1651 0
1484552783.840394000 0 0
1484552783.848085000 10752 0
1484552783.865665000 35664 0
1484552783.890365000 0 0
1484552783.902131000 40960 0
1484552783.920725000 0 0
1484552783.928532000 0 0
1484552783.936974000 10851 0
1484552783.825737000 8192 0
1484552587.584618000 0 0
1484552587.722479000 68274 0
1484552938.348161000 0 11723
1484552938.360558000 0 0
1484552938.358925000 0 0
1484552958.405522000 0 11255
1484552958.417514000 0 0
1484552958.415959000 0 0
1484552976.872662000 0 0
1484553133.400391000 0 0
1484553133.419215000 0 0
1484553133.422079000 0 0
1484553133.427391000 0 0
1484553133.437462000 0 0
1484553133.586581000 0 0
1484553133.589089000 0 0
1484553133.584171000 0 0
1484553238.420127000 0 11723
1484553238.431273000 0 0
1484553238.429931000 0 0
1484553258.457998000 0 11255
1484553258.468673000 0 0
1484553258.467345000 0 0
1484553538.499517000 0 11723
1484553538.511026000 0 0
1484553538.509745000 0 0
1484553558.535214000 0 11255
1484553558.545578000 0 0
1484553558.544388000 0 0
1484553660.572932000 1978 0
1484553696.111666000 0 40450
1484553696.127494000 0 0
1484553696.126487000 0 0
1484553697.657873000 0 40445
1484553697.674026000 0 0
1484553697.672321000 0 0
1484553700.109474000 282 0
1484553801.547258000 0 584
1484553801.558868000 0 0
1484553801.557511000 0 0
1484553838.577422000 0 11723
1484553838.589909000 0 0
1484553838.588154000 0 0
1484553858.608294000 0 11255
1484553858.620604000 0 0
1484553858.619024000 0 0
1484554101.609020000 0 571
1484554101.622409000 0 0
1484554101.620868000 0 0
1484554138.635313000 0 11723
1484554138.646844000 0 0
1484554138.645540000 0 0
1484554158.656220000 0 11255
1484554158.666306000 0 0
1484554158.665320000 0 0
1484554438.686585000 0 11723
1484554438.697429000 0 0
1484554438.696269000 0 0
1484554458.722378000 0 11255
1484554458.732746000 0 0
1484554458.731579000 0 0
1484554738.763467000 0 11723
1484554738.775159000 0 0
1484554738.773514000 0 0
1484554758.789819000 0 11255
1484554758.801235000 0 0
1484554758.799847000 0 0
1484554929.573235000 282 0
1484554934.024695000 0 0
1484554934.030948000 0 0
1484554934.040638000 0 0
1484554934.059802000 0 0
1484554934.064953000 0 0
1484554934.383449000 0 0
1484554934.255359000 104 0
1484554952.730495000 0 0
1484554952.732629000 0 0
1484554952.736230000 0 0
1484554934.048700000 552 0
1484554934.068515000 282 0
1484554934.261707000 0 0
1484554961.557205000 0 0
1484554961.600076000 0 0
1484554961.603681000 0 0
1484554961.612743000 0 0
1484554974.978527000 0 0
1484554961.619295000 282 0
1484555001.577626000 0 0
1484554974.982098000 0 0
1484555005.770279000 0 0
1484555009.233904000 0 0
1484555009.284898000 0 0
1484555009.290009000 0 0
1484555009.299865000 0 0
1484555027.195027000 0 0
1484555009.306578000 282 0
1484555027.198351000 0 0
1484555037.551905000 0 0
1484555037.597482000 0 0
1484555037.600898000 0 0
1484555037.609340000 0 0
1484555038.815103000 0 11723
1484555038.826100000 0 0
1484555038.825236000 0 0
1484555051.961197000 0 0
1484555058.863025000 0 11255
1484555058.874407000 0 0
1484555058.873111000 0 0
1484555037.614897000 282 0
1484555338.882356000 0 11723
1484555338.894507000 0 0
1484555338.892926000 0 0
1484555358.929549000 0 11255
1484555358.940506000 0 0
1484555358.939152000 0 0
1484555359.839707000 0 0
1484555360.864204000 0 0
1484555360.870374000 0 0
1484555361.267644000 0 0
1484555361.270646000 0 0
1484555361.279405000 0 0
1484555361.282499000 552 0
1484555638.955167000 0 11723
1484555638.968077000 0 0
1484555638.966379000 0 0
1484555658.990624000 0 11255
1484555659.000792000 0 0
1484555658.999750000 0 0
1484555706.450275000 0 0
1484555706.495800000 0 0
1484555706.499270000 0 0
1484555706.508484000 0 0
1484555051.964264000 0 0
1484555706.516390000 282 0
1484555939.001760000 0 11723
1484555939.012170000 0 0
1484555939.011148000 0 0
1484555959.061802000 0 11255
1484555959.073268000 0 0
1484555959.071634000 0 0
1484556239.085693000 0 11723
1484556239.096660000 0 0
1484556239.095266000 0 0
1484556259.129845000 0 11255
1484556259.142500000 0 0
1484556259.140996000 0 0
1484556363.086139000 0 0
1484556363.092554000 18733 8768
1484556375.340104000 0 0
1484556342.068624000 4096 0
1484556375.354448000 1189 0
1484556478.959075000 0 748
1484556478.973396000 0 0
1484556478.971757000 0 0
1484556539.146312000 0 11724
1484556539.157900000 0 0
1484556539.156687000 0 0
1484556559.193177000 0 11255
1484556559.206444000 0 0
1484556559.205182000 0 0
1484556675.502281000 0 0
1484556675.505006000 0 0
1484556675.507867000 0 0
1484556675.511583000 0 0
1484556675.557612000 2790 9068
1484556675.524842000 7031 3910
1484556839.215572000 0 11724
1484556839.233740000 0 0
1484556839.227161000 0 0
1484556859.271354000 0 11255
1484556859.284247000 0 0
1484556859.282626000 0 0
1484559511.263559000 0 11725
1484559511.276332000 0 0
1484559511.275319000 0 0
1484559512.989441000 0 11256
1484559513.000558000 0 0
1484559512.999328000 0 0
1484559676.046003000 0 0
1484559676.048676000 0 0
1484559676.051840000 0 0
1484559676.059006000 909 7292
1484559676.105722000 0 0
1484559676.093762000 8192 0
1484559676.101988000 0 4096
1484559771.565007000 0 0
1484559775.302491000 0 0
1484559775.316949000 0 0
1484559775.319900000 0 0
1484559775.323275000 0 0
1484559775.326880000 0 0
1484559775.604249000 3152 10517
1484559775.291294000 7292 0
1484559775.298060000 0 4096
1484559790.132244000 0 0
1484559790.378584000 0 0
1484559790.381766000 0 0
1484559790.387332000 0 0
1484559790.431494000 0 0
1484559811.324792000 0 11728
1484559811.341418000 0 0
1484559811.340030000 0 0
1484559813.057252000 0 11256
1484559813.068628000 0 0
1484559813.067624000 0 0
1484559790.437760000 1189 0
1484551413.827468000 106397 5146
1484559873.367674000 0 0
1484559873.529464000 0 0
1484559873.532288000 0 0
1484559873.535083000 0 0
1484559873.539694000 2358 34651
1484560111.405982000 0 11728
1484560111.418352000 0 0
1484560111.416924000 0 0
1484560113.129792000 0 11257
1484560113.143131000 0 0
1484560113.141830000 0 0
1484560402.592164000 0 0
1484560411.471737000 0 11728
1484560411.483488000 0 0
1484560411.482224000 0 0
1484560413.194061000 0 11257
1484560413.205118000 0 0
1484560413.204314000 0 0
1484560711.525653000 0 11728
1484560711.538933000 0 0
1484560711.536533000 0 0
1484560713.250793000 0 11257
1484560713.262548000 0 0
1484560713.261271000 0 0
1484560886.496590000 0 0
1484556675.592972000 0 15401
1484559775.360794000 793525 10208
1484560979.756251000 0 728
1484560979.770470000 0 0
1484560979.768928000 0 0
1484560998.349264000 0 0
1484561011.596792000 0 11728
1484561011.607517000 0 0
1484561011.606609000 0 0
1484561013.320967000 0 11257
1484561013.333209000 0 0
1484561013.331845000 0 0
1484560998.352487000 1189 0
1484561040.108392000 0 0
1484561040.510228000 0 0
1484561040.514006000 0 0
1484561040.517867000 0 0
1484561040.521442000 0 0
1484561040.619282000 1916 7622
1484561066.100328000 0 0
1484561066.103491000 0 0
1484561066.108243000 0 0
1484561066.124063000 0 0
1484561066.128150000 1189 0
1484561119.391035000 0 0
1484561119.919226000 0 0
1484561119.921981000 0 0
1484561119.924900000 0 0
1484561119.929116000 3559 206681
1484561128.806428000 0 0
1484561128.809416000 1189 0
1484561181.922344000 0 0
1484561182.414970000 0 0
1484561182.417864000 0 0
1484561182.421148000 0 0
1484561182.426343000 1914 40655
1484561190.556390000 0 0
1484561190.559610000 0 0
1484561190.564222000 0 0
1484561190.579980000 0 0
1484561190.582972000 1189 0
1484561224.485756000 0 0
1484561224.876382000 0 0
1484561224.879295000 0 0
1484561224.882793000 0 0
1484561224.891748000 3824 31053
1484561235.417369000 0 0
1484561311.674944000 0 11731
1484561311.691496000 0 0
1484561311.690203000 0 0
1484561313.389352000 0 11260
1484561313.401137000 0 0
1484561313.399766000 0 0
1484556366.362286000 0 46444
1484561615.982232000 0 11731
1484561615.993613000 0 0
1484561615.992741000 0 0
1484561617.134407000 0 11260
1484561617.145660000 0 0
1484561617.144644000 0 0
1484561916.038862000 0 11731
1484561916.050578000 0 0
1484561916.049667000 0 0
1484561917.184582000 0 11260
1484561917.196178000 0 0
1484561917.194948000 0 0
1484561040.524612000 795671 14336
1484562045.235205000 0 0
1484562045.240888000 0 0
1484562045.251085000 0 0
1484562045.262031000 0 0
1484562045.279769000 0 0
1484562045.283189000 0 0
1484562045.286482000 0 0
1484562045.289987000 0 0
1484562045.306263000 0 0
1484562045.310085000 0 0
1484562045.327913000 0 0
1484562045.331299000 0 0
1484562045.335089000 0 0
1484562045.354321000 0 0
1484562045.357638000 0 0
1484562045.832164000 0 0
1484562045.835128000 0 0
1484562046.420002000 0 0
1484562046.423484000 0 0
1484562046.426595000 0 0
1484562046.433606000 0 0
1484562046.436184000 0 0
1484562046.439270000 0 0
1484562046.448988000 0 0
1484562046.452896000 0 0
1484562046.460124000 0 0
1484562046.463068000 0 0
1484562046.598505000 0 557496
1484562046.659745000 0 0
1484562046.658508000 0 0
1484562037.766957000 0 0
1484562045.315978000 282 0
1484562045.258951000 552 0
1484562045.269619000 504 0
1484562045.295953000 504 0
1484562045.341343000 398 0
1484562072.595301000 0 0
1484562076.845796000 0 0
1484562076.965632000 0 0
1484562076.968731000 0 0
1484562076.977733000 0 0
1484562076.993055000 0 0
1484562077.025962000 0 0
1484562077.028640000 0 0
1484562077.109389000 0 0
1484562077.111329000 0 0
1484562077.113947000 0 0
1484562077.158996000 0 0
1484562077.175718000 0 0
1484562077.178930000 0 0
1484562077.116318000 282 0
1484562077.232466000 1978 0
1484562077.251304000 2020 0
1484562081.382826000 0 0
1484562077.305688000 0 0
1484562077.305737000 0 0
1484562077.306504000 0 0
1484562077.307099000 0 0
1484562077.307146000 0 0
1484562077.308976000 0 0
1484562077.305423000 0 0
1484562080.055378000 6656 0
1484562077.258617000 1321 0
1484562077.171657000 0 0
1484562082.442139000 0 0
1484562082.486087000 0 0
1484562082.511075000 0 0
1484562082.522220000 0 0
1484562082.537147000 0 0
1484562082.579682000 0 0
1484562082.585154000 0 0
1484562082.599888000 0 0
1484562082.613125000 0 0
1484562085.957633000 0 0
1484562081.406797000 0 0
1484562085.997106000 0 0
1484562077.307584000 0 0
1484562108.908152000 0 0
1484562108.911349000 0 0
1484562053.158948000 0 0
1484562085.984973000 1978 0
1484562085.997894000 2020 0
1484562077.201273000 208 0
1484562077.215319000 1104 0
1484562077.225823000 2896 0
1484562077.239873000 1074 0
1484562077.245813000 872 0
1484562077.273841000 3334 0
1484562086.001856000 1321 0
1484562077.206825000 708 0
1484562216.100823000 0 11738
1484562216.111392000 0 0
1484562216.110392000 0 0
1484562217.259595000 0 11260
1484562217.271419000 0 0
1484562217.270191000 0 0
1484562244.432968000 0 0
1484562249.410270000 0 41009
1484562249.426845000 0 0
1484562249.425355000 0 0
1484562253.437194000 282 0
1484562516.159175000 0 11738
1484562516.170147000 0 0
1484562516.168922000 0 0
1484562517.331549000 0 11260
1484562517.342433000 0 0
1484562517.341284000 0 0
1484562528.840363000 0 0
1484562816.243907000 0 11738
1484562816.261636000 0 0
1484562816.255079000 0 0
1484562817.397614000 0 11260
1484562817.409878000 0 0
1484562817.408254000 0 0
1484563116.313123000 0 11738
1484563116.325883000 0 0
1484563116.324521000 0 0
1484563117.469647000 0 11260
1484563117.481158000 0 0
1484563117.480220000 0 0
1484563705.073486000 0 11260
1484563705.085926000 0 0
1484563705.084626000 0 0
1484563705.144072000 0 11738
1484563705.156186000 0 0
1484563705.154892000 0 0
1484563800.667794000 0 0
1484563800.872124000 42339 3681
1484564005.147513000 0 11262
1484564005.160452000 0 0
1484564005.158959000 0 0
1484564005.201210000 0 11738
1484564005.213818000 0 0
1484564005.212350000 0 0
1484564565.649041000 0 11738
1484564565.660653000 0 0
1484564565.659333000 0 0
1484564566.748973000 0 11262
1484564566.760326000 0 0
1484564566.759029000 0 0
1484564865.701823000 0 11738
1484564865.713293000 0 0
1484564865.712242000 0 0
1484564866.825483000 0 11262
1484564866.838289000 0 0
1484564866.836993000 0 0
1484565165.787299000 0 11738
1484565165.799810000 0 0
1484565165.798328000 0 0
1484565166.889853000 0 11262
1484565166.901076000 0 0
1484565166.899869000 0 0
1484565203.298032000 0 0
1484565203.611852000 0 471
1484565203.627208000 0 0
1484565203.625978000 0 0
1484565392.323697000 0 0
1484565392.378804000 0 0
1484565392.384315000 0 0
1484565392.386377000 0 0
1484565392.388849000 0 0
1484565392.388027000 0 0
1484565392.396988000 0 0
1484565392.403948000 0 0
1484565392.406516000 0 0
1484565392.427404000 0 0
1484565392.440822000 0 0
1484565392.444810000 0 0
1484565392.446962000 0 0
1484565392.454062000 0 0
1484565392.470738000 0 0
1484565392.473459000 0 0
1484565392.481667000 0 0
1484565392.484495000 0 0
1484565392.487295000 0 0
1484565392.489669000 0 0
1484565392.516657000 0 0
1484565392.519672000 0 0
1484565392.522471000 0 0
1484565392.527105000 0 0
1484565392.539002000 0 0
1484565392.376915000 282 0
1484565392.413746000 398 0
1484565392.422829000 1978 0
1484565392.445316000 2020 0
1484565392.452004000 552 0
1484565392.461585000 504 0
1484565392.390514000 104 0
1484565392.437755000 436 0
1484565392.452630000 1321 0
1484565392.458704000 1667 0
1484565392.497044000 504 0
1484565392.399694000 354 0
1484565392.406459000 552 0
1484565392.414592000 1448 0
1484565392.429387000 537 0
1484565392.600721000 0 0
1484565392.603994000 0 0
1484565392.607231000 0 0
1484565392.624406000 478 0
1484565392.640294000 1651 0
1484565392.385340000 0 0
1484565394.944058000 0 0
1484565394.947267000 0 0
1484565394.950874000 0 0
1484565394.954531000 0 0
1484565394.966463000 0 0
1484565392.692494000 104 0
1484565392.702455000 436 0
1484565392.675299000 354 0
1484565392.679673000 552 0
1484565392.683709000 1448 0
1484565392.688484000 537 0
1484565392.696720000 0 0
1484565392.705383000 0 0
1484565392.667750000 8192 0
1484565465.834627000 0 11738
1484565465.846649000 0 0
1484565465.845618000 0 0
1484565466.943618000 0 11262
1484565466.953971000 0 0
1484565466.952989000 0 0
1484565765.913032000 0 11738
1484565765.924504000 0 0
1484565765.923494000 0 0
1484565767.022628000 0 11262
1484565767.035104000 0 0
1484565767.033567000 0 0
1484566065.984423000 0 11738
1484566065.998480000 0 0
1484566065.997006000 0 0
1484566067.081932000 0 11262
1484566067.095126000 0 0
1484566067.093690000 0 0
1484566366.048926000 0 11738
1484566366.061568000 0 0
1484566366.059763000 0 0
1484566367.152686000 0 11262
1484566367.164392000 0 0
1484566367.163017000 0 0
1484566666.117356000 0 11738
1484566666.129799000 0 0
1484566666.128507000 0 0
1484566667.223270000 0 11262
1484566667.234185000 0 0
1484566667.233070000 0 0
1484566966.199124000 0 11738
1484566966.211264000 0 0
1484566966.209980000 0 0
1484566967.286555000 0 11262
1484566967.299710000 0 0
1484566967.298128000 0 0
1484567266.273340000 0 11738
1484567266.286151000 0 0
1484567266.284492000 0 0
1484567267.370209000 0 11262
1484567267.380766000 0 0
1484567267.379652000 0 0
1484567566.348919000 0 11738
1484567566.360513000 0 0
1484567566.359079000 0 0
1484567567.437717000 0 11262
1484567567.450780000 0 0
1484567567.449204000 0 0
1484567866.400384000 0 11738
1484567866.413352000 0 0
1484567866.412080000 0 0
1484567867.518041000 0 11262
1484567867.530397000 0 0
1484567867.529551000 0 0
1484568166.486739000 0 11738
1484568166.498809000 0 0
1484568166.497476000 0 0
1484568167.577619000 0 11262
1484568167.589658000 0 0
1484568167.588105000 0 0
1484568466.536331000 0 11738
1484568466.549703000 0 0
1484568466.548407000 0 0
1484568467.656491000 0 11262
1484568467.667949000 0 0
1484568467.666421000 0 0
1484568606.549967000 0 0
1484568592.216752000 0 0
1484568606.556684000 1189 0
1484568766.609270000 0 11738
1484568766.621677000 0 0
1484568766.620233000 0 0
1484568767.724061000 0 11262
1484568767.736685000 0 0
1484568767.734890000 0 0
1484568803.968395000 0 0
1484568906.598598000 0 0
1484568906.602142000 0 0
1484568906.605744000 0 0
1484568906.610121000 0 0
1484568906.624039000 3229 45612
1484568906.615714000 5295 2291
1484568962.718078000 0 0
1484568963.182885000 0 0
1484568963.194793000 0 0
1484568963.197875000 0 0
1484568963.201286000 0 0
1484568963.205120000 0 0
1484568963.304866000 2414 49321
1484568963.170667000 8192 0
1484568963.177977000 0 4096
1484569066.688458000 0 11738
1484569066.699893000 0 0
1484569066.698650000 0 0
1484569067.769349000 0 11262
1484569067.781153000 0 0
1484569067.780130000 0 0
1484569125.403763000 0 0
1484569125.407462000 0 0
1484569125.410233000 0 0
1484569125.414610000 0 0
1484569125.419303000 0 0
1484569125.424742000 0 0
1484569125.431200000 0 0
1484569125.483603000 0 0
1484569125.488062000 0 0
1484569125.498302000 0 0
1484569125.569835000 0 0
1484569125.576055000 0 0
1484569125.578976000 0 0
1484569125.585881000 0 0
1484569125.590904000 0 0
1484569125.598822000 0 0
1484569125.601963000 0 0
1484569125.624848000 0 0
1484569125.644244000 0 0
1484569125.648003000 0 0
1484569125.650875000 0 0
1484569125.660317000 0 0
1484569125.679998000 0 0
1484569125.682855000 0 0
1484569125.692905000 0 0
1484569125.695514000 0 0
1484569125.697792000 0 0
1484569125.700657000 0 0
1484569128.412714000 0 0
1484569128.420723000 0 0
1484569128.425084000 0 0
1484569128.428883000 0 0
1484569128.435910000 0 0
1484569128.442291000 0 0
1484569125.574912000 0 0
1484569128.486133000 0 0
1484569128.498500000 0 0
1484569128.514796000 0 0
1484569128.517986000 0 0
1484552672.691919000 0 0
1484569128.559237000 0 0
1484569128.562430000 0 0
1484569128.568938000 0 0
1484569128.572667000 0 0
1484569128.581295000 0 0
1484569128.584823000 0 0
1484569128.587730000 0 0
1484569128.591152000 0 0
1484569128.550519000 0 0
1484569128.533248000 0 32029
1484569128.613012000 0 0
1484569128.611819000 0 0
1484569128.621018000 0 0
1484569128.624078000 0 0
1484569128.628766000 0 0
1484569128.635631000 0 0
1484569129.145845000 0 0
1484569129.148603000 0 0
1484569129.153662000 0 0
1484569125.507086000 282 0
1484569125.609119000 398 0
1484569125.615472000 1978 0
1484569125.637945000 2020 0
1484569125.580927000 104 0
1484569125.629951000 436 0
1484569125.657749000 552 0
1484569125.668051000 504 0
1484569125.706389000 504 0
1484569125.588064000 354 0
1484569125.596270000 552 0
1484569125.606192000 1448 0
1484569125.622726000 537 0
1484569125.644514000 1321 0
1484569125.652554000 1667 0
1484569128.674485000 32029 0
1484569129.190468000 8192 0
1484569129.245927000 8192 0
1484569167.151063000 0 0
1484569167.158532000 0 0
1484569171.005599000 0 0
1484569171.045856000 0 0
1484569171.056038000 0 0
1484569171.061719000 0 0
1484569171.071646000 0 0
1484569172.790345000 0 0
1484569172.800384000 0 0
1484569172.807028000 0 544
1484569172.815845000 0 0
1484569163.292032000 61440 0
1484569172.821233000 0 0
1484569172.835080000 0 0
1484569172.832082000 0 0
1484569172.853513000 0 0
1484569172.856775000 0 0
1484569172.860905000 0 0
1484569172.864955000 0 0
1484569172.870578000 0 0
1484569172.882253000 0 0
1484569175.841933000 0 0
1484569175.840406000 0 0
1484569166.259147000 537 0
1484569171.087900000 129 0
1484569172.894097000 544 0
1484569172.902586000 544 0
1484569172.908395000 544 0
1484569172.914361000 544 0
1484569172.919626000 544 0
1484569172.925106000 544 0
1484569172.930885000 544 0
1484569172.936376000 544 0
1484569172.939089000 544 0
1484569172.954801000 544 0
1484569172.959894000 544 0
1484569172.965090000 544 0
1484569172.970568000 544 0
1484569172.975724000 544 0
1484569172.991029000 544 0
1484569172.995895000 544 0
1484569173.011593000 544 0
1484569173.016677000 544 0
1484569175.903411000 354 0
1484569175.906369000 552 0
1484569175.909739000 1448 0
1484569175.887524000 8192 0
1484569175.914010000 537 0
1484569175.916972000 1321 0
1484569175.919523000 1667 0
1484569175.967311000 0 0
1484569175.970360000 0 0
1484569175.978123000 0 0
1484569175.983656000 478 0
1484569175.988980000 1651 0
1484569176.121270000 0 0
1484569178.409890000 0 0
1484569178.701354000 0 0
1484569178.704458000 0 0
1484569178.707761000 0 0
1484569178.940591000 0 0
1484569178.943832000 0 0
1484569176.018890000 104 0
1484569176.021509000 0 0
1484569176.131046000 1978 0
1484569176.303739000 436 0
1484569176.316255000 2020 0
1484569199.024954000 0 0
1484569176.030544000 10752 0
1484569176.090278000 35664 0
1484569176.134201000 0 0
1484569176.281730000 40960 0
1484569176.307905000 0 0
1484569176.320665000 0 0
1484569176.434065000 10851 0
1484569176.004078000 8192 0
1484569178.711834000 282 0
1484569178.946922000 552 0
1484569334.772142000 0 0
1484569366.772341000 0 11738
1484569366.786511000 0 0
1484569366.784720000 0 0
1484569367.847754000 0 11262
1484569367.859894000 0 0
1484569367.858582000 0 0
1484569501.324991000 0 483259
1484569501.514216000 0 8
1484569525.094884000 0 0
1484569525.149777000 0 0
1484568906.653967000 0 8712
1484568963.210769000 799378 3456
1484569550.851920000 0 41544
1484569550.870202000 0 0
1484569550.868685000 0 0
1484569554.913857000 282 0
1484569588.180601000 0 42079
1484569588.198540000 0 0
1484569588.196998000 0 0
1484569592.661962000 282 0
1484569625.908413000 0 0
1484569199.028732000 0 0
1484569635.601009000 0 0
1484569653.517008000 0 0
1484569653.621678000 0 0
1484569661.590667000 0 0
1484569661.621142000 0 0
1484569525.128033000 90932 4253
1484569663.456643000 0 0
1484569663.459835000 0 0
1484569663.463922000 0 0
1484569663.471280000 0 0
1484569663.474311000 0 0
1484569663.490745000 0 0
1484569663.505045000 0 0
1484569663.510956000 0 0
1484569663.516872000 0 0
1484569663.522379000 0 0
1484569663.529825000 0 0
1484569663.537068000 0 0
1484569663.541317000 0 0
1484569663.553956000 0 0
1484569663.558839000 0 0
1484569663.563656000 0 0
1484569663.567738000 0 0
1484569663.572040000 0 0
1484569663.576145000 0 0
1484569663.580308000 0 0
1484569663.585089000 0 0
1484569663.590017000 0 0
1484569663.594692000 0 0
1484569663.598970000 0 0
1484569663.603138000 0 0
1484569663.607376000 0 0
1484569663.611673000 0 0
1484569663.615974000 0 0
1484569663.620296000 0 0
1484569663.624636000 0 0
1484569663.628836000 0 0
1484569663.633129000 0 0
1484569663.637429000 0 0
1484569663.641709000 0 0
1484569663.645993000 0 0
1484569663.650113000 0 0
1484569663.654302000 0 0
1484569663.658689000 0 0
1484569663.663008000 0 0
1484569663.667031000 0 0
1484569663.671314000 0 0
1484569663.675383000 0 0
1484569663.679571000 0 0
1484569663.866301000 0 0
1484569666.831067000 0 11738
1484569666.843843000 0 0
1484569666.842203000 0 0
1484569667.897661000 0 11262
1484569667.908993000 0 0
1484569667.908090000 0 0
1484569635.604902000 2378 0
1484569681.372325000 0 727
1484569681.386859000 0 0
1484569681.385139000 0 0
1484569663.367874000 114688 0
1484569700.775297000 0 6858
1484569700.789616000 0 0
1484569700.787972000 0 0
1484569704.416139000 0 596
1484569704.430558000 0 0
1484569704.428855000 0 0
1484569661.612421000 18537 2233
1484569731.932954000 0 0
1484569731.953621000 0 0
1484569738.945011000 0 0
1484569738.948025000 0 0
1484569738.952402000 0 0
1484569738.958099000 0 0
1484569738.961264000 0 0
1484569738.966467000 0 0
1484569738.972016000 0 0
1484569738.976116000 0 0
1484569738.979897000 0 0
1484569738.983601000 0 0
1484569738.989646000 0 0
1484569738.993280000 0 0
1484569738.996847000 0 0
1484569739.007167000 0 0
1484569739.011329000 0 0
1484569739.015999000 0 0
1484569739.020112000 0 0
1484569739.024149000 0 0
1484569739.028319000 0 0
1484569739.032829000 0 0
1484569739.037409000 0 0
1484569739.041999000 0 0
1484569739.047214000 0 0
1484569739.051734000 0 0
1484569739.056264000 0 0
1484569738.860519000 50748 0
1484569913.551476000 0 0
1484569934.769441000 0 0
1484569935.691002000 0 0
1484569935.693701000 0 0
1484569935.697104000 0 0
1484569935.701129000 0 0
1484569935.710871000 589 6442
1484569946.967784000 0 0
1484569953.579123000 0 0
1484569953.582744000 0 0
1484569953.586873000 0 0
1484569953.592816000 2379 8539
1484569935.705561000 4499 2737
1484569963.945685000 0 0
1484569963.948911000 0 0
1484569963.953135000 0 0
1484569963.958926000 0 0
1484569963.962543000 0 0
1484569963.967951000 0 0
1484569963.973214000 0 0
1484569963.977664000 0 0
1484569963.981758000 0 0
1484569963.985665000 0 0
1484569963.992119000 0 0
1484569963.995989000 0 0
1484569963.999830000 0 0
1484569964.011246000 0 0
1484569964.015365000 0 0
1484569964.019587000 0 0
1484569964.023744000 0 0
1484569964.027910000 0 0
1484569964.031969000 0 0
1484569964.036145000 0 0
1484569964.040380000 0 0
1484569964.044586000 0 0
1484569964.048711000 0 0
1484569964.053691000 0 0
1484569964.058874000 0 0
1484569964.063957000 0 0
1484569964.068495000 0 0
1484569964.073383000 0 0
1484569964.078517000 0 0
1484569964.083335000 0 0
1484569964.087821000 0 0
1484569964.092361000 0 0
1484569964.096606000 0 0
1484569964.101068000 0 0
1484569964.105613000 0 0
1484569964.110147000 0 0
1484569964.114713000 0 0
1484569964.118897000 0 0
1484569964.123436000 0 0
1484569964.127967000 0 0
1484569964.132475000 0 0
1484569964.136645000 0 0
1484569964.141077000 0 0
1484569964.203972000 0 0
1484569964.207380000 0 0
1484569964.211699000 380 69588
1484569966.910281000 0 11738
1484569966.923189000 0 0
1484569966.922023000 0 0
1484569967.971852000 0 11262
1484569967.984506000 0 0
1484569967.982936000 0 0
1484569903.306583000 962560 0
1484569981.433643000 0 734
1484569981.449384000 0 0
1484569981.447684000 0 0
1484569963.942377000 114688 0
1484570069.315519000 0 6856
1484570069.329329000 0 0
1484570069.327596000 0 0
1484570082.210100000 0 0
1484570082.643461000 0 0
1484570082.660868000 0 0
1484570082.664227000 0 0
1484570082.667980000 0 0
1484570082.672126000 0 0
1484570082.773852000 202 9479
1484570087.023613000 0 0
1484570091.480935000 0 0
1484569953.622955000 0 10586
1484569731.936260000 93465 12773
1484570100.506099000 0 0
1484570102.565597000 0 0
1484570102.568595000 0 0
1484570102.572876000 0 0
1484570102.578326000 0 0
1484570102.581472000 0 0
1484570102.586590000 0 0
1484570102.591419000 0 0
1484570102.595188000 0 0
1484570102.598788000 0 0
1484570102.602429000 0 0
1484570102.607383000 0 0
1484570102.611008000 0 0
1484570102.614935000 0 0
1484570102.624279000 0 0
1484570102.627710000 0 0
1484570102.631654000 0 0
1484570102.635324000 0 0
1484570102.639269000 0 0
1484570102.643230000 0 0
1484570102.646756000 0 0
1484570102.651063000 0 0
1484570102.654898000 0 0
1484570102.658856000 0 0
1484570102.663551000 0 0
1484570102.668250000 0 0
1484570102.672864000 0 0
1484570102.677714000 0 0
1484570102.682478000 0 0
1484570102.687164000 0 0
1484570102.691642000 0 0
1484570102.695823000 0 0
1484570102.700034000 0 0
1484570102.704607000 0 0
1484570102.708511000 0 0
1484570102.712711000 0 0
1484570102.717746000 0 0
1484570102.722205000 0 0
1484570102.726176000 0 0
1484570102.730348000 0 0
1484570102.734402000 0 0
1484570102.737995000 0 0
1484570102.741853000 0 0
1484570082.629665000 20480 0
1484570082.638977000 0 12288
1484570104.478419000 0 0
1484570104.506654000 0 0
1484570104.510394000 0 0
1484570104.532037000 1629 10906
1484570104.552439000 0 0
1484570104.482431000 96070 2650
1484570082.675817000 800459 7534
1484570112.892899000 0 6857
1484570112.908034000 0 0
1484570112.906287000 0 0
1484570102.487250000 58631 0
1484570104.549524000 0 4096
1484570111.466625000 0 0
1484570125.249969000 0 0
1484570177.691708000 0 0
1484570177.741598000 0 0
1484570177.745491000 0 0
1484570177.755384000 0 0
1484570177.793886000 0 0
1484570177.805139000 0 0
1484570177.808083000 0 0
1484570177.811026000 0 0
1484570177.814146000 0 0
1484570177.825949000 0 0
1484570177.833500000 0 0
1484570177.831145000 0 0
1484570177.842713000 0 0
1484570177.796320000 0 0
1484570177.854372000 0 0
1484570177.816645000 0 0
1484570177.851540000 0 0
1484570177.878071000 0 0
1484570177.874484000 0 0
1484570177.909193000 0 0
1484570177.763078000 282 0
1484570177.912485000 32029 0
1484570192.907695000 0 0
1484570192.911310000 0 0
1484570192.914401000 0 0
1484570192.918055000 0 0
1484570192.922710000 0 0
1484570192.927116000 0 0
1484570192.930882000 0 0
1484570192.975332000 0 0
1484570192.979338000 0 0
1484570192.988549000 0 0
1484570193.037301000 0 0
1484570193.059038000 0 0
1484570193.061699000 0 0
1484570193.068378000 0 0
1484570193.071114000 0 0
1484570193.092352000 0 0
1484570193.106128000 0 0
1484570193.109584000 0 0
1484570193.112598000 0 0
1484570193.120608000 0 0
1484570193.136503000 0 0
1484570193.139115000 0 0
1484570193.148731000 0 0
1484570193.151151000 0 0
1484570193.153615000 0 0
1484570193.156333000 0 0
1484570192.992763000 282 0
1484570193.073671000 1978 0
1484570193.076543000 398 0
1484570193.093080000 2020 0
1484570193.045671000 104 0
1484570193.080223000 537 0
1484570193.086716000 436 0
1484570193.099914000 1321 0
1484570193.104292000 1667 0
1484570193.118256000 552 0
1484570193.127541000 504 0
1484570193.162287000 504 0
1484570193.185985000 4096 0
1484570193.053604000 354 0
1484570193.060417000 552 0
1484570193.066566000 1448 0
1484570193.272151000 0 0
1484570193.275828000 0 0
1484570193.280894000 0 0
1484570196.672208000 0 0
1484570196.677995000 0 0
1484570196.681847000 0 0
1484570196.685202000 0 0
1484570196.689371000 0 0
1484570196.695436000 0 0
1484570193.044552000 0 0
1484570196.768234000 0 0
1484570196.772001000 0 0
1484569128.644340000 0 0
1484570196.812428000 0 0
1484570196.815478000 0 0
1484570196.821736000 0 0
1484570196.825557000 0 0
1484570196.834205000 0 0
1484570196.837169000 0 0
1484570196.840213000 0 0
1484570196.842966000 0 0
1484570196.798281000 0 0
1484570196.785362000 0 60423
1484570196.860018000 0 0
1484570196.859164000 0 0
1484570196.867310000 0 0
1484570196.870162000 0 0
1484570196.874923000 0 0
1484570196.882957000 0 0
1484570197.392739000 0 0
1484570197.393964000 0 0
1484570197.400230000 0 0
1484570193.287414000 478 0
1484570193.294631000 1651 0
1484570193.317430000 0 0
1484570197.431770000 40960 0
1484570193.307560000 4096 0
1484570197.511078000 0 0
1484570197.457949000 22528 35328
1484570199.433717000 0 0
1484570199.454604000 0 0
1484570199.458424000 0 0
1484570199.467355000 0 0
1484570196.910529000 79886 0
1484570199.179569000 0 0
1484570199.450686000 0 0
1484570199.675998000 0 0
1484570199.714198000 0 0
1484570199.717093000 0 0
1484570199.720398000 0 0
1484570199.723261000 0 0
1484570199.697226000 64746 0
1484570200.554575000 0 0
1484570200.553470000 0 0
1484570199.429813000 282 0
1484570199.591930000 1448 0
1484570199.598632000 1978 0
1484570199.605054000 537 0
1484570199.610455000 436 0
1484570199.623540000 2020 0
1484570199.627441000 1321 0
1484570199.662531000 1667 0
1484570199.753332000 104 0
1484570199.760527000 354 0
1484570199.763989000 552 0
1484570200.621314000 0 0
1484570200.604484000 354 0
1484570200.609501000 552 0
1484570200.614075000 1448 0
1484570200.619102000 537 0
1484570200.624231000 478 0
1484570200.584981000 8192 0
1484570200.627234000 1651 0
1484570200.634794000 1321 0
1484570200.638124000 1667 0
1484570200.721637000 0 0
1484570202.565638000 0 0
1484570202.564127000 0 0
1484570206.859719000 0 0
1484570206.862938000 0 0
1484570206.872706000 0 0
1484570206.877373000 0 0
1484570207.073357000 0 0
1484570207.076263000 0 0
1484570207.079503000 0 0
1484570199.476042000 0 0
1484570199.777413000 0 0
1484570193.313611000 208 0
1484570200.670693000 0 0
1484570200.733566000 1978 0
1484570200.759353000 436 0
1484570200.767357000 2020 0
1484570202.612214000 0 0
1484570200.676616000 10752 0
1484570200.699166000 35664 0
1484570200.736630000 0 0
1484570200.745262000 40960 0
1484570200.762117000 0 0
1484570200.770348000 0 0
1484570200.778407000 10851 0
1484570202.603992000 354 0
1484570202.607951000 552 0
1484570202.611328000 1448 0
1484570200.659391000 8192 0
1484570202.625204000 537 0
1484570202.628342000 1321 0
1484570202.631463000 1667 0
1484570207.113388000 60423 0
1484570242.845528000 0 0
1484570242.850619000 0 0
1484570242.859311000 0 0
1484570242.863803000 0 0
1484570242.909743000 60423 0
1484570266.987003000 0 11738
1484570267.000284000 0 0
1484570266.999082000 0 0
1484570268.042802000 0 11262
1484570268.054127000 0 0
1484570268.052828000 0 0
1484570281.499795000 0 728
1484570281.514321000 0 0
1484570281.512963000 0 0
1484570265.892839000 60423 0
1484570343.018902000 0 0
1484570343.023607000 0 0
1484570343.032268000 0 0
1484570343.039372000 0 0
1484570343.246865000 0 0
1484570343.250601000 0 0
1484570343.253524000 0 0
1484570346.379705000 0 0
1484570346.383552000 0 0
1484570346.387294000 0 0
1484570351.477575000 0 0
1484570351.481509000 0 0
1484570351.485387000 0 0
1484570355.596348000 0 0
1484570355.601586000 0 0
1484570355.611758000 0 0
1484570355.616802000 0 0
1484570355.669492000 0 0
1484570355.673329000 0 0
1484570355.677112000 0 0
1484570365.891612000 0 0
1484570365.896903000 0 0
1484570365.906617000 0 0
1484570365.911719000 0 0
1484570365.962181000 0 0
1484570365.965153000 0 0
1484570365.968025000 0 0
1484570343.036725000 282 0
1484570371.939193000 0 0
1484570371.943417000 0 0
1484570371.947930000 0 0
1484570371.998202000 0 0
1484570372.001273000 0 0
1484570372.004226000 0 0
1484570372.031425000 0 0
1484570372.034588000 0 0
1484570372.037758000 0 0
1484570372.065378000 0 0
1484570372.069001000 0 0
1484570372.072356000 0 0
1484570375.132850000 0 0
1484570375.136115000 0 0
1484570375.139232000 0 0
1484570375.172764000 0 0
1484570375.175995000 0 0
1484570375.178830000 0 0
1484570375.211576000 0 0
1484570375.214577000 0 0
1484570375.217706000 0 0
1484570375.241422000 0 0
1484570375.244305000 0 0
1484570375.247091000 0 0
1484570343.278498000 120846 0
1484570418.676694000 0 0
1484570418.681834000 0 0
1484570418.691421000 0 0
1484570418.699655000 0 0
1484570418.982765000 0 0
1484570418.986598000 0 0
1484570418.990373000 0 0
1484570422.309768000 0 0
1484570422.314071000 0 0
1484570422.318075000 0 0
1484570424.321153000 0 0
1484570424.325481000 0 0
1484570424.329291000 0 0
1484570427.786107000 0 0
1484570427.790897000 0 0
1484570427.794861000 0 0
1484570427.849158000 0 0
1484570427.853140000 0 0
1484570427.856727000 0 0
1484570427.885700000 0 0
1484570427.889067000 0 0
1484570427.892371000 0 0
1484570427.925863000 0 0
1484570427.929354000 0 0
1484570427.932670000 0 0
1484570418.696166000 282 0
1484570419.035521000 120846 0
1484570091.492969000 0 7522
1484570567.050425000 0 11738
1484570567.058732000 0 0
1484570567.057490000 0 0
1484570568.126020000 0 11262
1484570568.137169000 0 0
1484570568.135916000 0 0
1484570582.068947000 0 0
1484570582.073816000 0 0
1484570582.082832000 0 0
1484570582.090085000 0 0
1484570582.296934000 0 0
1484570582.299815000 0 0
1484570582.302623000 0 0
1484570585.409715000 0 0
1484570585.413663000 0 0
1484570585.417480000 0 0
1484570591.691741000 0 0
1484570591.695756000 0 0
1484570591.699943000 0 0
1484570595.073750000 0 0
1484570595.079430000 0 0
1484570595.089548000 0 0
1484570595.094651000 0 0
1484570595.142043000 0 0
1484570595.145103000 0 0
1484570595.148608000 0 0
1484570595.732459000 0 0
1484570595.736479000 0 0
1484570595.740355000 0 0
1484570595.791725000 0 0
1484570595.794951000 0 0
1484570595.797399000 0 0
1484570604.182071000 0 0
1484570582.087192000 282 0
1484570582.331129000 60423 0
1484570867.102212000 0 11738
1484570867.114001000 0 0
1484570867.113224000 0 0
1484570868.173305000 0 11262
1484570868.187957000 0 0
1484570868.186819000 0 0
1484571014.353792000 0 484224
1484571014.523166000 0 8
1484571087.372095000 0 0
1484571087.375252000 0 0
1484571087.377697000 0 0
1484571087.380573000 0 0
1484571087.384572000 0 0
1484571087.388703000 0 0
1484571087.392436000 0 0
1484571087.446990000 0 0
1484571087.451104000 0 0
1484571087.460975000 0 0
1484571087.525863000 0 0
1484571087.531695000 0 0
1484571087.533994000 0 0
1484571087.545095000 0 0
1484571087.547385000 0 0
1484571087.553779000 0 0
1484571087.556446000 0 0
1484571087.596571000 0 0
1484571087.599886000 0 0
1484571087.578629000 0 0
1484571087.602838000 0 0
1484571087.608376000 0 0
1484571087.621986000 0 0
1484571087.625400000 0 0
1484571087.635444000 0 0
1484571087.638447000 0 0
1484571087.641363000 0 0
1484571087.644357000 0 0
1484571087.466278000 282 0
1484571087.562476000 398 0
1484571087.563355000 1978 0
1484571087.578004000 2020 0
1484571087.536306000 104 0
1484571087.568323000 537 0
1484571087.572194000 436 0
1484571087.585136000 1321 0
1484571087.591917000 1667 0
1484571087.605947000 552 0
1484571087.612428000 504 0
1484571087.650109000 504 0
1484571087.678449000 8192 0
1484571087.542303000 354 0
1484571087.549814000 552 0
1484571087.557119000 1448 0
1484571087.755937000 0 0
1484571087.759256000 0 0
1484571087.763370000 0 0
1484571090.317773000 0 0
1484571090.322991000 0 0
1484571090.325617000 0 0
1484571090.328607000 0 0
1484571090.332338000 0 0
1484571090.339864000 0 0
1484571087.532213000 0 0
1484571090.400908000 0 0
1484571090.403914000 0 0
1484570196.893311000 0 0
1484571090.435368000 0 0
1484571090.437967000 0 0
1484571090.445300000 0 0
1484571090.448079000 0 0
1484571090.454361000 0 0
1484571090.458118000 0 0
1484571090.461709000 0 0
1484571090.464763000 0 0
1484571090.424362000 0 0
1484571090.415983000 0 22125
1484571090.482185000 0 0
1484571090.481231000 0 0
1484571090.489897000 0 0
1484571090.493238000 0 0
1484571090.496886000 0 0
1484571090.501837000 0 0
1484571091.015759000 0 0
1484571091.018864000 0 0
1484571091.023524000 0 0
1484571087.768993000 478 0
1484571087.775537000 1651 0
1484571087.795581000 0 0
1484571091.055298000 8192 0
1484571087.786175000 8192 0
1484571091.108754000 0 0
1484571091.081282000 27648 29184
1484571092.070744000 0 0
1484571092.179795000 0 0
1484571092.200103000 0 0
1484571092.202665000 0 0
1484571090.528120000 36058 0
1484571092.069302000 0 0
1484571092.198223000 0 0
1484571092.210794000 0 0
1484571092.420625000 0 0
1484571092.442503000 0 0
1484571092.446376000 0 0
1484571092.449074000 0 0
1484571092.426592000 60423 0
1484571094.139173000 0 0
1484571094.137842000 0 0
1484571092.176974000 282 0
1484571092.323246000 104 0
1484571092.326665000 354 0
1484571092.332316000 552 0
1484571092.338711000 1448 0
1484571092.342410000 1978 0
1484571092.348104000 537 0
1484571092.352306000 436 0
1484571092.366081000 2020 0
1484571092.370084000 1321 0
1484571092.394041000 1667 0
1484571094.191074000 354 0
1484571094.194105000 552 0
1484571094.197859000 1448 0
1484571094.200932000 537 0
1484571094.179661000 8192 0
1484571094.203716000 1321 0
1484571094.206561000 1667 0
1484571094.230701000 0 0
1484571094.289970000 0 0
1484571097.039087000 0 0
1484571097.042335000 0 0
1484571097.045609000 0 0
1484571097.209931000 0 0
1484571097.213278000 0 0
1484571097.216427000 0 0
1484571092.215064000 0 0
1484571092.490040000 0 0
1484571087.792795000 208 0
1484571094.301832000 1978 0
1484571094.333008000 436 0
1484571094.341102000 2020 0
1484571106.991704000 0 0
1484571106.995190000 0 0
1484571107.003600000 0 0
1484571107.007637000 0 0
1484571108.860429000 0 0
1484571108.864174000 0 0
1484571108.867734000 0 0
1484571114.237593000 0 0
1484571114.241582000 0 0
1484571114.245380000 0 0
1484571094.232837000 478 0
1484571094.235126000 1651 0
1484571094.252479000 0 0
1484571094.259614000 10752 0
1484571094.277711000 35664 0
1484571094.304856000 0 0
1484571094.317883000 40960 0
1484571094.335753000 0 0
1484571094.344194000 0 0
1484571094.353118000 10851 0
1484571094.242116000 8192 0
1484571118.339313000 0 0
1484571118.344056000 0 0
1484571118.354831000 0 0
1484571118.359776000 0 0
1484571118.407549000 0 0
1484571118.411990000 0 0
1484571118.416093000 0 0
1484571137.641797000 0 0
1484571137.646336000 0 0
1484571137.655278000 0 0
1484571137.659828000 0 0
1484571137.682466000 0 0
1484571137.685312000 0 0
1484571137.688027000 0 0
1484571167.174593000 0 11738
1484571167.187432000 0 0
1484571167.185829000 0 0
1484571168.256701000 0 11262
1484571168.270618000 0 0
1484571168.268421000 0 0
1484571097.243246000 66375 0
1484571467.246461000 0 11738
1484571467.257712000 0 0
1484571467.256606000 0 0
1484571468.324649000 0 11262
1484571468.335197000 0 0
1484571468.334074000 0 0
1484571767.305167000 0 11738
1484571767.315918000 0 0
1484571767.314887000 0 0
1484571768.370568000 0 11262
1484571768.381077000 0 0
1484571768.380015000 0 0
1484572067.357021000 0 11738
1484572067.368516000 0 0
1484572067.367309000 0 0
1484572068.421765000 0 11262
1484572068.433119000 0 0
1484572068.432119000 0 0
1484572367.427276000 0 11738
1484572367.439226000 0 0
1484572367.438132000 0 0
1484572368.501225000 0 11262
1484572368.512091000 0 0
1484572368.510892000 0 0
1484572632.314554000 0 0
1484572646.735515000 0 0
1484572632.260148000 0 0
1484572667.485178000 0 11738
1484572667.496394000 0 0
1484572667.495275000 0 0
1484572668.578565000 0 11262
1484572668.591234000 0 0
1484572668.589726000 0 0
1484572646.742285000 1189 0
1484572676.674173000 0 6856
1484572676.688527000 0 0
1484572676.686792000 0 0
1484572697.004402000 0 0
1484572697.445970000 0 0
1484572697.448812000 0 0
1484572697.452214000 0 0
1484572697.455617000 0 0
1484572697.552515000 1320 8395
1484572875.014488000 0 0
1484572875.017902000 0 0
1484572875.021245000 0 0
1484572875.024989000 0 0
1484572875.028408000 0 0
1484572875.033184000 0 0
1484572875.037171000 0 0
1484572875.092603000 0 0
1484572875.096536000 0 0
1484572875.105428000 0 0
1484572875.154808000 0 0
1484572875.159235000 0 0
1484572875.161556000 0 0
1484572875.171492000 0 0
1484572875.174237000 0 0
1484572875.180803000 0 0
1484572875.183615000 0 0
1484572875.205737000 0 0
1484572875.225260000 0 0
1484572875.229418000 0 0
1484572875.233984000 0 0
1484572875.241119000 0 0
1484572875.256461000 0 0
1484572875.258963000 0 0
1484572875.270833000 0 0
1484572875.273351000 0 0
1484572875.275646000 0 0
1484572875.277941000 0 0
1484572875.112485000 282 0
1484572875.189411000 398 0
1484572875.190288000 1978 0
1484572875.212635000 2020 0
1484572875.164070000 104 0
1484572875.183745000 1448 0
1484572875.197520000 537 0
1484572875.205973000 436 0
1484572875.220619000 1321 0
1484572875.227225000 1667 0
1484572875.239428000 552 0
1484572875.247940000 504 0
1484572875.283858000 504 0
1484572875.169850000 354 0
1484572875.176586000 552 0
1484572875.319208000 8192 0
1484572875.407964000 0 0
1484572875.411500000 0 0
1484572875.416360000 0 0
1484572878.746579000 0 0
1484572878.755828000 0 0
1484572878.760540000 0 0
1484572878.764885000 0 0
1484572878.769986000 0 0
1484572878.776894000 0 0
1484572875.160081000 0 0
1484572878.845386000 0 0
1484572878.847950000 0 0
1484571090.504599000 0 0
1484572878.880303000 0 0
1484572878.884038000 0 0
1484572878.892742000 0 0
1484572878.895440000 0 0
1484572878.901808000 0 0
1484572878.905356000 0 0
1484572878.908221000 0 0
1484572878.911907000 0 0
1484572878.869294000 0 0
1484572878.860173000 0 20900
1484572878.928427000 0 0
1484572878.927494000 0 0
1484572878.936373000 0 0
1484572878.939445000 0 0
1484572878.944242000 0 0
1484572878.952525000 0 0
1484572879.450818000 0 0
1484572879.453302000 0 0
1484572879.458838000 0 0
1484572875.422339000 478 0
1484572875.427912000 1651 0
1484572875.448024000 0 0
1484572879.488600000 8192 0
1484572875.437559000 8192 0
1484572879.540462000 0 0
1484572879.513266000 41472 31232
1484572880.476014000 0 0
1484572880.525750000 0 0
1484572880.546353000 0 0
1484572878.982050000 33608 0
1484572880.550640000 0 0
1484572880.474758000 0 0
1484572880.539835000 0 0
1484572880.554873000 0 0
1484572880.761076000 0 0
1484572881.001427000 0 0
1484572881.003886000 0 0
1484572881.006839000 0 0
1484572880.989002000 86480 0
1484572882.569634000 0 0
1484572882.568204000 0 0
1484572880.521603000 282 0
1484572880.537533000 436 0
1484572880.568723000 2020 0
1484572880.661490000 1321 0
1484572880.696371000 1667 0
1484572880.715829000 104 0
1484572880.720006000 354 0
1484572880.725524000 552 0
1484572880.731890000 1448 0
1484572880.738536000 1978 0
1484572880.747238000 537 0
1484572882.615398000 354 0
1484572882.617632000 552 0
1484572882.629064000 0 0
1484572882.621206000 1448 0
1484572882.597515000 8192 0
1484572882.624648000 537 0
1484572882.626724000 1321 0
1484572882.629403000 1667 0
1484572882.631305000 478 0
1484572882.633565000 1651 0
1484572882.725206000 0 0
1484572883.673436000 0 0
1484572883.677822000 0 0
1484572883.681530000 0 0
1484572875.309704000 0 0
1484572875.310622000 0 0
1484572882.674488000 0 0
1484572882.681486000 10752 0
1484572882.708506000 35664 0
1484572882.736345000 0 0
1484572882.748209000 40960 0
1484572882.765615000 0 0
1484572882.773468000 0 0
1484572882.782278000 10851 0
1484572882.663623000 8192 0
1484572890.089544000 0 0
1484572890.093094000 0 0
1484572890.101837000 0 0
1484572890.105833000 0 0
1484572893.666452000 0 0
1484572880.556912000 0 0
1484572893.684984000 0 0
1484572881.053487000 0 0
1484572875.444664000 208 0
1484572893.744721000 0 0
1484572882.733538000 1978 0
1484572882.763201000 436 0
1484572893.752731000 0 0
1484572882.770517000 2020 0
1484572894.010217000 0 0
1484572894.014027000 0 0
1484572894.017563000 0 0
1484572896.046948000 0 0
1484572896.049942000 0 0
1484572896.052656000 0 0
1484572900.292850000 0 0
1484572900.297975000 0 0
1484572900.309021000 0 0
1484572900.313825000 0 0
1484572905.694549000 0 0
1484572905.698421000 0 0
1484572905.702283000 0 0
1484572905.706505000 0 0
1484572905.751232000 0 0
1484572905.754494000 0 0
1484572905.758301000 0 0
1484572905.800213000 0 0
1484572905.803941000 0 0
1484572905.807031000 0 0
1484572905.835638000 0 0
1484572905.839260000 0 0
1484572905.842089000 0 0
1484572914.841471000 0 0
1484572914.844329000 0 0
1484572914.856025000 0 0
1484572914.860244000 0 0
1484572914.879993000 0 0
1484572914.882827000 0 0
1484572914.886132000 0 0
1484572914.923384000 0 0
1484572914.930779000 0 0
1484572914.933660000 0 0
1484572914.953827000 0 0
1484572914.956129000 0 0
1484572914.958917000 0 0
1484572894.044971000 41800 0
1484572967.546342000 0 11738
1484572967.557843000 0 0
1484572967.557048000 0 0
1484572968.624792000 0 11262
1484572968.635865000 0 0
1484572968.635001000 0 0
1484573267.610460000 0 11738
1484573267.620653000 0 0
1484573267.619356000 0 0
1484573268.682893000 0 11262
1484573268.693761000 0 0
1484573268.692798000 0 0
1484573541.699231000 0 484592
1484573541.923268000 0 8
1484573567.658444000 0 11738
1484573567.669159000 0 0
1484573567.667953000 0 0
1484573568.736996000 0 11262
1484573568.750332000 0 0
1484573568.749446000 0 0
1484573820.311614000 0 0
1484573820.459735000 0 85
1484573820.465079000 0 0
1484551101.641933000 0 4096
1484573820.469523000 0 0
1484573820.468677000 0 0
1484573820.474763000 0 0
1484573820.476197000 0 0
1484573820.481308000 0 0
1484551101.637953000 0 0
1484573820.493425000 0 0
1484573820.495242000 0 0
1484573820.499330000 0 0
1484573820.509126000 0 0
1484573820.535181000 0 0
1484573820.538894000 0 0
1484573820.542576000 0 0
1484573820.545484000 0 0
1484573820.513664000 0 10
1484573820.556443000 0 0
1484573820.560056000 0 0
1484573820.563190000 0 0
1484573820.481165000 0 0
1484573820.566011000 0 0
1484551100.403242000 28212 196184
1484551101.050683000 1064875 182065
1484573820.796588000 0 317
1484573820.808718000 0 0
1484573820.823750000 0 109
1484573820.831187000 0 0
1484573820.858871000 0 0
1484573820.882579000 0 144
1484573820.891369000 0 0
1484573820.928142000 0 175
1484573820.945361000 0 0
1484551103.355353000 0 32768
1484573820.944544000 0 0
1484573820.956479000 0 0
1484573820.956234000 0 204
1484551103.350634000 0 3165792
1484573820.964719000 0 0
1484573820.970727000 0 0
1484573820.973626000 0 0
1484573820.981337000 0 0
1484551103.224550000 0 4096
1484573820.988914000 0 0
1484573820.993186000 0 0
1484551103.220636000 0 0
1484573821.008763000 0 0
1484573821.013641000 0 0
1484573821.024790000 0 0
1484573821.028508000 0 28240
1484573821.048653000 0 0
1484573821.052201000 0 0
1484573821.017263000 0 0
1484573821.055477000 0 0
1484573821.094870000 0 0
1484573820.585128000 0 28345
1484551211.072140000 0 250422
1484573821.170249000 0 0
1484573821.187417000 0 85
1484573821.196551000 0 0
1484551416.756316000 182156 19747
1484573821.195516000 0 0
1484551075.871962000 133158 257590
1484551078.613596000 755253 167697
1484551078.792662000 108333 15424
1484559873.265496000 0 96878
1484551413.923923000 111201 12441
1484551976.357373000 76036 2404
1484561578.983175000 0 21139
1484551085.712916000 0 524816
1484569731.927480000 0 13760
1484551675.810618000 460588 1938
1484551976.140302000 43945 3085
1484572697.461302000 803330 3496
1484573822.469945000 0 0
1484573822.473644000 0 0
1484573822.482320000 0 0
1484572878.958104000 0 0
