1484582270.673578000 0 0
1484582270.838826000 0 0
1484582270.900589000 0 0
1484582270.902806000 0 0
1484582270.906529000 0 0
1484582270.907555000 0 0
1484582270.919265000 0 0
1484582270.921765000 0 0
1484582270.947480000 0 0
1484582270.976418000 0 0
1484582270.991017000 0 0
1484582270.999235000 0 0
1484582271.013207000 0 0
1484582271.015546000 0 0
1484582270.950209000 0 0
1484582271.033413000 0 0
1484582271.038890000 0 0
1484582271.041367000 0 0
1484582271.048411000 0 0
1484582271.053117000 0 0
1484582271.054365000 0 0
1484582271.055254000 0 0
1484582271.057020000 0 0
1484582271.057509000 0 0
1484582271.059476000 0 0
1484582271.070781000 0 0
1484582271.076239000 0 0
1484582271.080872000 0 0
1484582271.089583000 0 0
1484582271.093033000 0 0
1484582271.094925000 0 0
1484582271.095302000 0 0
1484582271.097564000 0 0
1484582271.099682000 0 0
1484582271.102367000 0 0
1484582271.102201000 0 0
1484582271.105021000 0 0
1484582273.857117000 0 0
1484582274.033472000 0 0
1484582274.036015000 0 0
1484582274.039191000 0 0
1484582273.932110000 0 0
1484582279.172328000 0 0
1484582279.175375000 0 1243
1484582279.182018000 0 0
1484582279.182890000 0 0
1484582279.183967000 0 0
1484582279.193814000 1243 0
1484582279.214159000 1243 0
1484582279.254271000 1243 0
1484582279.259161000 1243 0
1484582270.979991000 522 0
1484582270.987458000 0 0
1484582273.785607000 0 0
1484582279.171060000 0 0
1484582279.186248000 348 0
1484582279.277372000 0 1243
1484582279.284347000 0 0
1484582279.273212000 0 174
1484582279.288432000 0 0
1484582279.291057000 0 0
1484582279.299226000 0 0
1484582270.997486000 0 0
1484582271.013376000 0 0
1484582271.026840000 0 0
1484582271.050811000 0 0
1484582271.065376000 0 0
1484582271.075931000 0 0
1484582271.086626000 0 0
1484582271.100693000 0 0
1484582271.110280000 0 0
1484582274.045563000 0 0
1484582270.845482000 0 0
1484582279.323329000 0 0
1484582279.343323000 0 0
1484582270.994823000 300 0
1484582271.011200000 174 0
1484582271.019072000 129 0
1484582271.048215000 129 0
1484582271.061229000 129 0
1484582271.067472000 568 0
1484582271.084353000 129 0
1484582271.098259000 129 0
1484582271.108310000 504 0
1484582282.201278000 0 0
1484582282.202404000 0 0
1484582284.199330000 0 0
1484582284.209179000 0 0
1484582278.881697000 0 0
1484582274.043162000 402 0
1484582270.843004000 446 0
1484582279.290917000 0 0
1484582279.294662000 174 0
1484582279.297852000 174 0
1484582279.306620000 84992 0
1484582299.486763000 0 0
1484582299.481192000 0 0
1484582299.527142000 0 0
1484582299.538274000 0 0
1484582299.549599000 0 0
1484582299.560406000 0 0
1484582299.570857000 0 0
1484582309.227158000 0 0
1484582309.229877000 0 1406
1484582309.235086000 0 0
1484582309.235244000 0 0
1484582309.251174000 1406 0
1484582309.257170000 1406 0
1484582309.272068000 1406 0
1484582309.276665000 1406 0
1484582299.531405000 603 0
1484582299.534185000 0 0
1484582309.225919000 0 0
1484582309.239667000 402 0
1484582309.300577000 0 1406
1484582309.306273000 0 0
1484582309.295736000 0 201
1484582309.306747000 0 0
1484582299.490412000 80 0
1484582299.493652000 0 0
1484582299.574578000 245 0
1484582299.576753000 0 0
1484582312.261134000 0 0
1484582312.266356000 0 0
1484582314.262352000 0 0
1484582314.266834000 0 0
1484582299.544713000 0 0
1484582299.553612000 241 0
1484582299.555913000 0 0
1484582299.564189000 188 0
1484582299.566392000 0 0
1484582309.310857000 0 0
1484582299.542381000 141 0
1484582341.239975000 0 0
1484582342.724918000 0 0
1484582342.738951000 0 0
1484582342.749800000 0 0
1484582342.761738000 0 0
1484582342.772948000 0 0
1484582342.812540000 0 0
1484582342.822931000 0 0
1484582342.831647000 0 0
1484582342.840196000 0 0
1484582342.848766000 0 0
1484582342.857226000 0 0
1484582342.865230000 0 0
1484582342.892362000 0 0
1484582341.242467000 201 0
1484582341.245721000 0 0
1484582342.851992000 197 0
1484582342.853823000 0 0
1484582342.860218000 248 0
1484582342.861964000 0 0
1484582342.869213000 4327 0
1484582342.872502000 0 0
1484582342.896703000 3174 0
1484582342.899498000 0 0
1484582342.742723000 186 0
1484582342.745028000 0 0
1484582342.753299000 246 0
1484582342.755737000 0 0
1484582342.765113000 218 0
1484582342.767155000 0 0
1484582342.777232000 5869 0
1484582342.780947000 0 0
1484582342.816214000 546 0
1484582342.818706000 0 0
1484582342.836664000 0 0
1484582342.843342000 205 0
1484582342.844850000 0 0
1484582342.826341000 170 0
1484582342.828152000 0 0
1484582342.834900000 343 0
1484582286.297217000 0 0
1484582504.485137000 0 0
1484582623.416946000 0 0
1484582623.528285000 0 0
1484582623.532123000 0 1823
1484582623.543328000 0 0
1484582623.554186000 0 0
1484582623.565987000 1823 0
1484582623.570772000 1823 0
1484582623.583985000 1823 0
1484582623.591015000 1823 0
1484582623.520009000 510 0
1484582623.526865000 0 0
1484582623.552309000 340 0
1484582623.610536000 0 1823
1484582623.633081000 0 0
1484582623.604948000 0 170
1484582623.636952000 0 0
1484582623.641861000 0 0
1484582714.082174000 0 0
1484582714.789039000 0 0
1484582714.805644000 0 0
1484582714.830296000 0 0
1484582714.857172000 0 0
1484582714.877744000 0 0
1484582714.951041000 0 0
1484582714.087215000 0 0
1484582714.879932000 546 0
1484582715.927104000 0 0
1484582714.791499000 186 0
1484582714.808086000 246 0
1484582714.842424000 218 0
1484582714.862852000 5869 0
1484582714.953817000 343 0
1484582714.084907000 170 0
1484582299.479036000 0 0
1484582503.921425000 0 0
1484582273.853349000 0 0
1484582946.310759000 0 0
1484582946.320456000 0 0
1484582946.330868000 0 0
1484582946.338694000 0 0
1484582946.346190000 0 0
1484582946.353717000 0 0
1484582946.362161000 0 0
1484582946.372214000 0 0
1484582946.378577000 0 0
1484582946.366022000 2887 0
1484582946.368435000 0 0
1484582946.385265000 0 0
1484582946.391711000 0 0
1484582946.398616000 0 0
1484582946.405424000 0 0
1484582946.412090000 0 0
1484582946.418668000 0 0
1484582946.425173000 0 0
1484582946.433406000 0 0
1484582946.440268000 0 0
1484582946.447090000 0 0
1484582946.453829000 0 0
1484582946.461010000 0 0
1484582946.467707000 0 0
1484582946.474474000 0 0
1484582946.481604000 0 0
1484582946.489977000 0 0
1484582946.314867000 0 0
1484582946.497873000 0 0
1484582946.495762000 0 0
1484582946.505536000 0 0
1484582946.512425000 0 0
1484582946.519395000 0 0
1484582946.527437000 0 0
1484582946.534834000 0 0
1484582946.546019000 0 0
1484582946.551884000 0 0
1484582946.539014000 7583 0
1484582946.541964000 0 0
1484582946.557706000 0 0
1484582946.557095000 7583 0
1484582946.567398000 0 0
1484582946.575552000 0 0
1484582946.583183000 0 0
1484582946.589948000 0 0
1484582946.597178000 0 0
1484582946.603984000 0 0
1484582946.510331000 0 0
1484582946.613160000 0 0
1484582946.619650000 0 0
1484582946.610995000 0 0
1484582946.628431000 0 0
1484582946.635876000 0 0
1484582946.642343000 0 0
1484582946.649747000 0 0
1484582946.657220000 0 0
1484582946.664837000 0 0
1484582946.671317000 0 0
1484582946.681022000 0 0
1484582946.675115000 4092 0
1484582946.677581000 0 0
1484582946.688753000 0 0
1484582946.694418000 0 0
1484582946.700988000 0 0
1484582946.693568000 4092 0
1484582946.706381000 0 0
1484582946.625953000 0 0
1484582946.708845000 0 0
1484582946.710447000 0 0
1484582946.712966000 0 0
1484582946.714678000 0 0
1484582946.715414000 0 0
1484582946.720646000 0 0
1484582946.719962000 0 0
1484582946.722730000 0 0
1484582946.726401000 0 0
1484582946.725482000 0 0
1484582946.728171000 0 0
1484582946.730669000 0 0
1484582946.732425000 0 0
1484582946.718447000 0 0
1484582946.734571000 0 0
1484582946.738315000 0 0
1484582946.737112000 0 0
1484582946.739805000 0 0
1484582946.742372000 0 0
1484582946.744161000 0 0
1484582946.744903000 0 0
1484582946.747272000 0 0
1484582946.749750000 0 0
1484582946.749801000 0 0
1484582946.754286000 0 0
1484582946.752405000 0 0
1484582946.756066000 0 0
1484582946.757708000 0 0
1484582946.760269000 0 0
1484582946.761803000 0 0
1484582946.762556000 0 0
1484582946.764928000 0 0
1484582946.767817000 0 0
1484582946.769355000 0 0
1484582946.772035000 0 0
1484582946.773693000 0 0
1484582946.767647000 0 0
1484582946.775638000 0 0
1484582946.778089000 0 0
1484582946.779955000 0 0
1484582946.780620000 0 0
1484582946.785845000 0 0
1484582946.791849000 0 0
1484582946.799006000 0 0
1484582946.805797000 0 0
1484582946.811443000 0 0
1484582946.821506000 0 0
1484582946.828180000 0 0
1484582946.834240000 0 0
1484582946.839891000 0 0
1484582946.845543000 0 0
1484582946.851412000 0 0
1484582946.858110000 0 0
1484582946.863510000 0 0
1484582946.869208000 0 0
1484582946.876124000 0 0
1484582946.882927000 0 0
1484582946.888756000 0 0
1484582946.894505000 0 0
1484582946.900401000 0 0
1484582946.906367000 0 0
1484582946.912342000 0 0
1484582946.918065000 0 0
1484582946.923874000 0 0
1484582946.929762000 0 0
1484582946.935505000 0 0
1484582946.941358000 0 0
1484582946.947373000 0 0
1484582946.953154000 0 0
1484582946.959092000 0 0
1484582946.965158000 0 0
1484582946.970911000 0 0
1484582946.976693000 0 0
1484582946.982500000 0 0
1484582946.988172000 0 0
1484582946.994113000 0 0
1484582947.000400000 0 0
1484582947.006202000 0 0
1484582947.012012000 0 0
1484582947.017880000 0 0
1484582947.023831000 0 0
1484582947.030896000 0 0
1484582947.036679000 0 0
1484582947.043451000 0 0
1484582947.050235000 0 0
1484582947.058015000 0 0
1484582947.064354000 0 0
1484582947.071151000 0 0
1484582947.078604000 0 0
1484582947.084487000 0 0
1484582947.090533000 0 0
1484582947.097766000 0 0
1484582947.103763000 0 0
1484582947.110425000 0 0
1484582947.116780000 0 0
1484582947.123275000 0 0
1484582947.130195000 0 0
1484582947.138057000 0 0
1484582947.144331000 0 0
1484582947.150716000 0 0
1484582947.158093000 0 0
1484582947.164433000 0 0
1484582947.170615000 0 0
1484582947.176521000 0 0
1484582947.183613000 0 0
1484582947.189430000 0 0
1484582947.198772000 0 0
1484582947.207441000 0 0
1484582947.217052000 0 0
1484582947.223024000 0 0
1484582947.229156000 0 0
1484582947.235047000 0 0
1484582947.241406000 0 0
1484582947.247336000 0 0
1484582947.253337000 0 0
1484582947.259283000 0 0
1484582947.265256000 0 0
1484582947.289755000 0 0
1484582947.297573000 0 0
1484582947.304607000 0 0
1484582947.310876000 0 0
1484582947.318001000 0 0
1484582947.324858000 0 0
1484582947.331643000 0 0
1484582947.338252000 0 0
1484582947.344715000 0 0
1484582947.351520000 0 0
1484582947.357887000 0 0
1484582947.365191000 0 0
1484582947.371289000 0 0
1484582947.377280000 0 0
1484582947.383148000 0 0
1484582947.389359000 0 0
1484582947.395667000 0 0
1484582947.402317000 0 0
1484582947.408097000 0 0
1484582947.422404000 0 0
1484582946.291038000 0 0
1484582947.431704000 0 0
1484582947.439522000 0 0
1484582947.447009000 0 0
1484582947.456350000 0 0
1484582947.471437000 0 0
1484582947.479031000 0 0
1484582947.485654000 0 0
1484582947.493655000 0 0
1484582947.500269000 0 0
1484582947.507129000 0 0
1484582947.513699000 0 0
1484582947.520411000 0 0
1484582947.527446000 0 0
1484582947.534008000 0 0
1484582947.541982000 0 0
1484582947.548798000 0 0
1484582947.555576000 0 0
1484582947.562321000 0 0
1484582947.569265000 0 0
1484582947.575640000 0 0
1484582947.582259000 0 0
1484582947.589619000 0 0
1484582947.596158000 0 0
1484582947.601354000 0 0
1484582947.606331000 0 0
1484582947.612822000 0 0
1484582947.621236000 0 0
1484582947.627181000 0 0
1484582947.632916000 0 0
1484582947.637966000 0 0
1484582947.643950000 0 0
1484582947.648928000 0 0
1484582947.654880000 0 0
1484582947.664737000 0 0
1484582947.674857000 0 0
1484582947.680306000 0 0
1484582947.687010000 0 0
1484582947.693334000 0 0
1484582947.699357000 0 0
1484582947.705259000 0 0
1484582947.711123000 0 0
1484582947.717142000 0 0
1484582947.723480000 0 0
1484582947.729352000 0 0
1484582947.735218000 0 0
1484582947.741493000 0 0
1484582947.748669000 0 0
1484582947.755129000 0 0
1484582947.761463000 0 0
1484582947.767601000 0 0
1484582947.774585000 0 0
1484582947.780395000 0 0
1484582947.786263000 0 0
1484582947.792468000 0 0
1484582947.803646000 0 0
1484582947.811152000 0 0
1484582947.818616000 0 0
1484582947.826082000 0 0
1484582947.833302000 0 0
1484582947.840782000 0 0
1484582947.848519000 0 0
1484582947.854973000 0 0
1484582947.862113000 0 0
1484582947.869287000 0 0
1484582947.875601000 0 0
1484582947.883883000 0 0
1484582947.891080000 0 0
1484582947.898149000 0 0
1484582947.905361000 0 0
1484582947.912378000 0 0
1484582947.919603000 0 0
1484582947.926291000 0 0
1484582947.933657000 0 0
1484582947.941559000 0 0
1484582947.948818000 0 0
1484582947.955863000 0 0
1484582947.963216000 0 0
1484582947.971161000 0 0
1484582947.978342000 0 0
1484582947.986276000 0 0
1484582947.997263000 0 0
1484582948.004264000 0 0
1484582948.011537000 0 0
1484582948.018501000 0 0
1484582948.026231000 0 0
1484582948.034280000 0 0
1484582948.040801000 0 0
1484582948.047302000 0 0
1484582948.055324000 0 0
1484582948.061671000 0 0
1484582948.068067000 0 0
1484582948.074394000 0 0
1484582948.080789000 0 0
1484582948.087140000 0 0
1484582948.093534000 0 0
1484582948.099825000 0 0
1484582948.106730000 0 0
1484582948.113056000 0 0
1484582948.120756000 0 0
1484582948.127079000 0 0
1484582948.133858000 0 0
1484582948.140131000 0 0
1484582948.146293000 0 0
1484582948.152711000 0 0
1484582948.159111000 0 0
1484582948.165615000 0 0
1484582948.172203000 0 0
1484582948.178668000 0 0
1484582946.313421000 0 0
1484582946.290055000 0 0
1484582946.323985000 607 0
1484582946.326272000 0 0
1484582946.334468000 682 0
1484582946.336669000 0 0
1484582946.342013000 577 0
1484582946.344133000 0 0
1484582946.349592000 625 0
1484582946.351715000 0 0
1484582946.357623000 585 0
1484582946.359902000 0 0
1484582946.375285000 523 0
1484582946.376840000 0 0
1484582946.381582000 739 0
1484582946.383321000 0 0
1484582946.388299000 637 0
1484582946.389738000 0 0
1484582946.394708000 772 0
1484582946.396538000 0 0
1484582946.401640000 769 0
1484582946.403424000 0 0
1484582946.408356000 766 0
1484582946.410060000 0 0
1484582946.415018000 742 0
1484582946.416701000 0 0
1484582946.421554000 405 0
1484582946.423233000 0 0
1484582946.428828000 571 0
1484582946.431168000 0 0
1484582946.436472000 706 0
1484582946.438251000 0 0
1484582946.443266000 682 0
1484582946.445077000 0 0
1484582946.450090000 670 0
1484582946.451866000 0 0
1484582946.456885000 646 0
1484582946.459002000 0 0
1484582946.463980000 703 0
1484582946.465758000 0 0
1484582946.470724000 682 0
1484582946.472505000 0 0
1484582946.477496000 1082 0
1484582946.479620000 0 0
1484582946.485154000 950 0
1484582946.487718000 0 0
1484582946.492939000 640 0
1484582946.494681000 0 0
1484582946.501347000 270 0
1484582946.503404000 0 0
1484582946.507450000 201 0
1484582946.509345000 0 0
1484582946.515365000 982 0
1484582946.517431000 0 0
1484582946.522879000 1168 0
1484582946.525270000 0 0
1484582946.530818000 220 0
1484582946.532726000 0 0
1484582946.554730000 199 0
1484582946.556682000 0 0
1484582946.561351000 2282 0
1484582946.563538000 0 0
1484582946.570377000 1303 0
1484582946.572387000 0 0
1484582946.578754000 865 0
1484582946.581059000 0 0
1484582946.586067000 476 0
1484582946.587710000 0 0
1484582946.593333000 229 0
1484582946.595285000 0 0
1484582946.600116000 190 0
1484582946.601831000 0 0
1484582946.607343000 272 0
1484582946.609270000 0 0
1484582946.616049000 188 0
1484582946.617775000 0 0
1484582946.622523000 211 0
1484582946.624220000 0 0
1484582946.631778000 249 0
1484582946.633779000 0 0
1484582946.638743000 198 0
1484582946.640467000 0 0
1484582946.645693000 226 0
1484582946.647619000 0 0
1484582946.653133000 260 0
1484582946.655094000 0 0
1484582946.660681000 257 0
1484582946.662664000 0 0
1484582946.667713000 246 0
1484582946.669447000 0 0
1484582946.691743000 188 0
1484582946.693236000 0 0
1484582946.697395000 258 0
1484582946.699243000 0 0
1484582946.704001000 612 0
1484582946.705670000 0 0
1484582946.711743000 272 0
1484582946.713691000 0 0
1484582946.717631000 262 0
1484582946.719500000 0 0
1484582946.723474000 262 0
1484582946.725278000 0 0
1484582946.729440000 270 0
1484582946.731391000 0 0
1484582946.735388000 270 0
1484582946.737160000 0 0
1484582946.741107000 264 0
1484582946.743186000 0 0
1484582946.746884000 261 0
1484582946.748846000 0 0
1484582946.752933000 258 0
1484582946.754984000 0 0
1484582946.758980000 228 0
1484582946.760631000 0 0
1484582946.764626000 250 0
1484582946.766632000 0 0
1484582946.770857000 248 0
1484582946.772685000 0 0
1484582946.776618000 249 0
1484582946.778736000 0 0
1484582946.782758000 274 0
1484582946.784614000 0 0
1484582946.788890000 178 0
1484582946.790603000 0 0
1484582946.795290000 248 0
1484582946.797595000 0 0
1484582946.802455000 242 0
1484582946.804549000 0 0
1484582946.808580000 433 0
1484582946.810274000 0 0
1484582946.815276000 3058 0
1484582946.818083000 0 0
1484582946.824900000 137 0
1484582946.826985000 0 0
1484582946.831023000 173 0
1484582946.832705000 0 0
1484582946.837098000 335 0
1484582946.838751000 0 0
1484582946.842729000 335 0
1484582946.844391000 0 0
1484582946.848435000 165 0
1484582946.850233000 0 0
1484582946.854742000 272 0
1484582946.856896000 0 0
1484582946.859951000 188 0
1484582946.861947000 0 0
1484582946.866361000 180 0
1484582946.867997000 0 0
1484582946.872486000 241 0
1484582946.874583000 0 0
1484582946.879482000 845 0
1484582946.881661000 0 0
1484582946.885841000 262 0
1484582946.887553000 0 0
1484582946.891625000 392 0
1484582946.893317000 0 0
1484582946.897380000 424 0
1484582946.899213000 0 0
1484582946.903296000 261 0
1484582946.905115000 0 0
1484582946.909347000 261 0
1484582946.911061000 0 0
1484582946.915214000 261 0
1484582946.916900000 0 0
1484582946.920965000 442 0
1484582946.922673000 0 0
1484582946.926840000 261 0
1484582946.928569000 0 0
1484582946.932641000 261 0
1484582946.934364000 0 0
1484582946.938411000 402 0
1484582946.940159000 0 0
1484582946.944378000 297 0
1484582946.946181000 0 0
1484582946.950257000 392 0
1484582946.951970000 0 0
1484582946.956096000 424 0
1484582946.957891000 0 0
1484582946.961935000 261 0
1484582946.963635000 0 0
1484582946.968025000 197 0
1484582946.969714000 0 0
1484582946.973780000 267 0
1484582946.975523000 0 0
1484582946.979663000 232 0
1484582946.981333000 0 0
1484582946.985310000 266 0
1484582946.986964000 0 0
1484582946.991174000 293 0
1484582946.992916000 0 0
1484582946.997046000 222 0
1484582946.998766000 0 0
1484582947.003342000 224 0
1484582947.005056000 0 0
1484582947.009170000 255 0
1484582947.010852000 0 0
1484582947.014931000 727 0
1484582947.016616000 0 0
1484582947.021101000 1030 0
1484582947.022882000 0 0
1484582947.027443000 620 0
1484582947.029706000 0 0
1484582947.033791000 352 0
1484582947.035518000 0 0
1484582947.040055000 348 0
1484582947.041830000 0 0
1484582947.046819000 307 0
1484582947.048485000 0 0
1484582947.054397000 721 0
1484582947.056765000 0 0
1484582947.061259000 508 0
1484582947.063152000 0 0
1484582947.067776000 530 0
1484582947.069934000 0 0
1484582947.074793000 1240 0
1484582947.077368000 0 0
1484582947.081551000 210 0
1484582947.083318000 0 0
1484582947.087591000 487 0
1484582947.089328000 0 0
1484582947.094054000 1004 0
1484582947.096564000 0 0
1484582947.100811000 245 0
1484582947.102602000 0 0
1484582947.107309000 276 0
1484582947.109275000 0 0
1484582947.113504000 238 0
1484582947.115435000 0 0
1484582947.119968000 342 0
1484582947.121949000 0 0
1484582947.126392000 235 0
1484582947.128305000 0 0
1484582947.133908000 1182 0
1484582947.136698000 0 0
1484582947.141117000 168 0
1484582947.143017000 0 0
1484582947.147421000 162 0
1484582947.149389000 0 0
1484582947.154340000 974 0
1484582947.156760000 0 0
1484582947.161147000 534 0
1484582947.163076000 0 0
1484582947.167389000 786 0
1484582947.169278000 0 0
1484582947.173585000 180 0
1484582947.175335000 0 0
1484582947.180038000 1144 0
1484582947.182430000 0 0
1484582947.186531000 170 0
1484582947.188234000 0 0
1484582947.193115000 3421 0
1484582947.195599000 0 0
1484582947.202417000 2651 0
1484582947.204755000 0 0
1484582947.211154000 2213 0
1484582947.213565000 0 0
1484582947.220112000 238 0
1484582947.221848000 0 0
1484582947.226145000 236 0
1484582947.227886000 0 0
1484582947.232155000 217 0
1484582947.233872000 0 0
1484582947.238077000 231 0
1484582947.239808000 0 0
1484582947.244373000 244 0
1484582947.246121000 0 0
1484582947.250424000 215 0
1484582947.252157000 0 0
1484582947.256427000 213 0
1484582947.258110000 0 0
1484582947.262424000 267 0
1484582947.264106000 0 0
1484582947.285962000 230 0
1484582947.288311000 0 0
1484582947.293607000 202 0
1484582947.296088000 0 0
1484582947.301139000 220 0
1484582947.303122000 0 0
1484582947.307720000 176 0
1484582947.309460000 0 0
1484582947.314128000 186 0
1484582947.316641000 0 0
1484582947.321310000 306 0
1484582947.323465000 0 0
1484582947.328238000 214 0
1484582947.330261000 0 0
1484582947.334968000 207 0
1484582947.336837000 0 0
1484582947.341647000 193 0
1484582947.343534000 0 0
1484582947.348217000 126 0
1484582947.350073000 0 0
1484582947.354747000 209 0
1484582947.356655000 0 0
1484582947.361615000 228 0
1484582947.364002000 0 0
1484582947.368388000 267 0
1484582947.370086000 0 0
1484582947.374382000 263 0
1484582947.376107000 0 0
1484582947.380220000 192 0
1484582947.381963000 0 0
1484582947.386047000 317 0
1484582947.387785000 0 0
1484582947.392349000 292 0
1484582947.394105000 0 0
1484582947.399044000 129 0
1484582947.401116000 0 0
1484582947.405218000 183 0
1484582947.406948000 0 0
1484582947.412337000 2750 0
1484582947.416019000 0 0
1484582947.425998000 198 0
1484582947.428400000 0 0
1484582947.435162000 214 0
1484582947.437775000 0 0
1484582947.442923000 197 0
1484582947.445396000 0 0
1484582947.451153000 254 0
1484582947.453988000 0 0
1484582947.467651000 226 0
1484582947.469965000 0 0
1484582947.474876000 302 0
1484582947.477021000 0 0
1484582947.482195000 168 0
1484582947.484297000 0 0
1484582947.489608000 311 0
1484582947.492273000 0 0
1484582947.496827000 198 0
1484582947.498918000 0 0
1484582947.503712000 216 0
1484582947.505798000 0 0
1484582947.510288000 211 0
1484582947.512339000 0 0
1484582947.517046000 166 0
1484582947.519137000 0 0
1484582947.524053000 229 0
1484582947.526114000 0 0
1484582947.530526000 220 0
1484582947.532637000 0 0
1484582947.537838000 1163 0
1484582947.540649000 0 0
1484582947.545373000 211 0
1484582947.547446000 0 0
1484582947.552206000 199 0
1484582947.554114000 0 0
1484582947.558719000 277 0
1484582947.560992000 0 0
1484582947.565505000 248 0
1484582947.567776000 0 0
1484582947.571376000 245 0
1484582947.573686000 0 0
1484582947.578854000 207 0
1484582947.580855000 0 0
1484582947.585572000 207 0
1484582947.587536000 0 0
1484582947.592817000 273 0
1484582947.594755000 0 0
1484582947.598194000 186 0
1484582947.600040000 0 0
1484582947.603362000 246 0
1484582947.605115000 0 0
1484582947.609672000 218 0
1484582947.611628000 0 0
1484582947.615044000 5869 0
1484582947.618136000 0 0
1484582947.624231000 546 0
1484582947.625968000 0 0
1484582947.629972000 170 0
1484582947.631722000 0 0
1484582947.634911000 343 0
1484582947.636652000 0 0
1484582947.640948000 205 0
1484582947.642712000 0 0
1484582947.646018000 197 0
1484582947.647773000 0 0
1484582947.651944000 248 0
1484582947.653705000 0 0
1484582947.656875000 4327 0
1484582947.660120000 0 0
1484582947.668607000 3174 0
1484582947.671300000 0 0
1484582947.676862000 141 0
1484582947.678798000 0 0
1484582947.683804000 269 0
1484582947.685764000 0 0
1484582947.690056000 281 0
1484582947.691809000 0 0
1484582947.696355000 260 0
1484582947.698120000 0 0
1484582947.702328000 217 0
1484582947.704100000 0 0
1484582947.708191000 267 0
1484582947.709922000 0 0
1484582947.714078000 267 0
1484582947.715832000 0 0
1484582947.720097000 209 0
1484582947.721917000 0 0
1484582947.726420000 186 0
1484582947.728162000 0 0
1484582947.732289000 177 0
1484582947.734010000 0 0
1484582947.738247000 175 0
1484582947.740181000 0 0
1484582947.744964000 224 0
1484582947.747249000 0 0
1484582947.751766000 288 0
1484582947.753773000 0 0
1484582947.758175000 184 0
1484582947.760110000 0 0
1484582947.764443000 170 0
1484582947.766371000 0 0
1484582947.771040000 232 0
1484582947.773049000 0 0
1484582947.777490000 210 0
1484582947.779226000 0 0
1484582947.783293000 217 0
1484582947.785042000 0 0
1484582947.789163000 144 0
1484582947.790904000 0 0
1484582947.796416000 4178 0
1484582947.799392000 0 0
1484582947.807419000 156 0
1484582947.809816000 0 0
1484582947.814927000 156 0
1484582947.817226000 0 0
1484582947.821815000 803 0
1484582947.824158000 0 0
1484582947.829414000 264 0
1484582947.831414000 0 0
1484582947.837061000 740 0
1484582947.839421000 0 0
1484582947.844372000 186 0
1484582947.846690000 0 0
1484582947.851599000 238 0
1484582947.853592000 0 0
1484582947.858259000 369 0
1484582947.860594000 0 0
1484582947.865440000 255 0
1484582947.867761000 0 0
1484582947.872524000 205 0
1484582947.874439000 0 0
1484582947.879254000 249 0
1484582947.881919000 0 0
1484582947.887317000 241 0
1484582947.889596000 0 0
1484582947.894377000 268 0
1484582947.896670000 0 0
1484582947.901613000 206 0
1484582947.903885000 0 0
1484582947.908611000 206 0
1484582947.910901000 0 0
1484582947.915841000 206 0
1484582947.918109000 0 0
1484582947.922803000 196 0
1484582947.924799000 0 0
1484582947.929825000 189 0
1484582947.932128000 0 0
1484582947.937385000 269 0
1484582947.940082000 0 0
1484582947.945053000 205 0
1484582947.947341000 0 0
1484582947.952069000 251 0
1484582947.954354000 0 0
1484582947.959417000 247 0
1484582947.961724000 0 0
1484582947.967011000 430 0
1484582947.969657000 0 0
1484582947.974612000 243 0
1484582947.976879000 0 0
1484582947.982161000 509 0
1484582947.984787000 0 0
1484582947.990441000 2333 0
1484582947.993220000 0 0
1484582948.000503000 322 0
1484582948.002775000 0 0
1484582948.007775000 387 0
1484582948.010067000 0 0
1484582948.014756000 460 0
1484582948.017035000 0 0
1484582948.021945000 290 0
1484582948.024199000 0 0
1484582948.030053000 758 0
1484582948.032793000 0 0
1484582948.037409000 164 0
1484582948.039349000 0 0
1484582948.043993000 169 0
1484582948.045944000 0 0
1484582948.051426000 224 0
1484582948.053954000 0 0
1484582948.058379000 233 0
1484582948.060352000 0 0
1484582948.064819000 188 0
1484582948.066723000 0 0
1484582948.071091000 213 0
1484582948.073081000 0 0
1484582948.077472000 166 0
1484582948.079411000 0 0
1484582948.083857000 203 0
1484582948.085810000 0 0
1484582948.090244000 222 0
1484582948.092181000 0 0
1484582948.096532000 191 0
1484582948.098480000 0 0
1484582948.102910000 194 0
1484582948.104833000 0 0
1484582948.109769000 312 0
1484582948.111722000 0 0
1484582948.116670000 910 0
1484582948.119387000 0 0
1484582948.123803000 368 0
1484582948.125757000 0 0
1484582948.130046000 307 0
1484582948.131968000 0 0
1484582948.136857000 347 0
1484582948.138803000 0 0
1484582948.143102000 261 0
1484582948.145007000 0 0
1484582948.149465000 277 0
1484582948.151383000 0 0
1484582948.155795000 362 0
1484582948.157764000 0 0
1484582948.162276000 347 0
1484582948.164224000 0 0
1484582948.168651000 395 0
1484582948.170909000 0 0
1484582948.175370000 261 0
1484582948.177316000 0 0
1484582948.181888000 271 0
1484582948.183829000 0 0
