1484549979.869529000 0 0
1484549979.875558000 0 0
1484549979.880916000 0 0
1484549979.886107000 0 0
1484549979.891634000 0 0
1484549981.892991000 282 0
1484549982.830357000 282 0
1484549983.303125000 0 0
1484549983.306277000 0 0
1484549983.314224000 0 0
1484549985.513552000 0 0
1484549985.515989000 0 0
1484549985.536321000 0 0
1484549985.598846000 0 0
1484549985.678314000 0 0
1484549985.768164000 0 0
1484549987.541768000 0 0
1484549987.551034000 0 0
1484549987.628094000 0 0
1484549987.630081000 0 0
1484549987.632510000 0 0
1484549987.634932000 0 0
1484549982.877507000 139 0
1484549986.512556000 190 0
1484549986.643036000 749 0
1484549986.659329000 2128 0
1484549987.602165000 570 0
1484549987.646675000 504 0
1484549988.032545000 0 0
1484549985.486111000 282 0
1484549986.665282000 1933 0
1484549997.010497000 282 0
1484550037.712615000 0 0
1484550053.123398000 0 0
1484550058.309307000 0 0
1484550058.327304000 0 0
1484550058.335164000 0 0
1484550066.394630000 0 0
1484550066.402820000 0 0
1484550066.421919000 0 0
1484550075.073261000 0 0
1484550075.104918000 0 0
1484550058.340428000 570 0
1484550090.284763000 0 0
1484550090.287949000 0 0
1484550090.297873000 0 0
1484550090.304018000 0 0
1484550090.326492000 0 0
1484550090.329494000 0 0
1484550090.333237000 0 0
1484550090.345072000 0 0
1484550090.348856000 0 0
1484550090.367902000 0 0
1484550090.371187000 0 0
1484550090.405168000 0 0
1484550090.407332000 0 0
1484550093.467380000 0 0
1484550093.470735000 0 0
1484550093.463162000 0 0
1484550030.629326000 846 0
1484550090.301977000 570 0
1484550090.318714000 504 0
1484550090.337364000 504 0
1484550090.384180000 398 0
1484555922.274313000 0 0
1484555922.281714000 0 0
