1484574215.080537000 0 0
1484574215.087925000 0 0
1484574215.094125000 0 0
1484574215.106185000 0 0
1484574215.112404000 0 0
1484574216.307154000 282 0
1484574217.554566000 0 0
1484574217.557308000 0 0
1484574217.565384000 0 0
1484574219.370163000 0 0
1484574219.372813000 0 0
1484574219.387541000 0 0
1484574219.403184000 0 0
1484574219.405922000 0 0
1484574219.451880000 0 0
1484574219.483758000 0 0
1484574219.643304000 0 0
1484574219.663292000 0 0
1484574219.666113000 0 0
1484574219.668941000 0 0
1484574219.672520000 0 0
1484574219.682946000 0 0
1484574219.688457000 0 0
1484574219.706745000 0 0
1484574219.708942000 0 0
1484574219.712562000 0 0
1484574219.715703000 0 0
1484574219.730592000 0 0
1484574217.208892000 111 0
1484574217.458442000 282 0
1484574219.517835000 104 0
1484574219.578500000 319 0
1484574219.617521000 2128 0
1484574219.660014000 129 0
1484574219.680968000 129 0
1484574219.693208000 570 0
1484574219.718336000 129 0
1484574219.728205000 504 0
1484574219.738866000 544 0
1484574220.118306000 0 0
1484574219.586128000 1957 0
1484574220.195283000 282 0
1484574253.780663000 0 0
1484574253.783924000 0 0
1484574253.792655000 0 0
1484574253.796399000 0 0
1484574253.810205000 0 0
1484574253.396325000 2128 0
1484574253.450244000 0 0
1484574253.537972000 0 0
1484574279.140684000 282 0
1484574305.710353000 0 0
1484574305.450084000 282 0
1484574305.474444000 504 0
1484574305.477150000 504 0
1484574305.536390000 398 0
1484574305.549398000 570 0
1484574972.854703000 0 0
1484574972.896120000 0 0
1484574972.899299000 0 0
1484574972.907484000 0 0
1484574973.100747000 0 0
1484574973.104759000 0 0
1484574951.406441000 564 0
1484574972.913840000 570 0
1484575925.260747000 0 0
1484575925.287007000 0 0
1484575925.290700000 0 0
1484575925.298519000 0 0
1484575925.315023000 0 0
1484575926.167293000 0 0
1484575926.202171000 0 0
1484575926.164252000 0 0
1484580397.659561000 0 0
1484580397.666146000 0 0
1484586400.238173000 0 0
1484586400.244838000 0 0
