1484555366.269812000 0 0
1484555366.279026000 0 0
1484555366.289939000 0 0
1484555366.300713000 0 0
1484555366.311557000 0 0
1484555368.310922000 282 0
1484555370.421067000 0 0
1484555370.424869000 0 0
1484555370.434541000 0 0
1484555371.037779000 0 0
1484555371.154751000 0 0
1484555371.159552000 0 0
1484555371.245858000 0 0
1484555372.835492000 0 0
1484555372.857029000 0 0
1484555372.859793000 0 0
1484555372.860932000 0 0
1484555372.863589000 0 0
1484555372.878622000 0 0
1484555372.881077000 0 0
1484555372.891312000 0 0
1484555372.893824000 0 0
1484555372.545103000 0 0
1484555372.926409000 0 0
1484555372.928606000 0 0
1484555372.931073000 0 0
1484555372.934157000 0 0
1484555373.392771000 0 0
1484555382.202605000 0 0
1484555390.633710000 0 0
1484555390.662403000 0 0
1484555390.684127000 0 0
1484555390.694911000 0 0
1484555390.714976000 0 0
1484555390.755549000 0 0
1484555390.774683000 0 0
1484555390.793479000 0 0
1484555390.810200000 0 0
1484555390.819648000 0 0
1484555391.548899000 0 0
1484555391.746687000 0 0
1484555391.891237000 0 0
1484555392.370956000 0 0
1484555392.384857000 0 0
1484555392.389779000 0 0
1484555392.394292000 0 0
1484555392.399010000 0 0
1484555392.402031000 0 0
1484555392.434929000 0 0
1484555392.508961000 0 0
1484555392.512824000 0 0
1484555392.590123000 0 0
1484555392.595955000 0 0
1484555392.793972000 0 0
1484555393.315324000 0 0
1484555393.371485000 0 0
1484555393.408569000 0 0
1484555393.644003000 0 0
1484555393.774765000 0 0
1484555393.780316000 0 18830
1484555394.071018000 0 0
1484555394.076006000 0 0
1484555393.751108000 18830 0
1484555393.762404000 0 0
1484555394.080378000 0 0
1484555394.508684000 0 0
1484555394.677608000 0 0
1484555395.376523000 0 0
1484555395.407842000 0 0
1484555395.588284000 0 0
1484555395.789220000 0 0
1484555396.358891000 0 0
1484555396.364158000 0 0
1484555397.115550000 0 0
1484555397.136657000 0 0
1484555397.144608000 0 0
1484555397.341374000 0 0
1484555397.141194000 0 0
1484555397.349481000 0 0
1484555397.356960000 0 0
1484555397.366516000 0 0
1484555397.370621000 0 0
1484555397.374655000 0 0
1484555397.379172000 0 0
1484555397.382854000 0 0
1484555397.389745000 0 0
1484555397.393984000 0 0
1484555397.398935000 0 0
1484555397.409278000 0 0
1484555397.413325000 0 0
1484555397.417541000 0 0
1484555397.421575000 0 0
1484555397.430525000 0 0
1484555397.453833000 0 0
1484555397.354773000 0 0
1484555397.477185000 0 0
1484555397.499301000 0 0
1484555397.511987000 0 0
1484555397.523643000 0 0
1484555397.528050000 0 0
1484555397.532850000 0 0
1484555397.537476000 0 0
1484555397.542728000 0 0
1484555397.577951000 0 0
1484555397.582999000 0 0
1484555397.600445000 0 0
1484555397.605182000 0 0
1484555397.609250000 0 0
1484555397.613724000 0 0
1484555397.617817000 0 0
1484555397.621828000 0 0
1484555397.740403000 0 0
1484555397.745137000 0 0
1484555397.750026000 0 0
1484555397.826360000 0 0
1484555397.832556000 0 0
1484555397.837578000 0 0
1484555397.860610000 0 0
1484555397.876107000 0 0
1484555397.890297000 0 0
1484555397.894696000 0 0
1484555397.901571000 0 0
1484555397.955462000 0 0
1484555397.958856000 0 0
1484555397.966697000 0 0
1484555397.969886000 0 0
1484555397.973297000 0 0
1484555397.980696000 0 0
1484555371.286429000 599 0
1484555372.665973000 1978 0
1484555372.672935000 918 0
1484555372.690050000 2741 0
1484555372.709955000 2695 0
1484555372.843277000 129 0
1484555372.876547000 129 0
1484555372.882589000 1159 0
1484555372.913661000 574 0
1484555398.115451000 0 0
1484555373.047326000 504 0
1484555372.586306000 1411 0
1484555372.617392000 1664 0
1484555372.632945000 1739 0
1484555372.650066000 1479 0
1484555372.728675000 2858 0
1484555372.743721000 1438 0
1484555372.762678000 1875 0
1484555372.783666000 1332 0
1484555372.896944000 1254 0
1484555373.280023000 129 0
1484555398.138184000 0 0
1484555373.399880000 544 0
1484555398.143554000 0 0
1484555397.496156000 0 0
1484555398.150265000 0 0
1484555398.157231000 0 0
1484555398.161978000 0 0
1484555398.166603000 0 0
1484555398.171423000 0 0
1484555398.184719000 0 0
1484555398.203877000 0 0
1484555398.208633000 0 0
1484555398.229248000 0 0
1484555398.234215000 0 0
1484555398.241893000 0 0
1484555398.239608000 0 0
1484555398.259614000 0 0
1484555398.292332000 0 0
1484555398.296938000 0 0
1484555398.339892000 0 0
1484555398.371319000 0 0
1484555398.360087000 0 0
1484555398.378922000 0 0
1484555398.395253000 0 0
1484555398.399702000 0 0
1484555398.415620000 0 0
1484555398.419715000 0 0
1484555398.433346000 0 0
1484555398.445645000 0 0
1484555398.450333000 0 0
1484555398.477751000 0 0
1484555398.487375000 0 0
1484555398.492030000 0 0
1484555398.496395000 0 0
1484555398.500615000 0 0
1484555398.510490000 0 0
1484555398.514738000 0 0
1484555398.519218000 0 0
1484555398.523651000 0 0
1484555398.527748000 0 0
1484555398.537144000 0 0
1484555398.605929000 0 0
1484555398.609359000 0 0
1484555398.621797000 0 0
1484555398.637076000 0 0
1484555398.658911000 0 0
1484555398.661970000 0 0
1484555398.665251000 0 0
1484555398.668598000 0 0
1484555398.688322000 0 0
1484555398.691304000 0 0
1484555398.713101000 0 0
1484555398.717529000 0 0
1484555398.722005000 0 0
1484555398.743709000 0 0
1484555398.748614000 0 0
1484555398.752849000 0 0
1484555398.769926000 0 0
1484555398.773630000 0 0
1484555398.777268000 0 0
1484555398.781252000 0 0
1484555398.784933000 0 0
1484555398.788875000 0 0
1484555398.808694000 0 0
1484555398.844239000 0 0
1484555398.384688000 0 0
1484555398.871117000 0 0
1484555398.874382000 0 0
1484555398.886677000 0 0
1484555398.896246000 0 0
1484555398.899486000 0 0
1484555398.940746000 0 0
1484555398.944065000 0 0
1484555398.947210000 0 0
1484555398.950009000 0 0
1484555398.999120000 0 0
1484555399.002101000 0 0
1484555399.004768000 0 0
1484555399.020461000 0 0
1484555399.023577000 0 0
1484555399.034641000 0 0
1484555399.037643000 0 0
1484555399.040585000 0 0
1484555399.043208000 0 0
1484555399.061406000 0 0
1484555399.066368000 0 0
1484555399.064617000 0 0
1484555399.070464000 0 0
1484555399.073815000 0 0
1484555399.076664000 0 0
1484555399.079365000 0 0
1484555399.082317000 0 0
1484555399.085173000 0 0
1484555399.105312000 0 0
1484555399.108031000 0 0
1484555399.111034000 0 0
1484555399.113574000 0 0
1484555399.116445000 0 0
1484555399.119212000 0 0
1484555399.121732000 0 0
1484555399.146116000 0 0
1484555399.151795000 0 0
1484555399.155819000 0 0
1484555399.160774000 0 0
1484555399.166355000 0 0
1484555399.170238000 0 0
1484555399.175428000 0 0
1484555399.180728000 0 0
1484555399.184812000 0 0
1484555399.199892000 0 0
1484555399.205261000 0 0
1484555399.209828000 0 0
1484555399.214950000 0 0
1484555399.220379000 0 0
1484555399.224338000 0 0
1484555399.229287000 0 0
1484555399.236870000 0 0
1484555399.241232000 0 0
1484555399.234594000 0 0
1484555399.247588000 0 0
1484555399.253876000 0 0
1484555399.259589000 0 0
1484555399.263487000 0 0
1484555399.285686000 0 0
1484555399.290976000 0 0
1484555399.294830000 0 0
1484555399.300069000 0 0
1484555399.305345000 0 0
1484555399.309255000 0 0
1484555399.314423000 0 0
1484555399.319862000 0 0
1484555399.323666000 0 0
1484555399.328448000 0 0
1484555399.332640000 0 0
1484555399.335428000 0 0
1484555399.339578000 0 0
1484555399.350176000 0 0
1484555399.354965000 0 0
1484555399.358453000 0 0
1484555399.363382000 0 0
1484555399.375219000 0 0
1484555399.379193000 0 0
1484555399.394107000 0 0
1484555399.408972000 0 0
1484555399.412662000 0 0
1484555399.416772000 0 0
1484555399.420887000 0 0
1484555399.425836000 0 0
1484555399.430062000 0 0
1484555399.434571000 0 0
1484555399.449287000 0 0
1484555399.373300000 0 0
1484555399.455134000 0 0
1484555399.458838000 0 0
1484555399.465904000 0 0
1484555399.463809000 0 0
1484555399.471922000 0 0
1484555399.477716000 0 0
1484555399.485232000 0 0
1484555399.508904000 0 0
1484555399.483078000 0 0
1484555399.573136000 0 0
1484555399.584922000 0 0
1484555399.602647000 0 0
1484555399.606374000 0 0
1484555399.589240000 0 0
1484555399.610913000 0 0
1484555399.626185000 0 0
1484555399.629296000 0 0
1484555399.632606000 0 0
1484555399.614360000 0 0
1484555399.636934000 0 0
1484555399.640254000 0 0
1484555399.643324000 0 0
1484555399.646797000 0 0
1484555399.650513000 0 0
1484555399.668609000 0 0
1484555399.680057000 0 0
1484555399.683103000 0 0
1484555399.685837000 0 0
1484555399.701392000 0 0
1484555399.704338000 0 0
1484555399.667062000 0 0
1484555399.727290000 0 0
1484555399.744592000 0 0
1484555399.749124000 0 0
1484555399.747699000 0 0
1484555399.753033000 0 0
1484555399.756400000 0 0
1484555399.759445000 0 0
1484555399.762241000 0 0
1484555399.765011000 0 0
1484555399.767817000 0 0
1484555399.770437000 0 0
1484555399.773389000 0 0
1484555399.776212000 0 0
1484555399.779038000 0 0
1484555399.783598000 0 0
1484555399.796050000 0 0
1484555399.792808000 0 0
1484555399.801629000 0 0
1484555399.807211000 0 0
1484555399.810309000 0 0
1484555399.805174000 0 0
1484555399.815033000 0 0
1484555400.691852000 0 0
1484555401.557608000 0 0
1484555401.665611000 0 0
1484555401.674307000 0 0
1484555401.734912000 0 0
1484555401.737590000 0 0
1484555401.927081000 196608 0
1484555401.984737000 0 0
1484555402.007755000 0 0
1484555402.285492000 0 0
1484555402.554308000 0 0
1484555402.613862000 0 0
1484555402.766504000 0 0
1484555403.049754000 0 0
1484555403.053688000 0 2
1484555403.062035000 0 0
1484555403.065463000 0 0
1484555401.681541000 2 0
1484555403.039336000 0 0
1484555403.068480000 0 0
1484555403.110163000 0 53
1484555394.506139000 204 0
1484555403.118762000 0 0
1484555403.357863000 0 0
1484555403.361192000 0 0
1484555403.364081000 0 0
1484555403.673299000 0 0
1484555403.861660000 0 0
1484555403.882399000 0 0
1484555376.532389000 150 0
1484555393.319115000 0 0
1484555389.421198000 1664 0
1484555370.341662000 282 0
1484555390.689773000 10 0
1484555390.703162000 10 0
1484555390.743623000 111 0
1484555390.855981000 208 0
1484555391.780982000 36160 0
1484555391.914463000 16384 0
1484555392.314756000 716 0
1484555392.685643000 497 0
1484555393.334554000 9043 0
1484555393.389499000 8374 0
1484555393.427637000 208620 0
1484555394.526631000 32768 0
1484555395.042007000 1411 0
1484555395.398129000 57151 0
1484555395.441629000 8 0
1484555395.600447000 504 0
1484555395.681102000 7645 0
1484555395.801181000 5135 0
1484555397.130701000 6064 0
1484555399.879600000 10 0
1484555427.113942000 0 5135
1484555427.126292000 0 0
1484555427.835588000 0 0
1484555400.698419000 367 0
1484555401.570436000 27 0
1484555402.036516000 23487 0
1484555402.300020000 27 0
1484555403.204835000 7495 0
1484555395.852915000 29 0
1484555403.256652000 9833 0
1484555403.278934000 1628 0
1484555402.179755000 361023 4215
1484555449.759241000 0 0
1484555449.775977000 0 0
1484555449.794414000 0 0
1484555449.804768000 0 0
1484555449.842593000 0 66
1484555449.827590000 66 0
1484555449.852859000 0 0
1484555453.050256000 0 0
1484555453.240143000 0 137
1484555453.250765000 0 0
1484555453.206496000 137 0
1484555453.249419000 0 0
1484555453.265128000 0 0
1484555453.275393000 0 0
1484555453.300668000 0 7347
1484555453.311142000 0 0
1484555453.310038000 0 0
1484555428.005933000 35601 9100
1484555453.349511000 51 0
1484555492.870308000 0 0
1484555492.874611000 0 0
1484555492.884435000 0 0
1484555492.896079000 0 0
1484555492.921171000 0 0
1484555492.924669000 0 0
1484555492.928313000 0 0
1484555492.932419000 0 0
1484555492.950271000 0 0
1484555492.953968000 0 0
1484555492.971290000 0 0
1484555492.974761000 0 0
1484555492.978886000 0 0
1484555493.039602000 0 0
1484555493.043980000 0 0
1484555492.580240000 1480929 0
1484555492.892601000 574 0
1484555492.910048000 504 0
1484555492.938565000 504 0
1484555492.957730000 282 0
1484555493.023045000 398 0
1484555494.279336000 0 0
1484555494.791547000 0 0
1484555494.797392000 0 0
1484555494.801444000 0 0
1484555494.809570000 0 0
1484555494.885313000 0 0
1484555495.141318000 0 0
1484555495.146103000 0 0
1484555495.265839000 0 0
1484555495.628841000 0 0
1484555495.685263000 0 0
1484555495.770174000 0 0
1484555495.793862000 0 0
1484555495.810353000 0 0
1484555496.117773000 0 0
1484555496.195860000 0 0
1484555496.201516000 0 0
1484555496.267345000 0 0
1484555496.353254000 0 0
1484555496.379441000 0 0
1484555496.458141000 0 0
1484555496.698407000 0 0
1484555497.077304000 0 0
1484555497.184542000 0 0
1484555497.236057000 0 0
1484555497.568114000 0 0
1484555497.577890000 0 0
1484555497.649048000 0 0
1484555497.675674000 0 0
1484555497.701284000 0 0
1484555497.760354000 0 0
1484555497.842562000 0 0
1484555497.854462000 0 0
1484555497.930123000 0 0
1484555498.061077000 0 0
1484555498.154811000 0 0
1484555498.173768000 0 0
1484555498.180411000 0 0
1484555498.189530000 0 0
1484555498.244040000 0 0
1484555498.443485000 0 0
1484555498.529556000 0 0
1484555498.721424000 0 0
1484555498.726737000 0 0
1484555498.752334000 0 0
1484555498.763023000 0 0
1484555498.814379000 0 0
1484555498.861479000 0 0
1484555499.084855000 0 0
1484555499.437418000 0 0
1484555499.693157000 0 0
1484555499.793651000 0 0
1484555499.804531000 0 0
1484555499.811855000 0 0
1484555499.824131000 0 0
1484555499.849293000 0 0
1484555499.866301000 0 0
1484555499.890518000 0 0
1484555499.901868000 0 0
1484555499.907252000 0 0
1484555499.930935000 0 0
1484555499.939245000 0 0
1484555499.949520000 0 0
1484555499.955691000 0 0
1484555499.961932000 0 0
1484555499.967677000 0 0
1484555499.976719000 0 0
1484555499.989957000 0 0
1484555500.006274000 0 0
1484555500.020564000 0 0
1484555500.026194000 0 0
1484555500.032074000 0 0
1484555500.060128000 0 0
1484555500.074917000 0 0
1484555500.084483000 0 0
1484555500.091561000 0 0
1484555500.099672000 0 0
1484555500.196327000 0 0
1484555500.209250000 0 0
1484555500.280903000 0 0
1484555500.385359000 0 0
1484555500.390382000 0 0
1484555500.399151000 0 0
1484555500.424381000 0 0
1484555500.429252000 0 0
1484555500.433728000 0 0
1484555500.438428000 0 0
1484555500.521634000 0 0
1484555500.578276000 0 0
1484555500.637471000 0 0
1484555500.691364000 0 0
1484555500.704481000 0 0
1484555500.709776000 0 0
1484555500.731536000 0 0
1484555500.736387000 0 0
1484555500.740316000 0 0
1484555502.400195000 0 1481401
1484555502.538813000 0 0
1484555502.537308000 0 0
1484555567.203252000 0 0
1484555567.236967000 0 0
1484555567.256218000 0 0
1484555567.261875000 0 35820
1484555567.292336000 0 0
1484555567.298549000 0 0
1484555567.303429000 0 0
1484555567.243747000 0 0
1484555567.307789000 0 0
1484555567.371640000 0 0
1484555567.404759000 0 0
1484555525.878339000 564 0
1484555634.241517000 0 7645
1484555634.250947000 0 0
1484555686.890326000 0 0
1484555686.899599000 0 0
1484555686.918174000 0 0
1484555688.582044000 0 0
1484555689.696176000 0 0
1484555689.700657000 0 0
1484555689.735024000 0 0
1484555689.740473000 0 0
1484555689.751104000 0 0
1484555689.604793000 0 0
1484555689.980183000 0 0
1484555689.984431000 0 0
1484555689.987572000 0 0
1484555689.992438000 0 0
1484555695.352732000 0 0
1484555695.378902000 1436 1585
1484555695.392048000 0 0
1484555695.464429000 0 0
1484555695.483931000 7308 3304
1484555700.733979000 0 367
1484555700.747951000 0 0
1484555700.746496000 0 0
1484555703.876313000 0 716
1484555704.995139000 0 0
1484555689.624614000 0 0
1484555688.376855000 0 0
1484555695.454971000 7988 0
1484555705.041516000 1978 0
1484555705.056420000 2741 0
1484555705.065167000 2695 0
1484555705.095396000 1159 0
1484555705.664424000 0 0
1484555705.015335000 1411 0
1484555705.023125000 1664 0
1484555705.028297000 1739 0
1484555705.035870000 1479 0
1484555705.072965000 2858 0
1484555705.078232000 1438 0
1484555705.085471000 1875 0
1484555705.091128000 1332 0
1484555705.100344000 1254 0
1484555706.489773000 0 0
1484555706.493447000 0 0
1484555706.500898000 0 0
1484555707.810994000 0 0
1484555709.257415000 0 0
1484555712.522832000 0 0
1484555707.805119000 0 0
1484555713.586490000 0 0
1484555714.416452000 0 0
1484555709.250922000 0 0
1484555689.601698000 282 0
1484555689.628461000 599 0
1484555689.756509000 398 0
1484555689.990475000 574 0
1484555690.002934000 504 0
1484555716.624334000 0 0
1484555716.628662000 0 0
1484555716.632381000 0 0
1484555716.637223000 0 0
1484555716.644080000 0 0
1484555716.651416000 0 0
1484555712.513587000 0 0
1484555716.690652000 0 0
1484555716.695019000 0 0
1484555716.698737000 0 0
1484555714.414978000 0 0
1484555694.248400000 0 0
1484555716.703546000 0 0
1484555716.723325000 0 0
1484555716.720724000 0 0
1484555716.781342000 0 0
1484555716.782854000 0 0
1484555716.777285000 0 0
1484555716.734392000 0 330901
1484555716.964809000 0 0
1484555716.983208000 0 0
1484555716.985877000 0 0
1484555716.988707000 0 0
1484555716.993263000 0 0
1484555717.502964000 0 0
1484555717.499261000 0 0
1484555717.522303000 0 0
1484555717.525746000 0 0
1484555717.529306000 0 0
1484555717.534906000 0 0
1484555718.493859000 0 1481737
1484555718.633255000 0 0
1484555718.631571000 0 0
1484555706.969142000 918 0
1484555706.525431000 1711 0
1484555706.537303000 1272 0
1484555706.566932000 1664 0
1484555706.583000000 1249 0
1484555706.691074000 1739 0
1484555706.708887000 1284 0
1484555706.730219000 1667 0
1484555706.749212000 1254 0
1484555706.854900000 1697 0
1484555706.870891000 1266 0
1484555706.886069000 1708 0
1484555706.901822000 1269 0
1484555706.917859000 1680 0
1484555706.930201000 1587 0
1484555706.942449000 1683 0
1484555706.949550000 1260 0
1484555705.049060000 918 0
1484555707.722640000 1332 0
1484555712.584492000 165 0
1484555753.374025000 0 7649
1484555753.384776000 0 0
1484555753.383539000 0 0
1484555875.872153000 0 208787
1484555875.899594000 0 0
1484555875.898746000 0 0
1484555995.324760000 0 0
1484555996.494545000 0 0
1484555996.508562000 0 0
1484555996.584753000 42684 1820
1484555996.610016000 0 0
1484555996.741606000 16908 620
1484555996.761155000 0 0
1484555996.775900000 4888 884
1484555996.790878000 0 0
1484555996.809100000 3294 3447
1484555996.822086000 0 0
1484555996.832399000 3055 3143
1484555996.845146000 0 0
1484555996.860546000 3991 4079
1484555996.874287000 0 0
1484555996.973772000 3434 3530
1484555996.986979000 0 0
1484555996.998322000 13555 1367
1484556000.748281000 0 475
1484556000.762234000 0 0
1484556000.760559000 0 0
1484555996.499203000 7988 0
1484556053.395648000 0 8775
1484556053.405881000 0 0
1484556053.404679000 0 0
1484556297.026850000 0 0
1484556297.041277000 0 0
1484556297.274602000 33941 1269
1484556297.297836000 0 0
1484556297.319288000 18268 1980
1484556297.342439000 0 0
1484556297.358976000 7680 3680
1484556297.376558000 0 0
1484556297.409790000 19921 3633
1484556297.431625000 0 0
1484556297.461467000 30667 2087
1484556297.483066000 0 0
1484556297.495536000 3700 3792
1484556297.509236000 0 0
1484556297.526437000 14687 2499
1484556297.031532000 7988 0
1484556597.557969000 0 0
1484556597.573812000 0 0
1484556597.593642000 14502 2306
1484556597.610083000 0 0
1484556597.642858000 0 0
1484556597.659998000 10896 2796
1484556597.678554000 0 0
1484556597.795601000 37868 1100
1484556597.822982000 0 0
1484556598.030523000 25687 1207
1484556598.056043000 0 0
1484556598.069245000 19182 2898
1484556597.564787000 7988 0
1484556646.862052000 0 8778
1484556646.871929000 0 0
1484556646.871055000 0 0
1484556679.277836000 0 0
1484556898.108129000 0 0
1484556898.122661000 0 0
1484556898.145827000 22163 1783
1484556898.167031000 0 0
1484556898.177769000 4906 902
1484556898.192782000 0 0
1484556898.205578000 10034 1938
1484556898.222294000 0 0
1484556898.256007000 0 0
1484556898.272779000 6338 2338
1484556898.288348000 0 0
1484556898.318138000 64923 3583
1484556898.348262000 0 0
1484556898.360104000 11160 3064
1484556898.376973000 0 0
1484556898.393185000 8631 531
1484556898.408699000 0 0
1484556898.422411000 10684 2584
1484556898.439824000 0 0
1484556898.464003000 15103 2911
1484556898.484648000 0 0
1484556898.500474000 6224 2224
1484556898.515562000 0 0
1484556898.531804000 27424 2948
1484556898.555237000 0 0
1484556898.908308000 17355 1067
1484556900.812070000 0 367
1484556900.827449000 0 0
1484556900.825535000 0 0
1484556898.113776000 7988 0
1484555995.332509000 364663 424
1484556946.895282000 0 8778
1484556946.905482000 0 0
1484556946.904204000 0 0
1484556948.823872000 0 0
1484555402.394919000 227572 9345
1484556948.853184000 4435712 5278
1484557047.998442000 0 0
1484557195.390599000 0 0
1484557198.947393000 0 0
1484557198.961706000 0 0
1484557198.979149000 6124 2120
1484557198.994132000 0 0
1484557199.041926000 8781 685
1484557199.061693000 0 0
1484557199.079028000 12476 284
1484557199.097910000 0 0
1484557199.116867000 5179 1175
1484557199.130979000 0 0
1484557199.149017000 5467 1463
1484557199.162384000 0 0
1484557199.178505000 6326 2326
1484557199.193656000 0 0
1484557199.204217000 4003 4095
1484557199.217201000 0 0
1484557199.237778000 18559 2271
1484557199.262028000 0 0
1484557199.285680000 11826 3730
1484557199.305547000 0 0
1484557199.327889000 14983 2791
1484557199.350167000 0 0
1484557199.376685000 7754 3754
1484557199.392616000 0 0
1484557199.416456000 11720 3624
1484557199.433591000 0 0
1484557199.454912000 63667 2323
1484557200.828552000 0 387
1484557200.842795000 0 0
1484557200.840883000 0 0
1484557198.951959000 7988 0
1484557225.404839000 0 0
1484557246.928893000 0 8782
1484557246.941241000 0 0
1484557246.940065000 0 0
1484556979.907302000 4437015 4943
1484557387.422087000 0 0
1484557048.003325000 42780 26340
1484557387.426457000 4439381 8507
1484557195.395260000 364768 0
1484557225.409415000 228425 0
1484557499.508492000 0 0
1484557499.525135000 0 0
1484557499.654392000 1419 1572
1484557499.667097000 0 0
1484557499.686849000 37755 987
1484557499.741973000 0 0
1484557499.764015000 0 0
1484557499.819293000 0 0
1484557499.912693000 102304 4100
1484557499.952593000 0 0
1484557499.975470000 119660 976
1484557500.011428000 0 0
1484557500.031164000 54119 967
1484557500.839553000 0 367
1484557500.852987000 0 0
1484557500.851386000 0 0
1484557499.767355000 364768 628
1484557499.515282000 7988 0
1484557499.758423000 4920 0
1484557546.986990000 0 8782
1484557547.000096000 0 0
1484557546.998360000 0 0
1484557610.560525000 0 0
1484557610.622019000 0 0
1484557610.670628000 0 0
1484557610.673825000 0 0
1484557610.682795000 0 0
1484557610.691847000 0 0
1484557610.697846000 0 0
1484557610.707727000 0 0
1484557610.705439000 0 0
1484557610.716815000 0 0
1484557610.713540000 0 0
1484557610.726634000 0 0
1484557610.729783000 0 0
1484557610.732609000 0 0
1484557610.866950000 0 0
1484557610.894217000 0 0
1484557610.897658000 0 0
1484557610.859384000 985 0
1484557610.906513000 574 0
1484557610.689793000 282 0
1484557610.821838000 0 0
1484557731.323232000 0 0
1484557731.336134000 0 0
1484557731.376646000 0 0
1484557731.379856000 0 0
1484557731.388841000 0 0
1484557731.391357000 0 0
1484557731.394931000 0 0
1484557731.400936000 0 0
1484557731.419224000 0 0
1484557731.422621000 0 0
1484557731.380068000 985 0
1484557731.431339000 574 0
1484557731.392819000 282 0
1484557731.356415000 0 0
1484557759.681921000 0 0
1484557759.692596000 0 0
1484557759.730036000 0 0
1484557759.736972000 0 0
1484557759.740453000 0 0
1484557759.749972000 0 0
1484557759.754591000 0 0
1484557759.761730000 0 0
1484557759.765309000 0 0
1484557759.768575000 0 0
1484557759.720417000 985 0
1484557759.774672000 574 0
1484557759.818292000 282 0
1484557795.395355000 0 0
1484557800.076082000 0 0
1484557800.091904000 0 0
1484557800.105346000 0 0
1484557800.135901000 21392 1008
1484557800.158917000 0 0
1484557800.279714000 240096 2628
1484557800.362675000 0 0
1484557800.464497000 120930 2246
1484557800.500054000 0 0
1484557800.533755000 153929 2473
1484557800.573822000 0 0
1484557800.603259000 48767 3811
1484557800.081265000 7988 0
1484557800.096511000 4920 0
1484557825.441610000 0 0
1484557847.021097000 0 8782
1484557847.031353000 0 0
1484557847.030099000 0 0
1484557759.692120000 0 0
1484557995.301714000 0 0
1484557995.309736000 0 0
1484557995.347934000 0 0
1484557995.356338000 0 0
1484557995.359600000 0 0
1484557995.368478000 0 0
1484557995.368585000 0 0
1484557995.371700000 0 0
1484557995.374565000 0 0
1484557995.374664000 0 0
1484557995.379406000 0 0
1484557995.343423000 985 0
1484557995.378564000 574 0
1484557995.372232000 282 0
1484558100.671383000 0 0
1484558100.889640000 0 0
1484558101.074598000 0 0
1484558101.182856000 2061 0
1484558101.322683000 0 1448
1484558101.418536000 0 383
1484558101.710444000 0 0
1484558101.708630000 0 0
1484558100.779419000 7988 0
1484558100.917614000 4920 0
1484558147.134967000 0 8782
1484558147.156829000 0 0
1484558147.154942000 0 0
1484558234.894334000 0 0
1484558235.178936000 0 0
1484558235.247162000 0 0
1484558235.369927000 0 0
1484558235.502743000 0 0
1484558235.505162000 0 0
1484558235.644931000 0 0
1484558235.669343000 0 0
1484558235.750654000 0 0
1484558235.763963000 0 0
1484558236.591751000 0 0
1484558236.624381000 0 0
1484558236.677814000 0 0
1484558245.309640000 0 0
1484558245.313615000 0 0
1484558245.319467000 0 0
1484558245.354141000 0 0
1484558235.322996000 398 0
1484558235.330357000 282 0
1484558235.476167000 80 0
1484558235.979219000 226 0
1484558236.088276000 181 0
1484558236.344574000 568 0
1484558236.498386000 302 0
1484558235.458272000 0 0
1484557795.400248000 364870 0
1484557825.449317000 228425 0
1484558395.443772000 0 0
1484558401.356094000 0 0
1484558401.371192000 0 0
1484558401.385280000 0 0
1484558401.403932000 2032 2102
1484558401.417279000 0 1439
1484558401.428372000 0 0
1484558401.458627000 127662 786
1484558401.503815000 0 0
1484558401.524653000 25593 1109
1484558401.542979000 0 0
1484558425.427108000 0 0
1484558401.360872000 7988 0
1484558401.375937000 4920 0
1484558447.076207000 0 8782
1484558447.090694000 0 0
1484558447.089660000 0 0
1484558250.887905000 0 0
1484558235.145605000 0 0
1484558447.771256000 0 0
1484558235.811118000 0 0
1484558447.986006000 0 0
1484558447.977104000 0 0
1484558447.848353000 0 0
1484558447.974794000 0 0
1484558448.625205000 0 0
1484558448.634053000 0 0
1484558448.638936000 0 0
1484558448.643791000 0 0
1484558448.653977000 0 0
1484558448.667060000 0 0
1484558448.671693000 0 0
1484558448.676437000 0 0
1484558448.681086000 0 0
1484558448.630578000 0 0
1484558448.694644000 0 0
1484558448.863029000 0 0
1484558448.913335000 0 0
1484558448.916560000 0 0
1484558448.916007000 0 0
1484558448.924137000 0 0
1484558448.929735000 0 0
1484558448.934252000 0 0
1484558448.939204000 0 0
1484558448.941955000 0 0
1484558448.686128000 0 0
1484558449.045547000 0 0
1484558449.461218000 0 0
1484558450.470873000 0 0
1484558450.502227000 0 0
1484558450.590419000 0 0
1484558450.809470000 0 0
1484558450.900144000 0 0
1484558451.049811000 0 0
1484558451.186128000 0 0
1484558451.242530000 0 0
1484558451.298345000 0 0
1484558451.482443000 0 0
1484558451.287785000 0 0
1484558451.489837000 0 0
1484558451.771112000 0 0
1484558451.680067000 0 0
1484558452.126979000 0 0
1484558452.849147000 0 0
1484558453.065910000 0 0
1484558453.881859000 0 0
1484558453.885453000 0 0
1484558453.436888000 0 0
1484558454.051010000 0 0
1484558447.774970000 0 0
1484558447.740992000 0 0
1484558447.742241000 0 0
1484558447.786078000 175 0
1484558447.802265000 160 0
1484558447.817277000 222 0
1484558447.838383000 250 0
1484558447.845472000 198 0
1484558447.999208000 184 0
1484558448.008503000 114 0
1484558448.015536000 114 0
1484558448.036999000 114 0
1484558448.063116000 118 0
1484558448.085809000 193 0
1484558448.093538000 138 0
1484558448.109275000 289 0
1484558448.116557000 116 0
1484558448.128838000 118 0
1484558448.135659000 194 0
1484558448.158063000 122 0
1484558448.164847000 116 0
1484558448.173214000 593 0
1484558448.180289000 116 0
1484558448.189079000 124 0
1484558448.195929000 144 0
1484558448.583481000 260 0
1484558448.616048000 144 0
1484558448.622344000 168 0
1484558448.685465000 244 0
1484558448.701390000 245 0
1484558448.731626000 208 0
1484558448.744609000 199 0
1484558448.779314000 204 0
1484558448.792187000 122 0
1484558448.821962000 226 0
1484558448.834679000 192 0
1484558448.910733000 985 0
1484558448.949369000 574 0
1484558448.927684000 282 0
1484558448.976859000 1203 0
1484558449.005583000 194 0
1484558449.027273000 177 0
1484558449.055487000 112 0
1484558449.088929000 200 0
1484558449.107021000 142 0
1484558449.127898000 329 0
1484558449.145320000 171 0
1484558449.170678000 187 0
1484558449.306152000 178 0
1484558449.324731000 179 0
1484558449.348934000 178 0
1484558449.378948000 188 0
1484558449.391840000 201 0
1484558449.413436000 184 0
1484558449.436680000 198 0
1484558449.452432000 186 0
1484558449.466081000 184 0
1484558449.536085000 178 0
1484558449.558430000 188 0
1484558449.579880000 176 0
1484558449.592713000 124 0
1484558449.671941000 291 0
1484558449.792532000 198 0
1484558449.819626000 136 0
1484558449.843529000 216 0
1484558449.860541000 186 0
1484558449.972511000 122 0
1484558449.992135000 206 0
1484558450.051300000 236 0
1484558450.062907000 183 0
1484558450.155815000 132 0
1484558450.291798000 179 0
1484558450.322532000 240 0
1484558450.336324000 118 0
1484558450.362635000 192 0
1484558450.449931000 239 0
1484558450.486805000 285 0
1484558450.528059000 160 0
1484558450.538041000 181 0
1484558450.563002000 182 0
1484558450.582299000 201 0
1484558450.603406000 91 0
1484558450.664101000 235 0
1484558450.694046000 186 0
1484558450.723786000 212 0
1484558450.756820000 166 0
1484558450.778712000 138 0
1484558450.794342000 196 0
1484558450.827228000 198 0
1484558450.843244000 211 0
1484558450.852554000 130 0
1484558450.890348000 144 0
1484558450.901729000 211 0
1484558450.924798000 353 0
1484558450.944540000 277 0
1484558450.965339000 188 0
1484558450.989916000 170 0
1484558451.014323000 140 0
1484558451.037943000 172 0
1484558451.052511000 206 0
1484558451.071507000 186 0
1484558451.136809000 166 0
1484558448.719187000 229 0
1484558448.737663000 545 0
1484558448.757248000 158 0
1484558448.785991000 126 0
1484558448.809464000 290 0
1484558448.828434000 164 0
1484558448.950807000 156 0
1484558449.000500000 172 0
1484558449.010374000 217 0
1484558449.042113000 242 0
1484558449.076764000 196 0
1484558449.094519000 122 0
1484558449.121975000 180 0
1484558449.134627000 185 0
1484558449.163352000 206 0
1484558449.177522000 189 0
1484558449.317991000 189 0
1484558449.332309000 252 0
1484558449.363335000 174 0
1484558449.385439000 174 0
1484558449.407030000 154 0
1484558449.420337000 194 0
1484558449.446044000 197 0
1484558449.458364000 128 0
1484558449.529759000 180 0
1484558449.549644000 124 0
1484558449.572321000 168 0
1484558449.586773000 176 0
1484558449.665415000 180 0
1484558449.781838000 113 0
1484558449.813578000 232 0
1484558449.832225000 150 0
1484558449.854431000 211 0
1484558449.877001000 174 0
1484558449.985563000 124 0
1484558450.028297000 747 0
1484558450.057157000 144 0
1484558450.143691000 148 0
1484558450.286038000 152 0
1484558450.305887000 179 0
1484558450.330457000 243 0
1484558450.348090000 249 0
1484558450.392557000 166 0
1484558450.466995000 204 0
1484558450.497609000 231 0
1484558450.531683000 226 0
1484558450.541812000 181 0
1484558450.569126000 568 0
1484558450.585241000 302 0
1484558450.657908000 134 0
1484558450.677295000 134 0
1484558450.709969000 134 0
1484558450.736325000 144 0
1484558450.768697000 134 0
1484558450.789497000 134 0
1484558450.805956000 134 0
1484558450.835078000 188 0
1484558450.847422000 234 0
1484558450.860941000 172 0
1484558450.896203000 174 0
1484558450.913318000 127 0
1484558450.940038000 122 0
1484558450.952491000 122 0
1484558450.970488000 289 0
1484558451.008359000 346 0
1484558451.021419000 119 0
1484558451.046678000 144 0
1484558451.058448000 186 0
1484558451.130751000 247 0
1484558451.143284000 277 0
1484558451.175741000 189 0
1484558451.182963000 219 0
1484558451.391180000 175 0
1484558451.415092000 365 0
1484558451.428593000 176 0
1484558451.448356000 114 0
1484558451.197984000 184 0
1484558451.207224000 160 0
1484558451.213926000 134 0
1484558451.231416000 204 0
1484558451.238069000 168 0
1484558451.489979000 771 0
1484558451.688921000 136 0
1484558451.718806000 570 0
1484558451.739386000 178 0
1484558451.762317000 160 0
1484558451.773685000 242 0
1484558451.795648000 383 0
1484558451.820302000 136 0
1484558451.851922000 172 0
1484558451.875578000 248 0
1484558451.893653000 304 0
1484558451.919243000 193 0
1484558451.938975000 138 0
1484558451.975325000 194 0
1484558452.100481000 132 0
1484558452.112381000 168 0
1484558452.139588000 233 0
1484558452.190170000 180 0
1484558452.227411000 382 0
1484558452.325378000 203 0
1484558451.263717000 201 0
1484558451.270162000 219 0
1484558451.283110000 152 0
1484558452.799675000 128 0
1484558452.839524000 183 0
1484558452.851845000 177 0
1484558452.885688000 122 0
1484558452.910493000 116 0
1484558452.928895000 198 0
1484558452.958606000 235 0
1484558452.998440000 299 0
1484558453.048145000 152 0
1484558453.096381000 199 0
1484558453.115815000 126 0
1484558453.167389000 190 0
1484558453.189580000 186 0
1484558453.215349000 124 0
1484558453.238179000 306 0
1484558453.295604000 174 0
1484558453.328374000 168 0
1484558453.351096000 194 0
1484558453.384567000 134 0
1484558453.402822000 130 0
1484558453.428607000 168 0
1484558453.453887000 154 0
1484558453.481504000 138 0
1484558453.508319000 182 0
1484558453.534355000 180 0
1484558453.555183000 152 0
1484558451.383309000 183 0
1484558451.400893000 130 0
1484558451.421358000 186 0
1484558451.438644000 290 0
1484558451.454358000 168 0
1484558451.469748000 138 0
1484558451.477306000 132 0
1484558453.653685000 164 0
1484558453.666961000 172 0
1484558453.973858000 747 0
1484558454.038831000 432 0
1484558454.067981000 184 0
1484558454.087927000 242 0
1484558454.116718000 186 0
1484558454.128975000 186 0
1484558454.158565000 158 0
1484558454.177788000 122 0
1484558454.195532000 237 0
1484558454.220033000 128 0
1484558454.244530000 116 0
1484558454.255249000 222 0
1484558454.268047000 126 0
1484558454.276327000 122 0
1484558454.296879000 126 0
1484558454.311801000 195 0
1484558451.708747000 124 0
1484558451.724865000 180 0
1484558451.756180000 217 0
1484558451.767658000 138 0
1484558451.782928000 160 0
1484558451.814139000 120 0
1484558451.838904000 214 0
1484558451.869716000 200 0
1484558451.881719000 126 0
1484558451.906805000 169 0
1484558451.926964000 132 0
1484558451.960376000 240 0
1484558451.984409000 212 0
1484558452.106231000 196 0
1484558452.124074000 190 0
1484558452.157707000 241 0
1484558452.212631000 225 0
1484558452.318258000 224 0
1484558452.750931000 259 0
1484558452.766748000 251 0
1484558452.785681000 134 0
1484558452.793611000 241 0
1484558452.812619000 186 0
1484558452.845958000 233 0
1484558452.868665000 133 0
1484558452.904515000 134 0
1484558452.917660000 133 0
1484558452.951367000 177 0
1484558452.979302000 182 0
1484558453.029669000 236 0
1484558453.062220000 444 0
1484558453.108509000 216 0
1484558453.122440000 241 0
1484558453.183580000 124 0
1484558453.196714000 713 0
1484558453.222290000 244 0
1484558453.272077000 126 0
1484558453.302071000 122 0
1484558453.344940000 252 0
1484558453.374466000 247 0
1484558453.390328000 221 0
1484558453.410296000 183 0
1484558453.434325000 124 0
1484558453.468722000 197 0
1484558453.502646000 140 0
1484558453.519476000 183 0
1484558453.548774000 321 0
1484558453.560865000 132 0
1484558453.577867000 216 0
1484558453.585082000 250 0
1484558453.605780000 213 0
1484558453.612420000 183 0
1484558453.622684000 198 0
1484558453.629678000 249 0
1484558453.642874000 203 0
1484558453.659934000 250 0
1484558453.675647000 220 0
1484558454.011080000 124 0
1484558454.046086000 213 0
1484558454.074068000 266 0
1484558454.100894000 226 0
1484558454.122898000 113 0
1484558454.135103000 302 0
1484558454.171987000 148 0
1484558454.183676000 207 0
1484558454.206335000 179 0
1484558454.233309000 128 0
1484558448.889500000 0 0
1484558702.295437000 0 0
1484558702.310553000 0 0
1484558702.326641000 0 0
1484558702.350405000 2067 2141
1484558702.363413000 0 1450
1484558702.373834000 0 0
1484558702.399550000 330501 2923
1484558702.490283000 0 0
1484558702.551882000 22428 2044
1484558702.576391000 0 0
1484558702.604796000 2058 2132
1484558702.619168000 0 1441
1484558702.630570000 0 0
1484558702.769586000 256151 2299
1484558702.300020000 7988 0
1484558702.317771000 4920 0
1484558747.119303000 0 8782
1484558747.129421000 0 0
1484558747.128328000 0 0
1484558771.788631000 0 0
1484558771.829014000 0 0
1484558771.872785000 0 0
1484558771.886623000 0 0
1484558772.202983000 0 0
1484558772.206386000 0 0
1484558772.210401000 0 0
1484558772.215243000 0 0
1484558772.222591000 0 0
1484558772.226402000 0 0
1484558772.381018000 0 0
1484558772.384407000 0 0
1484558772.392523000 0 0
1484558781.876965000 0 0
1484558781.884071000 0 0
1484558781.890725000 0 0
1484558781.909418000 0 0
1484558771.879746000 398 0
1484558771.881992000 282 0
1484558771.892293000 80 0
1484558772.293981000 226 0
1484558772.309053000 181 0
1484558772.312566000 568 0
1484558772.315955000 302 0
1484558800.282237000 0 0
1484558800.326025000 0 0
1484558800.315550000 0 0
1484558771.874218000 0 0
1484558771.826482000 0 0
1484558807.730095000 0 0
1484558807.743955000 0 0
1484558807.736754000 0 0
1484558807.759045000 0 0
1484558807.777988000 0 0
1484558807.782831000 0 0
1484558807.810637000 0 0
1484558807.831002000 0 0
1484558807.843666000 0 0
1484558807.847900000 0 0
1484558807.852403000 0 0
1484558807.856641000 0 0
1484558807.875124000 0 0
1484558807.860734000 0 0
1484558807.978549000 0 0
1484558808.079569000 0 0
1484558772.248939000 0 0
1484558808.280038000 0 0
1484558808.290641000 0 0
1484558808.318383000 0 0
1484558808.333755000 0 0
1484558808.348040000 0 0
1484558808.352365000 0 0
1484558808.355872000 0 0
1484558808.432620000 0 0
1484558808.449430000 0 0
1484558808.463594000 0 0
1484558808.446082000 0 0
1484558808.468787000 0 0
1484558808.574431000 0 0
1484558808.503529000 0 0
1484558808.615646000 0 0
1484558808.619878000 0 0
1484558808.635096000 0 0
1484558808.714292000 0 0
1484558808.727564000 0 0
1484558807.709590000 0 0
1484558807.733754000 0 0
1484558807.710595000 0 0
1484558822.474235000 0 0
1484558822.485205000 0 0
1484558822.536160000 0 0
1484558822.544268000 0 0
1484558822.548804000 0 0
1484558822.552668000 0 0
1484558822.558485000 0 0
1484558822.563560000 0 0
1484558822.571385000 0 0
1484558822.574135000 0 0
1484558807.740030000 175 0
1484558807.746796000 160 0
1484558807.759104000 222 0
1484558807.776726000 250 0
1484558807.782521000 198 0
1484558807.795242000 184 0
1484558807.802627000 114 0
1484558807.809409000 114 0
1484558807.827355000 114 0
1484558807.833378000 118 0
1484558807.844850000 193 0
1484558807.847846000 138 0
1484558807.851201000 289 0
1484558807.854119000 116 0
1484558807.859040000 118 0
1484558807.864199000 194 0
1484558807.877690000 122 0
1484558807.896986000 116 0
1484558807.908047000 593 0
1484558807.917495000 116 0
1484558807.927427000 124 0
1484558807.934300000 144 0
1484558807.943470000 260 0
1484558807.952524000 144 0
1484558807.958515000 168 0
1484558807.969814000 244 0
1484558807.979921000 245 0
1484558808.000095000 208 0
1484558808.007393000 199 0
1484558808.016639000 204 0
1484558808.023464000 122 0
1484558808.027647000 226 0
1484558808.035405000 192 0
1484558808.042464000 1203 0
1484558808.053029000 194 0
1484558808.058213000 177 0
1484558807.789556000 112 0
1484558807.798978000 200 0
1484558807.806070000 142 0
1484558808.075299000 329 0
1484558808.082041000 171 0
1484558808.118891000 187 0
1484558808.130335000 178 0
1484558808.135743000 179 0
1484558808.145967000 178 0
1484558808.155026000 188 0
1484558808.162656000 201 0
1484558808.171375000 184 0
1484558808.176051000 198 0
1484558808.186203000 186 0
1484558808.191585000 184 0
1484558808.198772000 178 0
1484558808.210202000 188 0
1484558808.218099000 176 0
1484558808.227439000 124 0
1484558808.238138000 291 0
1484558808.247180000 198 0
1484558808.259734000 136 0
1484558808.265738000 216 0
1484558808.273955000 186 0
1484558808.280444000 122 0
1484558808.292394000 206 0
1484558808.300391000 236 0
1484558808.305969000 183 0
1484558808.311684000 132 0
1484558808.317073000 179 0
1484558808.333665000 240 0
1484558808.339113000 118 0
1484558808.346919000 192 0
1484558808.352102000 239 0
1484558808.356695000 285 0
1484558808.368621000 160 0
1484558808.378221000 181 0
1484558808.385342000 182 0
1484558808.394794000 201 0
1484558808.402315000 91 0
1484558808.409584000 235 0
1484558808.419422000 186 0
1484558808.427098000 212 0
1484558808.435046000 166 0
1484558808.444840000 138 0
1484558808.449621000 196 0
1484558808.463467000 198 0
1484558808.468662000 211 0
1484558808.487214000 130 0
1484558808.495118000 144 0
1484558808.504584000 211 0
1484558808.518450000 353 0
1484558808.524426000 277 0
1484558808.532151000 188 0
1484558808.537520000 170 0
1484558808.545709000 140 0
1484558808.553178000 172 0
1484558808.558737000 206 0
1484558808.564702000 186 0
1484558808.569771000 166 0
1484558807.894112000 229 0
1484558807.902338000 545 0
1484558807.913941000 158 0
1484558807.923623000 126 0
1484558807.930813000 290 0
1484558807.940094000 164 0
1484558807.946952000 156 0
1484558807.955781000 172 0
1484558807.964203000 217 0
1484558807.975092000 242 0
1484558807.995514000 196 0
1484558808.002642000 122 0
1484558808.011836000 180 0
1484558808.021022000 185 0
1484558808.025562000 206 0
1484558808.030676000 189 0
1484558808.039690000 189 0
1484558808.048033000 252 0
1484558808.056138000 174 0
1484558808.060451000 174 0
1484558808.062952000 154 0
1484558808.067824000 194 0
1484558808.073174000 197 0
1484558808.077595000 128 0
1484558808.113006000 180 0
1484558808.124620000 124 0
1484558808.133206000 168 0
1484558808.140706000 176 0
1484558808.148920000 180 0
1484558808.160142000 113 0
1484558808.165556000 232 0
1484558808.173550000 150 0
1484558808.180199000 211 0
1484558808.188758000 174 0
1484558808.195955000 124 0
1484558808.204284000 747 0
1484558808.212954000 144 0
1484558808.222880000 148 0
1484558808.231902000 152 0
1484558808.241663000 179 0
1484558808.253637000 243 0
1484558808.262689000 249 0
1484558808.271051000 166 0
1484558808.276831000 204 0
1484558808.285604000 231 0
1484558808.295098000 226 0
1484558808.302747000 181 0
1484558808.308643000 568 0
1484558808.314282000 302 0
1484558808.644974000 134 0
1484558808.653016000 134 0
1484558808.660839000 134 0
1484558808.671711000 144 0
1484558808.680010000 134 0
1484558808.693324000 134 0
1484558808.704726000 134 0
1484558808.714633000 188 0
1484558808.727813000 234 0
1484558808.336807000 172 0
1484558808.344292000 174 0
1484558808.743951000 127 0
1484558808.753577000 122 0
1484558808.763522000 122 0
1484558808.769642000 289 0
1484558808.772915000 346 0
1484558808.776116000 119 0
1484558808.781421000 144 0
1484558808.785024000 186 0
1484558808.787857000 247 0
1484558808.790768000 277 0
1484558808.793584000 189 0
1484558808.798373000 219 0
1484558808.803470000 175 0
1484558808.806199000 365 0
1484558808.811787000 176 0
1484558808.814577000 114 0
1484558808.363803000 184 0
1484558808.373421000 160 0
1484558808.383042000 134 0
1484558808.390134000 204 0
1484558808.397385000 168 0
1484558808.404632000 771 0
1484558808.414468000 136 0
1484558808.424063000 570 0
1484558808.430133000 178 0
1484558808.820958000 160 0
1484558808.825572000 242 0
1484558808.828002000 383 0
1484558808.832516000 136 0
1484558808.834885000 172 0
1484558808.837321000 248 0
1484558808.839679000 304 0
1484558808.844449000 193 0
1484558808.848342000 138 0
1484558808.850717000 194 0
1484558808.853018000 132 0
1484558808.855163000 168 0
1484558808.859782000 233 0
1484558808.864551000 180 0
1484558808.866964000 382 0
1484558808.871652000 203 0
1484558808.875898000 201 0
1484558808.880083000 219 0
1484558808.884043000 152 0
1484558808.888361000 128 0
1484558808.892113000 183 0
1484558808.895969000 177 0
1484558808.898255000 122 0
1484558808.901998000 116 0
1484558808.905846000 198 0
1484558808.910082000 235 0
1484558808.912268000 299 0
1484558808.917834000 152 0
1484558808.920395000 199 0
1484558808.922547000 126 0
1484558808.925244000 190 0
1484558808.929413000 186 0
1484558808.934265000 124 0
1484558808.936763000 306 0
1484558808.941347000 174 0
1484558808.943983000 168 0
1484558808.946149000 194 0
1484558808.950242000 134 0
1484558808.954461000 130 0
1484558808.958688000 168 0
1484558808.962934000 154 0
1484558808.965133000 138 0
1484558808.967207000 182 0
1484558808.971675000 180 0
1484558808.974303000 152 0
1484558808.976739000 183 0
1484558808.978938000 130 0
1484558808.983475000 186 0
1484558808.985621000 290 0
1484558808.988139000 168 0
1484558808.993050000 138 0
1484558808.995428000 132 0
1484558808.997951000 164 0
1484558809.002978000 172 0
1484558809.005191000 747 0
1484558809.009669000 432 0
1484558809.014174000 184 0
1484558809.019419000 242 0
1484558809.023551000 186 0
1484558809.027647000 186 0
1484558809.032578000 158 0
1484558808.482679000 122 0
1484558808.490216000 237 0
1484558808.500237000 128 0
1484558808.513452000 116 0
1484558808.521399000 222 0
1484558808.529447000 126 0
1484558808.534982000 122 0
1484558808.542914000 126 0
1484558808.548282000 195 0
1484558808.556118000 124 0
1484558808.562082000 180 0
1484558808.567581000 217 0
1484558808.572250000 138 0
1484558808.578853000 160 0
1484558809.039999000 120 0
1484558809.041998000 214 0
1484558809.044607000 200 0
1484558808.584899000 126 0
1484558808.591460000 169 0
1484558808.596349000 132 0
1484558808.599476000 240 0
1484558808.604437000 212 0
1484558808.607842000 196 0
1484558808.613042000 190 0
1484558809.048463000 241 0
1484558809.052857000 225 0
1484558809.055156000 224 0
1484558809.057363000 259 0
1484558809.062423000 251 0
1484558809.067455000 134 0
1484558809.071574000 241 0
1484558809.073988000 186 0
1484558809.078092000 233 0
1484558808.625177000 133 0
1484558808.628252000 134 0
1484558808.631216000 133 0
1484558809.083021000 177 0
1484558809.085136000 182 0
1484558809.089696000 236 0
1484558809.091880000 444 0
1484558809.096521000 216 0
1484558809.098710000 241 0
1484558809.101264000 124 0
1484558809.105899000 713 0
1484558808.639739000 244 0
1484558808.647566000 126 0
1484558808.655570000 122 0
1484558808.666437000 252 0
1484558808.676536000 247 0
1484558808.686001000 221 0
1484558808.697434000 183 0
1484558808.710986000 124 0
1484558809.110314000 197 0
1484558809.112833000 140 0
1484558809.115344000 183 0
1484558809.119621000 321 0
1484558809.122197000 132 0
1484558809.124728000 216 0
1484558809.126876000 250 0
1484558809.129042000 213 0
1484558809.133153000 183 0
1484558809.135341000 198 0
1484558809.139565000 249 0
1484558809.143697000 203 0
1484558809.147895000 250 0
1484558809.150277000 220 0
1484558809.152430000 124 0
1484558809.157023000 213 0
1484558809.159450000 266 0
1484558809.164456000 226 0
1484558809.169603000 113 0
1484558808.734975000 302 0
1484558808.740199000 148 0
1484558808.750036000 207 0
1484558808.757228000 179 0
1484558808.766795000 128 0
1484558822.511280000 0 0
1484558842.514297000 0 0
1484558843.121174000 0 0
1484558843.132829000 0 0
1484558843.141303000 0 0
1484558843.151092000 0 0
1484558843.175329000 0 0
1484558843.192991000 0 0
1484558843.206072000 0 0
1484558843.212661000 0 0
1484558843.228737000 0 0
1484558843.236660000 0 0
1484558843.343037000 0 0
1484558843.396421000 0 0
1484558843.454251000 0 0
1484558843.458240000 0 0
1484558843.461896000 0 0
1484558843.465865000 0 0
1484558843.468969000 0 0
1484558843.505934000 0 0
1484558843.557704000 0 0
1484558843.848933000 0 0
1484558843.860825000 0 0
1484558843.915059000 0 0
1484558843.918131000 0 0
1484558843.921485000 0 0
1484558843.928271000 0 0
1484558843.956786000 0 0
1484558843.960272000 0 0
1484558843.963665000 0 0
1484558844.011456000 0 0
1484558844.080062000 0 66064
1484558844.110580000 0 0
1484558844.310720000 0 0
1484558844.328165000 0 0
1484558844.348535000 0 0
1484558844.415906000 0 0
1484558844.449347000 0 0
1484558844.494342000 0 0
1484558844.757141000 0 0
1484558844.817051000 0 0
1484558844.822686000 0 18830
1484558845.061001000 0 0
1484558845.066108000 0 0
1484558844.792088000 18830 0
1484558844.802476000 0 0
1484558845.070731000 0 0
1484558845.131451000 0 8376
1484558845.226959000 0 0
1484558845.230512000 0 0
1484558844.467725000 8374 0
1484558845.234250000 0 0
1484558845.246252000 0 0
1484558845.253756000 0 0
1484558845.252095000 0 0
1484558845.290985000 0 0
1484558845.758579000 0 0
1484558845.959807000 0 0
1484558845.965620000 0 2
1484558845.975945000 0 0
1484558845.979550000 0 0
1484558844.334286000 2 0
1484558845.943147000 0 0
1484558845.982853000 0 0
1484558846.981805000 917504 0
1484558847.510234000 0 0
1484558848.078530000 0 0
1484558822.540550000 985 0
1484558822.578030000 574 0
1484558848.213845000 0 53
1484558845.681451000 288 0
1484558848.222891000 0 0
1484558848.280693000 0 0
1484558848.355946000 0 0
1484558848.388510000 0 0
1484558848.417406000 0 0
1484558848.420365000 0 0
1484558848.394223000 0 0
1484558848.386608000 0 0
1484558848.458129000 0 90
1484558848.466992000 0 0
1484558848.473032000 0 0
1484558848.553227000 0 0
1484558848.462627000 0 4096
1484558848.564079000 0 0
1484558848.457786000 0 0
1484558848.575236000 0 0
1484558848.477724000 0 0
1484558848.592850000 0 0
1484558849.366110000 0 0
1484558849.371050000 0 24432
1484558849.389404000 0 0
1484558849.392814000 0 0
1484558843.420407000 24484 0
1484558849.357645000 0 0
1484558849.396097000 0 0
1484558849.413778000 0 122
1484558849.421496000 0 0
1484558849.456813000 0 0
1484558848.255265000 19074 0
1484558849.469776000 0 146
1484558849.455871000 0 0
1484558849.481029000 0 0
1484558849.480064000 0 0
1484558849.489311000 0 0
1484558849.491232000 0 181
1484558849.488055000 0 0
1484558849.499909000 0 564
1484558849.499410000 0 0
1484558849.508907000 0 0
1484558849.522981000 0 228
1484558849.531110000 0 0
1484558850.434724000 0 259
1484558850.446326000 0 0
1484558850.508266000 0 0
1484558848.587484000 0 4096
1484558850.517102000 0 0
1484558848.584032000 0 0
1484558850.527077000 0 0
1484558850.758299000 0 0
1484558847.503029000 0 32768
1484558843.851884000 6345 0
1484558850.770258000 0 0
1484558847.498685000 0 131200
1484558850.777799000 0 6345
1484558850.778178000 0 1584
1484558850.787677000 0 0
1484558845.775632000 1593 0
1484558850.791549000 0 0
1484558850.826467000 0 288
1484558850.829498000 0 0
1484558844.400799000 0 4096
1484558850.837960000 0 0
1484558850.836231000 0 0
1484558844.395029000 0 0
1484558850.847903000 0 0
1484558850.855936000 0 0
1484558848.377032000 0 4096
1484558850.864120000 0 0
1484558848.372073000 0 0
1484558850.874631000 0 0
1484558850.880240000 0 0
1484558850.893433000 0 0
1484558850.898044000 0 24621
1484558850.918216000 0 0
1484558850.921837000 0 0
1484558850.884499000 0 0
1484558850.925821000 0 0
1484558850.993550000 0 0
1484558851.004193000 0 0
1484558851.017603000 0 137
1484558851.027490000 0 0
1484558850.999532000 137 0
1484558851.026266000 0 0
1484558851.062647000 0 14533
1484558851.075080000 0 0
1484558851.074039000 0 0
1484558851.084611000 0 0
1484558851.180370000 0 6313
1484558851.193474000 0 0
1484558851.191744000 0 0
1484558851.231997000 0 0
1484558851.204222000 0 0
1484558851.263890000 0 0
1484558851.303164000 0 0
1484558851.451078000 0 0
1484558851.478039000 0 0
1484558852.250854000 0 0
1484558852.271210000 0 0
1484558852.276273000 0 6064
1484558852.286663000 0 0
1484558852.292894000 0 0
1484558852.297602000 0 0
1484558852.257138000 0 0
1484558852.301744000 0 0
1484558852.412244000 0 85
1484558852.421078000 0 0
1484558852.440178000 0 109
1484558852.447744000 0 0
1484558852.470010000 0 144
1484558852.477791000 0 0
1484558852.531026000 0 175
1484558852.535327000 0 0
1484555401.976632000 0 4096
1484558852.540958000 0 0
1484558852.545028000 0 0
1484558852.549500000 0 0
1484555401.971931000 0 0
1484558852.556217000 0 0
1484558852.648166000 0 0
1484558852.670971000 0 0
1484558852.676399000 0 10
1484558852.690436000 0 0
1484558852.695594000 0 0
1484558852.655832000 0 0
1484558852.699971000 0 0
1484555397.293045000 142878 284628
1484555400.865513000 4370952 100812
1484558852.734425000 0 143171
1484558852.793981000 0 716
1484558852.798753000 0 204
1484558852.808006000 0 0
1484558852.842400000 0 0
1484555403.928432000 0 32768
1484558852.850741000 0 0
1484555403.922381000 0 164024
1484558852.860646000 0 0
1484558852.865165000 0 0
1484558852.876126000 0 0
1484555403.909736000 0 4096
1484558852.884849000 0 0
1484558852.890927000 0 0
1484555403.905828000 0 0
1484558852.898254000 0 0
1484558852.903144000 0 0
1484558852.916834000 0 0
1484558852.921408000 0 35873
1484558852.947832000 0 0
1484558852.951688000 0 0
1484558852.907240000 0 0
1484558852.955209000 0 0
1484558853.017177000 0 0
1484555402.757632000 19123 9022
1484555455.829374000 0 56754
1484557407.906476000 4440671 15855
1484556597.629123000 28712 136
1484556898.241559000 25774 1298
1484558401.577031000 516132 138
1484555371.165590000 0 0
1484558848.085079000 0 0
1484558848.186634000 0 0
1484558848.387629000 0 0
1484558843.210346000 0 0
1484555403.961067000 0 0
1484555403.676082000 0 0
1484555403.917307000 0 0
1484555390.779949000 0 0
1484558822.556400000 564 0
1484558843.147488000 10 0
1484558843.167001000 10 0
1484558843.179535000 150 0
1484558843.274053000 208 0
1484558843.586795000 16384 0
1484558843.970478000 185 0
1484558844.520412000 237211 0
1484558845.679364000 116 0
1484558845.953712000 3385 0
1484558845.959921000 309 0
1484558848.105622000 8556 0
1484558848.382142000 29 0
1484558848.396345000 1251 0
1484558848.424892000 34995 0
1484558845.980777000 29 0
1484558848.453198000 40960 0
1484558844.046838000 65536 65536
1484558843.641949000 446464 4096
1484558843.798951000 8192 4096
1484558847.486334000 884736 98304
1484558844.381702000 688128 0
1484558848.358390000 131072 0
1484558850.987635000 51 0
1484558845.575728000 32768 0
1484555395.003415000 327680 0
1484555401.959269000 98304 0
1484555396.459571000 163840 0
1484555567.220377000 65536 0
1484555392.822680000 65536 0
1484555391.971288000 118784 4096
1484555392.227921000 16384 4096
1484555403.911917000 786432 163840
1484555403.895782000 98304 0
1484556679.568588000 98304 0
1484555402.790952000 164632 0
1484555402.581819000 79584 0
1484558395.449075000 364870 0
1484558425.432535000 228425 0
