1484551216.020070000 0 0
1484551216.025279000 0 0
1484551216.030721000 0 0
1484551216.041070000 0 0
1484551216.045659000 0 0
1484551216.977028000 282 0
1484551217.703359000 0 0
1484551217.706054000 0 0
1484551217.714065000 0 0
1484551218.558433000 0 0
1484551218.560521000 0 0
1484551218.696978000 0 0
1484551218.697335000 0 0
1484551218.586326000 0 0
1484551218.703491000 0 0
1484551218.718110000 0 0
1484551218.721128000 0 0
1484551218.727208000 0 0
1484551218.729522000 0 0
1484551218.731918000 0 0
1484551218.734656000 0 0
1484551218.834036000 0 0
1484551218.699627000 0 0
1484551218.846870000 0 0
1484551218.984629000 0 0
1484551233.695387000 0 0
1484551217.453255000 111 0
1484551218.709099000 129 0
1484551218.715005000 560 0
1484551218.723234000 432 0
1484551218.747237000 129 0
1484551218.759155000 504 0
1484551218.831777000 1582 0
1484551218.879543000 129 0
1484551219.002789000 544 0
1484551217.661838000 564 0
1484551266.172432000 0 0
1484551266.245558000 0 0
1484551266.252086000 0 0
1484551266.262550000 0 0
1484551266.268537000 0 0
1484551266.407370000 0 0
1484551266.411968000 0 0
1484551266.427010000 0 0
1484551266.431513000 0 0
1484551266.435980000 0 0
1484551266.453382000 0 0
1484551266.462149000 0 544
1484551266.470910000 0 0
1484551266.477109000 0 0
1484551266.494522000 0 0
1484551266.490628000 0 0
1484551266.514605000 0 0
1484551266.518427000 0 0
1484551266.522890000 0 0
1484551266.527422000 0 0
1484551266.533535000 0 0
1484551266.577687000 0 0
1484551268.171630000 0 0
1484551268.176611000 0 0
1484551268.180213000 0 0
1484551268.185102000 0 0
1484551269.507091000 0 0
1484551269.505091000 0 0
1484551270.524603000 0 0
1484551271.704462000 0 0
1484551271.938191000 0 0
1484551272.040977000 0 0
1484551272.046177000 0 0
1484551272.049924000 0 0
1484551272.053079000 0 0
1484551287.906737000 481 0
1484551288.230741000 0 0
1484551271.678922000 0 0
1484551266.562849000 544 0
1484551266.575668000 544 0
1484551266.580498000 544 0
1484551266.589349000 544 0
1484551266.597255000 544 0
1484551266.601318000 544 0
1484551266.605299000 544 0
1484551266.620116000 544 0
1484551266.623954000 544 0
1484551266.637581000 544 0
1484551266.642168000 544 0
1484551266.647408000 544 0
1484551266.659255000 544 0
1484551266.671833000 544 0
1484551266.682326000 544 0
1484551266.699388000 544 0
1484551266.712252000 544 0
1484551266.718956000 544 0
1484551266.728490000 544 0
1484551266.734644000 544 0
1484551266.740591000 544 0
1484551266.752180000 544 0
1484551266.757973000 544 0
1484551266.763994000 544 0
1484551266.769344000 544 0
1484551266.782924000 544 0
1484551266.789059000 544 0
1484551266.794416000 544 0
1484551266.799352000 544 0
1484551266.815548000 544 0
1484551266.826861000 544 0
1484551266.832648000 544 0
1484551266.844122000 544 0
1484551266.853304000 544 0
1484551266.859306000 544 0
1484551266.872182000 544 0
1484551266.881488000 544 0
1484551266.885907000 544 0
1484551266.906495000 544 0
1484551266.918782000 544 0
1484551266.924863000 544 0
1484551266.938890000 544 0
1484551266.957074000 544 0
1484551266.963481000 544 0
1484551266.979236000 544 0
1484551266.985705000 544 0
1484551266.991922000 544 0
1484551267.014470000 544 0
1484551267.021184000 544 0
1484551267.044349000 544 0
1484551267.055025000 544 0
1484551267.073306000 544 0
1484551267.089477000 544 0
1484551267.096201000 544 0
1484551267.102627000 544 0
1484551267.108413000 544 0
1484551267.131159000 544 0
1484551267.152534000 544 0
1484551267.159281000 544 0
1484551267.165617000 544 0
1484551267.171753000 544 0
1484551267.176975000 544 0
1484551267.183123000 544 0
1484551267.188615000 544 0
1484551267.193806000 544 0
1484551267.199809000 544 0
1484551267.221899000 544 0
1484551267.228334000 544 0
1484551267.234360000 544 0
1484551267.240811000 544 0
1484551267.246873000 544 0
1484551267.270694000 544 0
1484551267.276950000 544 0
1484551267.294314000 544 0
1484551267.300943000 544 0
1484551267.307074000 544 0
1484551267.312700000 544 0
1484551267.324204000 544 0
1484551267.329706000 544 0
1484551267.340050000 544 0
1484551267.356154000 544 0
1484551267.362132000 544 0
1484551267.372949000 544 0
1484551267.383017000 544 0
1484551267.389083000 544 0
1484551267.402534000 544 0
1484551267.408051000 544 0
1484551267.420289000 544 0
1484551267.425586000 544 0
1484551267.431246000 544 0
1484551267.437150000 544 0
1484551267.450295000 544 0
1484551267.455845000 544 0
1484551267.461718000 544 0
1484551267.479845000 544 0
1484551267.486140000 544 0
1484551267.492515000 544 0
1484551267.497378000 544 0
1484551267.503285000 544 0
1484551267.509037000 544 0
1484551267.514182000 544 0
1484551267.519739000 544 0
1484551267.525755000 544 0
1484551267.531808000 544 0
1484551267.536904000 544 0
1484551267.542817000 544 0
1484551267.548606000 544 0
1484551267.557148000 544 0
1484551267.562144000 544 0
1484551267.567637000 544 0
1484551267.576916000 544 0
1484551267.582451000 544 0
1484551267.597863000 544 0
1484551267.603980000 544 0
1484551267.613853000 544 0
1484551267.619795000 544 0
1484551267.624825000 544 0
1484551267.640329000 544 0
1484551267.646861000 544 0
1484551267.659654000 544 0
1484551267.665884000 544 0
1484551267.672012000 544 0
1484551267.683639000 544 0
1484551267.695929000 544 0
1484551267.702373000 544 0
1484551267.712477000 544 0
1484551267.718833000 544 0
1484551267.725726000 544 0
1484551267.732595000 544 0
1484551267.739125000 544 0
1484551267.751297000 544 0
1484551267.758072000 544 0
1484551267.772333000 544 0
1484551267.777758000 544 0
1484551267.783760000 544 0
1484551267.789937000 544 0
1484551267.795657000 544 0
1484551267.801281000 544 0
1484551267.807326000 544 0
1484551267.813551000 544 0
1484551267.818871000 544 0
1484551267.824482000 544 0
1484551267.834166000 544 0
1484551267.839978000 544 0
1484551267.846121000 544 0
1484551267.852366000 544 0
1484551267.864474000 544 0
1484551267.870457000 544 0
1484551267.876350000 544 0
1484551294.710652000 0 0
1484551294.769482000 0 0
1484551294.774362000 0 0
1484551294.780515000 0 0
1484551267.882419000 544 0
1484551267.888267000 544 0
1484551267.894019000 544 0
1484551267.899880000 544 0
1484551267.906075000 544 0
1484551267.912029000 544 0
1484551267.917555000 544 0
1484551267.923434000 544 0
1484551267.929435000 544 0
1484551267.934995000 544 0
1484551267.940994000 544 0
1484551267.951581000 544 0
1484551267.957729000 544 0
1484551267.967051000 544 0
1484551267.973200000 544 0
1484551267.978956000 544 0
1484551267.984647000 544 0
1484551267.993829000 544 0
1484551267.999077000 544 0
1484551268.004892000 544 0
1484551268.010802000 544 0
1484551268.016878000 544 0
1484551268.022649000 544 0
1484551268.028342000 544 0
1484551268.034473000 544 0
1484551268.040677000 544 0
1484551268.046310000 544 0
1484551268.052469000 544 0
1484551268.058069000 544 0
1484551268.064248000 544 0
1484551268.070455000 544 0
1484551268.080974000 544 0
1484551268.096749000 544 0
1484551268.104551000 544 0
1484551268.113954000 544 0
1484551268.119907000 544 0
1484551268.125970000 544 0
1484551268.132306000 544 0
1484551268.138391000 544 0
1484551268.155034000 544 0
1484551268.165906000 544 0
1484551266.550434000 544 0
1484551271.894705000 486 0
1484551271.902002000 473 0
1484551271.916518000 478 0
1484551272.069150000 504 0
1484551301.675622000 0 0
1484551271.831520000 481 0
1484551288.273845000 300 0
1484551314.043782000 0 0
1484551315.455017000 0 0
1484551316.941476000 0 0
1484551316.956442000 0 0
1484551316.975607000 0 0
1484551316.990362000 0 0
1484551317.008510000 0 0
1484551317.020908000 0 0
1484551317.027140000 0 0
1484551317.046127000 0 0
1484551317.052295000 0 0
1484551317.174523000 0 0
1484551317.181021000 0 0
1484551317.187359000 0 0
1484551317.213213000 0 0
1484551317.225692000 0 0
1484551317.240831000 0 0
1484551317.257418000 0 0
1484551317.263652000 0 0
1484551317.273602000 0 0
1484551317.292497000 0 0
1484551317.303073000 0 0
1484551317.309109000 0 0
1484551317.322598000 0 0
1484551317.328247000 0 0
1484551317.345375000 0 0
1484551317.351750000 0 0
1484551317.357833000 0 0
1484551317.367321000 0 0
1484551317.373632000 0 0
1484551318.784726000 0 0
1484551376.320282000 0 0
1484551376.383215000 0 0
1484551376.389581000 0 0
1484551376.395814000 0 0
1484551376.401967000 0 0
1484551376.408545000 0 0
1484551376.414752000 0 0
1484551376.420956000 0 0
1484551376.427180000 0 0
1484551376.433730000 0 0
1484551376.439881000 0 0
1484551376.452211000 0 0
1484551376.458277000 0 0
1484551376.475365000 0 0
1484551376.481231000 0 0
1484551376.511558000 0 0
1484551376.517783000 0 0
1484551376.524441000 0 0
1484551376.530839000 0 0
1484551376.537074000 0 0
1484551376.543243000 0 0
1484551376.549703000 0 0
1484551376.564991000 0 0
1484551376.571157000 0 0
1484551376.577457000 0 0
1484551376.583916000 0 0
1484551376.601296000 0 0
1484551376.607598000 0 0
1484551427.348512000 0 0
1484551431.433545000 0 0
1484551433.539685000 0 0
1484551443.976232000 0 0
1484551445.193286000 0 0
1484551446.736235000 0 0
1484551427.344720000 0 0
1484551449.001638000 0 0
1484551449.020169000 0 0
1484551449.049167000 0 0
1484551450.905829000 0 0
1484551450.899579000 0 0
1484551463.216585000 0 0
1484551463.229165000 0 0
1484551463.245413000 0 0
1484551463.321009000 0 0
1484551463.323534000 0 0
1484551463.327268000 0 0
1484551463.334438000 0 0
1484551446.741225000 300 0
1484551453.615507000 20480 0
1484551463.235846000 0 0
1484551522.770824000 0 0
1484551522.768786000 0 0
1484551522.855271000 0 0
1484551522.860957000 0 0
1484551522.870410000 0 0
1484551522.874163000 0 0
1484551288.235049000 0 0
1484551522.865711000 0 0
1484551525.769811000 0 0
1484551525.766096000 0 0
1484551525.778941000 0 0
1484551524.663591000 51200 0
1484551524.689228000 0 0
1484551525.778025000 0 0
1484551525.791131000 0 0
1484551525.795050000 0 0
1484551525.800704000 0 0
1484551525.825765000 0 0
1484551525.808707000 0 0
1484551525.821364000 0 0
1484551528.781866000 0 0
1484551528.777777000 0 0
1484551528.792224000 0 0
1484551527.624470000 18432 0
1484551527.740388000 0 0
1484551528.790672000 0 0
1484551528.805593000 0 0
1484551528.810046000 0 0
1484551528.815745000 0 0
1484551528.840215000 0 0
1484551530.968801000 0 0
1484551530.974492000 0 0
1484551537.553841000 0 0
1484551528.826612000 0 0
1484551537.610518000 0 0
1484551540.233434000 0 0
1484551540.249332000 0 0
1484551540.258788000 0 0
1484551540.283011000 0 0
1484551540.299126000 0 0
1484551540.336876000 0 0
1484551540.348714000 0 0
1484551540.365152000 0 0
1484551540.379273000 0 0
1484551540.392722000 0 0
1484551540.398831000 0 0
1484551540.418524000 0 0
1484551540.429766000 0 0
1484551540.451151000 0 0
1484551540.484081000 0 0
1484551540.570574000 0 0
1484551540.583811000 0 0
1484551540.599348000 0 0
1484551540.608012000 0 0
1484551540.612764000 0 0
1484551540.625460000 0 0
1484551540.639086000 0 0
1484551540.662909000 0 0
1484551540.669653000 0 0
1484551540.679444000 0 0
1484551540.688716000 0 0
1484551540.707390000 0 0
1484551540.712427000 0 0
1484551540.717096000 0 0
1484551540.730548000 0 0
1484551540.777307000 0 0
1484551540.794518000 0 0
1484551540.850045000 0 0
1484551528.823709000 0 0
1484551544.321241000 0 0
1484551544.329869000 0 0
1484551537.557641000 300 0
1484551544.328161000 0 0
1484551544.409321000 0 0
1484551544.413906000 0 0
1484551544.419845000 0 0
1484551544.433276000 0 0
1484551545.298377000 0 0
1484551545.318566000 0 0
1484551545.340926000 0 0
1484551545.351939000 0 0
1484551544.427067000 0 0
1484551587.694901000 0 0
1484551587.811882000 0 0
1484551587.912000000 0 0
1484551587.940993000 0 0
1484551588.213014000 0 0
1484551588.215860000 0 0
1484551588.220130000 0 0
1484551588.224141000 0 0
1484551588.228942000 0 0
1484551588.232216000 0 0
1484551588.234669000 0 0
1484551588.237698000 0 0
1484551589.744933000 0 0
1484551589.747510000 0 0
1484551589.755567000 0 0
1484551588.183242000 0 0
1484551597.892568000 0 0
1484551597.895060000 0 0
1484551597.898251000 0 0
1484551597.936085000 0 0
1484551587.931624000 398 0
1484551587.936343000 282 0
1484551587.952445000 80 0
1484551588.292514000 226 0
1484551588.324124000 202 0
1484551588.350693000 123 0
1484551588.355586000 321 0
1484551588.367469000 302 0
1484551588.382639000 281 0
1484551601.749530000 0 0
1484551596.701610000 0 0
1484551587.809538000 0 0
1484551712.711008000 0 0
1484551712.715312000 0 0
1484551712.720756000 0 0
1484551712.737020000 0 0
1484551712.741428000 0 0
1484551712.746213000 0 0
1484551712.750826000 0 0
1484551712.754515000 0 0
1484551712.713915000 0 0
1484551712.716619000 0 0
1484551588.256435000 0 0
1484551712.656643000 0 0
1484551712.654922000 0 0
1484551715.710346000 0 0
1484551716.090821000 0 0
1484551716.105486000 0 0
1484551716.113219000 0 0
1484551716.134327000 0 0
1484551716.143946000 0 0
1484551716.160521000 0 0
1484551716.176117000 0 0
1484551716.195004000 0 0
1484551716.200937000 0 0
1484551716.209949000 0 0
1484551716.311141000 0 0
1484551716.343971000 0 0
1484551716.371023000 0 0
1484551716.420443000 0 0
1484551716.545758000 0 0
1484551716.549643000 0 0
1484551716.552497000 0 0
1484551716.555473000 0 0
1484551716.558104000 0 0
1484551716.602722000 0 0
1484551716.637011000 0 0
1484551716.640847000 0 0
1484551716.832391000 0 0
1484551716.840472000 0 0
1484551716.942397000 0 0
1484551717.032953000 0 0
1484551717.070565000 0 0
1484551717.108313000 0 0
1484551717.251463000 0 0
1484551717.281587000 0 0
1484551717.285027000 0 18830
1484551717.603267000 0 0
1484551717.609130000 0 0
1484551717.269251000 18830 0
1484551717.275476000 0 0
1484551717.614249000 0 0
1484551717.725705000 0 0
1484551717.792502000 0 0
1484551718.034047000 0 0
1484551718.071265000 0 0
1484551718.183098000 0 0
1484551718.284211000 0 0
1484551718.449425000 0 0
1484551718.452108000 0 0
1484551718.891238000 0 0
1484551718.901398000 0 0
1484551718.907558000 0 0
1484551718.943519000 0 0
1484551718.905435000 0 0
1484551718.950133000 0 0
1484551718.966070000 0 0
1484551718.970949000 0 0
1484551718.976617000 0 0
1484551718.982246000 0 0
1484551718.963010000 0 0
1484551719.002249000 0 0
1484551719.008413000 0 0
1484551719.108267000 0 0
1484551719.128812000 0 0
1484551719.133016000 0 0
1484551719.137044000 0 0
1484551719.141850000 0 0
1484551719.146539000 0 0
1484551719.152036000 0 0
1484551719.157080000 0 0
1484551719.707613000 0 0
1484551719.925084000 0 0
1484551719.977545000 0 0
1484551719.987495000 0 0
1484551723.056948000 7168 0
1484551723.083728000 0 0
1484551723.165205000 0 0
1484551723.174299000 0 0
1484551723.336367000 0 0
1484551723.340972000 0 2
1484551723.348958000 0 0
1484551723.351839000 0 0
1484551719.994688000 2 0
1484551723.326740000 0 0
1484551723.355632000 0 0
1484551723.415466000 0 53
1484551717.724317000 204 0
1484551723.424425000 0 0
1484551717.036357000 0 0
1484551736.483971000 0 0
1484551736.519763000 0 0
1484551712.734975000 147 0
1484551712.751486000 153 0
1484551712.772219000 152 0
1484551712.797150000 147 0
1484551712.808895000 256 0
1484551712.831247000 261 0
1484551712.836755000 211 0
1484551712.839322000 226 0
1484551712.843613000 202 0
1484551712.845937000 123 0
1484551712.848172000 321 0
1484551712.850729000 302 0
1484551712.853470000 281 0
1484551712.876095000 134 0
1484551712.880817000 134 0
1484551712.917402000 134 0
1484551712.936249000 144 0
1484551712.944486000 134 0
1484551712.949528000 134 0
1484551712.961019000 134 0
1484551712.968984000 127 0
1484551712.992605000 122 0
1484551713.010336000 122 0
1484551713.018570000 138 0
1484551713.026522000 137 0
1484551713.032846000 142 0
1484551713.039336000 142 0
1484551713.047208000 123 0
1484551713.054253000 133 0
1484551713.060013000 133 0
1484551713.064752000 134 0
1484551713.069385000 133 0
1484551713.074117000 133 0
1484551713.079222000 191 0
1484551713.084451000 1605 0
1484551713.100673000 255 0
1484551713.106308000 226 0
1484551713.111834000 113 0
1484551713.117252000 302 0
1484551716.086835000 282 0
1484551716.117804000 10 0
1484551716.139696000 10 0
1484551716.157844000 111 0
1484551716.234078000 208 0
1484551716.363647000 31675 0
1484551716.380491000 4431 0
1484551716.441660000 16384 0
1484551716.527373000 362 0
1484551716.870248000 497 0
1484551717.053260000 12915 0
1484551717.082518000 8312 0
1484551717.134928000 208620 0
1484551717.749109000 32768 0
1484551718.058354000 50388 0
1484551718.078092000 8 0
1484551718.190338000 504 0
1484551718.239588000 7636 0
1484551718.297653000 5310 0
1484551718.898098000 1477 0
1484551719.104274000 862 0
1484551719.714083000 359 0
1484551719.935315000 218 0
1484551723.466291000 9172 0
1484551718.316041000 25 0
1484551723.564202000 9833 0
1484551748.886861000 0 5310
1484551748.899134000 0 0
1484551725.268812000 55 0
1484551773.964165000 0 0
1484551773.979921000 0 0
1484551774.006825000 0 0
1484551774.014416000 0 0
1484551774.041620000 0 66
1484551774.031655000 66 0
1484551774.050211000 0 0
1484551777.019472000 0 0
1484551777.056945000 0 137
1484551777.066893000 0 0
1484551777.036442000 137 0
1484551777.065757000 0 0
1484551777.091248000 0 0
1484551777.102893000 0 0
1484551777.123171000 0 0
1484551777.131174000 0 7338
1484551777.144021000 0 0
1484551777.142328000 0 0
1484551777.170049000 0 0
1484551777.200196000 51 0
1484551821.008432000 0 0
1484551821.013839000 0 0
1484552017.980416000 0 0
1484552018.174457000 0 0
1484552018.307748000 687693 3815
1484552019.759676000 0 359
1484552019.774270000 0 0
1484552019.772193000 0 0
1484552036.508854000 0 362
1484552018.165060000 5964 0
1484552079.332083000 0 208787
1484552079.358544000 0 0
1484552079.357676000 0 0
1484552095.211603000 0 0
1484552095.244755000 0 0
1484552095.267630000 0 0
1484552095.273689000 0 31615
1484552095.303969000 0 0
1484552095.311552000 0 0
1484552095.317625000 0 0
1484552095.251393000 0 0
1484552095.323122000 0 0
1484552095.371074000 0 0
1484552095.407803000 0 0
1484552317.873820000 0 7636
1484552317.888070000 0 0
1484552317.885779000 0 0
1484552318.676384000 0 0
1484552318.693207000 0 0
1484552318.716719000 365434 988
1484552318.789943000 0 0
1484552318.684295000 5964 0
1484552377.250236000 0 8766
1484552377.264982000 0 0
1484552377.262814000 0 0
1484552618.840516000 0 0
1484552618.846104000 5964 0
1484552677.292404000 0 8766
1484552677.303166000 0 0
1484552677.301513000 0 0
1484552318.806594000 3674 7510
1484551719.124498000 2538 0
1484551719.175047000 3475 0
1484551719.195323000 3798 0
1484552918.884315000 0 0
1484552918.892721000 5964 0
1484553208.157166000 0 8769
1484553208.167674000 0 0
1484553208.166236000 0 0
1484553218.936611000 0 0
1484553223.714600000 0 0
1484553218.944579000 5964 0
1484553508.199838000 0 8769
1484553508.211986000 0 0
1484553508.210211000 0 0
1484553519.011226000 0 0
1484553524.069318000 0 0
1484553524.083176000 0 0
1484553519.018856000 5964 2992
1484553524.076697000 2538 2739
1484553738.172713000 0 0
1484553738.757802000 0 0
1484553738.773122000 0 0
1484553753.181292000 0 0
1484553753.195813000 0 0
1484553753.188368000 3798 11718
1484553808.255556000 0 8771
1484553808.266458000 0 0
1484553808.265250000 0 0
1484553821.721141000 310551 0
1484553822.188849000 0 0
1484553822.194012000 0 0
1484553822.204409000 0 0
1484553822.218224000 0 0
1484553822.239735000 0 0
1484553822.244240000 0 0
1484553822.248849000 0 0
1484553822.253636000 0 0
1484553822.274841000 0 0
1484553822.279617000 0 0
1484553822.300027000 0 0
1484553822.304105000 0 0
1484553822.308376000 0 0
1484553822.328831000 0 0
1484553822.332917000 0 0
1484553822.213715000 560 0
1484553822.227051000 504 0
1484553822.261157000 504 0
1484553822.286744000 282 0
1484553822.315132000 398 0
1484553822.978959000 0 0
1484553828.084788000 0 0
1484553524.137601000 0 8020
1484553828.111754000 0 0
1484553738.179842000 365532 3515
1484553828.123947000 0 0
1484553828.223457000 0 0
1484553828.318629000 0 0
1484553828.338639000 0 0
1484553828.377526000 0 0
1484553828.399371000 0 0
1484553828.475134000 0 0
1484553828.711217000 0 0
1484553829.030070000 0 0
1484553829.049996000 0 0
1484553830.784120000 0 311085
1484553830.821808000 0 0
1484553830.819458000 0 0
1484553866.495458000 0 0
1484553866.530431000 0 0
1484553867.866820000 0 311609
1484553867.901880000 0 0
1484553867.901040000 0 0
1484553872.165937000 0 0
1484553872.169861000 0 0
1484553963.386588000 0 0
1484553524.177419000 0 5958
1484554105.995007000 0 0
1484554106.137160000 0 0
1484554106.185344000 0 0
1484554106.198966000 0 0
1484554106.220610000 0 0
1484554106.223128000 0 0
1484554106.226794000 0 0
1484554106.230657000 0 0
1484554106.235471000 0 0
1484554106.238165000 0 0
1484554106.240592000 0 0
1484554106.243205000 0 0
1484554106.289002000 0 0
1484554106.291918000 0 0
1484554106.300201000 0 0
1484554106.447105000 0 0
1484554106.449819000 0 0
1484554108.300419000 0 8773
1484554108.312651000 0 0
1484554108.310842000 0 0
1484554106.194873000 0 0
1484554116.570923000 0 0
1484554116.573913000 0 0
1484554116.578546000 0 0
1484554116.583470000 0 0
1484554116.598188000 0 0
1484554119.095429000 0 0
1484554119.990513000 0 379
1484554120.006626000 0 0
1484554120.004331000 0 0
1484554110.469457000 0 0
1484554106.192227000 398 0
1484554106.204867000 80 0
1484554106.255156000 226 0
1484554106.263674000 202 0
1484554106.269925000 123 0
1484554106.275465000 321 0
1484554106.280698000 302 0
1484554106.194468000 282 0
1484554106.285469000 281 0
1484554119.103138000 5577 0
1484554210.720866000 0 0
1484554210.725759000 0 0
1484554210.742468000 0 0
1484554210.745182000 0 0
1484554210.747550000 0 0
1484554210.751175000 0 0
1484554210.754365000 0 0
1484554210.757260000 0 0
1484554210.760246000 0 0
1484554210.764133000 0 0
1484554212.705362000 0 0
1484554213.113395000 0 0
1484554223.133796000 0 0
1484554223.136988000 0 0
1484554223.140836000 0 0
1484554223.143374000 0 0
1484554223.145879000 0 0
1484554223.149086000 0 0
1484554223.897163000 0 0
1484554223.882504000 0 0
1484554210.730036000 80 0
1484554210.697255000 0 0
1484554317.125533000 0 0
1484554317.568324000 0 0
1484554317.602106000 0 0
1484554317.624873000 0 0
1484554317.637701000 0 0
1484554317.643166000 0 0
1484554317.659229000 0 0
1484554317.664142000 0 0
1484554317.672485000 0 0
1484554317.678099000 0 0
1484554317.788326000 0 0
1484554317.842615000 0 0
1484554317.911453000 0 0
1484554317.916547000 0 0
1484554317.921580000 0 0
1484554317.926768000 0 0
1484554317.930989000 0 0
1484554317.979441000 0 0
1484554318.027096000 0 0
1484554318.121144000 0 0
1484554318.127171000 0 0
1484554318.158576000 0 0
1484554318.167880000 0 0
1484554318.230824000 0 0
1484554318.312598000 0 0
1484554318.317785000 0 0
1484554318.339372000 0 0
1484554318.376199000 0 0
1484554318.381307000 0 0
1484554318.386443000 0 0
1484554318.446118000 0 0
1484554318.642840000 0 0
1484554318.648644000 0 0
1484554318.665906000 0 0
1484554318.724371000 0 0
1484554318.758636000 0 0
1484554318.984972000 0 0
1484554319.120211000 0 0
1484554319.189177000 0 0
1484554319.195248000 0 18830
1484554319.534810000 0 0
1484554319.540851000 0 0
1484554319.162753000 18830 0
1484554319.173511000 0 0
1484554319.545911000 0 0
1484554319.618184000 0 0
1484554319.711686000 0 0
1484554319.748493000 0 0
1484554319.752590000 0 2
1484554319.761188000 0 0
1484554319.764796000 0 0
1484554318.653753000 2 0
1484554319.737952000 0 0
1484554319.768278000 0 0
1484554319.935831000 917504 0
1484554320.440507000 0 0
1484554320.554277000 0 0
1484554320.693723000 0 53
1484554319.675493000 288 0
1484554320.702135000 0 0
1484554320.757739000 0 0
1484554320.773992000 0 0
1484554320.797161000 0 0
1484554320.802536000 0 0
1484554320.888870000 0 0
1484554320.801478000 0 0
1484554320.795286000 0 0
1484554320.941036000 0 0
1484554320.941864000 0 90
1484554320.950193000 0 0
1484554320.936079000 0 4096
1484554320.949802000 0 0
1484554320.959942000 0 0
1484554320.932507000 0 0
1484554320.980095000 0 0
1484554320.995618000 0 0
1484554320.959730000 0 0
1484554322.882743000 0 0
1484554320.733081000 3591 0
1484554322.881955000 0 0
1484554322.899497000 0 0
1484554322.904997000 0 0
1484554322.903874000 0 0
1484554322.912978000 0 4113
1484554322.920660000 0 0
1484554323.273133000 0 0
1484554320.557407000 0 0
1484554333.008317000 0 0
1484554320.990711000 0 4096
1484554333.018453000 0 0
1484554333.024859000 0 0
1484554320.987801000 0 0
1484554333.033539000 0 0
1484554337.937045000 0 4490
1484554337.948329000 0 0
1484554337.959354000 0 0
1484554317.563341000 282 0
1484554317.631205000 10 0
1484554317.640953000 111 0
1484554317.698056000 208 0
1484554317.868094000 33184 0
1484554318.048904000 16384 0
1484554318.308276000 4349 0
1484554318.397107000 185 0
1484554318.959020000 8312 0
1484554319.006623000 237211 0
1484554319.667124000 116 0
1484554319.733713000 1977 0
1484554319.746936000 309 0
1484554319.761195000 3354 0
1484554320.582179000 7222 0
1484554320.792798000 29 0
1484554320.880424000 35011 0
1484554320.904425000 1251 0
1484554319.855002000 25 0
1484554349.746941000 0 1948
1484554349.759324000 0 0
1484554323.543913000 2054 0
1484554351.144165000 0 0
1484554351.160057000 0 0
1484554351.164552000 0 33264
1484554351.189807000 0 0
1484554351.194802000 0 0
1484554351.200933000 0 0
1484554351.148820000 0 0
1484554351.206247000 0 0
1484554352.977533000 0 6994
1484554352.985913000 0 0
1484554352.996175000 0 0
1484554328.341056000 2403 0
1484554320.927616000 40960 0
1484554368.026859000 0 9026
1484554368.037713000 0 0
1484554368.047303000 0 0
1484554375.452788000 0 0
1484554375.467175000 0 0
1484554375.483671000 0 0
1484554375.494776000 0 0
1484554375.532974000 0 66
1484554375.518061000 66 0
1484554375.542490000 0 0
1484554378.686821000 0 137
1484554378.695403000 0 0
1484554378.678147000 137 0
1484554378.694531000 0 0
1484554378.718302000 0 0
1484554378.726744000 0 14615
1484554378.736115000 0 0
1484554378.735193000 0 0
1484554378.723781000 0 0
1484554378.761236000 0 0
1484554379.168571000 0 0
1484554379.344363000 0 0
1484554379.468869000 0 0
1484554379.501661000 0 0
1484554379.526842000 0 0
1484554379.542849000 0 0
1484554379.552749000 0 0
1484554379.568928000 0 0
1484554379.592489000 0 0
1484554379.603018000 0 0
1484554379.612026000 0 0
1484554379.633683000 0 0
1484554379.644575000 0 0
1484554379.736352000 0 0
1484554379.746884000 0 0
1484554379.756525000 0 0
1484554379.764797000 0 0
1484554379.773507000 0 0
1484554379.796740000 0 0
1484554379.802516000 0 0
1484554379.849495000 0 0
1484554379.858216000 0 0
1484554379.880620000 0 0
1484554379.894662000 0 0
1484554380.020169000 0 0
1484554380.052989000 0 0
1484554380.062081000 0 0
1484554380.142673000 0 0
1484554380.150685000 0 0
1484554380.171847000 0 0
1484554380.180127000 0 0
1484554380.192944000 0 0
1484554380.204415000 0 0
1484554380.238812000 0 0
1484554380.247806000 0 0
1484554380.318771000 0 0
1484554380.467239000 0 0
1484554380.475805000 0 0
1484554380.499128000 0 0
1484554380.512174000 0 0
1484554380.521998000 0 0
1484554380.530847000 0 0
1484554380.546929000 0 0
1484554380.555483000 0 0
1484554380.586236000 0 0
1484554380.601169000 0 0
1484554380.607038000 0 0
1484554380.732955000 0 0
1484554380.739893000 0 0
1484554380.769247000 0 0
1484554380.786242000 0 0
1484554380.792575000 0 0
1484554380.799790000 0 0
1484554380.807660000 0 0
1484554380.815030000 0 0
1484554380.822639000 0 0
1484554380.830963000 0 0
1484554380.904487000 0 0
1484554380.923162000 0 0
1484554380.931362000 0 0
1484554380.947142000 0 0
1484554380.965673000 0 0
1484554380.992188000 0 0
1484554381.103947000 0 0
1484554381.112440000 0 0
1484554381.122745000 0 0
1484554381.131390000 0 0
1484554381.144352000 0 0
1484554381.161780000 0 0
1484554381.195230000 0 0
1484554381.203387000 0 0
1484554381.211589000 0 0
1484554381.220298000 0 0
1484554381.238578000 0 0
1484554381.287442000 0 0
1484554381.292887000 0 0
1484554381.296824000 0 0
1484554381.324706000 0 0
1484554381.331947000 0 0
1484554381.355908000 0 0
1484554381.365164000 0 0
1484554381.373614000 0 0
1484554381.380814000 0 0
1484554381.386696000 0 0
1484554381.392715000 0 0
1484554381.403594000 0 0
1484554381.409560000 0 0
1484554381.415558000 0 0
1484554381.421547000 0 0
1484554381.441720000 0 0
1484554381.458115000 0 0
1484554381.463610000 0 0
1484554381.472028000 0 0
1484554381.480738000 0 0
1484554381.489706000 0 0
1484554381.497621000 0 0
1484554381.503772000 0 0
1484554381.520154000 0 0
1484554381.525830000 0 0
1484554381.545953000 0 0
1484554381.564104000 0 0
1484554381.818558000 0 0
1484554381.837402000 0 0
1484554381.845529000 0 0
1484554381.945863000 0 0
1484554381.954542000 0 0
1484554381.963226000 0 0
1484554381.983647000 0 0
1484554381.991811000 0 0
1484554382.000100000 0 0
1484554382.013468000 0 0
1484554382.021586000 0 0
1484554382.035188000 0 0
1484554382.051975000 0 0
1484554382.070593000 0 0
1484554382.078675000 0 0
1484554382.086973000 0 0
1484554382.094516000 0 0
1484554382.102526000 0 0
1484554382.166394000 0 0
1484554382.178609000 0 0
1484554382.187485000 0 0
1484554382.205155000 0 0
1484554382.212104000 0 0
1484554382.219268000 0 0
1484554382.236034000 0 0
1484554382.253936000 0 0
1484554382.258626000 0 0
1484554382.273324000 0 0
1484554382.364127000 0 0
1484554382.372651000 0 0
1484554382.381202000 0 0
1484554382.393272000 0 0
1484554382.401841000 0 0
1484554382.410337000 0 0
1484554382.425494000 0 0
1484554382.434960000 0 0
1484554382.443560000 0 0
1484554382.457918000 0 0
1484554382.474169000 0 0
1484554382.482600000 0 0
1484554382.491258000 0 0
1484554382.499735000 0 0
1484554382.508490000 0 0
1484554382.523718000 0 0
1484554383.081849000 0 9308
1484554383.094638000 0 0
1484554383.106315000 0 0
1484554378.706842000 51 0
1484554408.343163000 0 8773
1484554408.356315000 0 0
1484554408.354507000 0 0
1484553738.765730000 3475 10763
1484553787.355057000 0 8422
1484553828.127325000 366718 6073
1484554419.136374000 0 0
1484554429.430628000 0 9624
1484554429.441053000 0 0
1484554429.440074000 0 0
1484554429.450046000 0 0
1484554429.449186000 0 0
1484554444.470762000 0 9658
1484554444.483312000 0 0
1484554444.481254000 0 0
1484554444.495174000 0 0
1484554444.493082000 0 0
1484554419.144220000 5577 0
1484554459.525190000 0 9660
1484554459.539883000 0 0
1484554459.537965000 0 0
1484554459.552910000 0 0
1484554459.550972000 0 0
1484554474.579298000 0 9632
1484554474.594724000 0 0
1484554474.592757000 0 0
1484554474.608624000 0 0
1484554474.606428000 0 0
1484554489.631199000 0 9445
1484554489.644783000 0 0
1484554489.642616000 0 0
1484554489.657060000 0 0
1484554489.654845000 0 0
1484554494.194576000 0 122
1484554494.200294000 0 4650
1484554494.205345000 0 0
1484554494.209822000 0 0
1484554494.204400000 0 0
1484554494.209006000 0 0
1484554494.218937000 0 0
1484554494.222795000 0 0
1484554494.261586000 0 146
1484554494.268968000 0 0
1484554320.430472000 0 32768
1484554494.296365000 0 0
1484554494.295824000 0 4349
1484554494.295425000 0 0
1484554494.302753000 0 0
1484554320.424692000 0 2311688
1484554494.309324000 0 181
1484554494.316152000 0 0
1484554494.318371000 0 0
1484554494.319524000 0 0
1484554494.317254000 0 0
1484554494.334797000 0 212
1484554494.348361000 0 0
1484554494.347247000 0 0
1484554494.362426000 0 259
1484554494.375407000 0 0
1484554494.372314000 0 0
1484554494.403987000 0 2033
1484554494.410110000 0 0
1484554318.703896000 0 32768
1484554494.417115000 0 0
1484554494.418132000 0 0
1484554318.697848000 0 8445264
1484554494.415521000 0 0
1484554494.429763000 0 0
1484554494.432483000 0 288
1484554494.434219000 0 0
1484554494.443495000 0 0
1484554494.441927000 0 0
1484554494.467928000 0 0
1484554320.803387000 0 32768
1484554494.476915000 0 0
1484554320.799761000 0 3208
1484554494.488070000 0 0
1484554494.492770000 0 0
1484554494.503383000 0 0
1484554494.523380000 0 0
1484554494.529105000 0 33324
1484554494.558227000 0 0
1484554494.565772000 0 0
1484554494.571819000 0 0
1484554494.510188000 0 0
1484554494.577255000 0 0
1484554494.636484000 0 6476
1484554494.646615000 0 0
1484554494.645401000 0 0
1484554494.657255000 0 0
1484554323.014493000 0 0
1484554320.810908000 0 0
1484554317.662519000 0 0
1484554318.476740000 65536 0
1484554318.075119000 413696 4096
1484554318.090271000 16384 4096
1484554320.409817000 884736 983040
1484554318.687812000 1474560 5537792
1484554320.791678000 229376 12288
1484554319.627299000 98304 0
1484554708.393280000 0 8773
1484554708.405378000 0 0
1484554708.403812000 0 0
1484554719.185124000 0 0
1484554720.052045000 0 459
1484554720.067304000 0 0
1484554720.065039000 0 0
1484554719.193108000 5577 0
1484555008.451823000 0 8773
1484555008.465209000 0 0
1484555008.463447000 0 0
1484555019.237554000 0 0
1484555020.078827000 0 359
1484555020.099024000 0 0
1484555020.096727000 0 0
1484553963.394177000 687847 16169
1484555019.245530000 5577 0
1484555308.491850000 0 8773
1484555308.504553000 0 0
1484555308.503021000 0 0
1484555319.293517000 0 0
1484555319.301093000 5577 0
1484555608.554064000 0 8773
1484555608.566892000 0 0
1484555608.565289000 0 0
1484555619.345694000 0 0
1484555619.353121000 5577 0
1484555919.393785000 0 0
1484555919.401702000 5577 0
1484556219.440049000 0 0
1484556219.445414000 5577 0
1484556274.529983000 0 8773
1484556274.542438000 0 0
1484556274.540785000 0 0
1484556283.183269000 0 0
1484556519.497192000 0 0
1484556520.221784000 0 364
1484556520.237446000 0 0
1484556520.235162000 0 0
1484556519.504849000 5577 0
1484556283.192281000 367966 7812
1484556574.561032000 0 8773
1484556574.572363000 0 0
1484556574.570950000 0 0
1484556819.541417000 0 0
1484556820.251529000 0 359
1484556820.267714000 0 0
1484556820.265429000 0 0
1484556819.549357000 5577 0
1484557119.590829000 0 0
1484557119.598910000 5577 0
1484557419.639896000 0 0
1484557419.645383000 5577 0
1484557466.469400000 0 8773
1484557466.479778000 0 0
1484557466.478776000 0 0
1484557719.682303000 0 0
1484557719.690713000 5577 0
1484557766.500396000 0 8774
1484557766.514700000 0 0
1484557766.512573000 0 0
1484557955.085696000 282 0
1484558019.836541000 0 0
1484558019.901161000 5577 0
1484558066.562727000 0 8774
1484558066.580534000 0 0
1484558066.578274000 0 0
1484558118.586637000 0 0
1484558118.650784000 0 0
1484558319.949771000 0 0
1484558319.957950000 5577 0
1484558508.975558000 0 8774
1484558508.985942000 0 0
1484558508.984591000 0 0
1484558572.099598000 0 0
1484558619.991639000 0 0
1484558620.436671000 0 379
1484558620.453031000 0 0
1484558620.450706000 0 0
1484558619.999797000 5577 0
1484558809.036956000 0 8774
1484558809.048269000 0 0
1484558809.046683000 0 0
1484558920.043767000 0 0
1484558920.052285000 5577 0
1484559220.099196000 0 0
1484559220.108899000 5577 0
1484559520.153968000 0 0
1484559520.160213000 5577 0
1484559820.203288000 0 0
1484559820.211440000 5577 0
1484560120.251651000 0 0
1484560120.259555000 5577 0
1484560420.307066000 0 0
1484560420.315075000 5577 0
1484560720.350343000 0 0
1484560720.359607000 5577 0
1484561020.401388000 0 0
1484561020.409669000 5577 0
1484561320.452623000 0 0
1484561320.460271000 5577 0
1484561535.586312000 0 8774
1484561535.597453000 0 0
1484561535.595672000 0 0
1484561620.504392000 0 0
1484561620.749721000 0 359
1484561620.766249000 0 0
1484561620.763941000 0 0
1484561620.512500000 5577 0
1484561785.282764000 0 0
1484561785.325251000 0 0
1484561785.328022000 0 0
1484561785.336691000 0 0
1484561792.300324000 0 0
1484561799.888657000 0 0
1484561799.892762000 0 0
1484561799.899305000 0 0
1484561799.911184000 0 0
1484561800.436666000 0 0
1484561800.439826000 0 0
1484561800.427753000 0 0
1484561785.343655000 282 0
1484561835.601377000 0 8777
1484561835.611758000 0 0
1484561835.610741000 0 0
1484561812.533447000 282 0
1484561839.163208000 0 0
1484561839.167419000 0 0
1484561839.176302000 0 0
1484561839.186412000 0 0
1484561839.200732000 0 0
1484561839.203310000 0 0
1484561839.205893000 0 0
1484561839.218365000 0 0
1484561839.220959000 0 0
1484561839.229755000 0 0
1484561839.232164000 0 0
1484561839.246099000 0 0
1484561839.248797000 0 0
1484561839.103506000 282 0
1484561839.183787000 560 0
1484561839.193972000 504 0
1484561839.211530000 504 0
1484561839.237700000 398 0
1484561920.544997000 0 0
1484561920.551123000 5577 0
1484561987.620022000 0 0
1484561987.623152000 0 0
1484561987.628383000 0 0
1484561987.855448000 0 0
1484561987.858254000 0 0
1484561987.862325000 0 0
1484561987.865826000 0 0
1484561987.869040000 0 0
1484561987.872003000 0 0
1484561987.875553000 0 0
1484561987.879219000 0 0
1484561987.986873000 0 0
1484561987.991718000 0 0
1484561988.002562000 0 0
1484562005.652937000 0 0
1484562005.657114000 0 0
1484562005.666039000 0 0
1484562005.669260000 0 0
1484562005.673994000 0 0
1484562005.678572000 0 0
1484562007.252539000 0 0
1484562007.599435000 0 0
1484561987.635560000 80 0
1484561988.009113000 398 0
1484562018.391715000 0 0
1484562018.395907000 0 0
1484562018.402824000 0 0
1484562018.405784000 0 0
1484562018.410175000 0 0
1484562018.414861000 0 0
1484562020.155046000 0 0
1484562020.140662000 0 0
1484561987.812161000 0 0
1484562135.667736000 0 8777
1484562135.679883000 0 0
1484562135.678266000 0 0
1484562220.586465000 0 0
1484562220.812521000 0 379
1484562220.828776000 0 0
1484562220.826467000 0 0
1484562220.595077000 5577 0
1484562435.726317000 0 8777
1484562435.740328000 0 0
1484562435.738415000 0 0
1484562520.632554000 0 0
1484562520.640240000 5577 0
1484562735.769048000 0 8777
1484562735.782219000 0 0
1484562735.780504000 0 0
1484562820.684497000 0 0
1484562820.692556000 5577 0
1484563035.815850000 0 8777
1484563035.830090000 0 0
1484563035.827800000 0 0
1484563088.415363000 0 0
1484563088.490104000 0 0
1484563088.495553000 0 0
1484563088.506397000 0 0
1484563088.515923000 560 0
1484563120.740449000 0 0
1484563120.748456000 5577 0
1484563136.199793000 282 0
1484563335.861700000 0 8777
1484563335.874664000 0 0
1484563335.873082000 0 0
1484563420.792000000 0 0
1484563420.800222000 5577 0
1484563688.737391000 0 8777
1484563688.752982000 0 0
1484563688.750902000 0 0
1484563720.844565000 0 0
1484563720.852808000 5577 0
1484563988.784018000 0 8777
1484563988.796274000 0 0
1484563988.794650000 0 0
1484564020.886604000 0 0
1484564020.894604000 5577 0
1484564288.835688000 0 8777
1484564288.850777000 0 0
1484564288.848412000 0 0
1484564320.928291000 0 0
1484564320.936069000 5577 0
1484564588.883105000 0 8777
1484564588.896477000 0 0
1484564588.894815000 0 0
1484564620.976911000 0 0
1484564620.984817000 5577 0
1484564888.930545000 0 8777
1484564888.944286000 0 0
1484564888.941991000 0 0
1484564921.021704000 0 0
1484564921.091952000 0 359
1484564921.107992000 0 0
1484564921.105693000 0 0
1484564921.030028000 5577 0
1484565081.416904000 0 0
1484565081.421521000 0 0
1484565188.983082000 0 8777
1484565188.996409000 0 0
1484565188.994807000 0 0
1484565221.071256000 0 0
1484565231.341601000 0 0
1484565231.356860000 0 0
1484565221.080199000 5577 2620
1484558572.107737000 689235 7548
1484565326.025850000 0 0
1484565326.421814000 0 0
1484565326.437592000 0 0
1484565231.389441000 0 8059
1484565326.033936000 368874 2053
1484565326.431844000 3629 7402
1484565489.045912000 0 8777
1484565489.060774000 0 0
1484565489.058528000 0 0
1484565521.120012000 0 0
1484565521.128461000 5590 0
1484565789.082078000 0 8777
1484565789.094809000 0 0
1484565789.093070000 0 0
1484565821.164338000 0 0
1484565231.350757000 2049 7359
1484565341.541968000 0 5162
1484565341.121064000 370106 4484
1484565821.172032000 5590 0
1484566032.034617000 0 0
1484566050.788985000 282 0
1484566077.289600000 0 0
1484566077.294777000 0 0
1484566077.304870000 0 0
1484566077.318514000 0 0
1484566077.340810000 0 0
1484566077.345585000 0 0
1484566077.350417000 0 0
1484566077.355432000 0 0
1484566077.377800000 0 0
1484566077.382770000 0 0
1484566077.399053000 0 0
1484566077.403352000 0 0
1484566077.408369000 0 0
1484566077.434378000 0 0
1484566077.439834000 0 0
1484566089.142709000 0 8777
1484566089.157661000 0 0
1484566089.155375000 0 0
1484566077.237298000 282 0
1484566077.313986000 560 0
1484566077.327862000 504 0
1484566077.363013000 504 0
1484566077.416227000 398 0
1484566121.209747000 0 0
1484566121.217547000 5590 0
1484566389.182961000 0 8777
1484566389.196217000 0 0
1484566389.194603000 0 0
1484566421.263289000 0 0
1484566421.271032000 5590 0
1484566689.207259000 0 8777
1484566689.216891000 0 0
1484566689.215869000 0 0
1484566721.310956000 0 0
1484566721.316162000 5590 0
1484566989.274753000 0 8777
1484566989.289677000 0 0
1484566989.287385000 0 0
1484567021.356634000 0 0
1484567021.364529000 5590 0
1484567321.400136000 0 0
1484567321.413422000 5590 0
1484567359.882209000 0 8777
1484567359.893102000 0 0
1484567359.892092000 0 0
1484567409.948989000 0 0
1484567409.954976000 0 0
1484567409.966372000 0 0
1484567409.981149000 0 0
1484567410.006255000 0 0
1484567410.010940000 0 0
1484567410.015718000 0 0
1484567410.020377000 0 0
1484567410.043416000 0 0
1484567410.049526000 0 0
1484567410.073956000 0 0
1484567410.078978000 0 0
1484567410.083907000 0 0
1484567410.109416000 0 0
1484567410.113873000 0 0
1484567411.270487000 0 312069
1484567411.306541000 0 0
1484567411.305609000 0 0
1484567409.976677000 560 0
1484567409.991469000 504 0
1484567410.028047000 504 0
1484567410.057056000 282 0
1484567410.091898000 398 0
1484567440.760721000 0 0
1484567440.808155000 0 0
1484567440.811537000 0 0
1484567440.819830000 0 0
1484567454.750823000 0 0
1484567440.823736000 282 0
1484567473.484729000 282 0
1484567500.107879000 0 0
1484567500.113122000 0 0
1484567500.124438000 0 0
1484567500.132936000 0 0
1484567500.151656000 0 0
1484567500.156038000 0 0
1484567500.160637000 0 0
1484567500.164750000 0 0
1484567500.186631000 0 0
1484567500.191312000 0 0
1484567500.206747000 0 0
1484567500.211337000 0 0
1484567500.216196000 0 0
1484567500.237377000 0 0
1484567500.242151000 0 0
1484567500.049920000 282 0
1484567500.129400000 560 0
1484567500.138297000 504 0
1484567500.171691000 504 0
1484567500.220689000 398 0
1484567600.482215000 0 0
1484567600.484672000 0 0
1484567600.487924000 0 0
1484567621.448770000 0 0
1484567621.477241000 0 459
1484567621.491580000 0 0
1484567621.489980000 0 0
1484567621.457392000 5590 0
1484567659.948396000 0 8777
1484567659.961156000 0 0
1484567659.959600000 0 0
1484567704.507588000 0 0
1484567704.922669000 0 0
1484567704.937211000 0 0
1484567704.515686000 371181 6755
1484567921.499759000 0 0
1484567921.527819000 0 359
1484567921.545028000 0 0
1484567921.542804000 0 0
1484567921.508377000 5590 0
1484567959.988347000 0 8777
1484567960.000380000 0 0
1484567959.998396000 0 0
1484567704.930738000 2592 8297
1484567718.224531000 372517 5377
1484568221.552482000 0 0
1484568221.560467000 5590 0
1484568260.042512000 0 8777
1484568260.053964000 0 0
1484568260.052685000 0 0
1484568385.892850000 0 0
1484568385.965274000 0 0
1484568385.970462000 0 0
1484568385.981219000 0 0
1484568386.113710000 0 0
1484568386.193281000 0 0
1484568386.146012000 486 0
1484568385.990793000 282 0
1484568386.152920000 473 0
1484568386.169743000 478 0
1484568388.031921000 0 0
1484568388.379037000 0 0
1484568386.110947000 0 0
1484568398.145946000 0 0
1484568398.150294000 0 0
1484568398.154539000 0 0
1484568398.164107000 0 0
1484568398.334477000 0 0
1484568386.130393000 481 0
1484568402.645821000 0 0
1484568403.017938000 0 0
1484568403.152475000 0 0
1484568403.189999000 0 0
1484568403.193191000 0 0
1484568403.202871000 0 0
1484568403.319701000 0 0
1484568403.324244000 0 0
1484568403.696189000 0 0
1484568403.698727000 0 0
1484568403.706522000 0 0
1484568403.709206000 0 0
1484568403.716209000 0 0
1484568403.721870000 0 0
1484568403.720341000 0 0
1484568403.213150000 282 0
1484568403.735486000 0 0
1484568403.733555000 0 0
1484568403.738231000 0 0
1484568403.748135000 0 0
1484568403.745204000 0 0
1484568403.762688000 0 0
1484568403.760075000 0 0
1484568403.832827000 0 0
1484568403.829921000 0 0
1484568403.840893000 0 0
1484568403.926196000 0 0
1484568403.923653000 0 0
1484568406.071280000 0 0
1484568406.076148000 0 0
1484568406.080617000 0 0
1484568406.326979000 0 0
1484568406.329688000 0 0
1484568406.336922000 0 0
1484568406.339742000 0 0
1484568406.345709000 0 0
1484568406.427843000 0 0
1484568406.430303000 0 0
1484568406.435104000 0 0
1484568403.959080000 165 0
1484568406.454096000 0 0
1484568406.452642000 0 0
1484568406.459030000 0 0
1484568406.544791000 0 0
1484568406.541933000 0 0
1484568388.388082000 300 0
1484568401.566443000 12335 0
1484568403.364225000 0 0
1484568403.375504000 135191 0
1484568403.020051000 0 0
1484568521.599339000 0 0
1484568521.607461000 5590 0
1484568672.958944000 0 8777
1484568672.972580000 0 0
1484568672.970859000 0 0
1484568821.644487000 0 0
1484568821.652287000 5590 0
1484569052.861704000 0 8777
1484569052.876041000 0 0
1484569052.874719000 0 0
1484569121.696033000 0 0
1484569121.704953000 5590 0
1484569352.917583000 0 8777
1484569352.932499000 0 0
1484569352.930212000 0 0
1484569421.745848000 0 0
1484569421.753646000 5590 0
1484569652.962595000 0 8777
1484569652.978713000 0 0
1484569652.976380000 0 0
1484569721.794305000 0 0
1484569721.802810000 5590 0
1484569963.526101000 0 8777
1484569963.539932000 0 0
1484569963.538377000 0 0
1484569969.676337000 0 0
1484568398.343134000 0 0
1484568388.385846000 0 0
1484569971.719740000 0 0
1484569971.724115000 0 0
1484569971.732610000 0 0
1484569971.739631000 282 0
1484570021.836860000 0 0
1484570021.844663000 5590 0
1484570263.560953000 0 8777
1484570263.574369000 0 0
1484570263.572710000 0 0
1484570321.883772000 0 0
1484570321.891810000 5590 0
1484570543.564920000 0 0
1484570543.569367000 0 0
1484570621.929011000 0 0
1484570621.937325000 5590 0
1484570871.320255000 0 8777
1484570871.335558000 0 0
1484570871.333250000 0 0
1484570921.979950000 0 0
1484570922.007765000 0 459
1484570922.021480000 0 0
1484570922.019744000 0 0
1484570933.665913000 0 0
1484570921.987898000 5590 0
1484571171.371777000 0 8777
1484571171.386134000 0 0
1484571171.384350000 0 0
1484571222.035629000 0 0
1484571222.043481000 5590 0
1484554109.193194000 0 0
1484554106.134620000 0 0
1484571458.466916000 0 0
1484571458.475702000 0 0
1484571458.473689000 0 0
1484571458.581273000 0 0
1484554106.312006000 0 0
1484571458.629148000 0 0
1484571458.712879000 0 0
1484571458.719354000 0 0
1484571458.724818000 0 0
1484571458.729934000 0 0
1484571458.735542000 0 0
1484571458.715383000 0 0
1484571458.471147000 0 0
1484571458.437324000 0 0
1484571458.435508000 0 0
1484571471.412301000 0 8777
1484571471.424807000 0 0
1484571471.423186000 0 0
1484571458.487056000 147 0
1484571458.505292000 153 0
1484571458.521583000 152 0
1484571458.529903000 147 0
1484571458.546069000 256 0
1484571458.568528000 261 0
1484571458.576901000 211 0
1484571458.587020000 226 0
1484571458.594206000 202 0
1484571458.601693000 123 0
1484571458.609180000 321 0
1484571458.616385000 302 0
1484571458.623844000 281 0
1484571458.637172000 134 0
1484571458.644417000 134 0
1484571458.655205000 134 0
1484571458.666766000 144 0
1484571458.682166000 134 0
1484571458.690143000 134 0
1484571458.707419000 134 0
1484571458.720591000 127 0
1484571458.727278000 122 0
1484571458.741182000 122 0
1484571458.750607000 138 0
1484571458.756871000 137 0
1484571458.763299000 142 0
1484571458.769386000 142 0
1484571458.778518000 123 0
1484571458.785473000 133 0
1484571458.792347000 133 0
1484571458.799115000 134 0
1484571458.806019000 133 0
1484571458.812770000 133 0
1484571458.820157000 191 0
1484571458.826878000 1605 0
1484571458.837869000 255 0
1484571458.844367000 226 0
1484571458.849893000 113 0
1484571458.855646000 302 0
1484571522.090040000 0 0
1484571522.118691000 0 359
1484571522.135126000 0 0
1484571522.132768000 0 0
1484571522.099132000 5590 0
1484571771.466833000 0 8777
1484571771.480799000 0 0
1484571771.478488000 0 0
1484571791.180888000 0 0
1484571791.788670000 0 0
1484571791.804466000 0 0
1484571822.143275000 0 0
1484571822.151225000 5590 0
1484571881.855664000 0 0
1484572071.511476000 0 8777
1484572071.525905000 0 0
1484572071.524340000 0 0
1484572122.184885000 0 0
1484572122.211155000 0 379
1484572122.227046000 0 0
1484572122.224729000 0 0
1484572122.192906000 5590 0
1484572422.232856000 0 0
1484572422.240807000 5590 0
1484572647.338950000 0 8777
1484572647.351458000 0 0
1484572647.349729000 0 0
1484572722.279531000 0 0
1484571791.189040000 373759 8011
1484571791.798153000 2807 8759
1484572722.287108000 5590 0
1484572947.394278000 0 8777
1484572947.407418000 0 0
1484572947.405649000 0 0
1484573022.331968000 0 0
1484573022.340503000 5590 0
1484573242.065341000 0 0
1484573242.168939000 0 0
1484573242.174619000 0 0
1484573242.185439000 0 0
1484573242.559161000 0 0
1484573242.563263000 0 0
1484573242.572814000 0 0
1484573242.690021000 0 0
1484573242.692826000 0 0
1484573242.701081000 0 0
1484573242.704278000 0 0
1484573242.732791000 0 0
1484573242.758450000 0 0
1484573242.761755000 0 0
1484573242.764202000 0 0
1484573242.772313000 0 0
1484573242.788809000 0 0
1484573242.791353000 0 0
1484573242.801906000 0 0
1484573242.804207000 0 0
1484573242.807375000 0 0
1484573242.810756000 0 0
1484573242.194829000 282 0
1484573242.709716000 398 0
1484573242.770210000 560 0
1484573242.778646000 504 0
1484573242.801701000 0 0
1484573242.816418000 504 0
1484573242.821210000 0 0
1484573242.974263000 0 0
1484573242.977000000 0 0
1484573242.981435000 0 0
1484573243.016072000 432 0
1484573243.021897000 1582 0
1484573242.988062000 481 0
1484573242.993254000 486 0
1484573242.999009000 473 0
1484573243.003955000 478 0
1484573242.672565000 432 0
1484573242.687261000 1582 0
1484573322.377312000 0 0
1484573322.404156000 0 359
1484573322.420036000 0 0
1484573322.417726000 0 0
1484573322.385274000 5590 0
1484573521.571988000 0 8777
1484573521.585683000 0 0
1484573521.583760000 0 0
1484573622.420576000 0 0
1484573622.428052000 5590 0
1484573821.615131000 0 8777
1484573821.628150000 0 0
1484573821.626587000 0 0
1484573922.474170000 0 0
1484573925.393681000 0 0
1484573925.707121000 0 0
1484573925.758135000 0 0
1484573925.778932000 0 0
1484573926.027686000 0 0
1484573926.030895000 0 0
1484573926.034748000 0 0
1484573926.039114000 0 0
1484573926.044747000 0 0
1484573926.047692000 0 0
1484573926.050540000 0 0
1484573926.054340000 0 0
1484573926.280703000 0 0
1484573926.283897000 0 0
1484573926.292302000 0 0
1484573925.979375000 0 0
1484573935.771071000 0 0
1484573935.776248000 0 0
1484573935.785581000 0 0
1484573935.819773000 0 0
1484573922.482861000 5590 0
1484573925.768573000 398 0
1484573925.774848000 282 0
1484573925.787005000 80 0
1484573926.125091000 226 0
1484573926.144021000 202 0
1484573926.151674000 123 0
1484573926.158463000 321 0
1484573926.165194000 302 0
1484573926.171424000 281 0
1484573929.657268000 0 0
1484574121.660282000 0 8777
1484574121.672226000 0 0
1484574121.670623000 0 0
1484573991.010504000 0 0
1484574222.530421000 0 0
1484574222.538371000 5590 0
1484574311.283639000 0 0
1484574311.332330000 0 0
1484574311.367178000 0 0
1484574311.370671000 0 0
1484574311.322673000 0 0
1484574317.683520000 0 0
1484574421.707384000 0 8777
1484574421.719410000 0 0
1484574421.717928000 0 0
1484574474.389363000 0 0
1484574474.424673000 0 0
1484574474.468642000 0 0
1484574474.474637000 0 0
1484574474.414889000 0 0
1484574480.317692000 0 0
1484574522.575076000 0 0
1484574522.581565000 5590 0
1484574652.124355000 0 0
1484574196.389155000 0 0
1484573925.704390000 0 0
1484574652.577582000 0 0
1484574652.581641000 0 0
1484574652.614864000 0 0
1484574652.632841000 0 0
1484574652.636862000 0 0
1484574652.640546000 0 0
1484574652.644253000 0 0
1484574652.648189000 0 0
1484574652.652112000 0 0
1484574652.580646000 0 0
1484574652.566003000 0 0
1484574652.603663000 0 0
1484573926.072519000 0 0
1484574652.587177000 147 0
1484574652.591736000 153 0
1484574652.595864000 152 0
1484574652.599797000 147 0
1484574652.605066000 256 0
1484574652.609199000 261 0
1484574652.613154000 211 0
1484574652.634929000 226 0
1484574652.638977000 202 0
1484574652.617976000 123 0
1484574652.621863000 321 0
1484574652.625739000 302 0
1484574652.629834000 281 0
1484574652.645250000 134 0
1484574652.650094000 134 0
1484574652.654636000 134 0
1484574652.659387000 144 0
1484574652.663568000 134 0
1484574652.667556000 134 0
1484574652.671607000 134 0
1484574652.676001000 127 0
1484574652.680363000 122 0
1484574652.684686000 122 0
1484574652.689161000 138 0
1484574652.693655000 137 0
1484574652.698754000 142 0
1484574652.703442000 142 0
1484574652.707467000 123 0
1484574652.712509000 133 0
1484574652.717195000 133 0
1484574652.721675000 134 0
1484574652.726496000 133 0
1484574652.731610000 133 0
1484574652.736080000 191 0
1484574652.741029000 1605 0
1484574652.745739000 255 0
1484574652.751210000 226 0
1484574652.756531000 113 0
1484574652.762179000 302 0
1484574721.762802000 0 8777
1484574721.778676000 0 0
1484574721.776382000 0 0
1484574787.468445000 0 0
1484574787.471721000 0 0
1484574787.479860000 0 0
1484574795.321185000 0 0
1484574787.485771000 282 0
1484574822.616049000 0 0
1484574814.366371000 282 0
1484574840.943267000 0 0
1484574840.948039000 0 0
1484574840.957350000 0 0
1484574840.970826000 0 0
1484574840.994458000 0 0
1484574840.999060000 0 0
1484574841.003723000 0 0
1484574841.008384000 0 0
1484574841.031047000 0 0
1484574841.036172000 0 0
1484574841.054148000 0 0
1484574841.057159000 0 0
1484574841.060896000 0 0
1484574841.078845000 0 0
1484574841.082920000 0 0
1484574822.621533000 5590 0
1484574840.888084000 282 0
1484574840.966401000 560 0
1484574840.979545000 504 0
1484574841.015681000 504 0
1484574841.067324000 398 0
1484575021.813781000 0 8777
1484575021.826438000 0 0
1484575021.824713000 0 0
1484571881.863794000 689471 7568
1484575117.807862000 0 0
1484575122.649893000 0 0
1484575122.663895000 0 459
1484575122.674699000 0 0
1484575122.673280000 0 0
1484575122.655764000 5590 0
1484575136.452410000 282 0
1484575186.273065000 0 0
1484575186.287259000 0 0
1484575186.291687000 0 1477
1484575186.299997000 0 0
1484575186.303401000 0 0
1484575186.306265000 0 0
1484575186.277311000 0 0
1484575186.309059000 0 0
1484575186.395860000 0 359
1484575186.405338000 0 0
1484575186.415245000 0 85
1484575186.422853000 0 0
1484575186.466706000 0 109
1484575186.473942000 0 0
1484551723.076072000 0 4096
1484575186.474020000 0 0
1484575186.480017000 0 0
1484575186.485288000 0 0
1484575186.489527000 0 0
1484551723.071402000 0 0
1484575186.490580000 0 0
1484575186.496356000 0 0
1484575186.496307000 0 0
1484575186.500121000 0 0
1484575186.503905000 0 0
1484575186.507602000 0 0
1484575186.514655000 0 0
1484575186.523387000 0 0
1484575186.495082000 0 862
1484575186.540505000 0 0
1484575186.544272000 0 0
1484575186.483943000 0 0
1484575186.547615000 0 0
1484551718.931651000 17954 325700
1484551719.792140000 799999 136005
1484575186.528295000 2840 2923
1484575186.570534000 0 17983
1484575186.635825000 0 362
1484575186.641462000 0 144
1484575186.650594000 0 0
1484575186.671427000 0 175
1484575186.700013000 0 0
1484575186.706933000 0 0
1484551736.561517000 0 32768
1484575186.715512000 0 0
1484575186.716018000 0 204
1484551736.556634000 0 889680
1484575186.727112000 0 0
1484575186.727464000 0 0
1484575186.735386000 0 0
1484575186.748610000 0 0
1484551736.522264000 0 4096
1484575186.758331000 0 0
1484575186.764412000 0 0
1484551736.517169000 0 0
1484575186.773373000 0 0
1484575186.781535000 0 0
1484575186.801473000 0 0
1484575186.806477000 0 31676
1484575186.836288000 0 0
1484575186.841925000 0 0
1484575186.787631000 0 0
1484575186.846888000 0 0
1484575186.941091000 0 0
1484551723.209533000 101411 22271
1484551218.570891000 0 0
1484551736.580402000 0 0
1484551736.531432000 0 0
1484551716.181620000 0 0
