1484573505.489201000 0 0
1484573505.514053000 0 0
1484573505.525621000 0 0
1484573505.552296000 0 0
1484573505.563660000 0 0
1484573507.180376000 282 0
1484573507.847748000 122 0
1484573508.095744000 0 0
1484573508.099364000 0 0
1484573508.107330000 0 0
1484573508.107528000 0 0
1484573508.109392000 0 0
1484573508.111620000 0 0
1484573508.132393000 0 0
1484573508.740706000 0 0
1484573508.743257000 0 0
1484573508.766833000 0 0
1484573508.770114000 0 0
1484573508.773112000 0 0
1484573508.775981000 0 0
1484573509.211140000 0 0
1484573509.213733000 0 0
1484573508.131271000 0 0
1484573508.719847000 2002 0
1484573508.732838000 1996 0
1484573508.744107000 507 0
1484573508.756713000 576 0
1484573508.750501000 531 0
1484573508.762979000 1978 0
1484573508.768747000 478 0
1484573508.784654000 1423 0
1484573508.790734000 504 0
1484573508.900416000 501 0
1484573508.914984000 378 0
1484573509.280753000 505 0
1484573508.157560000 533 0
1484573508.675044000 512 0
1484573508.686497000 1380 0
1484573508.700864000 1739 0
1484573508.845948000 505 0
1484573508.066096000 282 0
1484573509.445717000 4096 0
1484573509.560559000 0 0
1484573509.950885000 0 0
1484573510.176190000 2002 0
1484573510.192989000 1996 0
1484573510.210233000 507 0
1484573510.217374000 531 0
1484573510.227993000 1978 0
1484573510.233622000 478 0
1484573510.238587000 1423 0
1484573510.243839000 501 0
1484573510.260129000 378 0
1484573510.297774000 505 0
1484573529.235197000 0 0
1484573530.039841000 0 0
1484573532.408952000 0 0
1484573532.412755000 0 0
1484573532.421283000 0 0
1484573509.598113000 1739 0
1484573509.629331000 1284 0
1484573509.659684000 1667 0
1484573509.676690000 1254 0
1484573509.685980000 509 0
1484573509.705578000 1269 0
1484573509.835795000 1694 0
1484573509.848070000 1263 0
1484573509.856185000 1750 0
1484573509.881522000 1601 0
1484573510.178923000 0 0
1484573510.195341000 0 0
1484573510.212513000 0 0
1484573510.224889000 0 0
1484573510.230397000 0 0
1484573510.235733000 0 0
1484573510.240988000 0 0
1484573510.246238000 0 0
1484573510.294584000 0 0
1484573510.311726000 0 0
1484573510.368014000 6011 0
1484573510.443092000 11986 0
1484573510.498803000 5294 0
1484573510.749814000 21216 0
1484573510.797388000 7982 0
1484573510.840515000 8711 0
1484573510.872048000 10522 0
1484573510.900322000 5475 0
1484573511.026843000 5819 0
1484573511.065130000 8586 0
1484573510.159787000 4096 0
1484573532.014254000 0 0
1484573542.173794000 0 0
1484573542.972774000 0 0
1484573542.999386000 0 0
1484573543.002902000 0 0
1484573543.012622000 0 0
1484573542.968590000 579 0
1484573542.631635000 175 0
1484573542.649035000 178 0
1484573532.457091000 398 0
1484573522.958922000 282 0
1484573543.499192000 0 0
1484573542.320960000 80 0
1484573542.466429000 638 0
1484573542.667574000 197 0
1484573542.681328000 141 0
1484573542.701812000 192 0
1484573542.718608000 73 0
1484573542.741434000 119 0
1484573542.858102000 121 0
1484573542.870560000 319 0
1484573542.910728000 165 0
1484573542.949198000 197 0
1484573543.018152000 576 0
1484573543.489363000 84 0
1484573543.506969000 0 0
1484573543.668613000 0 0
1484573543.516766000 0 0
1484573542.571178000 132 0
1484573573.436120000 0 0
1484573753.889721000 0 0
1484573754.662058000 0 0
1484573754.683264000 0 0
1484573754.694366000 0 0
1484573754.702024000 0 0
1484573754.736009000 0 0
1484573754.761665000 0 0
1484573754.772888000 0 0
1484573754.797452000 0 0
1484573754.833194000 0 0
1484573754.842653000 0 0
1484573754.947734000 0 0
1484573755.107208000 0 0
1484573755.181831000 0 0
1484573755.186708000 0 0
1484573755.191257000 0 0
1484573755.196475000 0 0
1484573755.200143000 0 0
1484573755.242651000 0 0
1484573755.402708000 0 0
1484573755.727073000 0 0
1484573755.746809000 0 0
1484573755.866056000 0 0
1484573755.882440000 0 0
1484573755.897178000 0 0
1484573755.911566000 0 0
1484573755.928397000 0 0
1484573755.932896000 0 0
1484573755.944782000 0 0
1484573755.992496000 0 0
1484573756.605303000 0 0
1484573756.615714000 0 0
1484573756.657399000 0 0
1484573756.722517000 0 0
1484573756.770947000 0 0
1484573757.044377000 0 0
1484573757.195360000 0 0
1484573757.221424000 0 0
1484573757.225086000 0 18830
1484573757.431648000 0 0
1484573757.435748000 0 0
1484573757.209063000 18830 0
1484573757.214997000 0 0
1484573757.439721000 0 0
1484573757.645474000 0 8374
1484573757.759421000 0 0
1484573757.764299000 0 0
1484573756.878775000 8376 0
1484573757.768626000 0 0
1484573757.780430000 0 0
1484573757.787894000 0 0
1484573757.785993000 0 0
1484573757.832351000 0 0
1484573758.452511000 0 0
1484573758.725333000 0 0
1484573758.730543000 0 2
1484573758.742007000 0 0
1484573758.745063000 0 0
1484573756.626565000 2 0
1484573758.709556000 0 0
1484573758.748136000 0 0
1484573759.187500000 1146880 0
1484573759.717124000 0 0
1484573760.153463000 0 0
1484573760.264291000 0 53
1484573758.354740000 288 0
1484573760.272420000 0 0
1484573760.317182000 0 0
1484573760.343913000 0 0
1484573760.376642000 0 0
1484573760.396197000 0 0
1484573760.399204000 0 0
1484573760.401744000 0 0
1484573760.404421000 0 0
1484573760.394985000 0 0
1484573760.409268000 0 90
1484573760.372863000 0 0
1484573760.417082000 0 0
1484573760.448971000 0 0
1484573760.459068000 0 0
1484573760.443841000 0 4096
1484573760.426099000 0 0
1484573760.467265000 0 0
1484573760.439615000 0 0
1484573760.477086000 0 0
1484573760.495792000 0 0
1484573760.804076000 0 0
1484573761.337425000 0 0
1484573761.368909000 0 0
1484573762.443724000 0 0
1484573760.292281000 6427 0
1484573762.442812000 0 0
1484573762.452953000 0 0
1484573762.459768000 0 0
1484573762.458506000 0 0
1484573762.491864000 0 7349
1484573762.503765000 0 0
1484573772.505718000 0 0
1484573760.490819000 0 4096
1484573772.515048000 0 0
1484573772.521285000 0 0
1484573760.487422000 0 0
1484573772.531091000 0 0
1484573760.157556000 0 0
1484573777.565492000 0 8266
1484573777.577635000 0 0
1484573777.588572000 0 0
1484573777.704391000 0 0
1484573777.710167000 0 0
1484573777.723480000 0 0
1484573754.658965000 282 0
1484573754.699505000 10 0
1484573754.725425000 10 0
1484573754.740591000 122 0
1484573754.873529000 208 0
1484573755.133955000 22934 0
1484573755.429894000 16384 0
1484573755.677668000 14890 0
1484573755.953775000 185 0
1484573757.075700000 237211 0
1484573758.363003000 116 0
1484573758.472686000 1584 0
1484573758.490829000 3353 0
1484573758.709851000 309 0
1484573760.181122000 11728 0
1484573760.337195000 1251 0
1484573760.365331000 34995 0
1484573760.368626000 29 0
1484573758.747939000 29 0
1484573763.001014000 1171 0
1484573788.481891000 0 1555
1484573788.491345000 0 0
1484573790.135234000 0 0
1484573790.149443000 0 0
1484573790.153645000 0 23017
1484573790.171347000 0 0
1484573790.174754000 0 0
1484573790.178072000 0 0
1484573790.141016000 0 0
1484573790.181074000 0 0
1484573766.807403000 0 0
1484573792.617065000 0 8950
1484573792.631419000 0 0
1484573792.645958000 0 0
1484573760.429510000 40960 0
1484573807.688303000 0 8978
1484573807.702526000 0 0
1484573807.713730000 0 0
1484573812.993550000 0 0
1484573813.007076000 0 0
1484573813.022205000 0 0
1484573813.032094000 0 0
1484573813.066739000 0 66
1484573813.053506000 66 0
1484573813.075894000 0 0
1484573816.134680000 0 0
1484573816.170790000 0 137
1484573816.182947000 0 0
1484573816.145548000 137 0
1484573816.181116000 0 0
1484573816.199508000 0 0
1484573816.214533000 0 0
1484573816.235666000 0 14539
1484573816.247318000 0 0
1484573816.245874000 0 0
1484573816.291765000 0 0
1484573816.298844000 0 0
1484573816.329548000 0 0
1484573816.377679000 0 0
1484573816.439322000 0 0
1484573816.478252000 0 0
1484573817.033375000 0 0
1484573817.065165000 0 0
1484573817.082955000 0 0
1484573817.120137000 0 0
1484573817.127021000 0 0
1484573817.133941000 0 0
1484573817.142497000 0 0
1484573817.156862000 0 0
1484573817.164004000 0 0
1484573817.182977000 0 0
1484573817.189888000 0 0
1484573817.207550000 0 0
1484573817.226938000 0 0
1484573817.244544000 0 0
1484573817.261974000 0 0
1484573817.269119000 0 0
1484573817.277311000 0 0
1484573817.287373000 0 0
1484573817.294321000 0 0
1484573817.309250000 0 0
1484573817.316293000 0 0
1484573817.328379000 0 0
1484573817.343172000 0 0
1484573817.350381000 0 0
1484573817.363946000 0 0
1484573817.372936000 0 0
1484573817.390298000 0 0
1484573817.397326000 0 0
1484573817.403868000 0 0
1484573817.515395000 0 0
1484573817.522989000 0 0
1484573817.531111000 0 0
1484573817.539706000 0 0
1484573817.549852000 0 0
1484573817.557287000 0 0
1484573817.564243000 0 0
1484573817.570869000 0 0
1484573817.576402000 0 0
1484573817.581447000 0 0
1484573817.586683000 0 0
1484573817.591319000 0 0
1484573817.595334000 0 0
1484573817.599530000 0 0
1484573817.606342000 0 0
1484573817.610613000 0 0
1484573817.614838000 0 0
1484573817.619062000 0 0
1484573817.623911000 0 0
1484573817.627923000 0 0
1484573817.632442000 0 0
1484573817.639935000 0 0
1484573817.660219000 0 0
1484573817.668551000 0 0
1484573817.673969000 0 0
1484573817.678331000 0 0
1484573817.682791000 0 0
1484573817.687344000 0 0
1484573817.691975000 0 0
1484573817.696169000 0 0
1484573817.706379000 0 0
1484573817.711250000 0 0
1484573817.732875000 0 0
1484573817.738053000 0 0
1484573817.743104000 0 0
1484573817.757248000 0 0
1484573817.762539000 0 0
1484573817.784216000 0 0
1484573817.788769000 0 0
1484573817.793176000 0 0
1484573817.798228000 0 0
1484573817.811921000 0 0
1484573817.826838000 0 0
1484573817.831733000 0 0
1484573817.836591000 0 0
1484573817.843455000 0 0
1484573817.847839000 0 0
1484573817.852601000 0 0
1484573817.859567000 0 0
1484573817.863735000 0 0
1484573817.867848000 0 0
1484573817.874200000 0 0
1484573817.878561000 0 0
1484573817.902056000 0 0
1484573817.927022000 0 0
1484573817.932118000 0 0
1484573817.946457000 0 0
1484573817.950966000 0 0
1484573817.958701000 0 0
1484573817.968891000 0 0
1484573817.976232000 0 0
1484573817.990051000 0 0
1484573817.996818000 0 0
1484573818.006836000 0 0
1484573818.011771000 0 0
1484573818.016804000 0 0
1484573818.028408000 0 0
1484573818.033069000 0 0
1484573818.037736000 0 0
1484573818.062885000 0 0
1484573818.081210000 0 0
1484573818.098659000 0 0
1484573818.103396000 0 0
1484573818.109710000 0 0
1484573818.115425000 0 0
1484573818.122127000 0 0
1484573818.127346000 0 0
1484573818.132813000 0 0
1484573818.137971000 0 0
1484573818.143706000 0 0
1484573818.159419000 0 0
1484573818.166085000 0 0
1484573818.171314000 0 0
1484573818.177228000 0 0
1484573818.181307000 0 0
1484573818.192068000 0 0
1484573818.205631000 0 0
1484573818.209664000 0 0
1484573818.214436000 0 0
1484573818.235995000 0 0
1484573818.247420000 0 0
1484573818.252940000 0 0
1484573818.259757000 0 0
1484573818.264397000 0 0
1484573818.269070000 0 0
1484573818.284978000 0 0
1484573818.289851000 0 0
1484573818.303894000 0 0
1484573818.309957000 0 0
1484573818.314541000 0 0
1484573818.319506000 0 0
1484573818.326759000 0 0
1484573818.332662000 0 0
1484573818.337296000 0 0
1484573818.344348000 0 0
1484573818.354873000 0 0
1484573818.360457000 0 0
1484573818.365146000 0 0
1484573818.369475000 0 0
1484573818.386733000 0 0
1484573818.402665000 0 0
1484573818.411975000 0 0
1484573818.416789000 0 0
1484573818.430091000 0 0
1484573818.434762000 0 0
1484573818.450373000 0 0
1484573818.454679000 0 0
1484573818.469319000 0 0
1484573818.476593000 0 0
1484573818.481326000 0 0
1484573818.485898000 0 0
1484573818.497472000 0 0
1484573818.502063000 0 0
1484573818.506437000 0 0
1484573818.519748000 0 0
1484573818.526336000 0 0
1484573818.531057000 0 0
1484573818.565326000 0 0
1484573818.569932000 0 0
1484573818.586174000 0 0
1484573818.593153000 0 0
1484573818.597724000 0 0
1484573818.602438000 0 0
1484573818.610120000 0 0
1484573818.614236000 0 0
1484573818.623052000 0 0
1484573818.631527000 0 0
1484573818.642746000 0 0
1484573818.647503000 0 0
1484573818.652297000 0 0
1484573818.670641000 0 0
1484573818.684975000 0 0
1484573818.700107000 0 0
1484573818.704762000 0 0
1484573818.720005000 0 0
1484573818.734561000 0 0
1484573818.739342000 0 0
1484573818.751424000 0 0
1484573818.765281000 0 0
1484573818.776447000 0 0
1484573818.791851000 0 0
1484573818.803587000 0 0
1484573818.818060000 0 0
1484573818.822461000 0 0
1484573818.827871000 0 0
1484573818.831569000 0 0
1484573818.835501000 0 0
1484573818.843245000 0 0
1484573818.846813000 0 0
1484573818.850416000 0 0
1484573818.853813000 0 0
1484573818.858099000 0 0
1484573818.869687000 0 0
1484573818.883058000 0 0
1484573818.887044000 0 0
1484573818.891919000 0 0
1484573818.895350000 0 0
1484573818.899142000 0 0
1484573818.902659000 0 0
1484573818.909052000 0 0
1484573818.920870000 0 0
1484573818.928419000 0 0
1484573818.942681000 0 0
1484573818.949139000 0 0
1484573818.954056000 0 0
1484573818.967612000 0 0
1484573818.972714000 0 0
1484573818.994470000 0 0
1484573819.001071000 0 0
1484573819.012449000 0 0
1484573822.739915000 0 8979
1484573822.752375000 0 0
1484573822.762585000 0 0
1484573837.789483000 0 8979
1484573837.801271000 0 0
1484573837.800128000 0 0
1484573837.812818000 0 0
1484573837.811556000 0 0
1484573816.283986000 51 0
1484573852.834302000 0 8978
1484573852.848891000 0 0
1484573852.847104000 0 0
1484573852.861272000 0 0
1484573852.859695000 0 0
1484573881.177778000 0 8950
1484573881.191473000 0 0
1484573881.189919000 0 0
1484573881.203291000 0 0
1484573881.201557000 0 0
1484573896.227820000 0 8781
1484573896.241537000 0 0
1484573896.239742000 0 0
1484573896.254206000 0 0
1484573896.252334000 0 0
1484573904.845829000 0 0
1484573912.587392000 0 0
1484573922.394242000 282 0
1484573996.499655000 0 3353
1484573996.513221000 0 0
1484573996.511265000 0 0
1484573998.625208000 0 0
1484574008.854519000 0 0
1484574008.857230000 0 0
1484574057.990160000 0 0
1484574058.058890000 0 0
1484574058.061579000 0 0
1484574058.076538000 0 0
1484574058.115021000 0 0
1484574058.117980000 0 0
1484574061.748852000 0 14890
1484574019.076066000 846 0
1484574058.090409000 576 0
1484574116.276806000 0 14861
1484574116.287106000 0 0
1484574116.286134000 0 0
1484574201.032366000 0 0
1484574201.094974000 0 0
1484574201.115992000 0 0
1484574201.121777000 0 23019
1484574201.140464000 0 0
1484574201.145713000 0 0
1484574201.149970000 0 0
1484574201.101443000 0 0
1484574201.153900000 0 0
1484574201.231901000 0 0
1484574201.249753000 0 0
1484574201.249828000 0 0
1484574201.256332000 0 0
1484574201.266165000 0 0
1484574201.269926000 0 0
1484574201.288416000 0 0
1484574201.291161000 0 0
1484574201.281476000 0 0
1484574201.300789000 0 0
1484574201.314787000 0 0
1484574201.330375000 0 0
1484574201.363711000 0 0
1484574201.361522000 0 0
1484574201.389576000 0 0
1484574201.405350000 0 0
1484574201.410077000 0 0
1484574201.418883000 0 0
1484574201.414394000 0 0
1484574201.263788000 0 0
1484574201.434945000 0 0
1484574201.436772000 0 0
1484574201.453953000 0 0
1484574201.460867000 0 0
1484574201.485572000 0 0
1484574201.486547000 0 0
1484574201.429169000 0 4096
1484574201.497700000 0 0
1484574201.497858000 0 0
1484574201.484844000 0 0
1484574201.423681000 0 0
1484574201.503158000 0 0
1484574201.506823000 0 0
1484574201.510798000 0 0
1484574201.517985000 0 0
1484574201.523848000 0 0
1484574201.529548000 0 0
1484574201.378506000 0 4096
1484574201.539181000 0 0
1484574201.372846000 0 0
1484574201.514598000 0 5672
1484574201.511999000 0 0
1484574201.556312000 0 0
1484574201.564638000 0 0
1484574201.575858000 0 0
1484574201.583649000 0 0
1484574201.598915000 0 0
1484574201.599573000 0 0
1484574201.606309000 0 0
1484574201.606476000 0 0
1484574201.576543000 0 4096
1484574201.604212000 0 0
1484574201.621543000 0 0
1484574201.624426000 0 0
1484574201.557892000 0 0
1484574201.630515000 0 0
1484574201.588704000 0 4096
1484574201.633292000 0 0
1484574201.642352000 0 0
1484574201.641411000 0 0
1484574201.583986000 0 0
1484574201.660373000 0 0
1484574201.659377000 0 0
1484574201.668178000 0 0
1484574201.507866000 0 4096
1484574201.676423000 0 0
1484574201.466248000 0 0
1484574201.649822000 0 0
1484574201.686420000 0 0
1484574201.688245000 0 0
1484574201.690872000 0 0
1484574201.692568000 0 0
1484574201.695033000 0 0
1484574201.708078000 0 0
1484574201.661019000 0 4096
1484574201.710095000 0 0
1484574201.716458000 0 0
1484574201.652850000 0 0
1484574201.727240000 0 0
1484574201.728904000 0 0
1484574201.685380000 0 4096
1484574201.695778000 0 0
1484574201.737875000 0 0
1484574201.671683000 0 0
1484574201.745132000 0 0
1484574201.750177000 0 0
1484574201.755330000 0 0
1484574201.759266000 0 0
1484574201.760217000 0 0
1484574201.724411000 0 4096
1484574201.767934000 0 0
1484574201.770189000 0 0
1484574201.717083000 0 0
1484574201.780210000 0 0
1484574201.784648000 0 0
1484574201.763260000 0 0
1484574201.798902000 0 0
1484574201.777245000 0 4096
1484574201.807288000 0 0
1484574201.806735000 0 0
1484574201.762535000 0 0
1484574201.817714000 0 0
1484574201.818425000 0 0
1484574201.823260000 0 0
1484574201.827909000 0 0
1484574201.821658000 0 0
1484574201.842979000 0 0
1484574201.842908000 0 0
1484574201.821413000 0 4096
1484574201.851140000 0 0
1484574201.852067000 0 0
1484574201.816907000 0 0
1484574201.862945000 0 0
1484574201.864010000 0 0
1484574201.856286000 0 0
1484574201.876025000 0 0
1484574201.885084000 0 0
1484574201.888743000 0 0
1484574201.891415000 0 0
1484574201.868259000 0 4096
1484574201.894527000 0 0
1484574201.892850000 0 0
1484574201.899955000 0 0
1484574201.904574000 0 0
1484574201.863576000 0 0
1484574201.912856000 0 0
1484574201.916097000 0 0
1484574201.931112000 0 0
1484574201.909226000 0 4096
1484574201.939027000 0 0
1484574201.903761000 0 0
1484574201.950983000 0 0
1484574201.954254000 0 0
1484574201.960804000 0 0
1484574201.966592000 0 0
1484574201.969467000 0 0
1484574201.947517000 0 4096
1484574201.964662000 0 0
1484574201.979313000 0 0
1484574201.932051000 0 0
1484574201.990432000 0 0
1484574201.990907000 0 0
1484574201.993507000 0 0
1484574202.011736000 0 0
1484574202.021889000 0 0
1484574202.021937000 0 0
1484574202.002059000 0 0
1484574202.027934000 0 0
1484574202.037607000 0 0
1484574202.038764000 0 0
1484574202.011657000 0 4096
1484574202.045884000 0 0
1484574202.046073000 0 0
1484574202.005988000 0 0
1484574202.057532000 0 0
1484574202.043589000 0 0
1484574201.450307000 0 0
1484574202.069237000 0 0
1484574202.083259000 0 0
1484574202.088448000 0 0
1484574202.103674000 0 0
1484574202.105315000 0 0
1484574202.073796000 0 4096
1484574202.109289000 0 0
1484574202.113726000 0 0
1484574202.067367000 0 0
1484574202.125094000 0 0
1484574202.130159000 0 0
1484574202.141991000 0 0
1484574202.147027000 0 0
1484574202.147504000 0 0
1484574202.122086000 0 4096
1484574202.152682000 0 0
1484574202.155229000 0 0
1484574202.158005000 0 0
1484574202.102396000 0 0
1484574202.166120000 0 0
1484574202.271390000 0 0
1484574202.278331000 0 0
1484574202.081084000 0 0
1484574202.384591000 0 0
1484574202.402110000 0 0
1484574202.375521000 0 4096
1484574202.410900000 0 0
1484574202.369927000 0 0
1484574202.422724000 0 0
1484574213.327695000 0 0
1484574201.275930000 0 4096
1484574213.336792000 0 0
1484574213.343012000 0 0
1484574201.270119000 0 0
1484574213.351312000 0 0
1484574201.294715000 29 0
1484574201.379851000 63 0
1484574201.428732000 46 0
1484574201.494836000 46 0
1484574201.414647000 45056 0
1484574201.549818000 0 0
1484574201.349177000 524288 0
1484574201.619762000 44 0
1484574201.542474000 45056 0
1484574201.577673000 45056 0
1484574201.682250000 53 0
1484574201.453460000 557056 0
1484574201.644654000 45056 0
1484574201.732832000 70 0
1484574201.659146000 45056 0
1484574201.710495000 45056 0
1484574201.787516000 52 0
1484574201.755140000 45056 0
1484574201.828576000 64 0
1484574201.810682000 45056 0
1484574201.869577000 48 0
1484574201.900233000 67 0
1484574201.857980000 45056 0
1484574201.895694000 45056 0
1484574201.971976000 57 0
1484574201.925366000 45056 0
1484574202.018412000 47 0
1484574201.997321000 45056 0
1484574202.062609000 51 0
1484574202.059511000 45056 0
1484574202.094952000 45056 0
1484574202.358767000 45056 0
1484574201.259033000 45056 0
1484574237.508183000 0 1251
1484574237.519787000 0 0
1484574358.116221000 0 237378
1484574358.146109000 0 0
1484574358.145292000 0 0
1484574416.311521000 0 15172
1484574416.323099000 0 0
1484574416.321729000 0 0
1484574536.988401000 0 14890
1484574713.287570000 0 0
1484574713.414188000 0 0
1484574713.418380000 0 0
1484574713.428596000 0 0
1484574713.440144000 0 0
1484574713.450836000 0 0
1484574714.155685000 0 0
1484574714.181664000 0 0
1484574714.203267000 0 0
1484574714.215280000 0 0
1484574714.249405000 0 0
1484574714.271916000 0 0
1484574714.294228000 0 0
1484574714.317060000 0 0
1484574714.324097000 0 0
1484574714.334672000 0 0
1484574714.441068000 0 0
1484574714.467546000 0 0
1484574714.500902000 0 0
1484574714.566292000 0 0
1484574714.808275000 0 0
1484574714.811338000 0 0
1484574714.813999000 0 0
1484574714.817240000 0 0
1484574714.819928000 0 0
1484574714.856639000 0 0
1484574714.880003000 0 0
1484574714.883854000 0 0
1484574714.917299000 0 0
1484574714.947374000 0 0
1484574715.073095000 0 0
1484574715.106956000 0 0
1484574715.110835000 0 18830
1484574715.372834000 0 0
1484574715.376279000 0 0
1484574715.095170000 18830 0
1484574715.101204000 0 0
1484574715.379646000 0 0
1484574714.363221000 208 0
1484574715.498359000 0 230
1484574715.513439000 0 497
1484574715.521815000 0 0
1484574715.524832000 0 0
1484574715.528007000 0 0
1484574715.598986000 0 0
1484574715.607488000 0 0
1484574715.605379000 0 0
1484574715.686368000 0 0
1484574715.856897000 0 0
1484574715.904732000 0 0
1484574715.959828000 0 8376
1484574716.065552000 0 0
1484574716.070700000 0 0
1484574715.921673000 8376 0
1484574716.075310000 0 0
1484574716.087500000 0 0
1484574716.095882000 0 0
1484574716.093776000 0 0
1484574716.199277000 0 0
1484574716.281854000 0 0
1484574716.310821000 0 16297
1484574716.323053000 0 0
1484574716.322226000 0 0
1484574716.447840000 0 0
1484574716.510951000 0 0
1484574716.585627000 0 7642
1484574714.935721000 7636 0
1484574716.594876000 0 0
1484574716.637118000 0 53
1484574716.612483000 204 0
1484574716.644168000 0 0
1484574716.657627000 0 0
1484574716.682744000 0 7636
1484574716.690757000 0 0
1484574716.884452000 0 0
1484574717.165414000 0 0
1484574717.167900000 0 0
1484574717.668374000 0 0
1484574717.708700000 0 0
1484574717.713086000 0 0
1484574717.950904000 0 0
1484574717.711757000 0 0
1484574718.190262000 0 0
1484574718.218940000 0 0
1484574718.221815000 0 0
1484574718.224769000 0 0
1484574718.245830000 0 0
1484574718.248729000 0 0
1484574718.251596000 0 0
1484574718.217430000 0 0
1484574718.255368000 0 0
1484574718.258288000 0 0
1484574718.260694000 0 0
1484574718.267410000 0 0
1484574718.272020000 0 0
1484574718.275481000 0 0
1484574718.285797000 0 0
1484574718.307921000 0 0
1484574718.289483000 0 0
1484574718.313075000 0 0
1484574718.329583000 0 0
1484574718.334636000 0 0
1484574718.339017000 0 0
1484574718.343787000 0 0
1484574718.364618000 0 0
1484574718.368741000 0 0
1484574718.384077000 0 0
1484574718.401057000 0 0
1484574718.406311000 0 0
1484574718.418461000 0 0
1484574718.423657000 0 0
1484574718.318427000 0 0
1484574718.430773000 0 0
1484574718.508629000 0 0
1484574718.511119000 0 0
1484574718.513041000 0 0
1484574718.515728000 0 0
1484574718.531225000 0 0
1484574718.546516000 0 0
1484574718.555140000 0 0
1484574718.559872000 0 0
1484574718.564335000 0 0
1484574718.569216000 0 0
1484574718.573816000 0 0
1484574718.661700000 0 0
1484574718.508518000 0 0
1484574718.668542000 0 0
1484574718.681396000 0 0
1484574718.695094000 0 0
1484574718.709135000 0 0
1484574718.687017000 0 0
1484574718.716148000 0 0
1484574718.729125000 0 0
1484574718.745750000 0 0
1484574718.806204000 0 0
1484574718.811405000 0 0
1484574718.735606000 0 0
1484574718.817808000 0 0
1484574718.826115000 0 0
1484574718.823624000 0 0
1484574718.839346000 0 0
1484574718.845707000 0 0
1484574718.871982000 0 0
1484574718.876699000 0 0
1484574718.851357000 0 0
1484574718.895122000 0 0
1484574718.913988000 0 0
1484574718.943053000 0 0
1484574718.957047000 0 0
1484574718.990280000 0 0
1484574718.930705000 0 0
1484574718.995484000 0 0
1484574719.010719000 0 0
1484574719.024659000 0 0
1484574719.043463000 0 0
1484574719.008744000 0 0
1484574719.048926000 0 0
1484574719.064339000 0 0
1484574719.080518000 0 0
1484574719.084841000 0 0
1484574719.100894000 0 0
1484574719.113728000 0 0
1484574719.117469000 0 0
1484574719.124786000 0 0
1484574719.128053000 0 0
1484574719.130916000 0 0
1484574719.133719000 0 0
1484574719.136687000 0 0
1484574719.196653000 0 0
1484574719.201565000 0 0
1484574719.206310000 0 0
1484574719.061794000 0 0
1484574719.221410000 0 0
1484574719.240304000 0 0
1484574719.252711000 0 0
1484574719.256753000 0 0
1484574719.260230000 0 0
1484574719.263580000 0 0
1484574719.267676000 0 0
1484574719.280538000 0 0
1484574719.283901000 0 0
1484574719.287351000 0 0
1484574719.250543000 0 0
1484574719.302045000 0 0
1484574719.312831000 0 0
1484574719.363929000 0 0
1484574719.466416000 0 0
1484574719.469812000 0 0
1484574719.472410000 0 0
1484574719.476436000 0 0
1484574719.479019000 0 0
1484574719.481599000 0 0
1484574719.484327000 0 0
1484574719.486893000 0 0
1484574719.667793000 0 0
1484574719.670896000 0 0
1484574719.692460000 0 0
1484574719.707377000 0 0
1484574719.710686000 0 0
1484574719.713514000 0 0
1484574719.727312000 0 0
1484574719.730495000 0 0
1484574719.361037000 0 0
1484574719.734688000 0 0
1484574719.740318000 0 0
1484574719.791757000 0 0
1484574719.794532000 0 0
1484574719.810179000 0 0
1484574719.790134000 0 0
1484574719.814573000 0 0
1484574719.822962000 0 0
1484574719.851437000 0 0
1484574719.866225000 0 0
1484574719.875604000 0 0
1484574719.898352000 0 0
1484574719.918650000 0 0
1484574719.923517000 0 0
1484574719.928473000 0 0
1484574719.933603000 0 0
1484574719.938361000 0 0
1484574719.943240000 0 0
1484574719.947687000 0 0
1484574719.848814000 0 0
1484574719.959776000 0 0
1484574719.976621000 0 0
1484574719.996338000 0 0
1484574720.004356000 0 0
1484574720.009124000 0 0
1484574720.017731000 0 0
1484574720.022154000 0 0
1484574720.026975000 0 0
1484574720.049564000 0 0
1484574720.069023000 0 0
1484574720.084191000 0 0
1484574720.088593000 0 0
1484574719.994058000 0 0
1484574720.094977000 0 0
1484574720.107478000 0 0
1484574720.125806000 0 0
1484574720.130400000 0 0
1484574720.135333000 0 0
1484574720.140004000 0 0
1484574720.150527000 0 0
1484574720.155107000 0 0
1484574720.159655000 0 0
1484574720.177066000 0 0
1484574720.181891000 0 0
1484574720.186676000 0 0
1484574720.191850000 0 0
1484574720.208727000 0 0
1484574720.217108000 0 0
1484574720.222712000 0 0
1484574720.228201000 0 0
1484574720.233368000 0 0
1484574720.238679000 0 0
1484574720.122358000 0 0
1484574720.247293000 0 0
1484574720.265855000 0 0
1484574720.289436000 0 0
1484574720.293579000 0 0
1484574720.319167000 0 0
1484574720.324091000 0 0
1484574720.275552000 0 0
1484574720.330677000 0 0
1484574720.347502000 0 0
1484574720.356374000 0 0
1484574720.353638000 0 0
1484574720.369391000 0 0
1484574720.375324000 0 0
1484574720.396070000 0 0
1484574720.400308000 0 0
1484574720.404584000 0 0
1484574720.408692000 0 0
1484574720.412887000 0 0
1484574720.417116000 0 0
1484574720.421401000 0 0
1484574720.426053000 0 0
1484574720.429458000 0 0
1484574720.432749000 0 0
1484574720.435887000 0 0
1484574720.393311000 0 0
1484574720.440825000 0 0
1484574720.447286000 0 0
1484574720.457809000 0 0
1484574720.461113000 0 0
1484574720.464541000 0 0
1484574720.467947000 0 0
1484574720.471345000 0 0
1484574720.474947000 0 0
1484574720.479000000 0 0
1484574720.482531000 0 0
1484574720.495420000 0 0
1484574720.499464000 0 0
1484574720.503581000 0 0
1484574720.455624000 0 0
1484574720.508874000 0 0
1484574720.517879000 0 0
1484574720.541593000 0 0
1484574720.546410000 0 0
1484574720.550310000 0 0
1484574720.554511000 0 0
1484574720.558354000 0 0
1484574720.562242000 0 0
1484574720.566211000 0 0
1484574720.576220000 0 0
1484574720.539468000 0 0
1484574720.581412000 0 0
1484574720.588247000 0 0
1484574720.605246000 0 0
1484574720.609232000 0 0
1484574720.617636000 0 0
1484574720.621299000 0 0
1484574720.635919000 0 0
1484574720.641159000 0 0
1484574720.646139000 0 0
1484574720.661949000 0 0
1484574720.666410000 0 0
1484574720.671170000 0 0
1484574720.675855000 0 0
1484574720.603264000 0 0
1484574720.682460000 0 0
1484574720.687066000 0 0
1484574720.694519000 0 0
1484574720.692375000 0 0
1484574720.700013000 0 0
1484574720.714268000 0 0
1484574720.720692000 0 0
1484574720.725742000 0 0
1484574720.718676000 0 0
1484574720.732589000 0 0
1484574720.737881000 0 0
1484574720.744978000 0 0
1484574720.748830000 0 0
1484574720.752490000 0 0
1484574720.756782000 0 0
1484574720.742271000 0 0
1484574720.762721000 0 0
1484574720.769643000 0 0
1484574720.776373000 0 0
1484574720.780284000 0 0
1484574720.784555000 0 0
1484574720.788993000 0 0
1484574720.792765000 0 0
1484574720.774222000 0 0
1484574720.798819000 0 0
1484574720.805218000 0 0
1484574720.811932000 0 0
1484574720.809800000 0 0
1484574720.831522000 0 0
1484574720.839237000 0 0
1484574720.848133000 0 0
1484574720.854017000 0 0
1484574720.845502000 0 0
1484574720.861524000 0 0
1484574720.878973000 0 0
1484574720.920001000 0 0
1484574720.930369000 0 0
1484574720.935836000 0 0
1484574720.941891000 0 0
1484574720.947893000 0 0
1484574720.954041000 0 0
1484574721.013562000 0 0
1484574721.019201000 0 0
1484574721.025290000 0 0
1484574721.031286000 0 0
1484574721.037327000 0 0
1484574721.043269000 0 0
1484574720.917376000 0 0
1484574721.064783000 0 0
1484574721.080030000 0 0
1484574721.088398000 0 0
1484574721.112216000 0 0
1484574721.116526000 0 0
1484574721.120912000 0 0
1484574721.085863000 0 0
1484574721.147541000 0 0
1484574721.158269000 0 0
1484574721.167106000 0 0
1484574721.171978000 0 0
1484574721.177708000 0 0
1484574721.183043000 0 0
1484574721.164490000 0 0
1484574721.189544000 0 0
1484574721.199286000 0 0
1484574721.207370000 0 0
1484574721.211796000 0 0
1484574721.216142000 0 0
1484574721.220164000 0 0
1484574721.224360000 0 0
1484574721.205046000 0 0
1484574721.230377000 0 0
1484574721.238595000 0 0
1484574721.243616000 0 0
1484574721.247474000 0 0
1484574721.261639000 0 0
1484574721.279486000 0 0
1484574721.285328000 0 0
1484574721.290789000 0 0
1484574721.296055000 0 0
1484574721.301948000 0 0
1484574721.276771000 0 0
1484574721.311118000 0 0
1484574721.338591000 0 0
1484574721.343059000 0 0
1484574721.347624000 0 0
1484574721.351883000 0 0
1484574721.316913000 0 0
1484574721.359081000 0 0
1484574721.369817000 0 0
1484574721.391052000 0 0
1484574721.396424000 0 0
1484574721.413335000 0 0
1484574721.419577000 0 0
1484574721.440958000 0 0
1484574721.446830000 0 0
1484574721.452329000 0 0
1484574721.457572000 0 0
1484574721.388519000 0 0
1484574721.465438000 0 0
1484574721.951443000 0 0
1484574721.979288000 0 0
1484574722.060552000 0 0
1484574722.068459000 0 0
1484574722.125242000 196608 0
1484574722.178370000 0 0
1484574722.203874000 0 0
1484574722.438402000 0 0
1484574722.442305000 0 2
1484574722.454135000 0 0
1484574722.457022000 0 0
1484574722.076278000 2 0
1484574722.428711000 0 0
1484574722.460304000 0 0
1484574723.292958000 0 0
1484574723.325760000 0 0
1484574713.297532000 1978 0
1484574713.309913000 0 0
1484574713.334977000 0 0
1484574715.861156000 0 0
1484574713.436758000 282 0
1484574714.209762000 10 0
1484574714.237837000 10 0
1484574714.268174000 268 0
1484574714.493885000 25547 0
1484574714.581082000 16384 0
1484574714.774807000 426 0
1484574714.968072000 208620 0
1484574715.647686000 497 0
1484574715.888062000 13657 0
1484574716.229227000 32768 0
1484574716.490540000 129094 0
1484574716.535296000 8 0
1484574716.665950000 7475 0
1484574716.672574000 504 0
1484574716.632685000 25 0
1484574716.897641000 6540 0
1484574717.688216000 2453 0
1484574721.531515000 10 0
1484574721.870296000 9833 0
1484574721.957521000 364 0
1484574721.997336000 203 0
1484574722.210242000 27 0
1484574722.728111000 574 0
1484574747.675103000 0 6540
1484574747.686556000 0 0
1484574753.285289000 0 0
1484574753.627445000 0 0
1484574753.648723000 0 0
1484574753.667402000 0 0
1484574753.724075000 0 0
1484574721.969352000 19705 14536
1484574757.495544000 0 0
1484574757.502965000 0 0
1484574757.526280000 0 0
1484574757.531792000 0 0
1484574757.540933000 0 0
1484574757.549504000 0 0
1484574757.570434000 0 1617
1484574757.629110000 0 0
1484574757.641848000 0 0
1484574757.645911000 0 0
1484574757.652425000 0 0
1484574757.658538000 0 0
1484574757.669187000 0 1653
1484574757.700738000 0 0
1484574757.733759000 0 0
1484574758.225834000 0 0
1484574758.341596000 0 0
1484574758.354901000 0 0
1484574758.734882000 0 0
1484574758.749236000 970 1874
1484574772.684322000 0 0
1484574772.700413000 0 0
1484574772.719392000 0 0
1484574772.727133000 0 0
1484574772.753228000 0 66
1484574772.743761000 66 0
1484574772.760605000 0 0
1484574775.730525000 0 0
1484574775.765684000 0 137
1484574775.774839000 0 0
1484574775.737602000 137 0
1484574775.773550000 0 0
1484574775.799477000 0 0
1484574775.832696000 0 0
1484574775.842460000 0 0
1484574775.848997000 0 7307
1484574775.859968000 0 0
1484574775.858690000 0 0
1484574775.868957000 0 0
1484574778.030753000 0 0
1484574778.875031000 0 0
1484574775.899538000 51 0
1484574778.045273000 1518 0
1484574839.092555000 0 0
1484574722.233461000 40541 5116
1484574839.109947000 38821 13750
1484574753.899960000 0 52444
1484574908.330829000 0 0
1484574908.333351000 0 0
1484574911.371507000 0 0
1484574911.394159000 0 0
1484574911.388572000 0 0
1484574927.788671000 0 0
1484574927.793242000 0 0
1484574927.799288000 0 0
1484574956.177515000 0 7636
1484574956.186189000 0 0
1484574963.474177000 0 9016
1484574963.486892000 0 0
1484574963.485180000 0 0
1484574963.498570000 0 0
1484574963.496606000 0 0
1484574946.317407000 282 0
1484575016.338932000 0 16300
1484575016.351071000 0 0
1484575016.349556000 0 0
1484575016.397764000 0 0
1484575016.439619000 19862 3570
1484575016.460139000 0 0
1484575016.476376000 0 0
1484575016.508683000 0 0
1484575016.634987000 201227 619
1484575016.694179000 0 0
1484575016.709016000 1201 1350
1484575016.719155000 0 0
1484575016.878935000 0 0
1484575016.890269000 2969 3057
1484575021.970093000 0 364
1484575022.003251000 0 0
1484575022.001524000 0 0
1484575023.290873000 0 426
1484575016.470443000 3480 0
1484575016.501936000 1330 0
1484575075.907031000 0 7311
1484575075.919374000 0 0
1484575075.917649000 0 0
1484575077.816387000 0 208787
1484575077.842099000 0 0
1484575077.841274000 0 0
1484575208.688760000 0 0
1484575208.734836000 0 0
1484575208.756883000 0 0
1484575208.761518000 0 25389
1484575208.791655000 0 0
1484575208.797117000 0 0
1484575208.801772000 0 0
1484575208.740884000 0 0
1484575208.805896000 0 0
1484575208.863967000 0 0
1484574778.888574000 23908 4490
1484575258.531336000 0 0
1484575258.851142000 0 0
1484575258.855535000 0 0
1484575258.864162000 0 0
1484575258.872033000 0 0
1484575261.972055000 0 9743
1484575261.986130000 0 0
1484575261.984273000 0 0
1484575261.996778000 0 0
1484575261.995299000 0 0
1484575277.024269000 0 9831
1484575277.036640000 0 0
1484575277.035384000 0 0
1484575277.047326000 0 0
1484575277.045833000 0 0
1484575258.847475000 282 0
1484575258.869512000 10 0
1484575258.876692000 10 0
1484575292.068101000 0 10019
1484575292.160441000 0 0
1484575292.159401000 0 0
1484575292.169960000 0 0
1484575292.168763000 0 0
1484573535.140471000 0 0
1484575299.992505000 0 0
1484575299.996046000 0 0
1484575300.005639000 0 0
1484575300.013137000 0 0
1484575300.022483000 0 0
1484575300.107133000 0 0
1484575300.110745000 0 0
1484575300.116715000 0 0
1484575300.122692000 0 0
1484575300.130574000 0 0
1484575300.153953000 0 0
1484575300.186317000 0 0
1484575300.194439000 0 0
1484575300.219935000 0 0
1484575300.228959000 0 0
1484575300.341943000 0 0
1484575300.398440000 0 0
1484575300.495048000 0 0
1484575300.544600000 0 0
1484575300.651254000 0 0
1484575300.654638000 0 0
1484575300.658139000 0 0
1484575300.661306000 0 0
1484575300.664069000 0 0
1484575300.702140000 0 0
1484575300.739728000 0 0
1484575300.743794000 0 0
1484575300.786584000 0 0
1484575300.816747000 0 0
1484575300.969129000 0 0
1484575301.092710000 0 0
1484575301.096898000 0 18830
1484575301.360424000 0 0
1484575301.365276000 0 0
1484575301.069473000 18830 0
1484575301.081748000 0 0
1484575301.369732000 0 0
1484575300.256065000 208 0
1484575301.461380000 0 230
1484575301.474358000 0 337
1484575301.481755000 0 0
1484575301.484760000 0 0
1484575301.487323000 0 0
1484575301.494071000 0 0
1484575301.498626000 0 0
1484575301.497619000 0 0
1484575301.558902000 0 0
1484575301.668473000 0 0
1484575301.703356000 0 0
1484575301.760054000 0 8376
1484575301.863876000 0 0
1484575301.867454000 0 0
1484575301.721174000 8376 0
1484575301.870633000 0 0
1484575301.879299000 0 0
1484575301.884898000 0 0
1484575301.883663000 0 0
1484575301.992764000 0 0
1484575302.067597000 0 0
1484575302.216431000 0 0
1484575302.632622000 0 0
1484575302.716446000 0 53
1484575301.991735000 204 0
1484575302.724751000 0 0
1484575302.753927000 0 7636
1484575300.805598000 7636 0
1484575302.761467000 0 0
1484575302.798241000 0 0
1484575302.988220000 0 0
1484575303.253685000 0 0
1484575303.256596000 0 0
1484575303.668361000 0 0
1484575303.694323000 0 0
1484575303.709060000 0 0
1484575303.729063000 0 0
1484575303.707421000 0 0
1484575303.734865000 0 0
1484575303.761888000 0 0
1484575303.766995000 0 0
1484575303.771450000 0 0
1484575303.776137000 0 0
1484575303.780550000 0 0
1484575303.785671000 0 0
1484575303.789873000 0 0
1484575303.814474000 0 0
1484575303.819190000 0 0
1484575303.824919000 0 0
1484575303.749377000 0 0
1484575303.836803000 0 0
1484575303.842417000 0 0
1484575304.319950000 0 0
1484575304.370178000 0 0
1484575304.397369000 0 0
1484575304.404358000 0 0
1484575304.436451000 524288 0
1484575304.527889000 0 0
1484575304.711338000 0 0
1484575304.715480000 0 2
1484575304.728619000 0 0
1484575304.732033000 0 0
1484575304.410208000 2 0
1484575304.700857000 0 0
1484575304.734978000 0 0
1484575305.756840000 0 0
1484575305.773138000 0 0
1484575307.198646000 0 9743
1484575307.211669000 0 0
1484575307.210248000 0 0
1484575307.222057000 0 0
1484575307.220406000 0 0
1484575299.894171000 1996 0
1484575299.903634000 0 0
1484575299.925489000 0 0
1484575301.671964000 0 0
1484575316.156118000 0 0
1484575316.173452000 0 0
1484575316.224319000 0 0
1484575316.339305000 0 16300
1484575316.348912000 0 0
1484575316.348021000 0 0
1484575316.379349000 0 0
1484575316.905560000 0 0
1484575316.917641000 0 0
1484575317.170591000 0 0
1484575317.175893000 1653 1947
1484575317.204844000 0 1463
1484575317.213452000 0 0
1484575317.218100000 1617 1911
1484575317.227065000 0 1446
1484575016.771327000 449684 11367
1484575300.010255000 282 0
1484575300.120935000 10 0
1484575300.127162000 10 0
1484575300.136131000 268 0
1484575300.425865000 19251 0
1484575300.506583000 4431 0
1484575300.556332000 16384 0
1484575300.744303000 867 0
1484575300.837238000 208620 0
1484575301.523067000 337 0
1484575301.686005000 2178 0
1484575302.016155000 32768 0
1484575302.283864000 1796320 0
1484575302.645685000 8 0
1484575302.746525000 7495 0
1484575302.053639000 25 0
1484575302.810947000 504 0
1484575302.999682000 4388 0
1484575303.673118000 342 0
1484575303.884289000 10 0
1484575304.258479000 9833 0
1484575304.324625000 358 0
1484575304.376007000 357 0
1484575305.024395000 55 0
1484575333.672735000 0 4388
1484575333.683536000 0 0
1484575316.912097000 3480 0
1484575316.922199000 1330 0
1484575342.713081000 0 0
1484575343.121703000 0 0
1484575343.328685000 228876 8823
1484575304.345817000 31874 36682
1484575346.405496000 234103 8508
1484575358.555234000 0 0
1484575358.572653000 0 0
1484575358.593151000 0 0
1484575358.603349000 0 0
1484575358.640130000 0 66
1484575358.626538000 66 0
1484575358.648781000 0 0
1484575361.606434000 0 0
1484575361.642253000 0 137
1484575361.650569000 0 0
1484575361.624410000 137 0
1484575361.649328000 0 0
1484575361.661916000 0 0
1484575361.691071000 0 6830
1484575361.701145000 0 0
1484575361.699889000 0 0
1484575344.540083000 0 71142
1484575371.204591000 0 0
1484575375.921680000 0 8735
1484575375.932344000 0 0
1484575375.930958000 0 0
1484575377.143729000 0 0
1484575382.484449000 0 0
1484575382.492764000 241980 0
1484575372.569314000 0 0
1484575361.731021000 51 0
1484575392.559447000 0 0
1484575383.188102000 0 191915
1484575392.750727000 3186559 7541
1484575453.890826000 0 0
1484574058.120700000 0 0
1484575453.901867000 0 0
1484575453.905972000 0 0
1484575453.943804000 0 0
1484575453.947417000 0 0
1484575453.951254000 0 0
1484575453.982492000 0 0
1484575453.986614000 0 0
1484575453.990044000 0 0
1484575453.993773000 0 0
1484575454.289315000 0 0
1484575454.292702000 0 0
1484575454.296196000 0 0
1484575454.299973000 0 0
1484575454.318917000 0 0
1484575454.322778000 0 0
1484575454.344452000 0 0
1484575454.348888000 0 0
1484575453.957504000 576 0
1484575454.277038000 504 0
1484575454.306132000 504 0
1484575454.328359000 282 0
1484575454.355213000 398 0
1484575479.982762000 0 0
1484575364.622076000 0 70182
1484575428.597911000 3189944 13422
1484575540.164009000 0 0
1484575559.594127000 0 14890
1484575589.758113000 0 0
1484575589.795042000 0 0
1484575589.812017000 0 0
1484575589.816232000 0 19187
1484575589.833097000 0 0
1484575589.837867000 0 0
1484575589.841571000 0 0
1484575589.799571000 0 0
1484575589.845126000 0 0
1484575589.881563000 0 0
1484575589.902851000 0 0
1484575602.179794000 0 0
1484575602.196270000 9500 1404
1484575602.214609000 0 0
1484575602.259044000 0 0
1484575602.331312000 0 0
1484575602.353605000 0 0
1484575602.357235000 191863 3551
1484575602.394619000 0 0
1484575602.430771000 0 0
1484575602.443469000 11880 3784
1484575602.462764000 0 0
1484575602.488347000 62628 1288
1484575604.341736000 0 358
1484575604.353496000 0 0
1484575605.767363000 0 867
1484575616.380487000 0 16300
1484575616.391729000 0 0
1484575616.390259000 0 0
1484575617.252457000 0 0
1484575617.264822000 0 0
1484575602.346453000 4865 0
1484575617.258634000 3480 0
1484575617.271300000 1330 0
1484575647.607118000 0 0
1484575647.609334000 0 0
1484575647.617148000 0 0
1484575647.620449000 0 0
1484575660.118925000 0 0
1484575660.123455000 191967 3637
1484575660.174658000 192053 4194
1484575661.761473000 0 8264
1484575661.772362000 0 0
1484575661.771058000 0 0
1484575662.032181000 0 7636
1484575662.044108000 0 0
1484575662.042197000 0 0
1484575659.283022000 0 0
1484575675.954036000 0 8735
1484575675.964891000 0 0
1484575675.963443000 0 0
1484575670.168484000 192610 3232
1484575540.168758000 3198363 26991
1484575529.625279000 0 64550
1484575809.889817000 0 0
1484575835.677680000 0 0
1484575867.227329000 0 0
1484575867.238343000 0 0
1484575867.241791000 0 342
1484575867.248566000 0 0
1484575867.251599000 0 0
1484575867.254566000 0 0
1484575867.230755000 0 0
1484575867.257428000 0 0
1484575867.372864000 0 363
1484575867.380950000 0 0
1484575867.401133000 0 85
1484575867.407476000 0 0
1484575867.462164000 0 109
1484575867.466557000 0 0
1484575304.517952000 0 4096
1484575867.468533000 0 0
1484575867.473236000 0 0
1484575867.476993000 0 0
1484575304.512939000 0 0
1484575867.482919000 0 0
1484575867.557307000 0 0
1484575867.577102000 0 0
1484575867.581982000 0 10
1484575867.594603000 0 0
1484575867.599357000 0 0
1484575867.563461000 0 0
1484575867.603651000 0 0
1484575303.720486000 19024 83270
1484575801.467439000 0 19756
1484575835.682315000 3212531 1976
1484575371.240221000 3607443 52146
1484575867.620927000 0 19020
1484575867.681851000 0 867
1484575867.686815000 0 144
1484575867.694672000 0 0
1484575867.713025000 0 0
1484575305.825700000 0 4096
1484575867.715158000 0 175
1484575867.719876000 0 0
1484575867.724053000 0 0
1484575305.821013000 0 0
1484575867.723174000 0 0
1484575867.732537000 0 0
1484575867.736743000 0 204
1484575867.743518000 0 0
1484575867.755343000 0 0
1484575305.792592000 0 4096
1484575867.762053000 0 0
1484575867.766154000 0 0
1484575305.787933000 0 0
1484575867.772440000 0 0
1484575867.776779000 0 0
1484575867.790347000 0 0
1484575867.794167000 0 19245
1484575867.812580000 0 0
1484575867.816303000 0 0
1484575867.780908000 0 0
1484575867.819612000 0 0
1484575867.850370000 0 0
1484575316.202114000 44751 24080
1484575809.893999000 195744 25841
1484575602.236817000 96615 2509
1484575602.281236000 205321 619
1484575602.411803000 26418 1938
1484574899.750212000 0 44317
1484575879.384976000 0 0
1484575879.396429000 0 0
1484575879.399649000 0 2453
1484575879.406800000 0 0
1484575879.409854000 0 0
1484575879.412436000 0 0
1484575879.389302000 0 0
1484575305.847663000 0 0
1484575879.415110000 0 0
1484575305.800760000 0 0
1484575300.191178000 0 0
1484575879.483281000 0 85
1484575879.490504000 0 0
1484575879.540109000 0 109
1484575879.545127000 0 0
1484574722.172431000 0 4096
1484575879.546708000 0 0
1484575879.551801000 0 0
1484575879.555551000 0 0
1484574722.167948000 0 0
1484575879.561635000 0 0
1484575879.650042000 0 0
1484575879.671859000 0 0
1484575879.706171000 0 0
1484575879.711798000 0 0
1484575879.677207000 0 10
1484575879.728611000 0 0
1484575879.734856000 0 0
1484575879.656489000 0 0
1484575879.739562000 0 0
1484574717.862785000 448781 127301
1484575877.624855000 0 24318
1484574894.237292000 0 66204
1484575879.773239000 0 449937
1484575879.862897000 0 426
1484575879.869606000 0 144
1484575879.877567000 0 0
1484575879.901916000 0 175
1484575879.916438000 0 0
1484574723.371802000 0 32768
1484575879.914763000 0 0
1484575879.925099000 0 0
1484574723.366950000 0 725864
1484575879.931048000 0 204
1484575879.933354000 0 0
1484575879.937256000 0 0
1484575879.939411000 0 0
1484575879.953195000 0 0
1484574723.338718000 0 4096
1484575879.960405000 0 0
1484575879.965306000 0 0
1484574723.333770000 0 0
1484575879.972264000 0 0
1484575879.977473000 0 0
1484575879.996159000 0 0
1484575880.000751000 0 25448
1484575880.025974000 0 0
1484575880.030819000 0 0
1484575879.982966000 0 0
1484575880.035111000 0 0
1484575880.079162000 0 0
1484575316.384112000 41980 1524
1484575884.969051000 0 9834
1484575884.982153000 0 0
1484575884.980206000 0 0
1484575884.993659000 0 0
1484575884.991567000 0 0
1484575885.948063000 0 122
1484575885.956747000 0 0
1484575885.954517000 0 3441
1484575885.955569000 0 0
1484575885.962958000 0 0
1484575885.962062000 0 0
1484575885.967671000 0 146
1484575885.970213000 0 0
1484575885.976164000 0 0
1484575885.974939000 0 0
1484575885.975171000 0 0
1484575886.045531000 0 181
1484575886.055841000 0 0
1484575886.055749000 0 0
1484573759.709493000 0 32768
1484575886.054826000 0 0
1484575886.069188000 0 0
1484573759.704236000 0 5545848
1484575886.071914000 0 14890
1484575886.073201000 0 212
1484575886.080221000 0 0
1484575886.082236000 0 0
1484575886.082679000 0 0
1484575886.081183000 0 0
1484575886.097743000 0 259
1484575886.109939000 0 0
1484575886.106787000 0 0
1484575886.140577000 0 1555
1484575886.150611000 0 0
1484575886.152272000 0 0
1484573756.700660000 0 32768
1484575886.150917000 0 0
1484575886.157222000 0 0
1484573756.695998000 0 4649904
1484575886.163536000 0 288
1484575886.165438000 0 0
1484575886.168609000 0 0
1484575886.172988000 0 0
1484575886.171267000 0 0
1484575886.201098000 0 0
1484573760.349853000 0 32768
1484575886.208064000 0 0
1484573760.346610000 0 902824
1484575886.216478000 0 0
1484575886.219790000 0 0
1484575886.224922000 0 0
1484575886.238999000 0 0
1484575886.242473000 0 23078
1484575886.258030000 0 0
1484575886.261866000 0 0
1484575886.265041000 0 0
1484575886.229092000 0 0
1484575886.268211000 0 0
1484575886.300108000 0 6729
1484575886.308617000 0 0
1484575886.307424000 0 0
1484575886.316872000 0 0
1484575889.638549000 0 0
1484575302.087418000 360448 0
1484575304.504975000 8192 0
1484575303.269384000 163840 0
1484575589.781607000 65536 0
1484575301.568374000 6144 0
1484575300.582484000 266240 4096
1484575300.613742000 8192 4096
1484575305.806631000 393216 0
1484575305.775124000 98304 0
1484575377.535729000 98304 0
1484575316.169490000 2316 0
1484574723.350421000 983040 425984
1484574723.391961000 0 0
1484574723.319726000 98304 0
1484574723.347768000 0 0
1484574714.299767000 0 0
1484573542.162031000 0 0
1484573535.375469000 0 0
1484575893.066059000 0 0
1484575893.097949000 0 0
1484575893.101168000 0 0
1484575893.110633000 0 0
1484573530.036971000 0 0
1484573508.115223000 0 0
1484573760.234513000 0 0
1484573760.367601000 0 0
1484573754.778216000 0 0
1484574716.302780000 327680 0
1484574722.157691000 98304 0
1484574717.310696000 163840 0
1484575208.713528000 65536 0
1484574715.696319000 4096 0
1484574714.729874000 102400 4096
1484574714.758245000 16384 4096
1484574753.701473000 41573 0
1484574753.664401000 3042 0
1484574753.639021000 22202 0
