1484570369.995543000 0 0
1484570372.360452000 0 0
1484570373.090772000 0 0
1484570370.005995000 0 0
1484570374.264072000 0 0
1484570372.357144000 0 0
1484570375.162359000 0 0
1484570373.083423000 0 0
1484570376.404490000 0 0
1484570376.538160000 0 0
1484570374.257988000 0 0
1484570379.724279000 0 0
1484570376.550365000 0 0
1484570380.793130000 0 0
1484570379.739520000 0 0
1484570384.702469000 0 0
1484570384.705970000 0 0
1484570384.709526000 0 0
1484570384.713374000 0 0
1484570384.717332000 0 0
1484570384.720015000 0 0
1484570384.726510000 0 0
1484570384.736421000 0 0
1484570384.734032000 0 0
1484570384.822669000 0 0
1484570384.818374000 0 0
1484570384.832388000 0 0
1484570384.828836000 0 0
1484570384.895137000 0 0
1484570384.891463000 0 0
1484570384.912983000 0 0
1484570384.910777000 0 0
1484570385.189486000 0 0
1484570385.192734000 0 0
1484570385.196043000 0 0
1484570385.199526000 0 0
1484570385.202524000 0 0
1484570385.206773000 0 0
1484570385.242990000 0 0
1484570384.432326000 0 0
1484570385.983952000 0 0
1484570386.004245000 0 0
1484570386.092740000 0 0
1484570386.095090000 0 0
1484570386.097794000 0 0
1484570386.100490000 0 0
1484570386.103265000 0 0
1484570386.137949000 0 0
1484570376.426444000 12666 0
1484570386.155794000 0 0
1484570386.161689000 0 0
1484570386.165016000 0 0
1484570386.169027000 0 0
1484570386.171713000 0 0
1484570386.174656000 0 0
1484570386.183261000 0 0
1484570386.268200000 0 0
1484570386.286620000 0 0
1484570386.284631000 0 0
1484570386.298975000 0 0
1484570386.325745000 0 0
1484570386.464334000 0 0
1484570386.459448000 0 0
1484570386.538448000 0 0
1484570386.549695000 0 0
1484570384.674306000 0 0
1484570375.159442000 0 0
1484570388.280733000 0 0
1484570385.240864000 0 165
1484570385.255460000 0 0
1484570388.282519000 0 0
1484570390.283099000 0 0
1484570390.278153000 0 0
1484570391.300083000 0 0
1484570394.516451000 0 0
1484570394.911392000 0 0
1484570394.919014000 0 0
1484570394.926145000 0 0
1484570394.936596000 0 0
1484570394.940849000 0 0
1484570394.944195000 0 0
1484570394.951992000 0 0
1484570394.962482000 0 0
1484570394.957402000 0 0
1484570394.972899000 0 0
1484570394.970287000 0 0
1484570395.068956000 0 0
1484570395.066130000 0 0
1484570395.093658000 0 0
1484570395.087428000 0 0
1484570395.452112000 0 0
1484570395.455065000 0 0
1484570395.457945000 0 0
1484570395.461172000 0 0
1484570395.464428000 0 0
1484570395.467928000 0 0
1484570394.531673000 0 0
1484570395.532052000 0 162
1484570391.291708000 0 0
1484570395.604965000 0 0
1484570395.676228000 0 0
1484570395.803001000 0 0
1484570395.805383000 0 0
1484570395.807820000 0 0
1484570395.810187000 0 0
1484570395.812460000 0 0
1484570395.814603000 0 0
1484570395.823149000 0 0
1484570395.833521000 0 0
1484570395.836772000 0 0
1484570395.839579000 0 0
1484570395.842313000 0 0
1484570395.844820000 0 0
1484570395.855642000 0 0
1484570372.364303000 1316 0
1484570372.373869000 902 0
1484570384.387086000 840439 0
1484570385.260253000 5317397 0
1484570389.065349000 0 0
1484570396.001555000 0 0
1484570395.998532000 0 0
1484570396.022301000 0 0
1484570396.200217000 0 0
1484570396.196626000 0 0
1484570395.596860000 0 0
1484570398.556143000 0 0
1484570398.802566000 0 0
1484570398.805722000 0 0
1484570398.809330000 0 0
1484570398.811721000 0 0
1484570398.826828000 0 0
1484570398.924769000 0 0
1484570398.995175000 0 0
1484570399.000366000 0 0
1484570399.009297000 0 0
1484570399.012727000 0 0
1484570399.015104000 0 0
1484570399.022843000 0 0
1484570399.023595000 0 0
1484570399.024768000 0 0
1484570399.028387000 0 0
1484570399.029473000 0 0
1484570399.030956000 0 0
1484570399.029110000 0 0
1484570399.033115000 0 0
1484570399.034122000 0 0
1484570399.035685000 0 0
1484570399.034717000 0 0
1484570399.038771000 0 0
1484570399.041108000 0 0
1484570399.082902000 0 0
1484570399.085927000 0 0
1484570399.089118000 0 0
1484570399.093089000 0 0
1484570399.097284000 0 0
1484570399.111551000 0 0
1484570399.121950000 0 0
1484570395.501529000 0 0
1484570399.171743000 0 0
1484570399.169472000 0 0
1484570394.886278000 0 0
1484570398.569914000 0 0
1484570399.586825000 0 0
1484570394.503061000 300527 0
1484570395.505507000 31070 0
1484570399.158324000 0 0
1484570441.451157000 0 0
1484570453.496709000 0 0
1484570456.296018000 0 0
1484570457.916320000 0 0
1484570453.492287000 0 0
1484570458.450406000 0 0
1484570458.455029000 0 0
1484570458.459676000 0 0
1484570458.468594000 0 0
1484570458.475886000 0 0
1484570458.480207000 0 0
1484570458.484855000 0 0
1484570458.488911000 0 0
1484570458.492947000 0 0
1484570458.496878000 0 0
1484570458.500797000 0 0
1484570458.504980000 0 0
1484570458.508859000 0 0
1484570458.518247000 0 0
1484570458.522028000 0 0
1484570458.525940000 0 0
1484570458.529448000 0 0
1484570458.533159000 0 0
1484570458.537170000 0 0
1484570458.541089000 0 0
1484570458.544879000 0 0
1484570458.549702000 0 0
1484570458.553568000 0 0
1484570458.557353000 0 0
1484570458.561518000 0 0
1484570458.565652000 0 0
1484570458.569620000 0 0
1484570458.576078000 0 0
1484570458.580025000 0 0
1484570458.583996000 0 0
1484570458.588122000 0 0
1484570458.592176000 0 0
1484570458.596080000 0 0
1484570458.600078000 0 0
1484570458.604379000 0 0
1484570458.618985000 0 0
1484570458.622912000 0 0
1484570458.626713000 0 0
1484570458.630593000 0 0
1484570458.634404000 0 0
1484570458.638898000 0 0
1484570458.642930000 0 0
1484570458.646995000 0 0
1484570458.650587000 0 0
1484570458.654378000 0 0
1484570458.658396000 0 0
1484570458.662332000 0 0
1484570458.666109000 0 0
1484570458.669893000 0 0
1484570458.674024000 0 0
1484570458.677809000 0 0
1484570458.681458000 0 0
1484570458.685508000 0 0
1484570458.689384000 0 0
1484570458.692978000 0 0
1484570458.696890000 0 0
1484570458.704468000 0 0
1484570458.708467000 0 0
1484570458.712211000 0 0
1484570458.716646000 0 0
1484570458.722388000 0 0
1484570458.726535000 0 0
1484570458.732101000 0 0
1484570458.736271000 0 0
1484570458.740133000 0 0
1484570458.744323000 0 0
1484570458.748199000 0 0
1484570458.752726000 0 0
1484570458.757428000 0 0
1484570458.761589000 0 0
1484570458.765352000 0 0
1484570458.769304000 0 0
1484570458.773358000 0 0
1484570458.777519000 0 0
1484570458.781530000 0 0
1484570458.785151000 0 0
1484570458.789225000 0 0
1484570458.801021000 0 0
1484570458.805232000 0 0
1484570458.810239000 0 0
1484570458.814900000 0 0
1484570458.819951000 0 0
1484570458.825464000 0 0
1484570458.829539000 0 0
1484570458.833960000 0 0
1484570458.837890000 0 0
1484570458.841768000 0 0
1484570458.846062000 0 0
1484570458.850196000 0 0
1484570458.854533000 0 0
1484570458.858486000 0 0
1484570458.862598000 0 0
1484570458.866484000 0 0
1484570458.870630000 0 0
1484570458.874330000 0 0
1484570458.878325000 0 0
1484570458.882540000 0 0
1484570458.888698000 0 0
1484570458.893293000 0 0
1484570458.897280000 0 0
1484570458.901659000 0 0
1484570458.905793000 0 0
1484570458.909968000 0 0
1484570458.913940000 0 0
1484570458.919231000 0 0
1484570458.923551000 0 0
1484570458.927789000 0 0
1484570458.931945000 0 0
1484570458.935938000 0 0
1484570458.939964000 0 0
1484570458.944308000 0 0
1484570458.948700000 0 0
1484570458.952601000 0 0
1484570458.956542000 0 0
1484570458.960598000 0 0
1484570458.964665000 0 0
1484570458.968584000 0 0
1484570458.972551000 0 0
1484570458.976364000 0 0
1484570458.987527000 0 0
1484570458.991341000 0 0
1484570458.995513000 0 0
1484570458.999606000 0 0
1484570459.003702000 0 0
1484570459.008145000 0 0
1484570459.015113000 0 0
1484570459.019584000 0 0
1484570459.023638000 0 0
1484570459.027738000 0 0
1484570459.032022000 0 0
1484570459.036082000 0 0
1484570459.040151000 0 0
1484570459.044480000 0 0
1484570459.049383000 0 0
1484570459.053454000 0 0
1484570459.057465000 0 0
1484570459.061749000 0 0
1484570459.065740000 0 0
1484570459.069819000 0 0
1484570459.073595000 0 0
1484570459.077684000 0 0
1484570459.081877000 0 0
1484570459.085849000 0 0
1484570459.089828000 0 0
1484570459.093956000 0 0
1484570459.097924000 0 0
1484570459.102276000 0 0
1484570459.113386000 0 0
1484570459.117508000 0 0
1484570459.121632000 0 0
1484570459.125799000 0 0
1484570459.129930000 0 0
1484570459.134076000 0 0
1484570459.139096000 0 0
1484570459.142875000 0 0
1484570459.146489000 0 0
1484570459.150466000 0 0
1484570459.154710000 0 0
1484570459.346115000 0 0
1484570456.292836000 0 0
1484570460.737866000 0 0
1484570457.845625000 0 0
1484570462.464233000 0 0
1484570459.343038000 0 0
1484570467.650898000 0 0
1484570470.003196000 0 0
1484570470.011645000 0 0
1484570470.015285000 0 0
1484570470.019010000 0 0
1484570470.023061000 0 0
1484570470.027771000 0 0
1484570470.031233000 0 0
1484570470.037998000 0 0
1484570470.064413000 0 0
1484570470.051021000 0 0
1484570470.082578000 0 0
1484570470.088277000 0 0
1484570470.087070000 0 0
1484570470.103188000 0 0
1484570470.097161000 0 0
1484570470.118713000 0 0
1484570470.116543000 0 0
1484570470.127652000 0 0
1484570470.130491000 0 0
1484570470.133456000 0 0
1484570470.136425000 0 0
1484570470.139332000 0 0
1484570470.143042000 0 0
1484570470.155413000 0 0
1484570470.158747000 0 0
1484570470.161681000 0 0
1484570470.164654000 0 0
1484570470.168392000 0 0
1484570470.171403000 0 0
1484570470.637367000 0 0
1484570473.380453000 0 0
1484570399.583649000 0 0
1484570475.095169000 0 0
1484570470.666740000 0 0
1484570476.342519000 0 0
1484570476.346040000 0 0
1484570476.349161000 0 0
1484570476.352664000 0 0
1484570476.356220000 0 0
1484570476.361153000 0 0
1484570476.368191000 0 0
1484570476.421652000 0 0
1484570476.419269000 0 0
1484570476.432524000 0 0
1484570476.430849000 0 0
1484570477.346096000 0 0
1484570477.349411000 0 0
1484570477.352564000 0 0
1484570477.355731000 0 0
1484570477.358478000 0 0
1484570477.361981000 0 0
1484570476.219906000 0 0
1484570477.442164000 0 162
1484570477.553950000 0 0
1484570477.698100000 0 0
1484570477.701900000 0 0
1484570477.704940000 0 0
1484570477.707678000 0 0
1484570477.710465000 0 0
1484570477.714084000 0 0
1484570477.726146000 0 0
1484570477.728788000 0 0
1484570477.733061000 0 0
1484570477.736551000 0 0
1484570477.739130000 0 0
1484570477.741459000 0 0
1484570477.749613000 0 0
1484570477.876960000 0 0
1484570477.874149000 0 0
1484570477.894979000 0 0
1484570478.055736000 0 0
1484570478.053260000 0 0
1484570478.452580000 0 0
1484570479.446944000 0 0
1484570479.449529000 0 0
1484570479.452858000 0 0
1484570479.461264000 0 0
1484570479.461359000 0 0
1484570479.462975000 0 0
1484570479.464900000 0 0
1484570479.465360000 0 0
1484570479.465657000 0 0
1484570479.467528000 0 0
1484570479.472454000 0 0
1484570479.469262000 0 0
1484570479.478442000 0 0
1484570479.477489000 0 0
1484570479.481388000 0 0
1484570479.483849000 0 0
1484570479.490542000 0 0
1484570479.491057000 0 0
1484570479.500831000 0 0
1484570479.504387000 0 0
1484570479.501053000 0 0
1484570479.533522000 0 0
1484570477.402808000 0 0
1484570479.581223000 0 0
1484570479.584007000 0 0
1484570479.587898000 0 0
1484570479.591048000 0 0
1484570479.596944000 0 0
1484570479.600543000 0 0
1484570479.612516000 0 0
1484570479.649215000 0 0
1484570479.646852000 0 0
1484570479.658526000 0 0
1484570479.796986000 0 0
1484570479.793827000 0 0
1484570476.835917000 0 0
1484570456.317381000 1316 0
1484570456.321803000 902 0
1484570480.492217000 0 0
1484570470.070443000 0 31087
1484570481.675880000 0 0
1484570481.679429000 0 0
1484570481.683108000 0 0
1484570481.686582000 0 0
1484570481.690269000 0 0
1484570481.693197000 0 0
1484570481.703364000 0 0
1484570481.710529000 0 0
1484570481.708089000 0 0
1484570481.720872000 0 0
1484570481.717829000 0 0
1484570481.808472000 0 0
1484570481.804472000 0 0
1484570481.819634000 0 0
1484570481.817223000 0 0
1484570481.503151000 8115 0
1484570482.213493000 0 0
1484570482.216511000 0 0
1484570482.219937000 0 0
1484570482.222784000 0 0
1484570482.226024000 0 0
1484570482.229598000 0 0
1484570482.039066000 0 0
1484570482.304060000 0 162
1484570475.111503000 0 0
1484570482.323691000 0 0
1484570482.434134000 0 0
1484570482.557335000 0 0
1484570482.560112000 0 0
1484570482.562640000 0 0
1484570482.565193000 0 0
1484570482.571691000 0 0
1484570482.577186000 0 0
1484570482.588048000 0 0
1484570482.591628000 0 0
1484570482.593991000 0 0
1484570482.596786000 0 0
1484570482.599659000 0 0
1484570482.602744000 0 0
1484570482.611982000 0 0
1484570482.752010000 0 0
1484570482.748691000 0 0
1484570482.778575000 0 0
1484570482.929471000 0 0
1484570482.924681000 0 0
1484570482.325145000 0 0
1484570484.495953000 0 0
1484570484.492886000 0 0
1484570486.505534000 0 0
1484570481.700466000 0 0
1484570470.653993000 112713 0
1484570477.406761000 31070 0
1484570479.544640000 0 0
1484570481.466399000 375832 0
1484570482.268465000 31087 0
1484570585.731638000 0 0
1484570585.734410000 0 0
1484570585.781729000 0 0
1484570585.785448000 0 0
1484570585.789298000 0 0
1484570585.792297000 0 0
1484570585.795312000 0 0
1484570585.798218000 0 0
1484570585.807223000 0 0
1484570585.810148000 0 0
1484570585.812846000 0 0
1484570585.815043000 0 0
1484570585.817564000 0 0
1484570585.820181000 0 0
1484570585.827602000 0 0
1484570585.923398000 0 0
1484570585.924272000 0 0
1484570585.921012000 0 0
1484570585.927206000 0 0
1484570482.264055000 0 0
1484570585.914991000 0 31126
1484570585.949203000 0 0
1484570585.958804000 0 0
1484570585.963850000 0 0
1484570585.934342000 0 0
1484570585.966879000 0 0
1484570585.942338000 0 0
1484570586.008745000 0 0
1484570586.008974000 0 0
1484570586.006451000 0 0
1484570586.031528000 0 0
1484570586.036309000 0 0
1484570586.050792000 0 0
1484570586.061164000 0 0
1484570586.063727000 0 0
1484570586.060374000 0 0
1484570586.064655000 0 0
1484570586.075014000 0 0
1484570586.076172000 0 0
1484570586.069375000 0 0
1484570586.108752000 0 0
1484570586.111719000 0 0
1484570586.115305000 0 0
1484570586.118305000 0 0
1484570586.121886000 0 0
1484570586.124342000 0 0
1484570586.137073000 0 0
1484570586.155261000 0 0
1484570586.156789000 0 0
1484570586.157946000 0 0
1484570586.160336000 0 0
1484570586.162961000 0 0
1484570586.163080000 0 0
1484570586.165646000 0 0
1484570586.168939000 0 0
1484570586.169692000 0 0
1484570586.181303000 0 0
1484570586.184845000 0 0
1484570586.187443000 0 0
1484570586.191391000 0 0
1484570586.194396000 0 0
1484570586.196724000 0 0
1484570586.207450000 0 0
1484570586.258893000 0 0
1484570586.257071000 0 0
1484570586.265207000 0 0
1484570586.391803000 0 0
1484570586.389459000 0 0
1484570586.725528000 0 0
1484570585.977557000 0 0
1484570586.796006000 8140 0
1484570588.941469000 0 0
1484570590.960552000 0 0
1484570585.975345000 281913 0
1484570587.331601000 0 0
1484570706.372832000 0 0
1484570706.570073000 0 0
1484570706.624565000 0 0
1484570706.628668000 0 0
1484570706.632823000 0 0
1484570706.636666000 0 0
1484570706.641316000 0 0
1484570706.695020000 0 0
1484570708.974659000 0 0
1484570710.449118000 0 0
1484570710.491924000 0 0
1484570709.009596000 0 0
1484571825.515396000 0 0
1484571836.074715000 0 0
1484571837.372338000 0 0
1484571838.265560000 0 0
1484571836.069382000 0 0
1484571839.212178000 0 0
1484571837.366712000 0 0
1484571840.750891000 0 0
1484571838.262825000 0 0
1484571842.000228000 0 0
1484571839.209199000 0 0
1484571844.973027000 0 0
1484571841.996306000 0 0
1484571844.982241000 0 0
1484571844.989600000 0 0
1484571845.000817000 0 0
1484571845.080080000 0 0
1484571845.095386000 0 0
1484571846.002992000 0 0
1484571850.293896000 0 0
1484571844.993200000 0 0
1484571850.301053000 0 0
1484571837.388861000 1316 0
1484571837.394603000 902 0
1484571850.299993000 0 0
1484571850.393454000 0 0
1484571850.397139000 0 0
1484571850.406196000 0 0
1484571850.409273000 0 0
1484571851.627640000 0 0
1484571858.048493000 0 0
1484571858.063761000 0 15637
1484571858.083266000 0 0
1484571858.106052000 0 0
1484571850.403640000 0 0
1484571861.093298000 0 0
1484571858.158860000 0 0
1484571861.088185000 0 0
1484571863.108239000 0 0
1484571863.483607000 0 0
1484571863.489210000 0 33938
1484571863.510070000 0 0
1484571863.560003000 0 0
1484571866.453829000 0 0
1484571866.457426000 0 0
1484571866.461158000 0 0
1484571866.464908000 0 0
1484571866.469272000 0 0
1484571866.475627000 0 0
1484571866.479785000 0 0
1484571866.490780000 0 0
1484571866.498161000 0 0
1484571866.495930000 0 0
1484571866.509756000 0 0
1484571866.506340000 0 0
1484571863.118488000 0 0
1484571866.538496000 0 0
1484571866.613895000 0 0
1484571866.610416000 0 0
1484571866.623232000 0 0
1484571866.620238000 0 0
1484571866.690714000 0 0
1484571866.685747000 0 0
1484571866.703852000 0 0
1484571866.701607000 0 0
1484571867.058256000 0 0
1484571867.062282000 0 0
1484571867.065174000 0 0
1484571867.068351000 0 0
1484571867.070912000 0 0
1484571867.074194000 0 0
1484571867.077734000 0 0
1484571861.117631000 0 0
1484571867.149049000 0 162
1484571867.326237000 0 0
1484571867.455677000 0 0
1484571867.458466000 0 0
1484571867.461923000 0 0
1484571867.464549000 0 0
1484571867.479954000 0 0
1484571867.482814000 0 0
1484571867.486001000 0 0
1484571867.495417000 0 0
1484571867.501452000 0 0
1484571867.506307000 0 0
1484571867.508831000 0 0
1484571867.511388000 0 0
1484571863.573723000 0 0
1484571867.514763000 0 0
1484571867.517531000 0 0
1484571867.529899000 0 0
1484571867.655237000 0 0
1484571867.653013000 0 0
1484571867.668106000 0 0
1484571867.872252000 0 0
1484571867.869626000 0 0
1484571868.352353000 0 0
1484571866.540894000 0 0
1484571870.358931000 0 0
1484571863.537259000 21650 0
1484571858.092477000 187763 0
1484571867.119062000 15637 0
1484571866.484890000 0 0
1484571889.250720000 0 0
1484571889.289622000 0 0
1484571889.293707000 0 0
1484571889.297503000 0 0
1484571889.300661000 0 0
1484571889.303855000 0 0
1484571889.306741000 0 0
1484571889.309857000 0 0
1484571889.318206000 0 0
1484571889.325027000 0 0
1484571889.322740000 0 0
1484571889.332564000 0 0
1484571889.329953000 0 0
1484571889.300709000 0 0
1484571889.422271000 0 0
1484571889.427036000 0 0
1484571889.435834000 0 0
1484571889.440049000 0 0
1484571889.444209000 0 0
1484571889.446204000 0 0
1484571889.447400000 0 0
1484571889.440668000 0 0
1484571889.450843000 0 0
1484571889.461792000 0 0
1484571889.460166000 0 0
1484571889.476442000 0 0
1484571889.047806000 0 0
1484571889.522740000 0 162
1484571889.680421000 0 0
1484571889.683701000 0 0
1484571889.761398000 0 0
1484571889.763874000 0 0
1484571889.766364000 0 0
1484571889.769088000 0 0
1484571889.771892000 0 0
1484571889.776345000 0 0
1484571889.780230000 0 0
1484571889.791467000 0 0
1484571889.809271000 0 0
1484571889.815096000 0 0
1484571889.821818000 0 0
1484571889.832671000 0 0
1484571889.835017000 0 0
1484571889.854420000 0 0
1484571889.876756000 0 0
1484571889.982951000 0 0
1484571889.978837000 0 0
1484571890.010263000 0 0
1484571890.027653000 0 0
1484571890.206821000 0 0
1484571890.203517000 0 0
1484571870.362571000 0 0
1484571892.544551000 0 0
1484571889.030231000 238148 0
1484571889.490036000 33938 0
1484571961.376034000 0 0
1484571961.380275000 0 0
1484571961.558584000 0 0
1484571961.570810000 0 0
1484571961.576653000 0 0
1484571961.582969000 0 0
1484571961.594134000 0 0
1484571961.602947000 0 0
1484571961.606291000 0 0
1484571961.608342000 0 0
1484571961.610533000 0 0
1484571961.610800000 0 0
1484571961.613049000 0 0
1484571961.621219000 0 0
1484571961.625180000 0 0
1484571961.627997000 0 0
1484571961.627396000 0 0
1484571961.629530000 0 0
1484571961.630655000 0 0
1484571961.633594000 0 0
1484571961.633715000 0 0
1484571961.636168000 0 0
1484571961.640721000 0 0
1484571961.643837000 0 0
1484571961.646765000 0 0
1484571961.650456000 0 0
1484571961.672139000 0 0
1484571961.721123000 0 0
1484571961.714714000 0 0
1484571961.731808000 0 0
1484571961.848846000 0 0
1484571961.845404000 0 0
1484571961.871800000 0 0
1484571961.868440000 0 0
1484571961.880554000 0 0
1484571961.893724000 0 0
1484571961.894419000 0 0
1484571961.884708000 0 0
1484571961.899069000 0 0
1484571961.901790000 0 0
1484571961.904156000 0 0
1484571961.908264000 0 0
1484571961.910777000 0 0
1484571961.913787000 0 0
1484571961.924287000 0 0
1484571962.380159000 0 0
1484571889.484891000 0 0
1484572173.422696000 0 0
1484572173.457162000 0 0
1484572173.462362000 0 0
1484572173.469982000 0 0
1484572173.474536000 0 0
1484572173.479292000 0 0
1484572173.483165000 0 0
1484572173.487027000 0 0
1484572180.144978000 0 0
1484572180.159187000 0 0
1484572180.167038000 0 0
1484572180.181932000 0 0
1484572180.189180000 0 0
1484572180.195051000 0 0
1484572180.197484000 0 0
1484572180.254275000 0 0
1484572180.257462000 0 0
1484572180.260075000 0 0
1484572180.266225000 0 0
1484572180.271555000 0 0
1484572180.274477000 0 0
1484572180.278701000 0 0
1484572180.296293000 0 0
1484572180.369605000 0 0
1484572180.366450000 0 0
1484572180.378761000 0 0
1484572180.443405000 0 0
1484572180.441426000 0 0
1484572180.459541000 0 0
1484572180.457833000 0 0
1484572180.499150000 0 0
1484572180.494882000 0 0
1484573051.385245000 0 0
