1484574578.524426000 0 0
1484574578.548658000 0 0
1484574578.553867000 0 0
1484574578.565049000 0 0
1484574578.584388000 0 0
1484574579.777216000 282 0
1484574581.371950000 0 0
1484574581.374535000 0 0
1484574581.382460000 0 0
1484574583.757758000 0 0
1484574583.760402000 0 0
1484574583.782743000 0 0
1484574583.830879000 0 0
1484574583.835421000 0 0
1484574584.025662000 0 0
1484574583.906438000 0 0
1484574585.128297000 0 0
1484574585.131480000 0 0
1484574585.190761000 0 0
1484574585.193394000 0 0
1484574585.196696000 0 0
1484574585.199013000 0 0
1484574580.882900000 111 0
1484574584.036978000 1079 0
1484574584.047053000 1744 0
1484574581.326438000 282 0
1484574585.147341000 576 0
1484574585.139185000 12800 0
1484574585.211298000 504 0
1484574585.201058000 12288 0
1484574585.169486000 4608 0
1484574585.226420000 2104 0
1484574585.232989000 6144 0
1484574585.288860000 1079 0
1484574585.352038000 0 0
1484574585.241162000 12288 0
1484574585.349565000 4664 0
1484574585.364031000 6144 0
1484574585.375118000 1744 0
1484574585.707494000 0 0
1484574604.021259000 0 0
1484574605.521924000 0 0
1484574605.525788000 0 0
1484574605.533101000 0 0
1484574605.555206000 0 0
1484574605.561212000 0 0
1484574605.574400000 0 0
1484574605.590400000 0 0
1484574605.594119000 0 0
1484574605.600000000 0 0
1484574605.717427000 0 0
1484574605.932647000 0 0
1484574606.010091000 0 0
1484574606.013545000 0 0
1484574606.016622000 0 0
1484574606.020225000 0 0
1484574606.022572000 0 0
1484574606.056225000 0 0
1484574606.155740000 0 0
1484574606.284676000 0 0
1484574606.288257000 0 0
1484574606.331360000 0 0
1484574606.348231000 0 0
1484574606.445974000 0 0
1484574606.455102000 0 0
1484574606.464810000 0 0
1484574606.480241000 0 0
1484574606.500484000 0 0
1484574606.503553000 0 0
1484574606.506270000 0 0
1484574606.539755000 0 0
1484574607.414352000 0 0
1484574607.423241000 0 0
1484574607.437981000 0 0
1484574607.496510000 0 0
1484574607.532901000 0 0
1484574607.668602000 0 0
1484574607.960274000 0 0
1484574607.997428000 0 0
1484574585.548319000 19711 0
1484574585.685395000 20301 0
1484574608.001895000 0 18830
1484574608.180683000 0 0
1484574608.184364000 0 0
1484574607.983282000 18830 0
1484574607.989792000 0 0
1484574608.187493000 0 0
1484574608.295683000 0 0
1484574608.589048000 0 0
1484574608.981036000 0 0
1484574608.985207000 0 2
1484574608.995001000 0 0
1484574608.999133000 0 0
1484574607.440505000 2 0
1484574608.969585000 0 0
1484574609.002754000 0 0
1484574609.587032000 425984 0
1484574609.660880000 0 0
1484574610.044805000 0 0
1484574610.267045000 0 53
1484574608.452548000 288 0
1484574610.275989000 0 0
1484574610.403095000 0 0
1484574610.426827000 0 0
1484574610.444502000 0 0
1484574610.465256000 0 0
1484574610.470559000 0 0
1484574610.450671000 0 0
1484574610.474627000 0 0
1484574610.441892000 0 0
1484574610.479074000 0 0
1484574610.504760000 0 90
1484574610.513648000 0 0
1484574610.512255000 0 0
1484574610.526741000 0 0
1484574610.506170000 0 4096
1484574610.534681000 0 0
1484574610.502264000 0 0
1484574610.542904000 0 0
1484574610.562203000 0 0
1484574610.523270000 0 0
1484574611.094704000 0 0
1484574611.433757000 0 0
1484574611.440842000 0 0
1484574612.447368000 0 0
1484574610.313899000 92840 0
1484574612.446581000 0 0
1484574612.473381000 0 0
1484574612.479093000 0 0
1484574612.477796000 0 0
1484574612.486998000 0 93797
1484574612.505655000 0 0
1484574610.049596000 0 0
1484574622.584771000 0 0
1484574610.556526000 0 4096
1484574622.593160000 0 0
1484574622.597925000 0 0
1484574610.553076000 0 0
1484574622.605109000 0 0
1484574628.722200000 0 94094
1484574628.742548000 0 0
1484574628.750985000 0 0
1484574605.518202000 282 0
1484574605.537598000 10 0
1484574605.558685000 111 0
1484574605.618075000 208 0
1484574605.970078000 83029 0
1484574606.168150000 16384 0
1484574606.285302000 5140 0
1484574606.513441000 185 0
1484574607.547221000 11331 0
1484574607.700009000 237211 0
1484574608.456939000 116 0
1484574608.602004000 2373 0
1484574608.626173000 3403 0
1484574608.969961000 309 0
1484574610.077337000 13108 0
1484574610.420288000 1251 0
1484574610.438519000 29 0
1484574610.447274000 36915 0
1484574609.008652000 25 0
1484574611.920070000 2205 0
1484574638.610029000 0 2344
1484574638.618350000 0 0
1484574640.008241000 0 0
1484574640.022113000 0 0
1484574640.026012000 0 83110
1484574640.061037000 0 0
1484574640.065538000 0 0
1484574640.069102000 0 0
1484574640.012947000 0 0
1484574640.072325000 0 0
1484574643.774019000 0 94573
1484574643.791840000 0 0
1484574643.799743000 0 0
1484574646.868928000 0 0
1484574646.875360000 0 0
1484574610.497015000 40960 0
1484574658.824276000 0 95573
1484574658.844444000 0 0
1484574658.853639000 0 0
1484574663.540906000 0 0
1484574663.549298000 0 0
1484574663.558279000 0 0
1484574663.564654000 0 0
1484574663.613961000 0 368
1484574663.603111000 368 0
1484574663.621510000 0 0
1484574666.693527000 0 0
1484574666.814561000 0 137
1484574666.823018000 0 0
1484574666.782901000 137 0
1484574666.821915000 0 0
1484574666.845805000 0 0
1484574666.852098000 0 0
1484574666.868739000 0 0
1484574666.875323000 0 14051
1484574666.885234000 0 0
1484574666.884144000 0 0
1484574666.893339000 0 0
1484574666.909039000 0 0
1484574666.914160000 0 0
1484574666.926206000 0 0
1484574666.959513000 0 0
1484574666.964883000 0 0
1484574666.987324000 0 0
1484574667.004432000 0 0
1484574667.016179000 0 0
1484574667.030161000 0 0
1484574667.035425000 0 0
1484574667.040189000 0 0
1484574667.050814000 0 0
1484574667.055388000 0 0
1484574667.059611000 0 0
1484574667.064905000 0 0
1484574667.069695000 0 0
1484574667.074363000 0 0
1484574667.088935000 0 0
1484574667.104125000 0 0
1484574667.115330000 0 0
1484574667.119675000 0 0
1484574667.133293000 0 0
1484574667.137922000 0 0
1484574667.153705000 0 0
1484574667.162993000 0 0
1484574667.167243000 0 0
1484574667.171924000 0 0
1484574667.176255000 0 0
1484574667.180971000 0 0
1484574667.185308000 0 0
1484574667.189716000 0 0
1484574667.193850000 0 0
1484574667.198033000 0 0
1484574667.202734000 0 0
1484574667.207284000 0 0
1484574667.211386000 0 0
1484574667.222325000 0 0
1484574667.226787000 0 0
1484574667.235851000 0 0
1484574667.240010000 0 0
1484574667.247140000 0 0
1484574667.258494000 0 0
1484574667.282587000 0 0
1484574667.288050000 0 0
1484574667.296231000 0 0
1484574667.301167000 0 0
1484574667.305902000 0 0
1484574667.310212000 0 0
1484574667.319708000 0 0
1484574667.331453000 0 0
1484574667.336154000 0 0
1484574667.340756000 0 0
1484574667.345856000 0 0
1484574667.350388000 0 0
1484574667.354968000 0 0
1484574667.359431000 0 0
1484574667.382795000 0 0
1484574667.387108000 0 0
1484574667.503457000 0 0
1484574667.509003000 0 0
1484574667.650182000 0 0
1484574667.659765000 0 0
1484574667.702527000 0 0
1484574667.707219000 0 0
1484574667.718464000 0 0
1484574667.722997000 0 0
1484574667.727427000 0 0
1484574667.732022000 0 0
1484574667.736656000 0 0
1484574667.741970000 0 0
1484574667.746439000 0 0
1484574667.751082000 0 0
1484574667.755894000 0 0
1484574667.766098000 0 0
1484574667.810253000 0 0
1484574667.814721000 0 0
1484574667.832028000 0 0
1484574667.837297000 0 0
1484574667.841723000 0 0
1484574667.846642000 0 0
1484574667.851308000 0 0
1484574667.868833000 0 0
1484574667.892504000 0 0
1484574667.897000000 0 0
1484574667.902504000 0 0
1484574667.907626000 0 0
1484574667.929037000 0 0
1484574667.934265000 0 0
1484574667.945195000 0 0
1484574667.962034000 0 0
1484574667.977572000 0 0
1484574667.981807000 0 0
1484574668.020110000 0 0
1484574668.026746000 0 0
1484574668.052854000 0 0
1484574668.088114000 0 0
1484574668.124033000 0 0
1484574668.143139000 0 0
1484574668.160682000 0 0
1484574668.248384000 0 0
1484574668.266575000 0 0
1484574668.273685000 0 0
1484574668.294939000 0 0
1484574668.301176000 0 0
1484574668.319220000 0 0
1484574668.325221000 0 0
1484574668.347341000 0 0
1484574668.361911000 0 0
1484574668.367128000 0 0
1484574668.372657000 0 0
1484574668.383107000 0 0
1484574668.390391000 0 0
1484574668.407408000 0 0
1484574668.412475000 0 0
1484574668.417437000 0 0
1484574668.430773000 0 0
1484574668.436588000 0 0
1484574668.442408000 0 0
1484574668.448322000 0 0
1484574668.453160000 0 0
1484574668.458028000 0 0
1484574668.468820000 0 0
1484574668.474416000 0 0
1484574668.489465000 0 0
1484574668.506604000 0 0
1484574668.511486000 0 0
1484574668.528968000 0 0
1484574668.534307000 0 0
1484574668.546552000 0 0
1484574668.551921000 0 0
1484574668.568701000 0 0
1484574668.573760000 0 0
1484574668.578530000 0 0
1484574668.583452000 0 0
1484574668.589315000 0 0
1484574668.611020000 0 0
1484574668.616036000 0 0
1484574668.620827000 0 0
1484574668.631436000 0 0
1484574668.636337000 0 0
1484574668.647598000 0 0
1484574668.677401000 0 0
1484574668.682599000 0 0
1484574668.688613000 0 0
1484574668.694242000 0 0
1484574668.700088000 0 0
1484574668.705696000 0 0
1484574668.711249000 0 0
1484574668.718116000 0 0
1484574668.739504000 0 0
1484574668.745304000 0 0
1484574668.750743000 0 0
1484574668.932637000 0 0
1484574668.960334000 0 0
1484574668.966538000 0 0
1484574668.972672000 0 0
1484574669.081971000 0 0
1484574669.088680000 0 0
1484574669.099717000 0 0
1484574669.105617000 0 0
1484574669.111987000 0 0
1484574669.122740000 0 0
1484574669.128639000 0 0
1484574669.143244000 0 0
1484574669.149944000 0 0
1484574669.158251000 0 0
1484574669.164248000 0 0
1484574669.171069000 0 0
1484574669.176113000 0 0
1484574669.188481000 0 0
1484574669.193685000 0 0
1484574669.202473000 0 0
1484574669.218464000 0 0
1484574669.238364000 0 0
1484574669.244075000 0 0
1484574669.249055000 0 0
1484574669.258648000 0 0
1484574669.263710000 0 0
1484574669.268656000 0 0
1484574669.272630000 0 0
1484574669.287585000 0 0
1484574669.292880000 0 0
1484574669.296885000 0 0
1484574669.300828000 0 0
1484574669.305181000 0 0
1484574669.314442000 0 0
1484574669.327644000 0 0
1484574669.344714000 0 0
1484574669.349480000 0 0
1484574669.407469000 0 0
1484574669.412342000 0 0
1484574669.416633000 0 0
1484574669.421748000 0 0
1484574669.426735000 0 0
1484574669.436066000 0 0
1484574669.443503000 0 0
1484574669.462092000 0 0
1484574669.466447000 0 0
1484574669.470996000 0 0
1484574669.475467000 0 0
1484574669.479969000 0 0
1484574669.484661000 0 0
1484574669.488983000 0 0
1484574669.492981000 0 0
1484574669.497323000 0 0
1484574678.986614000 0 98271
1484574679.004945000 0 0
1484574679.013088000 0 0
1484574668.014833000 51 0
1484574694.038015000 0 99058
1484574694.057276000 0 0
1484574694.056212000 0 0
1484574694.066523000 0 0
1484574694.065465000 0 0
1484574714.240684000 0 99233
1484574714.261485000 0 0
1484574714.260316000 0 0
1484574714.270087000 0 0
1484574714.269008000 0 0
1484574883.328212000 0 0
1484574883.358254000 0 0
1484574883.371570000 0 0
1484574883.375712000 0 82968
1484574883.411895000 0 0
1484574883.416598000 0 0
1484574883.420201000 0 0
1484574883.362987000 0 0
1484574883.423522000 0 0
1484574883.464995000 0 0
1484574883.469270000 0 0
1484574883.469601000 0 0
1484574883.474182000 0 0
1484574883.481170000 0 0
1484574883.491096000 0 0
1484574883.588046000 0 0
1484574883.508206000 0 0
1484574883.600478000 0 0
1484574883.601244000 0 0
1484574883.611261000 0 0
1484574883.630064000 0 0
1484574883.620879000 0 0
1484574883.649102000 0 0
1484574883.655080000 0 0
1484574883.660917000 0 0
1484574883.659590000 0 0
1484574883.477900000 0 0
1484574883.670102000 0 0
1484574883.880476000 0 0
1484574883.900622000 0 0
1484574883.901552000 0 0
1484574883.874284000 0 4096
1484574883.910675000 0 0
1484574883.914481000 0 0
1484574883.674774000 0 0
1484574883.927763000 0 0
1484574884.045517000 0 0
1484574884.062437000 0 0
1484574883.917305000 0 0
1484574884.065545000 0 0
1484574884.074663000 0 0
1484574884.053542000 0 4096
1484574884.079950000 0 0
1484574884.081586000 0 0
1484574884.084557000 0 0
1484574884.047522000 0 0
1484574884.083245000 0 0
1484574884.090681000 0 0
1484574884.092600000 0 0
1484574884.100901000 0 0
1484574884.108954000 0 0
1484574884.115673000 0 0
1484574884.120884000 0 0
1484574884.104106000 0 0
1484574884.103725000 0 4096
1484574884.123809000 0 0
1484574884.127958000 0 0
1484574884.100541000 0 0
1484574884.133069000 0 0
1484574884.136521000 0 0
1484574884.144862000 0 0
1484574884.149604000 0 0
1484574884.150346000 0 0
1484574884.115896000 0 4096
1484574884.157441000 0 0
1484574884.148296000 0 0
1484574884.112718000 0 0
1484574884.177473000 0 0
1484574884.180474000 0 0
1484574884.182142000 0 0
1484574884.184514000 0 0
1484574884.193036000 0 0
1484574884.194103000 0 0
1484574884.146989000 0 4096
1484574884.201799000 0 0
1484574884.143348000 0 0
1484574884.185641000 0 0
1484574884.209516000 0 0
1484574884.211307000 0 0
1484574884.219104000 0 0
1484574884.222823000 0 0
1484574884.228128000 0 0
1484574884.231431000 0 0
1484574884.213851000 0 4096
1484574884.238092000 0 0
1484574884.226270000 0 0
1484574884.209469000 0 0
1484574884.247096000 0 0
1484574884.250114000 0 0
1484574884.252977000 0 0
1484574884.255790000 0 0
1484574884.257446000 0 0
1484574884.256280000 0 0
1484574884.265252000 0 0
1484574884.266102000 0 0
1484574884.250352000 0 4096
1484574884.272790000 0 0
1484574884.274125000 0 0
1484574884.229621000 0 0
1484574884.279303000 0 0
1484574884.281246000 0 0
1484574884.283762000 0 0
1484574884.296296000 0 0
1484574884.296554000 0 0
1484574884.278794000 0 4096
1484574884.277875000 0 0
1484574884.303368000 0 0
1484574884.270237000 0 0
1484574884.311253000 0 0
1484574884.312280000 0 0
1484574884.313865000 0 0
1484574884.316783000 0 0
1484574884.291059000 0 4096
1484574884.323511000 0 0
1484574884.324817000 0 0
1484574884.287865000 0 0
1484574884.317053000 0 0
1484574884.334674000 0 0
1484574884.334922000 0 0
1484574884.337229000 0 0
1484574884.343309000 0 0
1484574884.352936000 0 0
1484574884.353670000 0 0
1484574884.338163000 0 4096
1484574884.360244000 0 0
1484574884.340336000 0 0
1484574883.871738000 0 0
1484574884.333595000 0 0
1484574884.368937000 0 0
1484574884.371456000 0 0
1484574884.377220000 0 0
1484574884.386380000 0 0
1484574884.387803000 0 0
1484574884.371586000 0 4096
1484574884.396079000 0 0
1484574884.399365000 0 0
1484574884.359630000 0 0
1484574884.402564000 0 0
1484574884.374695000 0 0
1484574884.404893000 0 0
1484574884.410083000 0 0
1484574884.420592000 0 0
1484574884.404396000 0 4096
1484574884.427228000 0 0
1484574884.400671000 0 0
1484574884.435777000 0 0
1484574895.599291000 0 0
1484574883.507147000 0 4096
1484574895.607324000 0 0
1484574895.614895000 0 0
1484574883.491323000 0 0
1484574895.622348000 0 0
1484574883.590464000 29 0
1484574883.645323000 63 0
1484574883.665606000 55 0
1484574883.667967000 45056 0
1484574884.059227000 50 0
1484574884.089394000 50 0
1484574884.041397000 45056 0
1484574884.120711000 59 0
1484574884.096020000 45056 0
1484574884.161527000 50 0
1484574884.107547000 45056 0
1484574884.206009000 62 0
1484574884.138499000 45056 0
1484574884.239898000 48 0
1484574884.204051000 45056 0
1484574884.262113000 67 0
1484574884.224635000 45056 0
1484574884.301236000 57 0
1484574884.264646000 45056 0
1484574884.329204000 71 0
1484574884.283416000 45056 0
1484574884.361516000 49 0
1484574884.327503000 45056 0
1484574884.354995000 45056 0
1484574884.396353000 45056 0
1484574916.448896000 0 5140
1484574883.476223000 45056 0
1484575208.346282000 0 1251
1484575208.355715000 0 0
1484575208.354679000 0 0
1484575266.919534000 0 15801
1484575266.929537000 0 0
1484575266.928481000 0 0
1484575328.905489000 0 237378
1484575328.934370000 0 0
1484575328.933418000 0 0
1484575354.905938000 0 0
1484575354.947911000 0 0
1484575354.950362000 0 0
1484575354.957985000 0 0
1484575355.180000000 0 0
1484575355.183745000 0 0
1484575333.394290000 564 0
1484575354.965058000 576 0
1484575447.454411000 0 3403
1484575447.464772000 0 0
1484575447.463590000 0 0
1484575495.532567000 0 98035
1484575495.550929000 0 0
1484575495.549859000 0 0
1484575495.559309000 0 0
1484575495.558266000 0 0
1484575499.105401000 0 3608
1484575499.128318000 0 0
1484575500.570003000 0 2205
1484575500.578947000 0 0
1484575500.577914000 0 0
1484575507.836383000 0 5140
1484575510.591794000 0 98531
1484575510.611734000 0 0
1484575510.610660000 0 0
1484575510.620302000 0 0
1484575510.619264000 0 0
1484575492.737933000 3026 0
1484575528.342291000 0 99166
1484575528.362189000 0 0
1484575528.360806000 0 0
1484575528.372856000 0 0
1484575528.371855000 0 0
1484575543.404463000 0 121880
1484575543.425293000 0 0
1484575543.424243000 0 0
1484575543.433520000 0 0
1484575543.432474000 0 0
1484575558.467777000 0 132951
1484575558.489579000 0 0
1484575558.488525000 0 0
1484575558.497501000 0 0
1484575558.496454000 0 0
1484575566.937450000 0 15810
1484575566.947935000 0 0
1484575566.946968000 0 0
1484575573.526399000 0 136197
1484575573.547838000 0 0
1484575573.546778000 0 0
1484575573.555995000 0 0
1484575573.554966000 0 0
1484575588.586068000 0 137394
1484575588.607822000 0 0
1484575588.606754000 0 0
1484575588.615901000 0 0
1484575588.614887000 0 0
1484575603.647673000 0 140058
1484575603.669624000 0 0
1484575603.668564000 0 0
1484575603.685382000 0 0
1484575603.684340000 0 0
1484575618.718261000 0 144138
1484575618.740603000 0 0
1484575618.739529000 0 0
1484575618.748731000 0 0
1484575618.747687000 0 0
1484575633.780939000 0 145498
1484575633.803771000 0 0
1484575633.802670000 0 0
1484575633.812081000 0 0
1484575633.811064000 0 0
1484575648.846045000 0 148520
1484575648.868831000 0 0
1484575648.867765000 0 0
1484575648.876821000 0 0
1484575648.875765000 0 0
1484575663.916752000 0 151017
1484575663.939655000 0 0
1484575663.938583000 0 0
1484575663.948239000 0 0
1484575663.947203000 0 0
1484575701.426766000 0 153984
1484575701.450180000 0 0
1484575701.449079000 0 0
1484575701.458731000 0 0
1484575701.457696000 0 0
1484575716.498193000 0 170182
1484575716.522495000 0 0
1484575716.521544000 0 0
1484575716.530463000 0 0
1484575716.529407000 0 0
1484575765.670596000 0 174114
1484575765.696187000 0 0
1484575765.695062000 0 0
1484575765.704063000 0 0
1484575765.702986000 0 0
1484575803.550025000 0 174243
1484575803.585927000 0 0
1484575803.584956000 0 0
1484575803.593991000 0 0
1484575803.593000000 0 0
1484575818.571320000 0 173418
1484575818.596560000 0 0
1484575818.595552000 0 0
1484575818.604867000 0 0
1484575818.603892000 0 0
1484575833.598351000 0 176139
1484575833.634520000 0 0
1484575833.628970000 0 0
1484575833.642491000 0 0
1484575833.641552000 0 0
1484575848.677788000 0 176684
1484575848.702313000 0 0
1484575848.701363000 0 0
1484575848.710502000 0 0
1484575848.709367000 0 0
1484575863.747344000 0 179136
1484575863.774171000 0 0
1484575863.773106000 0 0
1484575863.782598000 0 0
1484575863.781595000 0 0
1484575866.950336000 0 15816
1484575866.959793000 0 0
1484575866.958729000 0 0
1484575878.819596000 0 179198
1484575878.844768000 0 0
1484575878.843711000 0 0
1484575878.853306000 0 0
1484575878.852261000 0 0
1484575893.881220000 0 179247
1484575893.905653000 0 0
1484575893.904680000 0 0
1484575893.913131000 0 0
1484575893.912217000 0 0
1484575908.946808000 0 180492
1484575908.971533000 0 0
1484575908.970568000 0 0
1484575908.980076000 0 0
1484575908.979023000 0 0
1484575924.014505000 0 180420
1484575924.039707000 0 0
1484575924.038752000 0 0
1484575924.048816000 0 0
1484575924.047890000 0 0
1484575939.094982000 0 182875
1484575939.120772000 0 0
1484575939.119721000 0 0
1484575939.129433000 0 0
1484575939.128347000 0 0
1484575954.173220000 0 184150
1484575954.198641000 0 0
1484575954.197656000 0 0
1484575954.206348000 0 0
1484575954.205418000 0 0
1484575969.245115000 0 185393
1484575969.270278000 0 0
1484575969.269221000 0 0
1484575969.279017000 0 0
1484575969.277970000 0 0
1484575984.313450000 0 186703
1484575984.339533000 0 0
1484575984.338586000 0 0
1484575984.348126000 0 0
1484575984.347220000 0 0
1484575999.387173000 0 186703
1484575999.413250000 0 0
1484575999.412174000 0 0
1484575999.421909000 0 0
1484575999.420882000 0 0
1484576014.464830000 0 186703
1484576014.491466000 0 0
1484576014.490410000 0 0
1484576014.499750000 0 0
1484576014.498714000 0 0
1484576029.544843000 0 186703
1484576029.573497000 0 0
1484576029.572527000 0 0
1484576029.581667000 0 0
1484576029.580645000 0 0
1484576044.622864000 0 186703
1484576044.648582000 0 0
1484576044.647526000 0 0
1484576044.657092000 0 0
1484576044.656090000 0 0
1484576059.696977000 0 186703
1484576059.722836000 0 0
1484576059.721920000 0 0
1484576059.731618000 0 0
1484576059.730562000 0 0
1484576074.774591000 0 186703
1484576074.801202000 0 0
1484576074.800130000 0 0
1484576074.808961000 0 0
1484576074.807918000 0 0
1484576089.849346000 0 189618
1484576089.875209000 0 0
1484576089.874258000 0 0
1484576089.883113000 0 0
1484576089.882073000 0 0
1484576104.923414000 0 189624
1484576104.948876000 0 0
1484576104.947820000 0 0
1484576104.957106000 0 0
1484576104.956048000 0 0
1484576120.005143000 0 189634
1484576120.030822000 0 0
1484576120.029752000 0 0
1484576120.039415000 0 0
1484576120.038381000 0 0
1484576130.487136000 0 5140
1484576135.082394000 0 189649
1484576135.108752000 0 0
1484576135.107687000 0 0
1484576135.117273000 0 0
1484576135.116232000 0 0
1484576150.090991000 0 189671
1484576150.116248000 0 0
1484576150.115160000 0 0
1484576150.124192000 0 0
1484576150.123155000 0 0
1484576165.163407000 0 189686
1484576165.189124000 0 0
1484576165.188035000 0 0
1484576165.197890000 0 0
1484576165.196852000 0 0
1484576166.964854000 0 15819
1484576166.974257000 0 0
1484576166.973220000 0 0
1484576180.234397000 0 189706
1484576180.260998000 0 0
1484576180.260039000 0 0
1484576180.269076000 0 0
1484576180.268158000 0 0
1484576195.301011000 0 189722
1484576195.327720000 0 0
1484576195.326664000 0 0
1484576195.336637000 0 0
1484576195.335590000 0 0
1484576210.372634000 0 189741
1484576210.398566000 0 0
1484576210.397511000 0 0
1484576210.407266000 0 0
1484576210.406222000 0 0
1484576225.440907000 0 189749
1484576225.467472000 0 0
1484576225.466379000 0 0
1484576225.475805000 0 0
1484576225.474739000 0 0
1484576240.511885000 0 189769
1484576240.537899000 0 0
1484576240.536846000 0 0
1484576240.545752000 0 0
1484576240.544678000 0 0
1484576249.750926000 0 3608
1484576249.768074000 0 0
1484576255.577252000 0 189551
1484576255.602992000 0 0
1484576255.601938000 0 0
1484576255.611029000 0 0
1484576255.609996000 0 0
1484576298.504457000 0 189476
1484576298.963433000 0 0
1484576298.876733000 0 0
1484576298.992107000 0 0
1484576298.972719000 0 0
1484576314.210986000 0 190229
1484576314.241587000 0 0
1484576314.240472000 0 0
1484576314.266995000 0 0
1484576314.265298000 0 0
1484576329.382127000 0 190229
1484576329.408415000 0 0
1484576329.407429000 0 0
1484576329.416023000 0 0
1484576329.415088000 0 0
1484576344.457100000 0 192724
1484576344.483316000 0 0
1484576344.482021000 0 0
1484576344.491179000 0 0
1484576344.490236000 0 0
1484576467.020530000 0 15901
1484576467.030122000 0 0
1484576467.029062000 0 0
1484576500.545641000 0 192712
1484576500.571391000 0 0
1484576500.570420000 0 0
1484576500.579503000 0 0
1484576500.578455000 0 0
1484576515.616926000 0 192712
1484576515.643342000 0 0
1484576515.642385000 0 0
1484576515.651903000 0 0
1484576515.650961000 0 0
1484576530.695603000 0 192731
1484576530.721510000 0 0
1484576530.720494000 0 0
1484576530.730422000 0 0
1484576530.729378000 0 0
1484576545.770479000 0 192731
1484576545.796328000 0 0
1484576545.795378000 0 0
1484576545.804273000 0 0
1484576545.803341000 0 0
1484576568.375852000 0 192731
1484576568.402358000 0 0
1484576568.401317000 0 0
1484576568.410662000 0 0
1484576568.409560000 0 0
1484576595.585141000 0 5141
1484576601.135898000 0 192731
1484576601.162207000 0 0
1484576601.161114000 0 0
1484576601.171003000 0 0
1484576601.169956000 0 0
1484576633.581074000 0 192731
1484576633.606730000 0 0
1484576633.605772000 0 0
1484576633.614318000 0 0
1484576633.613381000 0 0
1484576665.905374000 0 192731
1484576665.931542000 0 0
1484576665.930705000 0 0
1484576665.939594000 0 0
1484576665.938825000 0 0
1484576698.263468000 0 192731
1484576698.289148000 0 0
1484576698.288046000 0 0
1484576698.297122000 0 0
1484576698.296070000 0 0
1484576730.649290000 0 192731
1484576730.675071000 0 0
1484576730.674094000 0 0
1484576730.683168000 0 0
1484576730.682280000 0 0
1484576761.874940000 0 192731
1484576761.901049000 0 0
1484576761.900096000 0 0
1484576761.908498000 0 0
1484576761.907551000 0 0
1484576767.002827000 0 15901
1484576767.012641000 0 0
1484576767.011585000 0 0
1484576779.667996000 0 192718
1484576779.693607000 0 0
1484576779.692646000 0 0
1484576779.701685000 0 0
1484576779.700642000 0 0
1484576794.739537000 0 192718
1484576794.767478000 0 0
1484576794.766367000 0 0
1484576794.775825000 0 0
1484576794.774634000 0 0
1484576826.064569000 0 192718
1484576826.095669000 0 0
1484576826.094721000 0 0
1484576826.103640000 0 0
1484576826.102704000 0 0
1484576857.525702000 0 192718
1484576857.552059000 0 0
1484576857.550998000 0 0
1484576857.559998000 0 0
1484576857.558955000 0 0
1484576888.669873000 0 192718
1484576888.695659000 0 0
1484576888.694554000 0 0
1484576888.703494000 0 0
1484576888.702444000 0 0
1484576919.953227000 0 192718
1484576919.978450000 0 0
1484576919.977486000 0 0
1484576919.986344000 0 0
1484576919.985302000 0 0
1484576931.082819000 0 5141
1484576935.035504000 0 192718
1484576935.061244000 0 0
1484576935.060309000 0 0
1484576935.068759000 0 0
1484576935.067809000 0 0
1484576951.275244000 0 192718
1484576951.430657000 0 0
1484576951.429632000 0 0
1484576951.438793000 0 0
1484576951.437822000 0 0
1484576966.484956000 0 192718
1484576966.511000000 0 0
1484576966.509994000 0 0
1484576966.519083000 0 0
1484576966.518141000 0 0
1484576983.879818000 0 192718
1484576983.905919000 0 0
1484576983.904964000 0 0
1484576983.913833000 0 0
1484576983.912795000 0 0
1484577006.727031000 0 192714
1484577006.752849000 0 0
1484577006.751806000 0 0
1484577006.760499000 0 0
1484577006.759555000 0 0
1484577102.507853000 0 192725
1484577102.533726000 0 0
1484577102.532755000 0 0
1484577102.541374000 0 0
1484577102.540412000 0 0
1484577117.582723000 0 192725
1484577117.608168000 0 0
1484577117.607199000 0 0
1484577117.615772000 0 0
1484577117.614835000 0 0
1484577231.600380000 0 5141
1484577235.229703000 0 192725
1484577235.255894000 0 0
1484577235.254922000 0 0
1484577235.263535000 0 0
1484577235.262624000 0 0
1484577294.142736000 0 192721
1484577294.169035000 0 0
1484577294.168081000 0 0
1484577294.177073000 0 0
1484577294.176020000 0 0
1484577331.231562000 0 192725
1484577331.256798000 0 0
1484577331.255833000 0 0
1484577331.264499000 0 0
1484577331.263484000 0 0
1484577346.311065000 0 192725
1484577346.336763000 0 0
1484577346.335811000 0 0
1484577346.344620000 0 0
1484577346.343540000 0 0
1484577366.940892000 0 192719
1484577366.966429000 0 0
1484577366.965368000 0 0
1484577366.974557000 0 0
1484577366.973505000 0 0
1484577367.028810000 0 15911
1484577367.037997000 0 0
1484577367.036908000 0 0
1484577532.150044000 0 5141
1484577535.769162000 0 192719
1484577535.794994000 0 0
1484577535.794094000 0 0
1484577535.802919000 0 0
1484577535.801976000 0 0
1484577580.823126000 0 192715
1484577580.849071000 0 0
1484577580.848009000 0 0
1484577580.857010000 0 0
1484577580.855946000 0 0
1484577595.901467000 0 192712
1484577595.927125000 0 0
1484577595.926172000 0 0
1484577595.934845000 0 0
1484577595.933915000 0 0
1484577610.973568000 0 192712
1484577610.999057000 0 0
1484577610.998097000 0 0
1484577611.006492000 0 0
1484577611.005570000 0 0
1484577626.044793000 0 192729
1484577626.070581000 0 0
1484577626.069618000 0 0
1484577626.078185000 0 0
1484577626.077265000 0 0
1484577641.124611000 0 192729
1484577641.151006000 0 0
1484577641.149832000 0 0
1484577641.159407000 0 0
1484577641.158326000 0 0
1484577667.045540000 0 15911
1484577667.054760000 0 0
1484577667.053654000 0 0
1484577668.258524000 0 192729
1484577668.283606000 0 0
1484577668.282648000 0 0
1484577668.290817000 0 0
1484577668.289875000 0 0
1484577699.520441000 0 192729
1484577699.545986000 0 0
1484577699.544894000 0 0
1484577699.553722000 0 0
1484577699.552670000 0 0
1484577730.704080000 0 192729
1484577730.729971000 0 0
1484577730.728793000 0 0
1484577730.737562000 0 0
1484577730.736481000 0 0
1484577761.867684000 0 192729
1484577761.893112000 0 0
1484577761.892162000 0 0
1484577761.900742000 0 0
1484577761.899685000 0 0
1484577776.938781000 0 192729
1484577776.964331000 0 0
1484577776.963275000 0 0
1484577776.972241000 0 0
1484577776.971141000 0 0
1484577794.116024000 0 192729
1484577794.141493000 0 0
1484577794.140536000 0 0
1484577794.149269000 0 0
1484577794.148207000 0 0
1484577825.862398000 0 192729
1484577825.888135000 0 0
1484577825.887171000 0 0
1484577825.896229000 0 0
1484577825.895201000 0 0
1484577832.691061000 0 5141
1484577840.945807000 0 192729
1484577840.971719000 0 0
1484577840.970498000 0 0
1484577840.979588000 0 0
1484577840.978505000 0 0
1484577856.985958000 0 192729
1484577857.011325000 0 0
1484577857.010358000 0 0
1484577857.018587000 0 0
1484577857.017661000 0 0
1484577888.097071000 0 192729
1484577888.122776000 0 0
1484577888.121817000 0 0
1484577888.130320000 0 0
1484577888.129416000 0 0
1484577904.711518000 0 192729
1484577904.736956000 0 0
1484577904.735893000 0 0
1484577904.744623000 0 0
1484577904.743543000 0 0
1484577919.781345000 0 192730
1484577919.806429000 0 0
1484577919.805466000 0 0
1484577919.814058000 0 0
1484577919.813039000 0 0
1484577934.855245000 0 192729
1484577934.880570000 0 0
1484577934.879606000 0 0
1484577934.887836000 0 0
1484577934.886861000 0 0
1484577949.924205000 0 192725
1484577949.949390000 0 0
1484577949.948355000 0 0
1484577949.957127000 0 0
1484577949.956207000 0 0
1484577967.060085000 0 15911
1484577967.068621000 0 0
1484577967.067559000 0 0
1484578079.546428000 0 192729
1484578079.572605000 0 0
1484578079.571537000 0 0
1484578079.580400000 0 0
1484578079.579357000 0 0
1484578094.629722000 0 192727
1484578094.655734000 0 0
1484578094.654600000 0 0
1484578094.664009000 0 0
1484578094.662897000 0 0
1484578133.249539000 0 5141
1484578136.864308000 0 192727
1484578136.889552000 0 0
1484578136.888502000 0 0
1484578136.897098000 0 0
1484578136.896100000 0 0
1484578267.109183000 0 15911
1484578267.120205000 0 0
1484578267.119064000 0 0
1484578433.796959000 0 5141
1484578437.409350000 0 192727
1484578437.434781000 0 0
1484578437.433795000 0 0
1484578437.442857000 0 0
1484578437.441884000 0 0
1484578464.868056000 0 192719
1484578464.894245000 0 0
1484578464.893268000 0 0
1484578464.901480000 0 0
1484578464.900514000 0 0
1484578567.088544000 0 15911
1484578567.100567000 0 0
1484578567.096734000 0 0
1484578734.328222000 0 5141
1484578737.927286000 0 192719
1484578737.952438000 0 0
1484578737.951471000 0 0
1484578737.959510000 0 0
1484578737.958596000 0 0
1484578753.001379000 0 192712
1484578753.026664000 0 0
1484578753.025661000 0 0
1484578753.034053000 0 0
1484578753.033033000 0 0
1484578768.073104000 0 192712
1484578768.099027000 0 0
1484578768.097937000 0 0
1484578768.106485000 0 0
1484578768.105394000 0 0
1484578783.144332000 0 192712
1484578783.170090000 0 0
1484578783.169134000 0 0
1484578783.177945000 0 0
1484578783.176793000 0 0
1484578798.221383000 0 192721
1484578798.250924000 0 0
1484578798.249950000 0 0
1484578798.258241000 0 0
1484578798.257291000 0 0
1484578813.302855000 0 192721
1484578813.330474000 0 0
1484578813.327446000 0 0
1484578813.338922000 0 0
1484578813.337437000 0 0
1484578833.527887000 0 192721
1484578833.555651000 0 0
1484578833.554649000 0 0
1484578833.563214000 0 0
1484578833.562300000 0 0
1484578865.702612000 0 192721
1484578865.728529000 0 0
1484578865.727564000 0 0
1484578865.736211000 0 0
1484578865.735271000 0 0
1484578867.112955000 0 15912
1484578867.122411000 0 0
1484578867.121335000 0 0
1484578897.255859000 0 192721
1484578897.281719000 0 0
1484578897.280662000 0 0
1484578897.289359000 0 0
1484578897.288279000 0 0
1484578913.320314000 0 192717
1484578913.345575000 0 0
1484578913.344606000 0 0
1484578913.353065000 0 0
1484578913.351988000 0 0
1484578977.711527000 0 192721
1484578977.737064000 0 0
1484578977.735954000 0 0
1484578977.744659000 0 0
1484578977.743622000 0 0
1484578998.936112000 0 192721
1484578998.962054000 0 0
1484578998.960978000 0 0
1484578998.969825000 0 0
1484578998.968777000 0 0
1484579030.932543000 0 192721
1484579030.958306000 0 0
1484579030.957344000 0 0
1484579030.965717000 0 0
1484579030.964705000 0 0
1484579034.846930000 0 5141
1484579046.009622000 0 192721
1484579046.035378000 0 0
1484579046.034413000 0 0
1484579046.042822000 0 0
1484579046.041883000 0 0
1484579062.217338000 0 192721
1484579062.242813000 0 0
1484579062.241857000 0 0
1484579062.250280000 0 0
1484579062.249241000 0 0
1484579084.687765000 0 192723
1484579084.713369000 0 0
1484579084.712410000 0 0
1484579084.721134000 0 0
1484579084.720198000 0 0
1484579099.762605000 0 192723
1484579099.799700000 0 0
1484579099.798732000 0 0
1484579099.807579000 0 0
1484579099.806636000 0 0
1484579125.995273000 0 192723
1484579126.020804000 0 0
1484579126.019851000 0 0
1484579126.028652000 0 0
1484579126.027621000 0 0
1484579157.793234000 0 192723
1484579157.818504000 0 0
1484579157.817546000 0 0
1484579157.826202000 0 0
1484579157.825143000 0 0
1484579167.133898000 0 15912
1484579167.147311000 0 0
1484579167.146229000 0 0
1484579190.248354000 0 192723
1484579190.274131000 0 0
1484579190.273117000 0 0
1484579190.281246000 0 0
1484579190.280303000 0 0
1484579221.301803000 0 192723
1484579221.327115000 0 0
1484579221.326129000 0 0
1484579221.334608000 0 0
1484579221.333566000 0 0
1484579250.425675000 0 192730
1484579250.451957000 0 0
1484579250.450990000 0 0
1484579250.459437000 0 0
1484579250.458468000 0 0
1484579283.381400000 0 192730
1484579283.406946000 0 0
1484579283.405989000 0 0
1484579283.414937000 0 0
1484579283.413793000 0 0
1484579314.649660000 0 192730
1484579314.678103000 0 0
1484579314.676730000 0 0
1484579314.685954000 0 0
1484579314.684858000 0 0
1484579335.438464000 0 5141
1484579339.079867000 0 192730
1484579339.105218000 0 0
1484579339.104263000 0 0
1484579339.113189000 0 0
1484579339.112101000 0 0
1484579354.150163000 0 192730
1484579354.175387000 0 0
1484579354.174312000 0 0
1484579354.182489000 0 0
1484579354.181479000 0 0
1484579377.099021000 0 192730
1484579377.125085000 0 0
1484579377.124021000 0 0
1484579377.132859000 0 0
1484579377.131775000 0 0
1484579403.678352000 0 192731
1484579403.704725000 0 0
1484579403.703658000 0 0
1484579403.712796000 0 0
1484579403.711728000 0 0
1484579418.753328000 0 192731
1484579418.778899000 0 0
1484579418.777941000 0 0
1484579418.786826000 0 0
1484579418.785603000 0 0
1484579433.833242000 0 192731
1484579433.859298000 0 0
1484579433.858259000 0 0
1484579433.867077000 0 0
1484579433.866066000 0 0
1484579467.146941000 0 15913
1484579467.156367000 0 0
1484579467.155297000 0 0
1484579483.034311000 0 192721
1484579483.059907000 0 0
1484579483.058810000 0 0
1484579483.067459000 0 0
1484579483.066401000 0 0
1484579635.998807000 0 5141
1484579639.640590000 0 192721
1484579639.666415000 0 0
1484579639.665486000 0 0
1484579639.673908000 0 0
1484579639.672950000 0 0
1484579669.209835000 0 192717
1484579669.235789000 0 0
1484579669.234721000 0 0
1484579669.243592000 0 0
1484579669.242549000 0 0
1484579767.167443000 0 15913
1484579767.176069000 0 0
1484579767.175019000 0 0
1484579936.555275000 0 5141
1484579940.177403000 0 192717
1484579940.202868000 0 0
1484579940.201911000 0 0
1484579940.210360000 0 0
1484579940.209422000 0 0
1484580082.671834000 0 15913
1484580082.679844000 0 0
1484580082.678884000 0 0
1484580090.376078000 0 192721
1484580090.401723000 0 0
1484580090.400651000 0 0
1484580090.410469000 0 0
1484580090.409415000 0 0
1484580105.450748000 0 192721
1484580105.476527000 0 0
1484580105.475455000 0 0
1484580105.483919000 0 0
1484580105.482823000 0 0
1484580131.919686000 0 192713
1484580131.945163000 0 0
1484580131.944212000 0 0
1484580131.952396000 0 0
1484580131.951414000 0 0
1484580146.988407000 0 192713
1484580147.014413000 0 0
1484580147.013206000 0 0
1484580147.022308000 0 0
1484580147.021173000 0 0
1484580162.007642000 0 192741
1484580162.033769000 0 0
1484580162.032062000 0 0
1484580162.041709000 0 0
1484580162.040632000 0 0
1484580189.692508000 0 192741
1484580189.717399000 0 0
1484580189.716441000 0 0
1484580189.724380000 0 0
1484580189.723342000 0 0
1484580220.838927000 0 192741
1484580220.864196000 0 0
1484580220.863114000 0 0
1484580220.871698000 0 0
1484580220.870669000 0 0
1484580237.089345000 0 5141
1484580240.708265000 0 192741
1484580240.733301000 0 0
1484580240.732248000 0 0
1484580240.740426000 0 0
1484580240.739470000 0 0
1484580255.780507000 0 192741
1484580255.805242000 0 0
1484580255.804323000 0 0
1484580255.812341000 0 0
1484580255.811341000 0 0
1484580283.077667000 0 192741
1484580283.103053000 0 0
1484580283.102087000 0 0
1484580283.110219000 0 0
1484580283.109285000 0 0
1484580314.228964000 0 192741
1484580314.255937000 0 0
1484580314.254912000 0 0
1484580314.263758000 0 0
1484580314.262621000 0 0
1484580346.203126000 0 192741
1484580346.228292000 0 0
1484580346.227166000 0 0
1484580346.235544000 0 0
1484580346.234491000 0 0
1484580377.327667000 0 192741
1484580377.352908000 0 0
1484580377.351823000 0 0
1484580377.360279000 0 0
1484580377.359244000 0 0
1484580382.654646000 0 15913
1484580382.662910000 0 0
1484580382.661951000 0 0
1484580408.622943000 0 192741
1484580408.648260000 0 0
1484580408.647186000 0 0
1484580408.655323000 0 0
1484580408.654279000 0 0
1484580423.694599000 0 192737
1484580423.719915000 0 0
1484580423.718937000 0 0
1484580423.728156000 0 0
1484580423.727104000 0 0
1484580537.657941000 0 5141
1484580541.265511000 0 192737
1484580541.291115000 0 0
1484580541.290155000 0 0
1484580541.298588000 0 0
1484580541.297542000 0 0
1484580717.767328000 0 15914
1484580717.776327000 0 0
1484580717.775250000 0 0
1484580828.770837000 0 192741
1484580828.801039000 0 0
1484580828.800064000 0 0
1484580828.808448000 0 0
1484580828.807478000 0 0
1484580838.209589000 0 5141
1484580843.851598000 0 192741
1484580843.876575000 0 0
1484580843.875615000 0 0
1484580843.883776000 0 0
1484580843.882722000 0 0
1484580897.991188000 0 192735
1484580898.016091000 0 0
1484580898.015135000 0 0
1484580898.023193000 0 0
1484580898.022225000 0 0
1484581017.804266000 0 15914
1484581017.823497000 0 0
1484581017.822448000 0 0
1484581138.741208000 0 5141
1484581142.453076000 0 192735
1484581142.478284000 0 0
1484581142.477295000 0 0
1484581142.485616000 0 0
1484581142.484676000 0 0
1484581185.898122000 0 192725
1484581185.923418000 0 0
1484581185.922433000 0 0
1484581185.930456000 0 0
1484581185.929517000 0 0
1484581283.955417000 0 192721
1484581283.980064000 0 0
1484581283.979100000 0 0
1484581283.987054000 0 0
1484581283.986131000 0 0
1484581439.336675000 0 5141
1484581442.985209000 0 192721
1484581443.010502000 0 0
1484581443.009544000 0 0
1484581443.017505000 0 0
1484581443.016565000 0 0
1484581526.466589000 0 192725
1484581526.491818000 0 0
1484581526.490819000 0 0
1484581526.499201000 0 0
1484581526.498027000 0 0
1484581580.575513000 0 15914
1484581580.583825000 0 0
1484581580.582767000 0 0
1484581667.093834000 0 192713
1484581667.119223000 0 0
1484581667.118172000 0 0
1484581667.126687000 0 0
1484581667.125744000 0 0
1484581682.162408000 0 192713
1484581682.188008000 0 0
1484581682.187011000 0 0
1484581682.195258000 0 0
1484581682.194210000 0 0
1484581697.243136000 0 192730
1484581697.271301000 0 0
1484581697.270325000 0 0
1484581697.278706000 0 0
1484581697.277768000 0 0
1484581712.324669000 0 192730
1484581712.349616000 0 0
1484581712.348652000 0 0
1484581712.356805000 0 0
1484581712.355920000 0 0
1484581721.032412000 0 0
1484581721.051425000 0 0
1484581734.211753000 0 192730
1484581734.239233000 0 0
1484581734.238175000 0 0
1484581734.246606000 0 0
1484581734.245562000 0 0
1484581739.891662000 0 5141
1484581749.294360000 0 192730
1484581749.320779000 0 0
1484581749.319727000 0 0
1484581749.327922000 0 0
1484581749.326974000 0 0
1484581765.639934000 0 192730
1484581765.665383000 0 0
1484581765.664294000 0 0
1484581765.672795000 0 0
1484581765.671747000 0 0
1484581796.887563000 0 192730
1484581796.912653000 0 0
1484581796.911698000 0 0
1484581796.919945000 0 0
1484581796.918847000 0 0
1484581828.135648000 0 192730
1484581828.161230000 0 0
1484581828.160128000 0 0
1484581828.168711000 0 0
1484581828.167665000 0 0
1484581859.825774000 0 192730
1484581859.851391000 0 0
1484581859.850397000 0 0
1484581859.859176000 0 0
1484581859.858123000 0 0
1484581882.220063000 0 192725
1484581882.245311000 0 0
1484581882.244265000 0 0
1484581882.252501000 0 0
1484581882.251443000 0 0
1484581897.349274000 0 192725
1484581897.374675000 0 0
1484581897.373686000 0 0
1484581897.386499000 0 0
1484581897.385425000 0 0
1484581922.365877000 0 192725
1484581922.393166000 0 0
1484581922.391889000 0 0
1484581922.402741000 0 0
1484581922.401674000 0 0
1484581937.452746000 0 192725
1484581937.478532000 0 0
1484581937.477560000 0 0
1484581937.487145000 0 0
1484581937.486196000 0 0
1484581954.885703000 0 192725
1484581954.912672000 0 0
1484581954.911602000 0 0
1484581954.920887000 0 0
1484581954.919117000 0 0
1484581969.964755000 0 192725
1484581969.990490000 0 0
1484581969.989410000 0 0
1484581969.999895000 0 0
1484581969.998857000 0 0
1484581987.660328000 0 192725
1484581987.686271000 0 0
1484581987.685324000 0 0
1484581987.695119000 0 0
1484581987.694164000 0 0
1484581997.647148000 0 15914
1484581997.658018000 0 0
1484581997.656909000 0 0
1484582002.728425000 0 192725
1484582002.754701000 0 0
1484582002.753692000 0 0
1484582002.762340000 0 0
1484582002.760962000 0 0
1484582022.521326000 0 192725
1484582022.547462000 0 0
1484582022.546352000 0 0
1484582022.557264000 0 0
1484582022.556256000 0 0
1484582040.447994000 0 5141
1484582044.099159000 0 192725
1484582044.125508000 0 0
1484582044.124537000 0 0
1484582044.136112000 0 0
1484582044.135138000 0 0
1484582059.175271000 0 192721
1484582059.200765000 0 0
1484582059.199751000 0 0
1484582059.208682000 0 0
1484582059.207638000 0 0
1484582297.650725000 0 15914
1484582297.659598000 0 0
1484582297.658486000 0 0
1484582341.010734000 0 5141
1484582344.671548000 0 192721
1484582344.696814000 0 0
1484582344.695867000 0 0
1484582344.703852000 0 0
1484582344.702898000 0 0
1484582388.688426000 0 192725
1484582388.714293000 0 0
1484582388.713116000 0 0
1484582388.721713000 0 0
1484582388.720649000 0 0
1484582438.950422000 0 192730
1484582438.976080000 0 0
1484582438.975094000 0 0
1484582438.986802000 0 0
1484582438.985780000 0 0
1484582595.659237000 0 192726
1484582595.684482000 0 0
1484582595.683413000 0 0
1484582595.691841000 0 0
1484582595.690804000 0 0
1484582638.048047000 0 192730
1484582638.073605000 0 0
1484582638.072610000 0 0
1484582638.080997000 0 0
1484582638.080032000 0 0
1484582641.574061000 0 5141
1484582653.130793000 0 192730
1484582653.168779000 0 0
1484582653.167802000 0 0
1484582653.175738000 0 0
1484582653.174803000 0 0
1484582681.678787000 0 15914
1484582681.688604000 0 0
1484582681.687658000 0 0
1484582735.478879000 0 192732
1484582735.504625000 0 0
1484582735.503558000 0 0
1484582735.512478000 0 0
1484582735.511428000 0 0
1484582942.096599000 0 5141
1484582945.706402000 0 192732
1484582945.731560000 0 0
1484582945.730577000 0 0
1484582945.738617000 0 0
1484582945.737715000 0 0
1484582981.703989000 0 15914
1484582981.714387000 0 0
1484582981.711752000 0 0
1484583018.446379000 0 0
1484583019.472329000 0 193004
1484583019.498996000 0 0
1484583019.497916000 0 0
1484583019.506851000 0 0
1484583019.505920000 0 0
1484583034.539619000 0 193194
1484583034.595316000 0 0
1484583034.574860000 0 0
1484583034.639541000 0 0
1484583034.604624000 0 0
1484583018.477227000 282 0
1484583049.675580000 0 193513
1484583049.701268000 0 0
1484583049.700270000 0 0
1484583049.709571000 0 0
1484583049.708604000 0 0
1484583115.139270000 0 195634
1484583115.164423000 0 0
1484583115.163397000 0 0
1484583115.171619000 0 0
1484583115.170670000 0 0
1484583130.213225000 0 197088
1484583130.239089000 0 0
1484583130.237800000 0 0
1484583130.248897000 0 0
1484583130.247807000 0 0
1484583145.287059000 0 197060
1484583145.312354000 0 0
1484583145.311387000 0 0
1484583145.319498000 0 0
1484583145.318376000 0 0
1484583160.357091000 0 199938
1484583160.383063000 0 0
1484583160.381998000 0 0
1484583160.390638000 0 0
1484583160.389589000 0 0
1484583175.432410000 0 199966
1484583175.458377000 0 0
1484583175.457417000 0 0
1484583175.466671000 0 0
1484583175.465699000 0 0
1484583190.505173000 0 200249
1484583190.530769000 0 0
1484583190.529714000 0 0
1484583190.537801000 0 0
1484583190.536747000 0 0
1484583205.576942000 0 200254
1484583205.602959000 0 0
1484583205.601996000 0 0
1484583205.609958000 0 0
1484583205.609043000 0 0
1484583226.490848000 0 199364
1484583226.518185000 0 0
1484583226.517227000 0 0
1484583226.526549000 0 0
1484583226.524557000 0 0
1484583227.932476000 0 0
1484583241.564802000 0 199690
1484583241.590292000 0 0
1484583241.589335000 0 0
1484583241.597310000 0 0
1484583241.596389000 0 0
1484583242.620346000 0 5141
1484583227.958620000 282 0
1484583256.640696000 0 199713
1484583256.667930000 0 0
1484583256.666902000 0 0
1484583256.675159000 0 0
1484583256.674157000 0 0
1484583271.716350000 0 205620
1484583271.745776000 0 0
1484583271.744343000 0 0
1484583271.753175000 0 0
1484583271.752094000 0 0
1484583285.022042000 0 3608
1484583285.036059000 0 0
1484583286.798464000 0 205509
1484583286.828303000 0 0
1484583286.827232000 0 0
1484583286.844523000 0 0
1484583286.841042000 0 0
1484583301.903161000 0 206399
1484583301.932482000 0 0
1484583301.931238000 0 0
1484583301.939972000 0 0
1484583301.938798000 0 0
1484583316.983425000 0 206427
1484583317.010855000 0 0
1484583317.009829000 0 0
1484583317.019877000 0 0
1484583317.018892000 0 0
1484583543.144633000 0 5141
1484583546.734118000 0 206427
1484583546.762173000 0 0
1484583546.761179000 0 0
1484583546.769527000 0 0
1484583546.768322000 0 0
1484583581.725776000 0 16490
1484583581.734704000 0 0
1484583581.733613000 0 0
1484583843.670059000 0 5141
1484583847.281721000 0 206719
1484583847.308404000 0 0
1484583847.307307000 0 0
1484583847.315713000 0 0
1484583847.314673000 0 0
1484584019.080791000 0 16491
1484584019.089256000 0 0
1484584019.088158000 0 0
1484584144.201316000 0 5141
1484584147.798377000 0 206719
1484584147.824685000 0 0
1484584147.823722000 0 0
1484584147.831554000 0 0
1484584147.830618000 0 0
1484584212.636758000 0 0
1484584212.641818000 0 0
1484584212.644549000 0 0
1484584212.647132000 0 0
1484584212.649609000 0 0
1484584212.652024000 0 0
1484584212.654386000 0 0
1484584212.656825000 0 0
1484584212.659195000 0 0
1484584212.661583000 0 0
1484584212.664105000 0 0
1484584212.666604000 0 0
1484584212.668962000 0 0
1484584212.671332000 0 0
1484584212.684524000 0 0
1484584212.686940000 0 0
1484584212.639875000 0 0
1484584212.693621000 0 0
1484584403.235333000 0 16491
1484584403.243562000 0 0
1484584403.242631000 0 0
1484584444.727479000 0 5141
1484584448.340058000 0 206868
1484584448.367351000 0 0
1484584448.365552000 0 0
1484584448.375534000 0 0
1484584448.374538000 0 0
1484584703.248427000 0 16494
1484584703.256999000 0 0
1484584703.255946000 0 0
1484584745.275735000 0 5141
1484584748.899842000 0 206868
1484584748.927283000 0 0
1484584748.926322000 0 0
1484584748.934691000 0 0
1484584748.933613000 0 0
1484585003.270025000 0 16494
1484585003.279897000 0 0
1484585003.278223000 0 0
1484585045.823938000 0 5141
1484585049.440130000 0 206868
1484585049.466563000 0 0
1484585049.465604000 0 0
1484585049.473826000 0 0
1484585049.472774000 0 0
1484585303.277903000 0 16494
1484585303.286634000 0 0
1484585303.285573000 0 0
1484585346.361954000 0 5141
1484585349.956913000 0 206868
1484585349.983335000 0 0
1484585349.982358000 0 0
1484585349.990272000 0 0
1484585349.989331000 0 0
1484585646.922059000 0 5141
1484585650.477898000 0 206868
1484585650.504703000 0 0
1484585650.503653000 0 0
1484585650.511861000 0 0
1484585650.510848000 0 0
1484585903.294483000 0 16494
1484585903.302973000 0 0
1484585903.302004000 0 0
1484585947.405642000 0 5141
1484585951.011848000 0 206868
1484585951.038594000 0 0
1484585951.037569000 0 0
1484585951.045354000 0 0
1484585951.044366000 0 0
1484586215.770790000 0 206868
1484586215.797327000 0 0
1484586215.796378000 0 0
1484586215.804101000 0 0
1484586215.803062000 0 0
1484586247.929896000 0 5141
1484586251.538980000 0 206868
1484586251.566495000 0 0
1484586251.565491000 0 0
1484586251.573417000 0 0
1484586251.572499000 0 0
1484586503.311006000 0 16495
1484586503.319855000 0 0
1484586503.318793000 0 0
1484586548.471128000 0 5141
1484586552.093165000 0 206868
1484586552.121797000 0 0
1484586552.120648000 0 0
1484586552.129180000 0 0
1484586552.128113000 0 0
1484586849.020634000 0 5141
1484586852.620306000 0 206868
1484586852.646622000 0 0
1484586852.645664000 0 0
1484586852.653794000 0 0
1484586852.652849000 0 0
1484587103.326587000 0 16495
1484587103.335288000 0 0
1484587103.334109000 0 0
1484587149.547626000 0 5141
1484587153.153311000 0 206719
1484587153.180036000 0 0
1484587153.179075000 0 0
1484587153.187428000 0 0
1484587153.186378000 0 0
1484587403.340465000 0 16496
1484587403.348979000 0 0
1484587403.347914000 0 0
1484587450.087926000 0 5141
1484587453.690768000 0 206868
1484587453.716853000 0 0
1484587453.715875000 0 0
1484587453.723688000 0 0
1484587453.722642000 0 0
1484587703.354010000 0 16496
1484587703.363129000 0 0
1484587703.361986000 0 0
1484587750.617133000 0 5141
1484587754.223288000 0 206868
1484587754.250311000 0 0
1484587754.249337000 0 0
1484587754.257765000 0 0
1484587754.256816000 0 0
1484588003.369243000 0 16496
1484588003.377921000 0 0
1484588003.376829000 0 0
1484588051.143418000 0 5141
1484588054.759299000 0 206868
1484588054.785946000 0 0
1484588054.784880000 0 0
1484588054.793023000 0 0
1484588054.791980000 0 0
1484588303.386624000 0 16496
1484588303.395257000 0 0
1484588303.394149000 0 0
1484588351.690619000 0 5141
1484588355.310618000 0 206868
1484588355.336597000 0 0
1484588355.335640000 0 0
1484588355.343808000 0 0
1484588355.342760000 0 0
1484588383.469528000 0 0
1484588383.476386000 0 0
1484588522.483307000 0 206868
1484588522.510255000 0 0
1484588522.509269000 0 0
1484588522.517143000 0 0
1484588522.516178000 0 0
1484588537.694404000 0 207273
1484588537.758352000 0 0
1484588537.731276000 0 0
1484588537.768944000 0 0
1484588537.767945000 0 0
1484588553.311224000 0 207120
1484588553.338560000 0 0
1484588553.337578000 0 0
1484588553.347781000 0 0
1484588553.346773000 0 0
1484588568.390302000 0 207120
1484588568.430739000 0 0
1484588568.429716000 0 0
1484588568.444616000 0 0
1484588568.443639000 0 0
1484588583.485826000 0 207199
1484588583.512129000 0 0
1484588583.511086000 0 0
1484588583.521161000 0 0
1484588583.519884000 0 0
1484588603.402886000 0 16500
1484588603.412926000 0 0
1484588603.411890000 0 0
1484588652.212868000 0 5141
1484588865.771572000 0 207180
1484588865.797969000 0 0
1484588865.797021000 0 0
1484588865.807951000 0 0
1484588865.806911000 0 0
1484588880.847142000 0 207180
1484588880.874985000 0 0
1484588880.873984000 0 0
1484588880.883554000 0 0
1484588880.882565000 0 0
1484588895.924939000 0 207188
1484588895.952235000 0 0
1484588895.951261000 0 0
1484588895.959847000 0 0
1484588895.958008000 0 0
1484588903.410340000 0 16500
1484588903.419406000 0 0
1484588903.418429000 0 0
1484588910.994089000 0 207188
1484588911.022529000 0 0
1484588911.020668000 0 0
1484588911.030485000 0 0
1484588911.029542000 0 0
1484588938.900837000 0 207188
1484588938.928030000 0 0
1484588938.926472000 0 0
1484588938.935918000 0 0
1484588938.934971000 0 0
1484588970.934095000 0 207188
1484588970.961177000 0 0
1484588970.960205000 0 0
1484588970.969438000 0 0
1484588970.968458000 0 0
1484589003.253997000 0 207188
1484589003.282425000 0 0
1484589003.281472000 0 0
1484589003.290553000 0 0
1484589003.288524000 0 0
1484589035.046610000 0 207188
1484589035.073931000 0 0
1484589035.072948000 0 0
1484589035.082964000 0 0
1484589035.081942000 0 0
1484589066.999465000 0 207188
1484589067.026483000 0 0
1484589067.025479000 0 0
1484589067.033673000 0 0
1484589067.032600000 0 0
1484589098.397044000 0 207188
1484589098.427396000 0 0
1484589098.426451000 0 0
1484589098.435466000 0 0
1484589098.434505000 0 0
1484589123.064419000 0 207197
1484589123.092738000 0 0
1484589123.091773000 0 0
1484589123.100490000 0 0
1484589123.099503000 0 0
1484589138.150678000 0 207197
1484589138.177872000 0 0
1484589138.176096000 0 0
1484589138.186105000 0 0
1484589138.185149000 0 0
1484589161.467911000 0 207197
1484589161.497297000 0 0
1484589161.496281000 0 0
1484589161.508141000 0 0
1484589161.506046000 0 0
1484589168.992849000 0 5141
1484589176.539342000 0 207197
1484589176.566722000 0 0
1484589176.565724000 0 0
1484589176.573779000 0 0
1484589176.572816000 0 0
1484589193.057115000 0 207197
1484589193.084939000 0 0
1484589193.083860000 0 0
1484589193.092685000 0 0
1484589193.091086000 0 0
1484589224.651612000 0 207197
1484589224.679047000 0 0
1484589224.678085000 0 0
1484589224.686474000 0 0
1484589224.685429000 0 0
1484589256.042067000 0 207197
1484589256.068507000 0 0
1484589256.067767000 0 0
1484589256.075480000 0 0
1484589256.074525000 0 0
1484589287.540512000 0 207197
1484589287.567909000 0 0
1484589287.566881000 0 0
1484589287.576817000 0 0
1484589287.575805000 0 0
1484589297.058539000 0 16500
1484589297.068213000 0 0
1484589297.067177000 0 0
1484589306.406106000 0 207193
1484589306.432386000 0 0
1484589306.431374000 0 0
1484589306.439134000 0 0
1484589306.438206000 0 0
1484589342.292840000 0 207197
1484589342.319766000 0 0
1484589342.318560000 0 0
1484589342.328155000 0 0
1484589342.327097000 0 0
1484589358.125811000 0 207197
1484589358.152084000 0 0
1484589358.151117000 0 0
1484589358.159029000 0 0
1484589358.158078000 0 0
1484589389.564134000 0 207197
1484589389.590932000 0 0
1484589389.589864000 0 0
1484589389.598466000 0 0
1484589389.597407000 0 0
1484589420.652619000 0 207197
1484589420.679646000 0 0
1484589420.678588000 0 0
1484589420.686867000 0 0
1484589420.685807000 0 0
1484589452.395875000 0 207197
1484589452.422879000 0 0
1484589452.421871000 0 0
1484589452.429809000 0 0
1484589452.428860000 0 0
1484589469.527285000 0 5141
1484589471.714496000 0 207185
1484589471.741220000 0 0
1484589471.740157000 0 0
1484589471.748392000 0 0
1484589471.747351000 0 0
1484589486.787427000 0 207185
1484589486.814123000 0 0
1484589486.813057000 0 0
1484589486.821104000 0 0
1484589486.820054000 0 0
1484589514.881021000 0 207185
1484589514.907599000 0 0
1484589514.906663000 0 0
1484589514.914623000 0 0
1484589514.913681000 0 0
1484589547.027816000 0 207185
1484589547.054784000 0 0
1484589547.053693000 0 0
1484589547.062089000 0 0
1484589547.061038000 0 0
1484589577.807699000 0 207185
1484589577.833998000 0 0
1484589577.833028000 0 0
1484589577.840799000 0 0
1484589577.839812000 0 0
1484589597.060189000 0 16500
1484589597.068569000 0 0
1484589597.067593000 0 0
1484589609.196832000 0 207185
1484589609.223412000 0 0
1484589609.222338000 0 0
1484589609.230689000 0 0
1484589609.229643000 0 0
1484589635.636768000 0 207185
1484589635.663581000 0 0
1484589635.662515000 0 0
1484589635.670956000 0 0
1484589635.669887000 0 0
1484589650.717580000 0 207185
1484589650.744556000 0 0
1484589650.743583000 0 0
1484589650.751627000 0 0
1484589650.750669000 0 0
1484589671.437708000 0 207185
1484589671.464239000 0 0
1484589671.463247000 0 0
1484589671.471676000 0 0
1484589671.470724000 0 0
1484589686.509071000 0 207187
1484589686.535517000 0 0
1484589686.534452000 0 0
1484589686.542863000 0 0
1484589686.541775000 0 0
1484589701.592631000 0 207187
1484589701.619300000 0 0
1484589701.618317000 0 0
1484589701.626674000 0 0
1484589701.625611000 0 0
1484589716.670088000 0 207187
1484589716.697259000 0 0
1484589716.696276000 0 0
1484589716.704466000 0 0
1484589716.703289000 0 0
1484589731.753569000 0 207187
1484589731.780786000 0 0
1484589731.779718000 0 0
1484589731.787922000 0 0
1484589731.786861000 0 0
1484589746.830024000 0 207243
1484589746.858262000 0 0
1484589746.855810000 0 0
1484589746.867110000 0 0
1484589746.865139000 0 0
1484589761.936198000 0 207253
1484589761.964072000 0 0
1484589761.963105000 0 0
1484589761.972990000 0 0
1484589761.971420000 0 0
1484589770.046732000 0 5141
1484589777.039365000 0 209561
1484589777.067016000 0 0
1484589777.065950000 0 0
1484589777.074191000 0 0
1484589777.073152000 0 0
1484589792.124763000 0 209561
1484589792.151657000 0 0
1484589792.150676000 0 0
1484589792.158748000 0 0
1484589792.157793000 0 0
1484589836.704643000 0 209649
1484589836.731325000 0 0
1484589836.730368000 0 0
1484589836.738321000 0 0
1484589836.737282000 0 0
1484589851.792624000 0 211442
1484589851.819637000 0 0
1484589851.818615000 0 0
1484589851.826390000 0 0
1484589851.825418000 0 0
1484589866.891122000 0 211470
1484589866.920616000 0 0
1484589866.919591000 0 0
1484589866.927553000 0 0
1484589866.926624000 0 0
1484589881.961326000 0 211470
1484589881.988982000 0 0
1484589881.987917000 0 0
1484589881.996080000 0 0
1484589881.995032000 0 0
1484589897.044751000 0 211470
1484589897.071975000 0 0
1484589897.071003000 0 0
1484589897.078744000 0 0
1484589897.077805000 0 0
1484589912.131088000 0 211463
1484589912.158172000 0 0
1484589912.157124000 0 0
1484589912.165370000 0 0
1484589912.164321000 0 0
1484589927.198517000 0 211464
1484589927.226505000 0 0
1484589927.225538000 0 0
1484589927.235756000 0 0
1484589927.234584000 0 0
1484589942.268619000 0 211478
1484589942.297582000 0 0
1484589942.296565000 0 0
1484589942.305067000 0 0
1484589942.304095000 0 0
1484589957.352562000 0 211478
1484589957.382216000 0 0
1484589957.381225000 0 0
1484589957.389271000 0 0
1484589957.388338000 0 0
1484589972.429868000 0 211478
1484589972.456721000 0 0
1484589972.455767000 0 0
1484589972.463892000 0 0
1484589972.462785000 0 0
1484589987.509494000 0 214453
1484589987.539169000 0 0
1484589987.537893000 0 0
1484589987.550438000 0 0
1484589987.549496000 0 0
1484590002.601760000 0 214533
1484590002.628942000 0 0
1484590002.627965000 0 0
1484590002.635900000 0 0
1484590002.634859000 0 0
1484590007.468373000 0 16514
1484590007.477028000 0 0
1484590007.476025000 0 0
1484590017.677930000 0 213248
1484590017.705730000 0 0
1484590017.704747000 0 0
1484590017.712639000 0 0
1484590017.711704000 0 0
1484590032.751843000 0 213248
1484590032.779061000 0 0
1484590032.778101000 0 0
1484590032.786267000 0 0
1484590032.785216000 0 0
1484590063.048779000 0 213248
1484590063.076058000 0 0
1484590063.075069000 0 0
1484590063.083217000 0 0
1484590063.082213000 0 0
1484590070.277080000 0 5250
1484590078.112782000 0 213248
1484590078.140485000 0 0
1484590078.139546000 0 0
1484590078.147705000 0 0
1484590078.146788000 0 0
1484590093.188306000 0 213244
1484590093.215367000 0 0
1484590093.214292000 0 0
1484590093.222456000 0 0
1484590093.221383000 0 0
1484590124.742175000 0 213248
1484590124.769220000 0 0
1484590124.768266000 0 0
1484590124.776057000 0 0
1484590124.775091000 0 0
1484590207.159626000 0 213239
1484590207.186534000 0 0
1484590207.185575000 0 0
1484590207.193171000 0 0
1484590207.192231000 0 0
1484590307.484936000 0 16514
1484590307.501914000 0 0
1484590307.500742000 0 0
1484590370.796580000 0 5250
1484590374.459064000 0 213239
1484590374.486412000 0 0
1484590374.485322000 0 0
1484590374.493576000 0 0
1484590374.492531000 0 0
1484590441.370646000 0 213247
1484590441.398042000 0 0
1484590441.396967000 0 0
1484590441.405262000 0 0
1484590441.404219000 0 0
1484590662.933607000 0 213242
1484590662.960540000 0 0
1484590662.959530000 0 0
1484590662.967957000 0 0
1484590662.967019000 0 0
1484590671.376185000 0 5250
1484590678.013734000 0 213242
1484590678.046562000 0 0
1484590678.045384000 0 0
1484590678.062599000 0 0
1484590678.061681000 0 0
1484590875.721110000 0 213234
1484590875.748123000 0 0
1484590875.747169000 0 0
1484590875.756030000 0 0
1484590875.754374000 0 0
1484590890.803685000 0 213234
1484590890.831893000 0 0
1484590890.830424000 0 0
1484590890.839389000 0 0
1484590890.838270000 0 0
1484590905.871325000 0 213234
1484590905.899351000 0 0
1484590905.897811000 0 0
1484590905.909304000 0 0
1484590905.908055000 0 0
1484590920.957823000 0 213254
1484590920.986145000 0 0
1484590920.985208000 0 0
1484590920.993121000 0 0
1484590920.992159000 0 0
1484590941.245775000 0 213254
1484590941.272651000 0 0
1484590941.271633000 0 0
1484590941.279582000 0 0
1484590941.278612000 0 0
1484590962.925180000 0 16514
1484590962.933579000 0 0
1484590962.932538000 0 0
1484590971.919749000 0 5250
1484590975.541977000 0 213254
1484590975.569241000 0 0
1484590975.568253000 0 0
1484590975.576284000 0 0
1484590975.575329000 0 0
1484590990.605248000 0 213274
1484590990.632908000 0 0
1484590990.631899000 0 0
1484590990.639781000 0 0
1484590990.638846000 0 0
1484591005.630972000 0 213273
1484591005.658256000 0 0
1484591005.657256000 0 0
1484591005.665289000 0 0
1484591005.664324000 0 0
1484591014.092414000 0 2429
1484591014.155130000 0 0
1484591014.099295000 0 0
1484591164.187342000 0 213275
1484591164.215439000 0 0
1484591164.213697000 0 0
1484591164.224088000 0 0
1484591164.221459000 0 0
1484591223.215187000 0 213271
1484591223.242202000 0 0
1484591223.241231000 0 0
1484591223.249451000 0 0
1484591223.248402000 0 0
1484591238.442711000 0 213271
1484591238.471430000 0 0
1484591238.470461000 0 0
1484591238.478263000 0 0
1484591238.477325000 0 0
1484591272.426495000 0 5250
1484591276.076168000 0 213271
1484591276.103645000 0 0
1484591276.102584000 0 0
1484591276.116608000 0 0
1484591276.115537000 0 0
1484591342.009896000 0 213275
1484591342.038268000 0 0
1484591342.037236000 0 0
1484591342.045379000 0 0
1484591342.044430000 0 0
1484591493.759024000 0 213265
1484591493.786150000 0 0
1484591493.785139000 0 0
1484591493.803092000 0 0
1484591493.801222000 0 0
1484591562.942374000 0 16514
1484591562.951107000 0 0
1484591562.949603000 0 0
1484591572.972010000 0 5250
1484591576.633057000 0 213265
1484591576.662006000 0 0
1484591576.660967000 0 0
1484591576.669694000 0 0
1484591576.668761000 0 0
1484591773.696150000 0 213262
1484591773.724079000 0 0
1484591773.722995000 0 0
1484591773.731277000 0 0
1484591773.730212000 0 0
1484591873.535711000 0 5250
1484591877.147505000 0 213262
1484591877.174606000 0 0
1484591877.173644000 0 0
1484591877.181491000 0 0
1484591877.180550000 0 0
1484591964.655199000 0 16514
1484591964.663256000 0 0
1484591964.662164000 0 0
1484591980.083617000 0 218825
1484591980.251660000 0 0
1484591980.225644000 0 0
1484591980.401877000 0 0
1484591980.337094000 0 0
1484591995.614738000 0 219709
1484591995.642295000 0 0
1484591995.641309000 0 0
1484591995.649125000 0 0
1484591995.648065000 0 0
1484592098.875570000 0 219700
1484592098.903990000 0 0
1484592098.902675000 0 0
1484592098.911013000 0 0
1484592098.909960000 0 0
1484592114.093904000 0 220258
1484592114.125812000 0 0
1484592114.124761000 0 0
1484592114.142853000 0 0
1484592114.138140000 0 0
1484592129.201465000 0 220802
1484592129.229588000 0 0
1484592129.228521000 0 0
1484592129.239174000 0 0
1484592129.237970000 0 0
1484592144.300610000 0 221286
1484592144.328368000 0 0
1484592144.327301000 0 0
1484592144.335553000 0 0
1484592144.334502000 0 0
1484592159.392457000 0 221987
1484592159.420948000 0 0
1484592159.419931000 0 0
1484592159.427965000 0 0
1484592159.426824000 0 0
1484592174.062082000 0 5250
1484592175.166407000 0 0
1484592175.285425000 0 0
1484592175.288188000 0 0
1484592175.296884000 0 0
1484592175.301861000 0 0
1484592175.306794000 0 0
1484592176.071305000 0 0
1484592176.074969000 0 0
1484592176.081499000 0 0
1484592177.696456000 0 222288
1484592177.724349000 0 0
1484592177.723315000 0 0
1484592177.731623000 0 0
1484592177.730604000 0 0
1484592180.315715000 0 0
1484592180.318110000 0 0
1484592175.181493000 1079 0
1484592175.231185000 0 0
1484592175.251325000 0 0
1484592192.786521000 0 224966
1484592192.815127000 0 0
1484592192.814170000 0 0
1484592192.821877000 0 0
1484592192.820976000 0 0
1484592175.300053000 282 0
1484592176.084818000 10 0
1484592207.855777000 0 225735
1484592207.890632000 0 0
1484592207.882994000 0 0
1484592207.904469000 0 0
1484592207.903326000 0 0
1484592213.814270000 0 2400
1484592213.822916000 0 0
1484592213.822002000 0 0
1484592222.944098000 0 225735
1484592222.972380000 0 0
1484592222.971361000 0 0
1484592222.979478000 0 0
1484592222.978472000 0 0
1484592279.485829000 0 0
1484592279.571610000 0 0
1484592279.573734000 0 0
1484592279.582744000 0 0
1484592280.222283000 0 0
1484592280.517028000 0 0
1484592280.519464000 0 0
1484592280.527179000 0 0
1484592280.529285000 0 0
1484592280.591531000 0 0
1484592280.664943000 0 0
1484592280.668952000 0 0
1484592280.671871000 0 0
1484592280.682057000 0 0
1484592280.708928000 0 0
1484592280.713130000 0 0
1484592280.728597000 0 0
1484592280.731593000 0 0
1484592280.734651000 0 0
1484592280.737732000 0 0
1484592280.798631000 0 0
1484592280.801001000 0 0
1484592280.811237000 0 0
1484592280.813579000 0 0
1484592280.816146000 0 0
1484592280.829297000 0 0
1484592280.832558000 0 0
1484592280.834802000 0 0
1484592279.586021000 282 0
1484592280.379857000 1079 0
1484592280.423987000 1744 0
1484592280.559933000 398 0
1484592280.679913000 576 0
1484592280.741374000 504 0
1484592280.692676000 504 0
1484592281.181371000 0 0
1484592281.184696000 0 0
1484592283.192686000 0 225768
1484592283.221263000 0 0
1484592283.220269000 0 0
1484592283.228421000 0 0
1484592283.227363000 0 0
1484592284.122978000 0 0
1484592284.127812000 0 0
1484592284.130541000 0 0
1484592284.133155000 0 0
1484592284.136450000 0 0
1484592284.139954000 0 0
1484592284.187297000 0 0
1484592284.202059000 0 0
1484592284.184879000 0 0
1484592284.248728000 0 98840
1484592284.266481000 0 0
1484592284.209269000 0 0
1484592284.636767000 0 0
1484592284.641017000 0 0
1484592284.639985000 0 0
1484592284.648791000 0 0
1484592284.668646000 0 0
1484592284.670721000 0 0
1484592284.673043000 0 0
1484592284.676147000 0 0
1484592284.687349000 0 0
1484592284.690031000 0 0
1484592284.695211000 0 0
1484592285.151265000 0 0
1484592285.150101000 0 0
1484592281.210378000 19711 0
1484592284.693302000 282 0
1484592284.314780000 0 3658134
1484592287.148133000 0 0
1484592287.146949000 0 0
1484592289.144950000 0 0
1484592289.143807000 0 0
1484592285.282975000 32896 0
1484592285.316090000 1079 0
1484592298.275945000 0 225949
1484592298.304444000 0 0
1484592298.303374000 0 0
1484592298.311441000 0 0
1484592298.310295000 0 0
1484592285.298686000 0 0
1484592285.201928000 38400 0
1484592285.228143000 13824 0
1484592285.242288000 36864 0
1484592285.250218000 2104 0
1484592285.259637000 18432 0
1484592285.268382000 36864 0
1484592285.275744000 4664 0
1484592285.283223000 18432 0
1484592285.251174000 19711 0
1484592285.267398000 20301 0
1484592285.318871000 0 0
1484592285.293883000 1744 0
1484592323.327015000 0 2373
1484592323.334904000 0 0
1484592323.333862000 0 0
1484592368.746452000 0 0
1484592368.740793000 282 0
1484592393.319342000 0 0
1484592393.322367000 0 0
1484592393.324611000 0 0
1484592406.212547000 0 0
1484592406.345136000 0 0
1484592411.556045000 0 0
1484574583.845251000 0 0
1484592411.577144000 0 0
1484592411.567986000 16790 0
1484592411.582698000 3658134 0
1484592412.054489000 32896 0
1484592412.061897000 0 0
1484592412.094317000 0 0
1484592412.092952000 0 0
1484592433.781944000 0 226190
1484592433.847762000 0 0
1484592433.846749000 0 0
1484592433.881750000 0 0
1484592433.855656000 0 0
1484592434.187060000 0 0
1484592434.233731000 0 0
1484592434.236866000 0 0
1484592434.245524000 0 0
1484592434.316613000 0 0
1484592434.352358000 0 0
1484592434.248477000 282 0
1484592434.328188000 1079 0
1484592434.336030000 1744 0
1484592437.478798000 0 0
1484592437.482644000 0 0
1484592437.485149000 0 0
1484592437.487480000 0 0
1484592437.490476000 0 0
1484592437.494014000 0 0
1484592437.537388000 0 98840
1484592437.558278000 0 0
1484592437.618707000 0 0
1484592437.538613000 0 0
1484592437.945200000 0 0
1484592437.949052000 0 0
1484592437.948016000 0 0
1484592437.956223000 0 0
1484592437.989545000 0 0
1484592437.991632000 0 0
1484592437.994004000 0 0
1484592437.996202000 0 0
1484592438.056937000 0 0
1484592438.061133000 0 0
1484592438.066391000 0 0
1484592438.499340000 0 0
1484592438.498181000 0 0
1484592438.501054000 0 0
1484592434.524918000 19711 0
1484592438.063710000 282 0
1484592437.624863000 0 3666494
1484592440.496570000 0 0
1484592440.498642000 0 0
1484592440.499815000 0 0
1484592442.493654000 0 0
1484592442.492647000 0 0
1484592442.491474000 0 0
1484592448.960584000 0 226147
1484592448.989535000 0 0
1484592448.988473000 0 0
1484592448.997035000 0 0
1484592448.995973000 0 0
1484592438.731976000 1079 0
1484592438.738278000 0 0
1484592438.761781000 32896 0
1484592438.893114000 0 0
1484592455.655217000 0 0
1484592412.068145000 0 0
1484592455.670123000 0 0
1484592455.663886000 16958 0
1484592455.675570000 3666494 0
1484592456.161054000 32896 0
1484592456.167937000 0 0
1484592456.198644000 0 0
1484592456.202037000 0 0
1484592438.591730000 38400 0
1484592438.631502000 13824 0
1484592438.668623000 36864 0
1484592438.684511000 2104 0
1484592438.703744000 18432 0
1484592438.728165000 36864 0
1484592438.744475000 4664 0
1484592438.755135000 18432 0
1484592438.810484000 19711 0
1484592438.824447000 20301 0
1484592438.773547000 1744 0
1484592471.918155000 0 226175
1484592471.946693000 0 0
1484592471.945681000 0 0
1484592471.953613000 0 0
1484592471.952671000 0 0
1484592474.598580000 0 5250
1484592486.992176000 0 226754
1484592487.020162000 0 0
1484592487.019202000 0 0
1484592487.027266000 0 0
1484592487.026329000 0 0
1484592505.676063000 0 226782
1484592505.703889000 0 0
1484592505.702884000 0 0
1484592505.710786000 0 0
1484592505.709738000 0 0
1484592520.750778000 0 226783
1484592520.842620000 0 0
1484592520.783472000 0 0
1484592520.908419000 0 0
1484592520.899470000 0 0
1484592535.974013000 0 227417
1484592536.002748000 0 0
1484592536.001771000 0 0
1484592536.010099000 0 0
1484592536.009026000 0 0
1484592564.730513000 0 16538
1484592564.739740000 0 0
1484592564.738678000 0 0
1484592575.476461000 0 227556
1484592575.505018000 0 0
1484592575.503944000 0 0
1484592575.512955000 0 0
1484592575.511887000 0 0
1484592590.567997000 0 228160
1484592590.597266000 0 0
1484592590.596267000 0 0
1484592590.604559000 0 0
1484592590.603371000 0 0
1484592605.648667000 0 228189
1484592605.677963000 0 0
1484592605.676988000 0 0
1484592605.684829000 0 0
1484592605.683892000 0 0
1484592620.727620000 0 228890
1484592620.755694000 0 0
1484592620.754604000 0 0
1484592620.762677000 0 0
1484592620.761591000 0 0
1484592635.812683000 0 228890
1484592635.841168000 0 0
1484592635.840089000 0 0
1484592635.848160000 0 0
1484592635.847112000 0 0
1484592650.896282000 0 228890
1484592650.924923000 0 0
1484592650.923917000 0 0
1484592650.931763000 0 0
1484592650.930800000 0 0
1484592665.985240000 0 238266
1484592666.014706000 0 0
1484592666.013740000 0 0
1484592666.021187000 0 0
1484592666.020247000 0 0
1484592681.069499000 0 239039
1484592681.098182000 0 0
1484592681.097178000 0 0
1484592681.104812000 0 0
1484592681.103883000 0 0
1484592696.155023000 0 239039
1484592696.183590000 0 0
1484592696.182621000 0 0
1484592696.190602000 0 0
1484592696.189660000 0 0
1484592711.238479000 0 239010
1484592711.268181000 0 0
1484592711.266762000 0 0
1484592711.275417000 0 0
1484592711.274362000 0 0
1484592726.264217000 0 239605
1484592726.293250000 0 0
1484592726.292180000 0 0
1484592726.300318000 0 0
1484592726.299259000 0 0
1484592742.358938000 0 240175
1484592742.388216000 0 0
1484592742.387257000 0 0
1484592742.394990000 0 0
1484592742.394106000 0 0
1484592757.452052000 0 240175
1484592757.481398000 0 0
1484592757.480290000 0 0
1484592757.488679000 0 0
1484592757.487425000 0 0
1484592772.549917000 0 240176
1484592772.579165000 0 0
1484592772.578095000 0 0
1484592772.586032000 0 0
1484592772.584999000 0 0
1484592775.120840000 0 5250
1484592787.634184000 0 240176
1484592787.665078000 0 0
1484592787.664065000 0 0
1484592787.672246000 0 0
1484592787.671101000 0 0
1484592802.714776000 0 240176
1484592802.744788000 0 0
1484592802.743787000 0 0
1484592802.751479000 0 0
1484592802.750806000 0 0
1484592817.800029000 0 240320
1484592817.829151000 0 0
1484592817.828090000 0 0
1484592817.836286000 0 0
1484592817.835219000 0 0
1484592832.888496000 0 240923
1484592832.918724000 0 0
1484592832.917512000 0 0
1484592832.927438000 0 0
1484592832.926334000 0 0
1484592847.998439000 0 241606
1484592848.028156000 0 0
1484592848.027188000 0 0
1484592848.036997000 0 0
1484592848.035890000 0 0
1484592863.097879000 0 242258
1484592863.146945000 0 0
1484592863.146008000 0 0
1484592863.153702000 0 0
1484592863.152732000 0 0
1484592864.715074000 0 16538
1484592864.724376000 0 0
1484592864.723153000 0 0
1484592878.198928000 0 241989
1484592878.228687000 0 0
1484592878.227643000 0 0
1484592878.235720000 0 0
1484592878.234672000 0 0
1484592893.297000000 0 241990
1484592893.326117000 0 0
1484592893.325147000 0 0
1484592893.332955000 0 0
1484592893.332065000 0 0
1484592908.430706000 0 241990
1484592908.460107000 0 0
1484592908.459142000 0 0
1484592908.467234000 0 0
1484592908.466286000 0 0
1484592923.515285000 0 243406
1484592923.545598000 0 0
1484592923.544621000 0 0
1484592923.553061000 0 0
1484592923.552162000 0 0
1484592938.596808000 0 244856
1484592938.628224000 0 0
1484592938.627145000 0 0
1484592938.634996000 0 0
1484592938.634067000 0 0
1484592953.682466000 0 246318
1484592953.712317000 0 0
1484592953.711243000 0 0
1484592953.719729000 0 0
1484592953.718663000 0 0
1484592968.770613000 0 247039
1484592968.806692000 0 0
1484592968.805689000 0 0
1484592968.813603000 0 0
1484592968.812594000 0 0
1484593075.646955000 0 5250
1484593079.245797000 0 247039
1484593079.276318000 0 0
1484593079.275155000 0 0
1484593079.284089000 0 0
1484593079.283033000 0 0
1484593140.108848000 0 247762
1484593140.141571000 0 0
1484593140.140563000 0 0
1484593140.148466000 0 0
1484593140.147555000 0 0
1484593155.198238000 0 248483
1484593155.228547000 0 0
1484593155.227467000 0 0
1484593155.235663000 0 0
1484593155.234609000 0 0
1484593164.722475000 0 16538
1484593164.730872000 0 0
1484593164.729822000 0 0
1484593376.172602000 0 5250
1484593379.796873000 0 248483
1484593379.827232000 0 0
1484593379.826249000 0 0
1484593379.834193000 0 0
1484593379.833283000 0 0
1484593464.744782000 0 16538
1484593464.753006000 0 0
1484593464.751916000 0 0
1484593676.719211000 0 5250
1484593680.319443000 0 248483
1484593680.349561000 0 0
1484593680.348562000 0 0
1484593680.356523000 0 0
1484593680.355571000 0 0
1484593764.759773000 0 16538
1484593764.768289000 0 0
1484593764.767192000 0 0
1484593977.218992000 0 5250
1484593980.838078000 0 248483
1484593980.868407000 0 0
1484593980.867339000 0 0
1484593980.875325000 0 0
1484593980.874319000 0 0
1484594277.735497000 0 5250
1484594281.359919000 0 248483
1484594281.389657000 0 0
1484594281.388704000 0 0
1484594281.397456000 0 0
1484594281.396509000 0 0
1484594578.275258000 0 5250
1484594581.893230000 0 248483
1484594581.923361000 0 0
1484594581.922380000 0 0
1484594581.929942000 0 0
1484594581.928997000 0 0
1484594878.822962000 0 5250
1484594882.454381000 0 248483
1484594882.483886000 0 0
1484594882.482812000 0 0
1484594882.490803000 0 0
1484594882.489718000 0 0
1484595179.369481000 0 5250
1484595183.016950000 0 248483
1484595183.046872000 0 0
1484595183.045910000 0 0
1484595183.053723000 0 0
1484595183.052774000 0 0
1484595406.801640000 0 0
1484595406.809801000 0 0
1484595479.893349000 0 5250
1484595483.548878000 0 248483
1484595483.578719000 0 0
1484595483.577749000 0 0
1484595483.586098000 0 0
1484595483.585136000 0 0
1484595780.453036000 0 5250
1484595784.073151000 0 248483
1484595784.103478000 0 0
1484595784.102399000 0 0
1484595784.110649000 0 0
1484595784.109586000 0 0
1484596080.972529000 0 5250
1484596084.590160000 0 248483
1484596084.621116000 0 0
1484596084.620031000 0 0
1484596084.628218000 0 0
1484596084.627260000 0 0
1484596381.517176000 0 5250
1484596385.159183000 0 248483
1484596385.190002000 0 0
1484596385.188894000 0 0
1484596385.197601000 0 0
1484596385.196121000 0 0
1484596682.082843000 0 5250
1484596685.662962000 0 248483
1484596685.693096000 0 0
1484596685.691998000 0 0
1484596685.700096000 0 0
1484596685.699052000 0 0
1484596982.588777000 0 5250
1484596986.198830000 0 248483
1484596986.228547000 0 0
1484596986.227574000 0 0
1484596986.235280000 0 0
1484596986.234341000 0 0
1484597014.424195000 0 16538
1484597014.432525000 0 0
1484597014.431541000 0 0
1484597052.004446000 0 248558
1484597052.034506000 0 0
1484597052.033542000 0 0
1484597052.041570000 0 0
1484597052.040616000 0 0
1484597067.094218000 0 250905
1484597067.130513000 0 0
1484597067.129545000 0 0
1484597067.137446000 0 0
1484597067.136487000 0 0
1484597100.079380000 0 216719
1484597100.108045000 0 0
1484597100.107073000 0 0
1484597100.117442000 0 0
1484597100.116231000 0 0
1484597283.082425000 0 5250
1484597286.705023000 0 216719
1484597286.732435000 0 0
1484597286.731441000 0 0
1484597286.739925000 0 0
1484597286.738881000 0 0
1484597571.967106000 0 218589
1484597571.994991000 0 0
1484597571.994022000 0 0
1484597572.002303000 0 0
1484597572.001186000 0 0
1484597583.626323000 0 5250
1484597587.271726000 0 221007
1484597587.320784000 0 0
1484597587.306958000 0 0
1484597587.329878000 0 0
1484597587.327759000 0 0
1484597602.287281000 0 228310
1484597602.333608000 0 0
1484597602.332374000 0 0
1484597602.347055000 0 0
1484597602.340248000 0 0
1484597614.417251000 0 16538
1484597614.425454000 0 0
1484597614.424511000 0 0
1484597616.879815000 0 2344
1484597616.887704000 0 0
1484597616.886445000 0 0
1484597617.296955000 0 228310
1484597617.325568000 0 0
1484597617.324590000 0 0
1484597617.332693000 0 0
1484597617.331615000 0 0
1484597632.379930000 0 228310
1484597632.407944000 0 0
1484597632.406970000 0 0
1484597632.416257000 0 0
1484597632.415045000 0 0
1484597647.454657000 0 228443
1484597647.483007000 0 0
1484597647.482028000 0 0
1484597647.491008000 0 0
1484597647.489964000 0 0
1484597662.658919000 0 226656
1484597662.689480000 0 0
1484597662.687376000 0 0
1484597662.696840000 0 0
1484597662.695856000 0 0
1484597677.675511000 0 230092
1484597677.704776000 0 0
1484597677.703816000 0 0
1484597677.712802000 0 0
1484597677.711853000 0 0
1484597692.369017000 0 2344
1484597692.376766000 0 0
1484597692.375699000 0 0
1484597692.773977000 0 228504
1484597692.803084000 0 0
1484597692.801102000 0 0
1484597692.809881000 0 0
1484597692.808929000 0 0
1484597700.020551000 0 0
1484597707.843934000 0 225873
1484597707.870408000 0 0
1484597707.869427000 0 0
1484597707.877465000 0 0
1484597707.876418000 0 0
1484597709.428173000 0 0
1484597709.431141000 0 0
1484597709.438840000 0 0
1484597722.916287000 0 228311
1484597722.949757000 0 0
1484597722.948779000 0 0
1484597722.958143000 0 0
1484597722.957147000 0 0
1484597727.015699000 0 2400
1484597727.023680000 0 0
1484597727.022605000 0 0
1484597709.443653000 282 0
1484597738.012343000 0 223729
1484597738.043871000 0 0
1484597738.041622000 0 0
1484597738.055433000 0 0
1484597738.053938000 0 0
1484597753.125285000 0 223758
1484597753.182339000 0 0
1484597753.180753000 0 0
1484597753.197818000 0 0
1484597753.195011000 0 0
1484597758.200802000 0 2344
1484597758.238600000 0 0
1484597758.225574000 0 0
1484597768.254861000 0 223758
1484597768.296928000 0 0
1484597768.295858000 0 0
1484597768.303997000 0 0
1484597768.303026000 0 0
1484597788.340766000 0 222558
1484597788.367983000 0 0
1484597788.366925000 0 0
1484597788.374597000 0 0
1484597788.373659000 0 0
1484597803.412783000 0 222558
1484597803.444556000 0 0
1484597803.440838000 0 0
1484597803.453457000 0 0
1484597803.451338000 0 0
1484597816.185104000 0 2429
1484597816.193128000 0 0
1484597816.192119000 0 0
1484597818.494371000 0 223005
1484597818.523967000 0 0
1484597818.522036000 0 0
1484597818.531568000 0 0
1484597818.530607000 0 0
1484597833.588021000 0 229084
1484597833.813316000 0 0
1484597833.666804000 0 0
1484597833.848871000 0 0
1484597833.828730000 0 0
1484597848.853402000 0 2400
1484597848.861827000 0 0
1484597848.860251000 0 0
1484597848.901757000 0 225655
1484597848.931265000 0 0
1484597848.930187000 0 0
1484597848.938616000 0 0
1484597848.937660000 0 0
1484597878.739269000 0 223885
1484597878.767139000 0 0
1484597878.765915000 0 0
1484597878.774339000 0 0
1484597878.773398000 0 0
1484597891.844777000 0 5309
1484597893.796930000 0 202993
1484597893.823603000 0 0
1484597893.822127000 0 0
1484597893.830366000 0 0
1484597893.829405000 0 0
1484597906.682465000 0 2373
1484597906.694992000 0 0
1484597906.693942000 0 0
1484597957.734017000 0 202993
1484597957.760970000 0 0
1484597957.759987000 0 0
1484597957.768232000 0 0
1484597957.767011000 0 0
1484598107.733931000 0 202993
1484598107.760208000 0 0
1484598107.759236000 0 0
1484598107.767498000 0 0
1484598107.766480000 0 0
1484598214.427271000 0 16546
1484598214.435686000 0 0
1484598214.434619000 0 0
1484598514.478488000 0 16546
1484598514.486614000 0 0
1484598514.485656000 0 0
1484598814.444467000 0 16546
1484598814.454301000 0 0
1484598814.453301000 0 0
1484598975.255211000 0 122
1484598975.262137000 0 0
1484598975.261149000 0 0
1484598975.273377000 0 110133
1484598975.284661000 0 146
1484598975.300320000 0 0
1484574609.655440000 0 32768
1484598975.304254000 0 0
1484598975.304301000 0 0
1484598975.305684000 0 0
1484598975.300665000 0 0
1484574609.652085000 0 214234760
1484598975.300559000 0 0
1484598975.312206000 0 0
1484598975.313095000 0 0
1484598975.315076000 0 0
1484598975.315440000 0 0
1484574609.642535000 425984 65273856
1484598975.341131000 0 5309
1484598975.342139000 0 181
1484598975.348939000 0 0
1484598975.347961000 0 0
1484598975.366342000 0 212
1484598975.374202000 0 0
1484598975.372960000 0 0
1484598975.383986000 0 241
1484598975.391454000 0 0
1484598975.390472000 0 0
1484598975.400810000 0 288
1484598975.407965000 0 0
1484598975.406924000 0 0
1484598975.432210000 0 0
1484574607.490257000 0 32768
1484598975.436356000 0 0
1484574607.487937000 4096 15611232
1484598975.441389000 0 0
1484598975.444702000 0 0
1484574610.463654000 0 0
1484598975.504072000 0 0
1484574610.456952000 0 32768
1484598975.509248000 0 0
1484574610.450960000 0 91006408
1484598975.516603000 0 0
1484598975.519636000 0 0
1484574610.432219000 1179648 12484608
1484598975.526474000 0 0
1484598975.537601000 0 0
1484598975.540325000 0 83029
1484598975.577972000 0 0
1484598975.583262000 0 0
1484598975.586841000 0 0
1484598975.529473000 0 0
1484598975.590009000 0 0
1484598975.627368000 0 7258
1484598975.634463000 0 0
1484598975.633381000 0 0
1484598975.641581000 0 0
1484598976.614652000 0 0
1484592456.173798000 0 0
1484574610.996359000 0 0
1484574605.578214000 0 0
1484598975.286712000 0 0
1484574883.347563000 40960 36864
1484574606.555146000 28672 0
1484574606.223995000 495616 57344
1484574606.246871000 16384 4096
1484574607.483906000 851968 5390336
1484574608.305303000 229376 196608
