1484560373.979835000 0 18612
1484560373.990216000 0 0
1484560373.989484000 0 0
1484560374.010456000 0 360
1484560374.020195000 0 0
1484560374.019478000 0 0
1484560374.169467000 0 80125
1484560374.185108000 0 0
1484560374.184449000 0 0
1484560374.893969000 0 0
1484560374.919876000 0 0
1484560374.922693000 0 0
1484560374.931621000 0 0
1484560374.943712000 0 0
1484560374.941706000 0 0
1484560374.937532000 282 0
1484560374.973117000 934 0
1484560374.977186000 755 0
1484560374.990614000 567 0
1484560374.993304000 790 0
1484560374.959236000 34153 0
1484560376.874793000 0 0
1484560376.873711000 0 0
1484560376.885895000 934 0
1484560376.887329000 790 0
1484560376.890980000 567 0
1484560376.890630000 755 0
1484560374.991662000 34592 0
1484560376.887259000 34153 0
1484560383.071974000 0 32184
1484560383.084845000 0 0
1484560383.084144000 0 0
1484560383.092756000 0 0
1484560383.092077000 0 0
1484560383.699226000 0 0
1484560383.701748000 0 0
1484560398.107385000 0 32184
1484560398.120801000 0 0
1484560398.120074000 0 0
1484560398.130292000 0 0
1484560398.129646000 0 0
1484560413.152591000 0 32184
1484560413.166306000 0 0
1484560413.165539000 0 0
1484560413.175255000 0 0
1484560413.174522000 0 0
1484560413.648995000 0 3281
1484560413.657879000 0 0
1484560413.657185000 0 0
1484560421.515031000 0 0
1484560421.517431000 0 0
1484560428.196357000 0 32184
1484560428.210920000 0 0
1484560428.210198000 0 0
1484560428.218897000 0 0
1484560428.218164000 0 0
1484560443.232864000 0 32184
1484560443.246749000 0 0
1484560443.245846000 0 0
1484560443.254893000 0 0
1484560443.254043000 0 0
1484560451.456061000 0 3252
1484560451.467425000 0 0
1484560451.466024000 0 0
1484560514.896237000 0 32184
1484560514.913573000 0 0
1484560514.912161000 0 0
1484560514.925046000 0 0
1484560514.923510000 0 0
1484560521.091008000 0 0
1484560521.094037000 0 0
1484560521.109629000 0 0
1484560521.116371000 0 0
1484560521.235405000 0 0
1484560521.237907000 0 0
1484560529.982462000 0 32184
1484560530.005119000 0 0
1484560530.004264000 0 0
1484560530.013604000 0 0
1484560530.013026000 0 0
1484560545.133608000 0 32184
1484560545.147265000 0 0
1484560545.146508000 0 0
1484560545.155810000 0 0
1484560545.155033000 0 0
1484560545.278452000 0 3232
1484560545.289382000 0 0
1484560545.288226000 0 0
1484560521.087776000 282 0
1484560521.114589000 10 0
1484560521.133327000 10 0
1484560643.455965000 0 32184
1484560643.470477000 0 0
1484560643.469223000 0 0
1484560643.479650000 0 0
1484560643.478557000 0 0
1484560658.525453000 0 32184
1484560658.540094000 0 0
1484560658.539143000 0 0
1484560658.549072000 0 0
1484560658.548077000 0 0
1484560659.971483000 0 18619
1484560659.981634000 0 0
1484560659.980874000 0 0
1484560673.605682000 0 32184
1484560673.621289000 0 0
1484560673.620298000 0 0
1484560673.629750000 0 0
1484560673.629078000 0 0
1484560674.116497000 0 80218
1484560674.131453000 0 0
1484560674.130725000 0 0
1484560688.659772000 0 32184
1484560688.674159000 0 0
1484560688.672949000 0 0
1484560688.683618000 0 0
1484560688.682406000 0 0
1484560698.156511000 0 0
1484560698.170251000 0 0
1484560698.221784000 0 0
1484560698.228524000 0 5371229
1484560699.188576000 0 0
1484560708.299562000 0 32184
1484560708.314638000 0 0
1484560708.313432000 0 0
1484560708.324025000 0 0
1484560708.322805000 0 0
1484560723.352189000 0 32184
1484560723.364964000 0 0
1484560723.364260000 0 0
1484560723.373400000 0 0
1484560723.372710000 0 0
1484560738.401972000 0 32184
1484560738.419324000 0 0
1484560738.417942000 0 0
1484560738.429738000 0 0
1484560738.428481000 0 0
1484560753.481104000 0 32184
1484560753.495442000 0 0
1484560753.494693000 0 0
1484560753.506950000 0 0
1484560753.506200000 0 0
1484560768.530192000 0 32184
1484560768.544761000 0 0
1484560768.543815000 0 0
1484560768.553794000 0 0
1484560768.552891000 0 0
1484560783.581967000 0 32184
1484560783.596604000 0 0
1484560783.595353000 0 0
1484560783.606711000 0 0
1484560783.605546000 0 0
1484560798.635358000 0 32184
1484560798.648721000 0 0
1484560798.647828000 0 0
1484560798.657348000 0 0
1484560798.656310000 0 0
1484560813.684848000 0 32184
1484560813.698790000 0 0
1484560813.697880000 0 0
1484560813.707142000 0 0
1484560813.706251000 0 0
1484560829.273122000 0 32184
1484560829.289951000 0 0
1484560829.288226000 0 0
1484560829.299467000 0 0
1484560829.298267000 0 0
1484560844.325455000 0 32184
1484560844.340949000 0 0
1484560844.339679000 0 0
1484560844.350183000 0 0
1484560844.349017000 0 0
1484560859.382434000 0 32184
1484560859.396633000 0 0
1484560859.395696000 0 0
1484560859.405317000 0 0
1484560859.404368000 0 0
1484560874.431071000 0 32184
1484560874.443405000 0 0
1484560874.442814000 0 0
1484560874.450752000 0 0
1484560874.450166000 0 0
1484560889.484596000 0 32184
1484560889.499386000 0 0
1484560889.498643000 0 0
1484560889.509569000 0 0
1484560889.508946000 0 0
1484560904.558494000 0 32184
1484560904.572280000 0 0
1484560904.571334000 0 0
1484560904.582214000 0 0
1484560904.581284000 0 0
1484560919.618065000 0 32184
1484560919.631610000 0 0
1484560919.630712000 0 0
1484560919.639931000 0 0
1484560919.639063000 0 0
1484560934.667669000 0 32184
1484560934.682506000 0 0
1484560934.681671000 0 0
1484560934.692193000 0 0
1484560934.691374000 0 0
1484560949.720346000 0 32184
1484560949.735286000 0 0
1484560949.734166000 0 0
1484560949.745888000 0 0
1484560949.744726000 0 0
1484560959.958849000 0 18619
1484560959.970652000 0 0
1484560959.969479000 0 0
1484560974.183347000 0 80246
1484560974.198475000 0 0
1484560974.197840000 0 0
1484561006.517100000 0 32184
1484561006.530978000 0 0
1484561006.529934000 0 0
1484561006.540062000 0 0
1484561006.538972000 0 0
1484561021.568885000 0 32184
1484561021.584431000 0 0
1484561021.583247000 0 0
1484561021.594950000 0 0
1484561021.593767000 0 0
1484561032.907427000 0 0
1484561032.911833000 0 0
1484561036.656208000 0 32184
1484561036.671484000 0 0
1484561036.670045000 0 0
1484561036.682064000 0 0
1484561036.680823000 0 0
1484561051.702988000 0 32184
1484561051.717425000 0 0
1484561051.716686000 0 0
1484561051.724903000 0 0
1484561051.724391000 0 0
1484561066.760724000 0 32184
1484561066.775622000 0 0
1484561066.774517000 0 0
1484561066.784888000 0 0
1484561066.783932000 0 0
1484561081.810027000 0 32184
1484561081.824389000 0 0
1484561081.823281000 0 0
1484561081.834259000 0 0
1484561081.833058000 0 0
1484561096.859350000 0 32184
1484561096.872921000 0 0
1484561096.871986000 0 0
1484561096.881623000 0 0
1484561096.880885000 0 0
1484561111.913011000 0 32184
1484561111.928035000 0 0
1484561111.926712000 0 0
1484561111.937410000 0 0
1484561111.936110000 0 0
1484561126.956384000 0 32184
1484561126.970128000 0 0
1484561126.969511000 0 0
1484561126.979002000 0 0
1484561126.978195000 0 0
1484561142.011178000 0 32184
1484561142.025456000 0 0
1484561142.024657000 0 0
1484561142.034253000 0 0
1484561142.033420000 0 0
1484561157.067654000 0 32184
1484561157.081972000 0 0
1484561157.081019000 0 0
1484561157.092524000 0 0
1484561157.091592000 0 0
1484561172.125869000 0 32185
1484561172.140558000 0 0
1484561172.139364000 0 0
1484561172.150847000 0 0
1484561172.149684000 0 0
1484561187.182018000 0 32184
1484561187.195764000 0 0
1484561187.194947000 0 0
1484561187.204493000 0 0
1484561187.203628000 0 0
1484561187.248104000 0 0
1484561187.256793000 0 0
1484561187.263981000 0 0
1484561187.856419000 0 0
1484561187.873370000 0 0
1484561187.883619000 0 0
1484561187.887719000 0 29416
1484561187.906967000 0 0
1484561187.911288000 0 0
1484561187.914493000 0 0
1484561187.867320000 0 0
1484561187.917706000 0 0
1484561187.271169000 0 5371229
1484561188.239264000 0 0
1484561188.250471000 0 0
1484561188.254494000 0 0
1484561188.258414000 0 5371229
1484561189.308611000 0 0
1484561196.339010000 0 3281
1484561196.349002000 0 0
1484561202.238877000 0 32184
1484561202.253056000 0 0
1484561202.252094000 0 0
1484561202.261260000 0 0
1484561202.260301000 0 0
1484561217.288759000 0 32184
1484561217.303236000 0 0
1484561217.301884000 0 0
1484561217.312566000 0 0
1484561217.311285000 0 0
1484561232.342117000 0 32184
1484561232.356530000 0 0
1484561232.355444000 0 0
1484561232.366425000 0 0
1484561232.365232000 0 0
1484561247.399806000 0 32184
1484561247.415370000 0 0
1484561247.414090000 0 0
1484561247.425700000 0 0
1484561247.424361000 0 0
1484561259.982769000 0 18759
1484561259.992852000 0 0
1484561259.991938000 0 0
1484561262.457230000 0 32184
1484561262.471443000 0 0
1484561262.470250000 0 0
1484561262.480870000 0 0
1484561262.479659000 0 0
1484561274.238236000 0 80264
1484561274.255320000 0 0
1484561274.254611000 0 0
1484561363.647986000 0 32184
1484561363.664347000 0 0
1484561363.663018000 0 0
1484561363.675589000 0 0
1484561363.674218000 0 0
1484561378.705896000 0 32184
1484561378.721109000 0 0
1484561378.719974000 0 0
1484561378.730529000 0 0
1484561378.729294000 0 0
1484561393.766881000 0 32184
1484561393.781133000 0 0
1484561393.780249000 0 0
1484561393.789437000 0 0
1484561393.788557000 0 0
1484561408.823022000 0 32184
1484561408.837869000 0 0
1484561408.836722000 0 0
1484561408.847310000 0 0
1484561408.846125000 0 0
1484561423.863339000 0 32184
1484561423.876432000 0 0
1484561423.875746000 0 0
1484561423.884772000 0 0
1484561423.883955000 0 0
1484561438.918598000 0 32184
1484561438.933487000 0 0
1484561438.932541000 0 0
1484561438.944050000 0 0
1484561438.943190000 0 0
1484561453.988852000 0 32184
1484561454.003326000 0 0
1484561454.002126000 0 0
1484561454.013350000 0 0
1484561454.012182000 0 0
1484561469.042422000 0 32184
1484561469.057794000 0 0
1484561469.056459000 0 0
1484561469.067274000 0 0
1484561469.065974000 0 0
1484561484.093991000 0 32184
1484561484.107557000 0 0
1484561484.106733000 0 0
1484561484.115603000 0 0
1484561484.114777000 0 0
1484561499.153000000 0 32184
1484561499.168428000 0 0
1484561499.167152000 0 0
1484561499.178323000 0 0
1484561499.177039000 0 0
1484561514.217424000 0 32184
1484561514.232239000 0 0
1484561514.231036000 0 0
1484561514.241491000 0 0
1484561514.240296000 0 0
1484561529.269852000 0 32184
1484561529.284513000 0 0
1484561529.283345000 0 0
1484561529.294064000 0 0
1484561529.292905000 0 0
1484561544.327157000 0 32184
1484561544.343344000 0 0
1484561544.342017000 0 0
1484561544.354276000 0 0
1484561544.352972000 0 0
1484561559.397346000 0 32184
1484561559.411223000 0 0
1484561559.410539000 0 0
1484561559.419754000 0 0
1484561559.419025000 0 0
1484561560.013607000 0 18759
1484561560.025793000 0 0
1484561560.024473000 0 0
1484561574.296817000 0 80266
1484561574.312537000 0 0
1484561574.312052000 0 0
1484561574.578976000 0 32184
1484561574.598813000 0 0
1484561574.597509000 0 0
1484561574.609940000 0 0
1484561574.608645000 0 0
1484561589.645572000 0 32184
1484561589.661013000 0 0
1484561589.659703000 0 0
1484561589.670891000 0 0
1484561589.669579000 0 0
1484561604.716117000 0 32184
1484561604.731238000 0 0
1484561604.729960000 0 0
1484561604.741648000 0 0
1484561604.740287000 0 0
1484561619.781334000 0 32184
1484561619.797290000 0 0
1484561619.795946000 0 0
1484561619.807211000 0 0
1484561619.805958000 0 0
1484561634.826445000 0 32184
1484561634.839510000 0 0
1484561634.838756000 0 0
1484561634.847538000 0 0
1484561634.846821000 0 0
1484561653.928991000 0 32184
1484561653.943348000 0 0
1484561653.942148000 0 0
1484561653.953306000 0 0
1484561653.952032000 0 0
1484561668.987519000 0 32184
1484561669.002317000 0 0
1484561669.001235000 0 0
1484561669.011789000 0 0
1484561669.010631000 0 0
1484561684.043870000 0 32184
1484561684.055841000 0 0
1484561684.055227000 0 0
1484561684.063697000 0 0
1484561684.062981000 0 0
1484561699.080264000 0 32184
1484561699.093355000 0 0
1484561699.092833000 0 0
1484561699.102024000 0 0
1484561699.101363000 0 0
1484561714.167134000 0 32184
1484561714.185604000 0 0
1484561714.184443000 0 0
1484561714.195544000 0 0
1484561714.194877000 0 0
1484561729.227904000 0 32184
1484561729.242498000 0 0
1484561729.241398000 0 0
1484561729.252224000 0 0
1484561729.251035000 0 0
1484561744.288097000 0 32184
1484561744.305279000 0 0
1484561744.304103000 0 0
1484561744.315405000 0 0
1484561744.314207000 0 0
1484561759.355977000 0 32184
1484561759.370208000 0 0
1484561759.369043000 0 0
1484561759.382390000 0 0
1484561759.381268000 0 0
1484561860.032835000 0 18759
1484561860.042684000 0 0
1484561860.041821000 0 0
1484561874.364759000 0 80266
1484561874.379789000 0 0
1484561874.379046000 0 0
1484562973.921175000 0 18759
1484562973.930696000 0 0
1484562973.930087000 0 0
1484562974.770882000 0 80275
1484562974.786732000 0 0
1484562974.785995000 0 0
1484563273.953295000 0 18759
1484563273.966964000 0 0
1484563273.965682000 0 0
1484563274.836353000 0 80297
1484563274.852094000 0 0
1484563274.851417000 0 0
1484563456.922963000 0 32184
1484563456.938268000 0 0
1484563456.936857000 0 0
1484563456.949580000 0 0
1484563456.948169000 0 0
