1484571553.189543000 0 0
1484571553.195393000 0 0
1484571553.200844000 0 0
1484571553.207381000 0 0
1484571553.211054000 0 0
1484571554.751468000 0 0
1484571554.754752000 0 0
1484571554.763030000 0 0
1484571554.565221000 282 0
1484571554.799295000 150 0
1484571555.676231000 0 0
1484571555.679289000 0 0
1484571555.690812000 0 0
1484571555.693195000 0 0
1484571555.695722000 0 0
1484571555.722377000 0 0
1484571555.819007000 0 0
1484571555.830328000 0 0
1484571555.838533000 0 0
1484571555.845195000 0 0
1484571555.850522000 0 0
1484571555.741158000 0 0
1484571555.868646000 0 0
1484571555.871354000 0 0
1484571555.871196000 0 0
1484571555.873603000 0 0
1484571555.878965000 0 0
1484571555.882331000 0 0
1484571555.910859000 0 0
1484571555.785127000 1750 0
1484571555.799998000 345 0
1484571555.811457000 832 0
1484571555.830559000 129 0
1484571555.857121000 566 0
1484571555.865313000 129 0
1484571555.894084000 504 0
1484571555.907748000 129 0
1484571555.914556000 544 0
1484571555.773441000 1703 0
1484571555.850743000 810 0
1484571555.655937000 564 0
1484571652.357433000 0 0
1484571652.557531000 0 0
1484571652.562631000 0 0
1484571652.572312000 0 0
1484571653.060825000 0 0
1484571653.067003000 0 0
1484571652.579382000 566 0
1484571631.090286000 564 0
1484572119.099471000 0 0
1484572119.488186000 0 0
1484572119.519071000 0 0
1484572119.526061000 0 0
1484572119.534029000 0 0
1484572119.562442000 0 0
1484572119.578183000 0 0
1484572119.596811000 0 0
1484572119.634910000 0 0
1484572119.646582000 0 0
1484572119.652742000 0 0
1484572119.733940000 0 0
1484572119.770396000 0 0
1484572119.819081000 0 0
1484572119.858787000 0 0
1484572120.069390000 0 0
1484572120.073307000 0 0
1484572120.076364000 0 0
1484572120.079452000 0 0
1484572120.081974000 0 0
1484572120.115483000 0 0
1484572120.143490000 0 0
1484572120.147026000 0 0
1484572120.215414000 0 0
1484572120.220801000 0 0
1484572120.271837000 0 0
1484572120.362450000 0 0
1484572120.403247000 0 0
1484572120.453912000 0 0
1484572120.671726000 0 0
1484572120.826762000 0 0
1484572120.831873000 0 18830
1484572121.031956000 0 0
1484572121.035291000 0 0
1484572120.811674000 18830 0
1484572120.819958000 0 0
1484572121.038354000 0 0
1484572121.417850000 0 8376
1484572121.491458000 0 0
1484572121.494429000 0 0
1484572120.434289000 8374 0
1484572121.498045000 0 0
1484572121.507541000 0 0
1484572121.512776000 0 0
1484572121.511688000 0 0
1484572121.584469000 0 0
1484572121.650561000 0 0
1484572121.800047000 0 0
1484572121.931295000 0 0
1484572121.993495000 0 0
1484572122.126489000 0 0
1484572122.324195000 0 0
1484572122.327481000 0 0
1484572123.027395000 0 0
1484572123.044677000 0 0
1484572123.049245000 0 0
1484572123.073508000 0 0
1484572123.047881000 0 0
1484572123.078226000 0 0
1484572123.100859000 0 0
1484572123.104813000 0 0
1484572123.107507000 0 0
1484572123.111154000 0 0
1484572123.099303000 0 0
1484572123.115890000 0 0
1484572123.133308000 0 0
1484572123.136223000 0 0
1484572123.139083000 0 0
1484572123.143273000 0 0
1484572123.119534000 0 0
1484572123.147436000 0 0
1484572123.151219000 0 0
1484572123.166031000 0 0
1484572123.180775000 0 0
1484572123.169234000 0 0
1484572123.185334000 0 0
1484572123.715136000 0 0
1484572124.209733000 0 0
1484572124.243010000 0 0
1484572124.249410000 0 0
1484572124.343379000 885760 0
1484572124.751623000 0 0
1484572124.758120000 0 0
1484572124.835057000 0 0
1484572125.117787000 0 0
1484572125.121615000 0 2
1484572125.129976000 0 0
1484572125.135171000 0 0
1484572124.255093000 2 0
1484572125.107625000 0 0
1484572125.138042000 0 0
1484572125.180686000 0 53
1484572121.582479000 175 0
1484572125.190899000 0 0
1484572125.946486000 0 0
1484572125.954608000 0 0
1484572126.007556000 0 0
1484572126.135306000 0 0
1484572126.144962000 0 0
1484572126.246419000 0 0
1484572120.367161000 0 0
1484572131.746100000 0 0
1484572132.070368000 0 0
1484572132.125026000 0 0
1484572132.168172000 0 0
1484572132.303579000 0 0
1484572119.464637000 282 0
1484572119.531825000 10 0
1484572119.557331000 10 0
1484572119.575960000 111 0
1484572119.695502000 208 0
1484572119.795085000 21057 0
1484572119.841617000 4431 0
1484572119.873829000 16384 0
1484572120.100545000 373 0
1484572120.241134000 337 0
1484572120.394534000 21114 0
1484572120.479910000 208620 0
1484572121.614375000 32768 0
1484572121.915920000 111888 0
1484572121.942969000 8 0
1484572122.015415000 504 0
1484572122.074051000 7636 0
1484572122.139983000 6280 0
1484572123.040021000 1431 0
1484572123.229843000 10 0
1484572123.722509000 359 0
1484572124.223693000 430 0
1484572125.368184000 7475 0
1484572122.165849000 25 0
1484572125.559201000 9833 0
1484572125.568969000 55 0
1484572153.023893000 0 6280
1484572153.035887000 0 0
1484572169.619636000 0 0
1484572169.623191000 0 0
1484572169.625863000 0 0
1484572170.000211000 0 0
1484572170.003062000 0 0
1484572170.012133000 0 0
1484572177.280092000 0 0
1484572177.295007000 0 0
1484572177.314892000 0 0
1484572177.328028000 0 0
1484572177.322240000 0 0
1484572177.399076000 0 6717
1484572177.374167000 6578 0
1484572177.410177000 0 0
1484572177.352152000 3441 0
1484572177.425087000 0 0
1484572177.441109000 0 6717
1484572177.450761000 0 0
1484572180.328698000 0 0
1484572180.393265000 0 137
1484572180.404621000 0 0
1484572180.353776000 137 0
1484572180.402879000 0 0
1484572180.427878000 0 0
1484572180.592817000 0 0
1484572180.605562000 0 0
1484572180.616295000 0 8307
1484572180.627995000 0 0
1484572180.651831000 0 0
1484572180.457917000 8307 0
1484572180.661542000 0 0
1484572180.683391000 0 0
1484572180.697898000 0 0
1484572180.707864000 0 6855
1484572180.720046000 0 0
1484572180.718696000 0 0
1484572180.730587000 0 0
1484572180.751244000 0 0
1484572180.758429000 0 0
1484572180.775869000 0 0
1484572180.795026000 0 0
1484572180.834602000 0 0
1484572180.843968000 0 0
1484572180.898144000 0 0
1484572180.917197000 0 0
1484572180.936661000 0 0
1484572180.945806000 0 0
1484572180.960054000 0 0
1484572180.967985000 0 0
1484572180.985721000 0 0
1484572181.001008000 0 0
1484572181.009268000 0 0
1484572181.032071000 0 0
1484572181.056429000 0 0
1484572181.067420000 0 0
1484572181.074525000 0 0
1484572181.082037000 0 0
1484572181.089516000 0 0
1484572181.096570000 0 0
1484572181.104176000 0 0
1484572181.111421000 0 0
1484572181.119122000 0 0
1484572181.126464000 0 0
1484572181.135252000 0 0
1484572181.142424000 0 0
1484572181.153400000 0 0
1484572181.160494000 0 0
1484572181.168199000 0 0
1484572181.175249000 0 0
1484572181.182401000 0 0
1484572181.189673000 0 0
1484572181.196547000 0 0
1484572181.203667000 0 0
1484572181.210820000 0 0
1484572181.217669000 0 0
1484572170.031362000 402 0
1484572170.036760000 282 0
1484572169.791867000 0 0
1484572201.701068000 0 0
1484572201.764236000 0 0
1484572201.766392000 0 0
1484572201.823810000 0 0
1484572202.074412000 0 0
1484572202.079060000 0 0
1484572201.704528000 0 0
1484572202.075779000 0 0
1484572201.672446000 0 0
1484572201.671354000 0 0
1484572181.050041000 51 0
1484572169.623263000 0 0
1484572220.961955000 0 0
1484572222.155616000 2994 24073
1484572201.784744000 226 0
1484572201.803208000 156 0
1484572201.819874000 302 0
1484572201.986074000 134 0
1484572201.999484000 134 0
1484572202.024560000 134 0
1484572202.035148000 144 0
1484572202.048611000 134 0
1484572202.064292000 134 0
1484572202.071185000 134 0
1484572202.092239000 133 0
1484572202.097980000 134 0
1484572202.105620000 133 0
1484572202.119189000 226 0
1484572202.131856000 274 0
1484572202.146622000 520 0
1484572221.410460000 0 0
1484572241.616811000 0 7636
1484572241.630601000 0 0
1484572241.628877000 0 0
1484572246.958388000 0 0
1484572247.337350000 0 0
1484572247.361224000 0 0
1484572247.378702000 0 0
1484572247.403963000 0 0
1484572247.420053000 0 0
1484572247.428446000 0 0
1484572247.457787000 0 0
1484572247.482618000 0 0
1484572247.500309000 0 0
1484572247.511216000 0 0
1484572247.648015000 0 0
1484572247.807235000 0 0
1484572247.890860000 0 0
1484572247.895988000 0 0
1484572247.900502000 0 0
1484572247.905689000 0 0
1484572247.909956000 0 0
1484572247.954073000 0 0
1484572248.003482000 0 0
1484572248.103914000 0 0
1484572248.108954000 0 0
1484572248.112772000 0 0
1484572248.127201000 0 0
1484572248.132780000 0 0
1484572248.169661000 0 0
1484572248.187671000 0 0
1484572248.588790000 0 0
1484572248.592169000 0 0
1484572248.615568000 0 0
1484572248.624015000 0 0
1484572248.645898000 0 0
1484572248.650797000 0 0
1484572248.655980000 0 0
1484572248.695094000 0 0
1484572248.894531000 0 0
1484572248.908556000 0 0
1484572248.938426000 0 0
1484572249.000166000 0 0
1484572249.043793000 0 0
1484572249.077725000 0 0
1484572249.219444000 0 0
1484572249.257443000 0 0
1484572249.261675000 0 18830
1484572249.529050000 0 0
1484572249.532810000 0 0
1484572249.243520000 18830 0
1484572249.250028000 0 0
1484572249.536293000 0 0
1484572249.568184000 0 8376
1484572249.671813000 0 0
1484572249.675587000 0 0
1484572249.066497000 8374 0
1484572249.679078000 0 0
1484572249.689571000 0 0
1484572249.696004000 0 0
1484572249.694535000 0 0
1484572249.728661000 0 0
1484572250.020751000 0 0
1484572250.053240000 0 0
1484572250.057484000 0 2
1484572250.066994000 0 0
1484572250.070094000 0 0
1484572248.915636000 2 0
1484572250.043680000 0 0
1484572250.073311000 0 0
1484572250.419251000 131072 0
1484572250.464668000 0 0
1484572250.650160000 0 0
1484572250.897440000 0 53
1484572249.826108000 288 0
1484572250.906958000 0 0
1484572251.094430000 0 0
1484572251.848963000 0 0
1484572252.944211000 0 0
1484572252.974030000 0 90
1484572252.982233000 0 0
1484572252.983699000 0 0
1484572252.990282000 0 0
1484572252.993650000 0 0
1484572252.988881000 0 0
1484572252.981079000 0 0
1484572253.040573000 0 0
1484572253.046613000 0 0
1484572253.053257000 0 0
1484572253.035303000 0 4096
1484572253.060687000 0 0
1484572253.032241000 0 0
1484572253.070238000 0 0
1484572253.123652000 0 0
1484572252.994584000 0 0
1484572254.958152000 0 0
1484572250.961122000 93186 0
1484572254.957155000 0 0
1484572254.994157000 0 0
1484572255.002769000 0 0
1484572255.000686000 0 0
1484572255.015653000 0 94117
1484572255.035487000 0 0
1484572250.654425000 0 0
1484572265.305447000 0 0
1484572253.118931000 0 4096
1484572265.315843000 0 0
1484572265.322597000 0 0
1484572253.112110000 0 0
1484572265.332299000 0 0
1484572270.065183000 0 129403
1484572270.089536000 0 0
1484572270.100386000 0 0
1484572247.334250000 282 0
1484572247.384929000 10 0
1484572247.414519000 10 0
1484572247.426105000 150 0
1484572247.542974000 208 0
1484572247.851966000 52350 0
1484572248.018023000 16384 0
1484572248.097182000 20964 0
1484572280.067247000 0 5704
1484572250.036012000 5733 0
1484572280.077372000 0 0
1484572280.636024000 0 0
1484572280.652850000 0 0
1484572280.658827000 0 52483
1484572280.692290000 0 0
1484572280.700081000 0 0
1484572280.705770000 0 0
1484572280.641425000 0 0
1484572280.711333000 0 0
1484572285.138278000 0 131295
1484572285.162364000 0 0
1484572285.172866000 0 0
1484572248.667801000 185 0
1484572249.097321000 237211 0
1484572249.970293000 116 0
1484572250.052589000 7945 0
1484572250.061344000 309 0
1484572250.677421000 14697 0
1484572251.125091000 11795 0
1484572252.582599000 35123 0
1484572250.072931000 29 0
1484572252.977790000 29 0
1484572253.010677000 22 0
1484572253.044046000 9793 0
1484572253.066057000 10743 0
1484572253.089891000 5452 0
1484572253.025914000 40960 0
1484572300.206710000 0 132347
1484572300.231982000 0 0
1484572300.245584000 0 0
1484572305.695570000 0 0
1484572305.702116000 0 0
1484572305.708120000 0 0
1484572305.712820000 0 0
1484572305.780072000 0 8432
1484572305.768577000 8432 0
1484572305.788962000 0 0
1484572308.799314000 0 0
1484572308.851681000 0 138
1484572308.864031000 0 0
1484572308.824249000 138 0
1484572308.862129000 0 0
1484572308.880605000 0 0
1484572308.890694000 0 0
1484572308.914261000 0 0
1484572308.922755000 0 15999
1484572308.935533000 0 0
1484572308.934265000 0 0
1484572308.946342000 0 0
1484572308.959112000 0 0
1484572308.968571000 0 0
1484572308.976888000 0 0
1484572308.992060000 0 0
1484572309.003734000 0 0
1484572309.016781000 0 0
1484572309.028666000 0 0
1484572309.099685000 0 0
1484572309.112947000 0 0
1484572309.149578000 0 0
1484572309.404722000 0 0
1484572309.625741000 0 0
1484572309.842528000 0 0
1484572310.107213000 0 0
1484572310.186064000 0 0
1484572310.292238000 0 0
1484572310.302921000 0 0
1484572310.310935000 0 0
1484572310.319764000 0 0
1484572310.328140000 0 0
1484572310.588823000 0 0
1484572310.597093000 0 0
1484572310.604931000 0 0
1484572310.612168000 0 0
1484572310.632407000 0 0
1484572310.822384000 0 0
1484572310.832347000 0 0
1484572310.841168000 0 0
1484572310.850257000 0 0
1484572310.858405000 0 0
1484572310.866052000 0 0
1484572310.874573000 0 0
1484572310.880622000 0 0
1484572310.886774000 0 0
1484572310.893023000 0 0
1484572310.915659000 0 0
1484572310.922545000 0 0
1484572310.927967000 0 0
1484572310.935478000 0 0
1484572310.949513000 0 0
1484572310.957799000 0 0
1484572310.969500000 0 0
1484572310.980465000 0 0
1484572310.996394000 0 0
1484572311.010629000 0 0
1484572311.133621000 0 0
1484572311.139013000 0 0
1484572311.145105000 0 0
1484572311.163077000 0 0
1484572311.177815000 0 0
1484572311.184144000 0 0
1484572311.226427000 0 0
1484572311.296771000 0 0
1484572311.319278000 0 0
1484572311.327522000 0 0
1484572311.376922000 0 0
1484572311.395972000 0 0
1484572311.400841000 0 0
1484572311.405566000 0 0
1484572311.425347000 0 0
1484572311.433333000 0 0
1484572311.442364000 0 0
1484572311.532231000 0 0
1484572311.545547000 0 0
1484572311.553428000 0 0
1484572311.561563000 0 0
1484572311.569425000 0 0
1484572311.578392000 0 0
1484572311.600726000 0 0
1484572311.608940000 0 0
1484572311.616916000 0 0
1484572311.624961000 0 0
1484572311.638459000 0 0
1484572311.645482000 0 0
1484572311.734839000 0 0
1484572311.743566000 0 0
1484572311.752050000 0 0
1484572311.772103000 0 0
1484572311.779513000 0 0
1484572311.798465000 0 0
1484572311.805689000 0 0
1484572311.812908000 0 0
1484572311.819849000 0 0
1484572311.856821000 0 0
1484572311.874845000 0 0
1484572311.887803000 0 0
1484572311.902863000 0 0
1484572311.911029000 0 0
1484572311.927844000 0 0
1484572311.935644000 0 0
1484572311.943713000 0 0
1484572311.951413000 0 0
1484572311.968720000 0 0
1484572311.976680000 0 0
1484572311.984294000 0 0
1484572311.991070000 0 0
1484572311.998403000 0 0
1484572312.007268000 0 0
1484572312.025793000 0 0
1484572312.032585000 0 0
1484572312.047868000 0 0
1484572312.070697000 0 0
1484572312.078258000 0 0
1484572312.086271000 0 0
1484572312.099294000 0 0
1484572312.106747000 0 0
1484572312.113560000 0 0
1484572312.120395000 0 0
1484572312.138221000 0 0
1484572312.145112000 0 0
1484572312.156480000 0 0
1484572312.163284000 0 0
1484572312.172973000 0 0
1484572312.179775000 0 0
1484572312.186473000 0 0
1484572312.202564000 0 0
1484572312.209719000 0 0
1484572312.217578000 0 0
1484572312.226419000 0 0
1484572312.233667000 0 0
1484572312.241595000 0 0
1484572312.248391000 0 0
1484572312.255133000 0 0
1484572312.272713000 0 0
1484572312.280037000 0 0
1484572312.286879000 0 0
1484572312.293571000 0 0
1484572312.300328000 0 0
1484572312.307349000 0 0
1484572312.314058000 0 0
1484572312.326461000 0 0
1484572312.340874000 0 0
1484572312.348303000 0 0
1484572312.388793000 0 0
1484572312.421114000 0 0
1484572312.429088000 0 0
1484572312.436929000 0 0
1484572312.444694000 0 0
1484572312.452441000 0 0
1484572312.460166000 0 0
1484572312.467136000 0 0
1484572312.473834000 0 0
1484572312.488569000 0 0
1484572312.495496000 0 0
1484572312.502828000 0 0
1484572312.509416000 0 0
1484572312.516295000 0 0
1484572312.523037000 0 0
1484572312.529780000 0 0
1484572312.536869000 0 0
1484572312.557775000 0 0
1484572312.565368000 0 0
1484572312.572524000 0 0
1484572312.579550000 0 0
1484572312.586460000 0 0
1484572312.593728000 0 0
1484572312.600557000 0 0
1484572312.607355000 0 0
1484572312.630835000 0 0
1484572312.638046000 0 0
1484572312.646691000 0 0
1484572312.654598000 0 0
1484572312.663043000 0 0
1484572312.683798000 0 0
1484572312.702855000 0 0
1484572312.710474000 0 0
1484572312.736411000 0 0
1484572312.744325000 0 0
1484572312.767313000 0 0
1484572312.775108000 0 0
1484572312.782764000 0 0
1484572312.790429000 0 0
1484572312.807424000 0 0
1484572312.823557000 0 0
1484572312.831281000 0 0
1484572312.839912000 0 0
1484572312.847816000 0 0
1484572312.866051000 0 0
1484572312.882108000 0 0
1484572312.889999000 0 0
1484572312.910520000 0 0
1484572312.931392000 0 0
1484572312.938987000 0 0
1484572312.957845000 0 0
1484572312.978501000 0 0
1484572312.996150000 0 0
1484572313.017610000 0 0
1484572313.025797000 0 0
1484572313.033656000 0 0
1484572313.041559000 0 0
1484572313.063996000 0 0
1484572313.071808000 0 0
1484572313.082492000 0 0
1484572313.101533000 0 0
1484572313.108962000 0 0
1484572313.116130000 0 0
1484572313.123931000 0 0
1484572313.148781000 0 0
1484572313.155964000 0 0
1484572313.163534000 0 0
1484572313.184655000 0 0
1484572313.192388000 0 0
1484572313.211851000 0 0
1484572313.235906000 0 0
1484572313.384479000 0 0
1484572313.392681000 0 0
1484572313.525446000 0 0
1484572313.533923000 0 0
1484572313.590203000 0 0
1484572313.596783000 0 0
1484572313.603499000 0 0
1484572313.610237000 0 0
1484572313.617316000 0 0
1484572313.632254000 0 0
1484572313.638889000 0 0
1484572313.645617000 0 0
1484572313.656087000 0 0
1484572313.662786000 0 0
1484572313.679047000 0 0
1484572313.685842000 0 0
1484572313.692588000 0 0
1484572313.710267000 0 0
1484572313.725085000 0 0
1484572313.732557000 0 0
1484572313.740042000 0 0
1484572313.756657000 0 0
1484572313.774320000 0 0
1484572313.793062000 0 0
1484572313.809461000 0 0
1484572313.817501000 0 0
1484572313.825416000 0 0
1484572313.840096000 0 0
1484572313.847049000 0 0
1484572313.853911000 0 0
1484572313.945544000 0 0
1484572313.954271000 0 0
1484572313.962560000 0 0
1484572313.968688000 0 0
1484572313.981151000 0 0
1484572313.986652000 0 0
1484572313.991619000 0 0
1484572314.005547000 0 0
1484572314.009713000 0 0
1484572314.017554000 0 0
1484572314.032208000 0 0
1484572314.048220000 0 0
1484572314.052761000 0 0
1484572314.194128000 0 0
1484572314.231719000 0 0
1484572314.237042000 0 0
1484572314.246950000 0 0
1484572314.260976000 0 0
1484572314.264689000 0 0
1484572314.278947000 0 0
1484572314.282518000 0 0
1484572314.297982000 0 0
1484572314.301627000 0 0
1484572314.305140000 0 0
1484572314.313752000 0 0
1484572314.317189000 0 0
1484572314.332497000 0 0
1484572314.336847000 0 0
1484572314.341016000 0 0
1484572314.344581000 0 0
1484572314.360005000 0 0
1484572314.363879000 0 0
1484572314.371127000 0 0
1484572314.384876000 0 0
1484572314.388693000 0 0
1484572314.517423000 0 0
1484572314.521432000 0 0
1484572314.531282000 0 0
1484572314.542497000 0 0
1484572314.546076000 0 0
1484572314.550141000 0 0
1484572314.555338000 0 0
1484572314.558945000 0 0
1484572314.562381000 0 0
1484572314.569645000 0 0
1484572314.573077000 0 0
1484572314.577107000 0 0
1484572314.580609000 0 0
1484572314.584058000 0 0
1484572314.587694000 0 0
1484572314.591173000 0 0
1484572314.604927000 0 0
1484572314.609414000 0 0
1484572314.632888000 0 0
1484572314.647050000 0 0
1484572314.650779000 0 0
1484572314.658952000 0 0
1484572314.663147000 0 0
1484572314.676854000 0 0
1484572314.686935000 0 0
1484572314.698584000 0 0
1484572314.702112000 0 0
1484572314.706151000 0 0
1484572314.709647000 0 0
1484572314.720099000 0 0
1484572314.723632000 0 0
1484572314.738810000 0 0
1484572314.762576000 0 0
1484572314.766311000 0 0
1484572314.769767000 0 0
1484572314.783223000 0 0
1484572314.801936000 0 0
1484572314.830840000 0 0
1484572314.835080000 0 0
1484572314.838574000 0 0
1484572314.851193000 0 0
1484572314.863275000 0 0
1484572314.866929000 0 0
1484572314.870999000 0 0
1484572314.874567000 0 0
1484572314.878688000 0 0
1484572314.882430000 0 0
1484572314.885825000 0 0
1484572314.889562000 0 0
1484572314.892959000 0 0
1484572314.896479000 0 0
1484572314.899856000 0 0
1484572314.903177000 0 0
1484572314.906791000 0 0
1484572315.029078000 0 0
1484572315.114685000 0 0
1484572315.119077000 0 0
1484572315.305202000 0 0
1484572315.309735000 0 0
1484572315.313457000 0 0
1484572315.316913000 0 0
1484572315.460119000 0 0
1484572315.466046000 0 0
1484572315.486787000 0 0
1484572315.491836000 0 0
1484572315.497204000 0 0
1484572315.501021000 0 0
1484572315.504433000 0 0
1484572315.507879000 0 0
1484572315.511114000 0 0
1484572315.520870000 0 0
1484572315.531066000 0 0
1484572315.549627000 0 0
1484572315.562877000 0 0
1484572315.578795000 0 0
1484572315.582638000 0 0
1484572315.597006000 0 0
1484572315.600467000 0 0
1484572315.603740000 0 0
1484572315.620768000 0 0
1484572315.624374000 0 0
1484572315.645246000 0 0
1484572315.659828000 0 0
1484572315.673970000 0 0
1484572315.677563000 0 0
1484572315.680971000 0 0
1484572315.684495000 0 0
1484572315.687950000 0 0
1484572315.691941000 0 0
1484572315.699072000 0 0
1484572315.705837000 0 0
1484572315.709265000 0 0
1484572315.712686000 0 0
1484572315.716171000 0 0
1484572315.719702000 0 0
1484572315.735225000 0 0
1484572315.739169000 0 0
1484572315.743117000 0 0
1484572315.761725000 0 0
1484572315.766562000 0 0
1484572315.771529000 0 0
1484572315.775507000 0 0
1484572315.786327000 0 0
1484572315.790188000 0 0
1484572315.806405000 0 0
1484572315.810369000 0 0
1484572315.813733000 0 0
1484572315.834835000 0 0
1484572315.838820000 0 0
1484572315.842283000 0 0
1484572315.852637000 0 0
1484572315.856934000 0 0
1484572315.860952000 0 0
1484572315.865046000 0 0
1484572315.888577000 0 0
1484572315.902946000 0 0
1484572315.909196000 0 0
1484572315.926020000 0 0
1484572315.933137000 0 0
1484572315.939705000 0 0
1484572315.946450000 0 0
1484572315.962328000 0 0
1484572315.992517000 0 0
1484572315.999381000 0 0
1484572316.018152000 0 0
1484572316.030387000 0 0
1484572316.038517000 0 0
1484572316.046285000 0 0
1484572316.058185000 0 0
1484572316.065875000 0 0
1484572316.088513000 0 0
1484572316.096295000 0 0
1484572316.103147000 0 0
1484572316.119916000 0 0
1484572316.135904000 0 0
1484572316.149406000 0 0
1484572316.156800000 0 0
1484572316.179523000 0 0
1484572316.198198000 0 0
1484572316.205941000 0 0
1484572316.213716000 0 0
1484572316.220548000 0 0
1484572316.227427000 0 0
1484572316.234303000 0 0
1484572316.241060000 0 0
1484572316.248375000 0 0
1484572316.254987000 0 0
1484572316.261708000 0 0
1484572316.321498000 0 0
1484572316.329297000 0 0
1484572316.337194000 0 0
1484572316.366733000 0 0
1484572316.382245000 0 0
1484572316.402209000 0 0
1484572316.413333000 0 0
1484572316.436523000 0 0
1484572316.453827000 0 0
1484572316.461182000 0 0
1484572316.469045000 0 0
1484572316.476471000 0 0
1484572316.483767000 0 0
1484572316.581559000 0 0
1484572316.589126000 0 0
1484572316.596805000 0 0
1484572316.777820000 0 0
1484572316.785517000 0 0
1484572316.793108000 0 0
1484572316.808206000 0 0
1484572316.815789000 0 0
1484572316.822872000 0 0
1484572316.830313000 0 0
1484572316.837904000 0 0
1484572316.845513000 0 0
1484572316.868872000 0 0
1484572316.885193000 0 0
1484572316.919762000 0 0
1484572316.927228000 0 0
1484572316.934619000 0 0
1484572316.942279000 0 0
1484572316.962539000 0 0
1484572316.970082000 0 0
1484572316.986375000 0 0
1484572317.004224000 0 0
1484572317.010712000 0 0
1484572317.020917000 0 0
1484572317.039822000 0 0
1484572317.046572000 0 0
1484572317.068749000 0 0
1484572317.075297000 0 0
1484572317.090408000 0 0
1484572317.111500000 0 0
1484572317.119003000 0 0
1484572317.135660000 0 0
1484572317.150033000 0 0
1484572317.157501000 0 0
1484572317.174834000 0 0
1484572317.183647000 0 0
1484572317.202678000 0 0
1484572317.210060000 0 0
1484572317.217818000 0 0
1484572317.225253000 0 0
1484572317.232543000 0 0
1484572317.252632000 0 0
1484572317.294738000 0 0
1484572317.302389000 0 0
1484572317.326414000 0 0
1484572317.333839000 0 0
1484572317.341032000 0 0
1484572317.348692000 0 0
1484572317.362397000 0 0
1484572317.369180000 0 0
1484572317.385134000 0 0
1484572317.391883000 0 0
1484572317.408704000 0 0
1484572317.420160000 0 0
1484572317.427638000 0 0
1484572317.435554000 0 0
1484572317.459391000 0 0
1484572317.466577000 0 0
1484572317.473376000 0 0
1484572317.479262000 0 0
1484572317.485948000 0 0
1484572317.502748000 0 0
1484572317.509220000 0 0
1484572317.515177000 0 0
1484572317.520935000 0 0
1484572317.536908000 0 0
1484572317.541334000 0 0
1484572317.545420000 0 0
1484572317.549670000 0 0
1484572317.553822000 0 0
1484572317.557878000 0 0
1484572317.561973000 0 0
1484572317.565474000 0 0
1484572317.583149000 0 0
1484572317.587016000 0 0
1484572317.590572000 0 0
1484572317.594309000 0 0
1484572317.612880000 0 0
1484572317.621824000 0 0
1484572317.625829000 0 0
1484572317.634154000 0 0
1484572317.651302000 0 0
1484572317.658808000 0 0
1484572317.664181000 0 0
1484572317.669012000 0 0
1484572317.674036000 0 0
1484572317.679786000 0 0
1484572317.685145000 0 0
1484572317.704736000 0 0
1484572317.709814000 0 0
1484572317.716578000 0 0
1484572317.740347000 0 0
1484572317.757665000 0 0
1484572317.766689000 0 0
1484572317.774145000 0 0
1484572317.780764000 0 0
1484572317.804011000 0 0
1484572317.811889000 0 0
1484572317.819428000 0 0
1484572317.830299000 0 0
1484572317.837843000 0 0
1484572317.964275000 0 0
1484572317.972782000 0 0
1484572317.980843000 0 0
1484572317.989174000 0 0
1484572318.015071000 0 0
1484572318.022456000 0 0
1484572318.030395000 0 0
1484572318.037856000 0 0
1484572318.045231000 0 0
1484572318.120288000 0 0
1484572318.133171000 0 0
1484572318.145410000 0 0
1484572318.160823000 0 0
1484572318.166571000 0 0
1484572318.171785000 0 0
1484572318.176840000 0 0
1484572318.182411000 0 0
1484572318.187426000 0 0
1484572318.192228000 0 0
1484572318.203083000 0 0
1484572318.207644000 0 0
1484572318.212075000 0 0
1484572318.215888000 0 0
1484572318.228835000 0 0
1484572318.232269000 0 0
1484572318.244333000 0 0
1484572318.248042000 0 0
1484572318.251580000 0 0
1484572318.254924000 0 0
1484572318.258296000 0 0
1484572318.271507000 0 0
1484572318.275258000 0 0
1484572318.279723000 0 0
1484572318.284493000 0 0
1484572318.304195000 0 0
1484572318.308329000 0 0
1484572318.311850000 0 0
1484572318.323222000 0 0
1484572318.330594000 0 0
1484572318.338986000 0 0
1484572318.345874000 0 0
1484572318.366990000 0 0
1484572318.373258000 0 0
1484572318.382538000 0 0
1484572318.389264000 0 0
1484572318.395380000 0 0
1484572318.449474000 0 0
1484572318.457025000 0 0
1484572318.464633000 0 0
1484572318.472218000 0 0
1484572318.488831000 0 0
1484572318.496467000 0 0
1484572318.504044000 0 0
1484572318.513965000 0 0
1484572318.534218000 0 0
1484572318.550403000 0 0
1484572318.568420000 0 0
1484572318.575814000 0 0
1484572318.590788000 0 0
1484572318.618362000 0 0
1484572318.629644000 0 0
1484572318.637332000 0 0
1484572318.644717000 0 0
1484572318.652106000 0 0
1484572318.660199000 0 0
1484572318.667617000 0 0
1484572318.675029000 0 0
1484572318.687204000 0 0
1484572318.694248000 0 0
1484572318.700773000 0 0
1484572318.711135000 0 0
1484572318.730353000 0 0
1484572318.737225000 0 0
1484572318.743805000 0 0
1484572318.750537000 0 0
1484572318.757079000 0 0
1484572318.763984000 0 0
1484572318.770377000 0 0
1484572318.784821000 0 0
1484572318.791439000 0 0
1484572318.805482000 0 0
1484572318.812597000 0 0
1484572318.819638000 0 0
1484572318.826863000 0 0
1484572318.834736000 0 0
1484572318.842230000 0 0
1484572318.857942000 0 0
1484572318.864574000 0 0
1484572318.878665000 0 0
1484572318.885859000 0 0
1484572318.893360000 0 0
1484572318.901140000 0 0
1484572318.912727000 0 0
1484572318.920314000 0 0
1484572318.927831000 0 0
1484572318.936018000 0 0
1484572318.944185000 0 0
1484572318.952480000 0 0
1484572318.965248000 0 0
1484572318.986562000 0 0
1484572319.009297000 0 0
1484572319.018245000 0 0
1484572319.037957000 0 0
1484572319.045580000 0 0
1484572319.053009000 0 0
1484572319.100956000 0 0
1484572319.116975000 0 0
1484572319.124453000 0 0
1484572319.132522000 0 0
1484572319.145976000 0 0
1484572319.153543000 0 0
1484572319.160770000 0 0
1484572319.167836000 0 0
1484572319.175016000 0 0
1484572319.182219000 0 0
1484572319.189247000 0 0
1484572319.196208000 0 0
1484572319.203500000 0 0
1484572319.210671000 0 0
1484572319.218024000 0 0
1484572319.671157000 0 0
1484572319.679302000 0 0
1484572319.693887000 0 0
1484572319.720818000 0 0
1484572319.745733000 0 0
1484572319.753756000 0 0
1484572319.762023000 0 0
1484572319.782532000 0 0
1484572319.790691000 0 0
1484572319.798915000 0 0
1484572319.811399000 0 0
1484572319.826337000 0 0
1484572319.846243000 0 0
1484572319.858387000 0 0
1484572319.866429000 0 0
1484572319.874250000 0 0
1484572319.881671000 0 0
1484572319.888793000 0 0
1484572319.908344000 0 0
1484572319.925694000 0 0
1484572319.932893000 0 0
1484572319.940854000 0 0
1484572319.949082000 0 0
1484572319.964770000 0 0
1484572319.972786000 0 0
1484572319.987289000 0 0
1484572320.001087000 0 0
1484572320.014545000 0 0
1484572320.021423000 0 0
1484572320.028396000 0 0
1484572320.035549000 0 0
1484572320.043341000 0 0
1484572320.050545000 0 0
1484572320.058380000 0 0
1484572320.076026000 0 0
1484572320.083303000 0 0
1484572320.090480000 0 0
1484572320.100997000 0 0
1484572320.108195000 0 0
1484572320.119238000 0 0
1484572320.126321000 0 0
1484572320.134246000 0 0
1484572320.159299000 0 0
1484572320.166976000 0 0
1484572320.184839000 0 0
1484572320.192968000 0 0
1484572320.201077000 0 0
1484572320.209198000 0 0
1484572320.217160000 0 0
1484572320.231614000 0 0
1484572320.245508000 0 0
1484572320.253901000 0 0
1484572320.261715000 0 0
1484572320.268880000 0 0
1484572320.276918000 0 0
1484572320.284134000 0 0
1484572320.291309000 0 0
1484572320.298726000 0 0
1484572320.307735000 0 0
1484572320.314894000 0 0
1484572320.322134000 0 0
1484572320.329298000 0 0
1484572320.346189000 0 0
1484572320.363242000 0 0
1484572320.370345000 0 0
1484572320.388260000 0 0
1484572320.396432000 0 0
1484572320.413745000 0 0
1484572320.421723000 0 0
1484572320.434076000 0 0
1484572320.442171000 0 0
1484572320.449251000 0 0
1484572320.456448000 0 0
1484572320.463560000 0 0
1484572320.480563000 0 0
1484572320.498710000 0 0
1484572320.506417000 0 0
1484572320.525617000 0 0
1484572320.534012000 0 0
1484572320.543319000 0 0
1484572320.550759000 0 0
1484572320.566470000 0 0
1484572320.586959000 0 0
1484572320.595014000 0 0
1484572320.603420000 0 0
1484572320.611766000 0 0
1484572320.620815000 0 0
1484572320.628107000 0 0
1484572320.635252000 0 0
1484572309.062906000 51 0
1484572339.172661000 0 132375
1484572339.197007000 0 0
1484572339.195673000 0 0
1484572339.208008000 0 0
1484572339.206628000 0 0
1484572359.421512000 0 132375
1484572359.448110000 0 0
1484572359.446440000 0 0
1484572359.460008000 0 0
1484572359.458265000 0 0
1484572402.093890000 0 132248
1484572402.118093000 0 0
1484572402.116960000 0 0
1484572402.130280000 0 0
1484572402.129072000 0 0
1484572417.179744000 0 132564
1484572417.205953000 0 0
1484572417.204207000 0 0
1484572417.217317000 0 0
1484572417.215468000 0 0
1484572421.789394000 0 0
1484572421.807873000 4169 169
1484572421.823965000 0 0
1484572422.131045000 0 0
1484572423.745809000 0 385
1484572423.763779000 0 0
1484572423.761982000 0 0
1484572425.953572000 0 373
1484572463.476107000 0 0
1484572463.489516000 0 0
1484572463.555789000 0 0
1484572463.559788000 0 0
1484572463.576665000 0 0
1484572463.582450000 0 0
1484572463.583858000 0 21055
1484572463.605190000 0 0
1484572463.587382000 0 52344
1484572463.611174000 0 0
1484572463.616727000 0 0
1484572463.620116000 0 0
1484572463.563183000 0 0
1484572463.621342000 0 0
1484572463.635464000 0 0
1484572463.640262000 0 0
1484572463.567896000 0 0
1484572463.644789000 0 0
1484572463.765630000 0 0
1484572463.792429000 0 0
1484572463.797974000 0 0
1484572463.805304000 0 0
1484572463.811039000 0 0
1484572463.818780000 0 0
1484572463.822104000 0 0
1484572463.826717000 0 0
1484572463.830098000 0 0
1484572463.845919000 0 0
1484572463.851737000 0 0
1484572463.855809000 0 0
1484572463.862701000 0 0
1484572463.860555000 0 0
1484572463.904902000 0 0
1484572463.909470000 0 0
1484572463.917509000 0 0
1484572463.915030000 0 0
1484572463.816947000 0 0
1484572463.937969000 0 0
1484572464.060307000 0 0
1484572464.073185000 0 0
1484572464.082996000 0 0
1484572464.086541000 0 0
1484572463.940268000 0 4096
1484572464.096147000 0 0
1484572463.933678000 0 0
1484572464.106283000 0 0
1484572464.109940000 0 0
1484572464.141773000 0 0
1484572464.080169000 0 4096
1484572464.154217000 0 0
1484572464.074033000 0 0
1484572464.172924000 0 0
1484572464.286447000 0 0
1484572464.339018000 0 0
1484572464.596872000 0 0
1484572464.601251000 0 0
1484572464.600835000 0 0
1484572464.599463000 0 0
1484572464.616604000 0 0
1484572464.618937000 0 0
1484572464.625232000 0 0
1484572464.628567000 0 0
1484572464.637170000 0 0
1484572464.643630000 0 0
1484572464.772007000 0 0
1484572464.634259000 0 0
1484572464.784843000 0 0
1484572464.795604000 0 0
1484572464.803458000 0 0
1484572464.817915000 0 0
1484572464.820745000 0 0
1484572464.792700000 0 4096
1484572464.829138000 0 0
1484572464.785463000 0 0
1484572464.838697000 0 0
1484572464.845279000 0 0
1484572464.859296000 0 0
1484572464.839963000 0 4096
1484572464.867215000 0 0
1484572464.836826000 0 0
1484572464.876805000 0 0
1484572464.802563000 0 0
1484572464.987729000 0 0
1484572464.992243000 0 0
1484572465.000399000 0 0
1484572464.998211000 0 0
1484572465.015362000 0 0
1484572465.033351000 0 0
1484572465.040876000 0 0
1484572465.069545000 0 0
1484572464.634749000 0 4096
1484572465.079136000 0 0
1484572464.618982000 0 0
1484572465.091136000 0 0
1484572465.038629000 0 0
1484572465.120032000 0 0
1484572465.125060000 0 0
1484572465.132607000 0 0
1484572465.136459000 0 0
1484572465.130709000 0 0
1484572465.153422000 0 0
1484572465.154720000 0 0
1484572465.126550000 0 4096
1484572465.158467000 0 0
1484572465.165123000 0 0
1484572465.292754000 0 0
1484572465.119616000 0 0
1484572465.306835000 0 0
1484572465.326198000 0 0
1484572465.289770000 0 0
1484572465.330079000 0 0
1484572465.329888000 0 0
1484572465.330198000 0 0
1484572465.331804000 0 0
1484572465.336665000 0 0
1484572465.345396000 0 0
1484572465.353221000 0 0
1484572465.303999000 0 4096
1484572465.373053000 0 0
1484572465.155384000 0 0
1484572465.380937000 0 0
1484572465.318435000 0 4096
1484572465.385980000 0 0
1484572465.390106000 0 0
1484572465.303951000 0 0
1484572465.396905000 0 0
1484572465.311794000 0 4096
1484572465.402583000 0 0
1484572465.405922000 0 0
1484572465.301181000 0 0
1484572465.417616000 0 0
1484572465.343543000 0 0
1484572465.446907000 0 0
1484572465.453178000 0 0
1484572465.462567000 0 0
1484572465.473456000 0 0
1484572465.477519000 0 0
1484572465.460276000 0 0
1484572465.490672000 0 0
1484572465.458995000 0 4096
1484572465.505197000 0 0
1484572465.447997000 0 0
1484572465.520508000 0 0
1484572465.526424000 0 0
1484572465.545217000 0 0
1484572465.547118000 0 0
1484572465.563375000 0 0
1484572465.532107000 0 4096
1484572465.572829000 0 0
1484572465.527143000 0 0
1484572465.585325000 0 0
1484572465.737169000 0 0
1484572465.747865000 0 0
1484572465.745617000 0 0
1484572465.770099000 0 0
1484572465.776980000 0 0
1484572465.784816000 0 0
1484572465.782637000 0 0
1484572465.801168000 0 0
1484572465.848375000 0 0
1484572465.849472000 0 0
1484572465.881650000 0 0
1484572465.866615000 0 0
1484572465.928327000 0 0
1484572465.928201000 0 0
1484572465.539066000 0 4096
1484572465.940501000 0 0
1484572465.527231000 0 0
1484572465.950630000 0 0
1484572465.951809000 0 0
1484572465.953166000 0 0
1484572465.466059000 0 4096
1484572465.956120000 0 0
1484572465.964986000 0 0
1484572465.459670000 0 0
1484572465.970330000 0 0
1484572465.978846000 0 0
1484572465.962711000 0 0
1484572465.993115000 0 0
1484572465.992790000 0 0
1484572465.836526000 0 4096
1484572465.996566000 0 0
1484572465.997036000 0 0
1484572466.018974000 0 0
1484572466.020710000 0 0
1484572465.830858000 0 0
1484572466.027266000 0 0
1484572465.904039000 0 4096
1484572466.032486000 0 0
1484572466.039392000 0 0
1484572465.893348000 0 0
1484572466.063515000 0 0
1484572466.069070000 0 0
1484572465.976831000 0 4096
1484572466.077871000 0 0
1484572465.969502000 0 0
1484572466.089460000 0 0
1484572466.137311000 0 0
1484572466.141615000 0 0
1484572466.145336000 0 0
1484572466.145791000 0 0
1484572466.018301000 0 0
1484572466.151666000 0 0
1484572466.163096000 0 0
1484572466.136199000 0 4096
1484572466.172012000 0 0
1484572466.172665000 0 0
1484572466.178367000 0 0
1484572466.129460000 0 0
1484572466.187367000 0 0
1484572466.199292000 0 0
1484572466.176558000 0 0
1484572466.215973000 0 0
1484572466.218145000 0 0
1484572466.191109000 0 4096
1484572466.220480000 0 0
1484572466.228106000 0 0
1484572466.185198000 0 0
1484572466.241671000 0 0
1484572466.261563000 0 0
1484572466.261796000 0 0
1484572466.268181000 0 0
1484572466.270071000 0 0
1484572466.281165000 0 0
1484572466.245799000 0 4096
1484572466.284477000 0 0
1484572466.226939000 0 0
1484572466.293733000 0 0
1484572466.296374000 0 0
1484572466.220609000 0 0
1484572466.301050000 0 0
1484572466.302069000 0 0
1484572466.253254000 0 4096
1484572466.306457000 0 0
1484572464.054835000 0 0
1484572466.309924000 0 0
1484572466.313349000 0 0
1484572466.313941000 0 0
1484572466.234121000 0 0
1484572466.332031000 0 0
1484572466.238811000 0 4096
1484572466.335109000 0 0
1484572466.341826000 0 0
1484572466.215143000 0 0
1484572466.348382000 0 0
1484572466.354346000 0 0
1484572466.355907000 0 0
1484572466.356969000 0 0
1484572466.261187000 0 4096
1484572466.369457000 0 0
1484572466.369205000 0 0
1484572466.376071000 0 0
1484572466.254659000 0 0
1484572466.380059000 0 0
1484572466.381479000 0 0
1484572466.383704000 0 0
1484572466.386794000 0 0
1484572466.392333000 0 0
1484572466.395559000 0 0
1484572466.351956000 0 4096
1484572466.397800000 0 0
1484572466.403242000 0 0
1484572466.405054000 0 0
1484572466.335279000 0 0
1484572466.417047000 0 0
1484572466.419100000 0 0
1484572466.425514000 0 0
1484572466.431200000 0 0
1484572466.546792000 0 0
1484572466.553079000 0 0
1484572466.565282000 0 0
1484572466.329342000 0 0
1484572475.864635000 0 0
1484572463.815824000 0 4096
1484572475.874516000 0 0
1484572475.880543000 0 0
1484572463.810515000 0 0
1484572475.889774000 0 0
1484572480.777680000 0 7158
1484572480.789217000 0 0
1484572480.787914000 0 0
1484572463.832910000 29 0
1484572463.898785000 63 0
1484572463.930775000 55 0
1484572463.925110000 45056 0
1484572464.063644000 114688 0
1484572464.612324000 42 0
1484572464.778922000 60 0
1484572464.775955000 45056 0
1484572464.832488000 45056 0
1484572464.981270000 56 0
1484572465.009307000 44 0
1484572464.607183000 524288 0
1484572465.113554000 50 0
1484572465.150166000 66 0
1484572465.302062000 46 0
1484572465.110225000 45056 0
1484572465.146919000 45056 0
1484572465.292588000 45056 0
1484572465.184031000 45056 0
1484572465.440746000 66 0
1484572465.480548000 54 0
1484572465.437373000 45056 0
1484572465.488449000 45056 0
1484572465.764499000 52 0
1484572465.793592000 46 0
1484572465.906504000 51 0
1484572465.511239000 524288 0
1484572465.982333000 57 0
1484572465.441634000 524288 0
1484572465.818697000 524288 0
1484572465.879717000 45056 0
1484572465.957150000 278528 0
1484572466.132941000 47 0
1484572466.121789000 45056 0
1484572466.209426000 51 0
1484572466.176006000 45056 0
1484572466.291529000 59 0
1484572466.208075000 45056 0
1484572466.223905000 45056 0
1484572466.202751000 45056 0
1484572466.245581000 45056 0
1484572466.323005000 45056 0
1484572463.799305000 45056 0
1484572508.038161000 0 132896
1484572508.066694000 0 0
1484572508.064733000 0 0
1484572508.079415000 0 0
1484572508.077417000 0 0
1484572508.509636000 0 98840
1484572508.542892000 0 0
1484572509.773652000 0 9793
1484572509.785569000 0 0
1484572523.120440000 0 135565
1484572523.146845000 0 0
1484572523.145366000 0 0
1484572523.158157000 0 0
1484572523.156242000 0 0
1484572530.090229000 0 98840
1484572530.124901000 0 0
1484572538.208745000 0 140679
1484572538.234137000 0 0
1484572538.232833000 0 0
1484572538.244666000 0 0
1484572538.243191000 0 0
1484572551.867644000 0 0
1484572551.875083000 0 10743
1484572553.294753000 0 140745
1484572553.321674000 0 0
1484572553.319744000 0 0
1484572553.334115000 0 0
1484572553.332155000 0 0
1484572557.031016000 0 20964
1484572563.854511000 0 5702
1484572563.868439000 0 0
1484572563.866468000 0 0
1484572568.378965000 0 140771
1484572568.404486000 0 0
1484572568.403004000 0 0
1484572568.415215000 0 0
1484572568.414020000 0 0
1484572583.446006000 0 140801
1484572583.471125000 0 0
1484572583.469912000 0 0
1484572583.481648000 0 0
1484572583.480430000 0 0
1484572598.519127000 0 140825
1484572598.545848000 0 0
1484572598.543868000 0 0
1484572598.557791000 0 0
1484572598.555805000 0 0
1484572603.223565000 0 208787
1484572603.250987000 0 0
1484572603.250172000 0 0
1484572608.994922000 0 17756
1484572609.007596000 0 0
1484572609.006233000 0 0
1484572613.607276000 0 141004
1484572613.634202000 0 0
1484572613.632377000 0 0
1484572613.646302000 0 0
1484572613.644403000 0 0
1484572722.320163000 0 0
1484572722.331888000 7729 3729
1484572722.348853000 0 0
1484572722.364119000 5935 1935
1484572722.379381000 0 0
1484572722.403351000 34932 2260
1484572722.424216000 0 0
1484572722.517895000 0 0
1484572722.534421000 2116 2208
1484572722.546757000 0 0
1484572722.675864000 1839 1927
1484572728.933252000 0 0
1484572728.940255000 0 0
1484572728.945749000 0 0
1484572728.951715000 0 0
1484572729.319208000 0 7945
1484572729.330735000 0 0
1484572780.809497000 0 8284
1484572780.820911000 0 0
1484572780.819721000 0 0
1484572850.630840000 0 141004
1484572850.658471000 0 0
1484572850.656515000 0 0
1484572850.671025000 0 0
1484572850.669078000 0 0
1484572851.889459000 0 0
1484572851.897296000 0 10743
1484572877.552620000 0 141176
1484572877.581200000 0 0
1484572877.579213000 0 0
1484572877.594364000 0 0
1484572877.592512000 0 0
1484572883.429841000 0 0
1484572888.455970000 0 0
1484572888.459693000 0 0
1484572888.467806000 0 0
1484572892.611220000 0 141176
1484572892.636641000 0 0
1484572892.635224000 0 0
1484572892.647500000 0 0
1484572892.646080000 0 0
1484572909.009256000 0 17757
1484572909.020762000 0 0
1484572909.019482000 0 0
1484572920.540867000 0 141178
1484572920.570485000 0 0
1484572920.568392000 0 0
1484572920.582603000 0 0
1484572920.580540000 0 0
1484572888.474720000 564 0
1484572930.552663000 0 0
1484572930.557332000 0 0
1484572930.566835000 0 0
1484572930.578937000 0 0
1484572930.618569000 0 0
1484572930.622615000 0 0
1484572930.628891000 0 0
1484572930.633321000 0 0
1484572930.654683000 0 0
1484572930.659069000 0 0
1484572930.676166000 0 0
1484572930.680442000 0 0
1484572930.684327000 0 0
1484572930.712338000 0 0
1484572930.716726000 0 0
1484572935.618473000 0 141182
1484572935.645112000 0 0
1484572935.643230000 0 0
1484572935.657026000 0 0
1484572935.655047000 0 0
1484572950.686637000 0 141182
1484572950.712999000 0 0
1484572950.711241000 0 0
1484572950.724450000 0 0
1484572950.722699000 0 0
1484572930.495547000 282 0
1484572930.575230000 566 0
1484572930.605562000 504 0
1484572930.641020000 504 0
1484572930.688679000 402 0
1484572969.930454000 0 11795
1484572969.945835000 0 0
1484572969.943931000 0 0
1484573045.093701000 0 0
1484573045.368650000 0 0
1484573045.372306000 0 0
1484573045.380815000 0 0
1484573046.144682000 0 0
1484573046.148468000 0 0
1484573046.151013000 0 0
1484573046.158979000 0 0
1484573046.171703000 0 0
1484573046.174355000 0 0
1484573046.177018000 0 0
1484573046.180681000 0 0
1484573046.196821000 0 0
1484573046.199958000 0 0
1484573046.211768000 0 0
1484573046.215334000 0 0
1484573046.227335000 0 0
1484573046.231589000 0 0
1484573050.336720000 0 0
1484573052.043218000 0 0
1484573045.173862000 0 0
1484573052.439450000 0 0
1484573045.090906000 0 0
1484573057.553982000 0 0
1484573057.558355000 0 0
1484573057.575347000 0 0
1484573057.627763000 0 0
1484573057.633546000 0 0
1484573057.629948000 0 0
1484573057.557289000 0 0
1484573057.535855000 0 0
1484573057.534953000 0 0
1484573062.076236000 0 113951
1484573062.128441000 0 8
1484573068.241054000 0 197168
1484573068.299888000 0 0
1484573070.535510000 0 139900
1484573070.561438000 0 0
1484573070.559675000 0 0
1484573070.573020000 0 0
1484573070.571221000 0 0
1484573045.385790000 402 0
1484573045.388275000 282 0
1484573046.157123000 566 0
1484573046.166069000 504 0
1484573046.187169000 504 0
1484573080.849801000 0 8284
1484573080.863817000 0 0
1484573080.862109000 0 0
1484573057.565015000 226 0
1484573057.569772000 156 0
1484573057.572041000 302 0
1484573057.593597000 134 0
1484573057.599512000 134 0
1484573057.601490000 134 0
1484573057.606470000 144 0
1484573057.611256000 134 0
1484573057.615610000 134 0
1484573057.622518000 134 0
1484573057.634980000 133 0
1484573057.641634000 134 0
1484573057.648712000 133 0
1484573057.654198000 226 0
1484573057.660123000 274 0
1484573057.663563000 520 0
1484573090.525975000 0 237378
1484573090.554600000 0 0
1484573090.553773000 0 0
1484573105.252894000 0 140282
1484573105.279562000 0 0
1484573105.277794000 0 0
1484573105.291450000 0 0
1484573105.289678000 0 0
1484573120.334432000 0 141443
1484573120.360300000 0 0
1484573120.358978000 0 0
1484573120.370966000 0 0
1484573120.369638000 0 0
1484573135.413857000 0 141452
1484573135.440799000 0 0
1484573135.438829000 0 0
1484573135.452861000 0 0
1484573135.450861000 0 0
1484573150.498854000 0 141472
1484573150.525685000 0 0
1484573150.523877000 0 0
1484573150.536879000 0 0
1484573150.535130000 0 0
1484573151.909108000 0 0
1484573151.916673000 0 10743
1484573165.278886000 0 197168
1484573165.330513000 0 0
1484573165.581986000 0 141475
1484573165.607866000 0 0
1484573165.606093000 0 0
1484573165.619882000 0 0
1484573165.618115000 0 0
1484573180.665350000 0 142483
1484573180.693249000 0 0
1484573180.691175000 0 0
1484573180.706065000 0 0
1484573180.704084000 0 0
1484573209.048631000 0 17757
1484573209.059688000 0 0
1484573209.058473000 0 0
1484573269.381993000 0 20964
1484573323.773928000 0 359
1484573323.788376000 0 0
1484573323.786489000 0 0
1484573380.928774000 0 8287
1484573380.943627000 0 0
1484573380.941812000 0 0
1484573451.929695000 0 0
1484573451.937450000 0 10743
1484573651.221946000 0 19808
1484573651.232569000 0 0
1484573651.231768000 0 0
1484573651.242270000 0 0
1484573651.241380000 0 0
1484573651.249696000 0 0
1484573651.258062000 0 0
1484573651.260833000 0 0
1484573651.263994000 0 0
1484573651.266700000 0 0
1484573651.269826000 0 0
1484573651.284468000 0 0
1484573651.288975000 0 0
1484573651.316702000 0 0
1484573651.343450000 0 0
1484573651.348576000 0 0
1484573651.353545000 0 0
1484573651.367231000 0 0
1484573651.371821000 0 0
1484573651.376302000 0 0
1484573651.380617000 0 0
1484573651.384831000 0 0
1484573651.256346000 0 0
1484573651.397087000 0 0
1484573751.961753000 0 0
1484573751.969389000 0 10743
1484574051.990473000 0 0
1484574051.997804000 0 10743
1484574146.184880000 0 17760
1484574146.194280000 0 0
1484574146.193334000 0 0
1484574148.817880000 0 8287
1484574148.828998000 0 0
1484574148.827802000 0 0
1484574205.302778000 0 142757
1484574205.327930000 0 0
1484574205.326747000 0 0
1484574205.339608000 0 0
1484574205.337637000 0 0
1484574215.162622000 0 0
1484574215.168391000 0 0
1484574220.366652000 0 143795
1484574220.394287000 0 0
1484574220.392748000 0 0
1484574220.406716000 0 0
1484574220.405844000 0 0
1484574235.459455000 0 144147
1484574235.485100000 0 0
1484574235.483562000 0 0
1484574235.495787000 0 0
1484574235.494304000 0 0
1484574250.531691000 0 144804
1484574250.559150000 0 0
1484574250.557320000 0 0
1484574250.571116000 0 0
1484574250.569624000 0 0
1484574265.617467000 0 145251
1484574265.646544000 0 0
1484574265.645454000 0 0
1484574265.657325000 0 0
1484574265.656486000 0 0
1484574280.697434000 0 146246
1484574280.722622000 0 0
1484574280.721221000 0 0
1484574280.734535000 0 0
1484574280.732546000 0 0
1484574288.739533000 0 98840
1484574288.774184000 0 0
1484574295.769842000 0 146525
1484574295.796684000 0 0
1484574295.794989000 0 0
1484574295.808649000 0 0
1484574295.806868000 0 0
1484574310.849755000 0 146476
1484574310.875412000 0 0
1484574310.874036000 0 0
1484574310.887676000 0 0
1484574310.886283000 0 0
1484574328.969418000 0 146460
1484574328.994204000 0 0
1484574328.992707000 0 0
1484574329.003999000 0 0
1484574329.002641000 0 0
1484574344.049337000 0 145650
1484574344.074790000 0 0
1484574344.073454000 0 0
1484574344.085220000 0 0
1484574344.083299000 0 0
1484574352.007909000 0 0
1484574352.016098000 0 10743
1484574359.056764000 0 145650
1484574359.082167000 0 0
1484574359.080678000 0 0
1484574359.093746000 0 0
1484574359.091806000 0 0
1484574401.643831000 0 145716
1484574401.669891000 0 0
1484574401.668354000 0 0
1484574401.680375000 0 0
1484574401.678838000 0 0
1484574416.721248000 0 145373
1484574416.745657000 0 0
1484574416.744369000 0 0
1484574416.755833000 0 0
1484574416.754350000 0 0
1484574514.161824000 0 20964
1484574652.040788000 0 0
1484574652.048292000 0 10743
1484574746.228606000 0 17912
1484574746.241858000 0 0
1484574746.239979000 0 0
1484574748.842572000 0 8287
1484574748.855392000 0 0
1484574748.853673000 0 0
1484574952.067789000 0 0
1484574952.076305000 0 10743
1484574993.251616000 0 145649
1484574993.275194000 0 0
1484574993.274110000 0 0
1484574993.286435000 0 0
1484574993.284454000 0 0
1484575008.305821000 0 147789
1484575008.330152000 0 0
1484575008.329220000 0 0
1484575008.338621000 0 0
1484575008.337699000 0 0
1484575023.382764000 0 147817
1484575023.407621000 0 0
1484575023.406188000 0 0
1484575023.417764000 0 0
1484575023.416405000 0 0
1484575039.049737000 0 149367
1484575039.074020000 0 0
1484575039.073094000 0 0
1484575039.082421000 0 0
1484575039.081549000 0 0
1484575054.089243000 0 149496
1484575054.112592000 0 0
1484575054.111708000 0 0
1484575054.120740000 0 0
1484575054.119964000 0 0
1484575226.947756000 0 148878
1484575226.972891000 0 0
1484575226.971839000 0 0
1484575226.981141000 0 0
1484575226.980285000 0 0
1484575241.970212000 0 150480
1484575241.995170000 0 0
1484575241.993909000 0 0
1484575242.004274000 0 0
1484575242.003389000 0 0
1484575252.087233000 0 0
1484575252.094841000 0 10743
1484575257.045587000 0 151452
1484575257.070729000 0 0
1484575257.069340000 0 0
1484575257.080790000 0 0
1484575257.079341000 0 0
1484575263.589262000 0 98840
1484575263.624110000 0 0
1484575272.107041000 0 155213
1484575272.131534000 0 0
1484575272.130046000 0 0
1484575272.141671000 0 0
1484575272.140139000 0 0
1484575288.769691000 0 17962
1484575288.781420000 0 0
1484575288.779727000 0 0
1484575291.411291000 0 8287
1484575291.423311000 0 0
1484575291.421582000 0 0
1484575294.849489000 0 155578
1484575294.874286000 0 0
1484575294.872964000 0 0
1484575294.883805000 0 0
1484575294.882587000 0 0
1484575295.607638000 0 20918
1484575309.925187000 0 155857
1484575309.951871000 0 0
1484575309.950120000 0 0
1484575309.963113000 0 0
1484575309.961123000 0 0
1484575339.426882000 0 0
1484575339.470244000 0 0
1484575339.472754000 0 0
1484575339.480922000 0 0
1484575341.540296000 0 0
1484575341.544778000 0 0
1484575341.547200000 0 0
1484575343.909206000 0 0
1484575343.980958000 0 0
1484575343.984230000 0 0
1484575343.986798000 0 0
1484575343.990166000 0 0
1484575344.022443000 0 0
1484575344.024965000 0 0
1484575344.027362000 0 0
1484575344.029861000 0 0
1484575337.547165000 282 0
1484575341.552499000 566 0
1484575368.123027000 0 0
1484575343.996010000 504 0
1484575344.034813000 504 0
1484575382.222334000 0 155578
1484575382.250766000 0 0
1484575382.249602000 0 0
1484575382.262175000 0 0
1484575382.260121000 0 0
1484575397.291114000 0 156813
1484575397.317816000 0 0
1484575397.316741000 0 0
1484575397.330696000 0 0
1484575397.328918000 0 0
1484575374.254793000 282 0
1484575412.368108000 0 156813
1484575412.393914000 0 0
1484575412.392604000 0 0
1484575412.404739000 0 0
1484575412.403298000 0 0
1484575427.446453000 0 157378
1484575427.471791000 0 0
1484575427.470344000 0 0
1484575427.481682000 0 0
1484575427.480243000 0 0
1484575442.503368000 0 157839
1484575442.527128000 0 0
1484575442.526275000 0 0
1484575442.534931000 0 0
1484575442.534079000 0 0
1484575457.576297000 0 157228
1484575457.602500000 0 0
1484575457.600819000 0 0
1484575457.613584000 0 0
1484575457.611620000 0 0
1484575552.113461000 0 0
1484575552.120456000 0 10743
1484575588.816163000 0 17962
1484575588.828937000 0 0
1484575588.826986000 0 0
1484575591.438360000 0 8287
1484575591.450302000 0 0
1484575591.448374000 0 0
1484575683.401260000 0 20918
1484575852.145806000 0 0
1484575852.153193000 0 10743
1484576152.165000000 0 0
1484576152.172726000 0 10743
1484576322.988482000 0 17962
1484576322.996957000 0 0
1484576322.996111000 0 0
1484576452.188949000 0 0
1484576452.193832000 0 10743
1484576623.023651000 0 17962
1484576623.035074000 0 0
1484576623.033337000 0 0
1484576752.203498000 0 0
1484576752.210558000 0 10743
1484577052.223312000 0 0
1484577052.230714000 0 10743
1484577352.250099000 0 0
1484577352.257058000 0 10743
1484577652.279442000 0 0
1484577652.287154000 0 10743
1484577952.299680000 0 0
1484577952.306844000 0 10743
1484578252.328662000 0 0
1484578252.335686000 0 10743
1484578381.496496000 0 0
1484578382.334219000 0 0
1484578382.471886000 0 0
1484578382.474563000 0 0
1484578382.641488000 0 0
1484578382.662299000 0 0
1484578382.682376000 0 0
1484578382.692981000 0 0
1484578515.444522000 0 0
1484578515.449064000 0 0
1484578552.350473000 0 0
1484578552.357566000 0 10743
1484578852.376576000 0 0
1484578852.383670000 0 10743
1484579152.403767000 0 0
1484579152.411211000 0 10743
1484579367.290696000 0 8288
1484579367.301462000 0 0
1484579367.299646000 0 0
1484579452.428067000 0 0
1484579452.435167000 0 10743
1484579752.445160000 0 0
1484579752.452583000 0 10743
1484580052.471653000 0 0
1484580052.478717000 0 10743
1484580235.382729000 0 17963
1484580235.392590000 0 0
1484580235.391257000 0 0
1484580316.519963000 0 8288
1484580316.529065000 0 0
1484580316.527841000 0 0
1484580328.873686000 0 157507
1484580328.897291000 0 0
1484580328.896305000 0 0
1484580328.908049000 0 0
1484580328.907123000 0 0
1484580343.946630000 0 158224
1484580343.970403000 0 0
1484580343.969197000 0 0
1484580343.978365000 0 0
1484580343.977131000 0 0
1484580352.489137000 0 0
1484580352.496647000 0 10743
1484580359.017355000 0 158224
1484580359.044920000 0 0
1484580359.042718000 0 0
1484580359.055930000 0 0
1484580359.054267000 0 0
1484580416.359260000 0 158224
1484580416.384351000 0 0
1484580416.382886000 0 0
1484580416.395072000 0 0
1484580416.394166000 0 0
1484580549.530215000 0 158216
1484580549.554112000 0 0
1484580549.552691000 0 0
1484580549.562725000 0 0
1484580549.561308000 0 0
1484580550.888725000 0 0
1484580550.903816000 0 0
1484580550.911167000 0 0
1484580550.914362000 0 0
1484580550.930102000 0 122
1484580550.939359000 0 0
1484580550.938562000 0 65040
1484580550.908325000 0 10743
1484580550.938121000 0 0
1484580550.955429000 0 0
1484580550.952987000 0 0
1484580550.960491000 0 146
1484580550.961914000 0 0
1484580550.966875000 0 0
1484580550.965636000 0 0
1484580550.965942000 0 0
1484580551.142605000 0 181
1484580551.151299000 0 0
1484580551.149801000 0 0
1484580551.164028000 0 0
1484572250.456953000 0 32768
1484580551.176111000 0 0
1484580551.176590000 0 20977
1484580551.176693000 0 212
1484580551.201654000 0 0
1484572250.452220000 32768 15144768
1484580551.184602000 0 0
1484580551.206760000 0 0
1484580551.209237000 0 0
1484580551.210240000 0 259
1484580551.216708000 0 0
1484580551.215733000 0 0
1484580551.224630000 0 5704
1484580551.237922000 0 0
1484580551.234271000 0 0
1484580551.241424000 0 0
1484572248.983756000 0 32768
1484580551.244495000 0 288
1484580551.246192000 0 0
1484572248.978280000 28752 65648
1484580551.251013000 0 0
1484580551.251833000 0 0
1484580551.249951000 0 0
1484580551.255098000 0 0
1484580551.277341000 0 0
1484572251.160531000 0 32768
1484580551.282402000 0 0
1484572251.141703000 90264 1455400
1484580551.288851000 0 0
1484580551.291214000 0 0
1484580551.295650000 0 0
1484580551.305870000 0 0
1484580551.308716000 0 52352
1484580551.334065000 0 0
1484580551.338723000 0 0
1484580551.342106000 0 0
1484580551.298523000 0 0
1484580551.345257000 0 0
1484580551.374743000 0 7301
1484580551.382019000 0 0
1484580551.381051000 0 0
1484580551.390248000 0 0
1484580554.359778000 0 0
1484580554.371304000 0 0
1484580554.374480000 0 1431
1484580554.380703000 0 0
1484580554.384003000 0 0
1484580554.386711000 0 0
1484580554.363071000 0 0
1484580554.389388000 0 0
1484580554.446817000 0 85
1484580554.453328000 0 0
1484580554.462779000 0 109
1484580554.468096000 0 0
1484580554.523840000 0 144
1484580554.528066000 0 0
1484572124.826929000 0 4096
1484580554.529344000 0 0
1484580554.532626000 0 0
1484580554.535523000 0 0
1484572124.756705000 0 0
1484580554.539734000 0 0
1484580554.629229000 0 0
1484580554.646248000 0 0
1484580554.672440000 0 0
1484580554.702541000 0 0
1484580554.718893000 0 0
1484580554.726607000 0 0
1484580554.731856000 0 0
1484580554.735676000 0 0
1484580554.739726000 0 0
1484580554.723864000 0 10
1484580554.758771000 0 0
1484580554.763272000 0 0
1484580554.634004000 0 0
1484580554.767413000 0 0
1484572123.064399000 30604 63007
1484572132.073646000 0 2438
1484572124.194009000 81058 64548
1484580554.783484000 0 26439
1484580554.939628000 0 373
1484580554.946153000 0 175
1484580554.953826000 0 0
1484580554.983806000 0 0
1484572126.242476000 0 32768
1484580554.984866000 0 204
1484580554.989995000 0 0
1484572126.133808000 98408 1053704
1484580554.992099000 0 0
1484580554.996771000 0 0
1484580554.999312000 0 0
1484580555.005628000 0 0
1484572126.260097000 0 4096
1484580555.010696000 0 0
1484580555.014477000 0 0
1484572126.154307000 0 0
1484580555.019344000 0 0
1484580555.024257000 0 0
1484580555.043908000 0 0
1484580555.048349000 0 21114
1484580555.071680000 0 0
1484580555.076174000 0 0
1484580555.030054000 0 0
1484580555.080200000 0 0
1484580555.118220000 0 0
1484572722.458996000 166277 2535
1484572221.164734000 743800 14901
1484572422.085431000 141764 2602
1484572422.158832000 1154462 3588
1484572250.826707000 0 0
1484572251.167581000 0 0
1484572247.463201000 0 0
1484572248.310147000 856787 0
1484572248.483103000 103090 0
1484572248.543988000 44887 0
1484572126.282914000 0 0
1484572126.271716000 0 0
1484572119.601257000 0 0
1484572463.540391000 294912 786432
1484572248.739314000 65536 0
1484572248.043220000 512000 4096
1484572248.075747000 16384 4096
1484572250.438450000 131072 2555904
1484572248.966778000 753664 65536
1484572251.132250000 2228224 327680
1484572249.758328000 131072 0
1484572121.674073000 327680 0
1484572124.747963000 8192 0
1484572122.688659000 294912 0
1484572463.528120000 65536 0
1484572120.282798000 6144 0
1484572119.898042000 135168 4096
1484572120.050408000 8192 4096
1484572126.002517000 1146880 983040
1484572126.140921000 98304 0
1484572132.289410000 24297 0
1484572132.146003000 134813 0
1484581707.766604000 0 0
1484581707.816357000 0 0
1484581707.820036000 0 0
1484581707.829746000 0 0
1484581709.819247000 0 0
1484581710.308056000 0 0
1484581710.312108000 0 0
1484581710.318216000 0 0
1484581710.323143000 0 0
1484581710.330280000 0 0
1484581710.334515000 0 0
1484581710.336607000 0 0
1484581710.340743000 0 0
1484581710.342626000 0 0
1484581710.347169000 0 0
1484581710.396260000 0 0
1484581710.440716000 0 0
1484581710.460846000 0 0
1484581710.463131000 0 0
1484581710.465254000 0 0
1484581710.467448000 0 0
1484581710.469362000 0 0
1484581710.492064000 0 0
1484581710.530065000 0 0
1484581710.563793000 0 0
1484581710.566750000 0 0
1484581710.569350000 0 0
1484581710.572887000 0 0
1484581710.575882000 0 0
1484581710.596520000 0 0
1484581710.602056000 0 0
1484581710.714111000 0 0
1484581710.716454000 0 0
1484581710.718549000 0 0
1484581710.723516000 0 0
1484581710.734082000 0 0
1484581710.736276000 0 0
1484581710.738374000 0 0
1484581710.756835000 0 0
1484581710.884082000 0 0
1484581710.889819000 0 0
1484581710.898446000 0 0
1484581710.920579000 0 0
1484581710.938466000 0 0
1484581710.953881000 0 0
1484581711.035907000 0 0
1484581711.052950000 0 0
1484581711.055657000 0 18830
1484581711.260821000 0 0
1484581711.265004000 0 0
1484581711.039651000 18830 0
1484581711.046206000 0 0
1484581711.268734000 0 0
1484581711.348335000 0 0
1484581711.583178000 0 0
1484581711.601063000 0 0
1484581711.604055000 0 0
1484581711.606738000 0 2
1484581711.613864000 0 0
1484581711.616257000 0 0
1484581710.893968000 2 0
1484581711.594890000 0 0
1484581711.618892000 0 0
1484581711.943927000 131072 0
1484581711.976792000 0 0
1484581712.073131000 0 0
1484581712.980665000 0 53
1484581711.391676000 288 0
1484581712.987279000 0 0
1484581713.118023000 0 0
1484581713.835552000 0 0
1484581715.053043000 0 0
1484581715.068669000 0 0
1484581715.072660000 0 0
1484581715.074812000 0 0
1484581715.071373000 0 0
1484581715.067496000 0 0
1484581715.097000000 0 0
1484581715.107489000 0 0
1484581715.090435000 0 4096
1484581715.112449000 0 0
1484581715.087285000 0 0
1484581715.118164000 0 0
1484581715.403252000 0 0
1484581715.416932000 0 90
1484581715.422588000 0 0
1484581715.507601000 0 0
1484581715.479396000 0 0
1484581716.110822000 0 0
1484581713.000247000 65040 0
1484581716.109638000 0 0
1484581716.118786000 0 0
1484581716.123445000 0 0
1484581716.122303000 0 0
1484581716.130408000 0 66339
1484581716.145444000 0 0
1484581712.076200000 0 0
1484581727.456554000 0 0
1484581715.397386000 0 4096
1484581727.464168000 0 0
1484581727.469577000 0 0
1484581715.393453000 0 0
1484581727.476054000 0 0
1484581730.363579000 0 102489
1484581730.383757000 0 0
1484581730.391426000 0 0
1484581710.332596000 150 0
1484581710.354506000 208 0
1484581710.448589000 52352 0
1484581710.534645000 16384 0
1484581710.557627000 20977 0
1484581742.070258000 0 0
1484581742.091132000 0 0
1484581742.095786000 0 52485
1484581742.128607000 0 0
1484581742.135138000 0 0
1484581742.139907000 0 0
1484581742.076480000 0 0
1484581742.143829000 0 0
1484581745.723687000 0 5702
1484581711.587861000 5704 0
1484581745.734752000 0 0
1484581710.743394000 185 0
1484581710.943762000 8376 0
1484581710.957837000 237378 0
1484581711.536054000 116 0
1484581711.596264000 7945 0
1484581711.602825000 309 0
1484581707.836372000 282 0
1484581710.321441000 10 0
1484581710.326200000 10 0
1484581712.081375000 14697 0
1484581713.122424000 11795 0
1484581711.614025000 29 0
1484581714.729808000 5452 0
1484581715.053160000 35123 0
1484581715.065055000 29 0
1484581715.498306000 22 0
1484581715.509016000 9793 0
1484581715.511631000 10743 0
1484581715.083526000 40960 0
1484581767.761611000 0 0
1484581767.774685000 0 0
1484581767.788574000 0 0
1484581767.797799000 0 0
1484581767.826330000 0 8432
1484581767.813460000 8432 0
1484581767.833599000 0 0
1484581770.790576000 0 0
1484581770.810817000 0 138
1484581770.817734000 0 0
1484581770.795628000 138 0
1484581770.816872000 0 0
1484581770.827575000 0 0
1484581770.835038000 0 0
1484581770.849066000 0 0
1484581770.857747000 0 16110
1484581770.867130000 0 0
1484581770.865778000 0 0
1484581770.873182000 0 0
1484581770.880264000 0 0
1484581770.885746000 0 0
1484581770.888914000 0 0
1484581770.891936000 0 0
1484581770.896916000 0 0
1484581770.902331000 0 0
1484581770.905427000 0 0
1484581770.936409000 0 0
1484581770.941853000 0 0
1484581770.963331000 0 0
1484581770.988428000 0 0
1484581771.014315000 0 0
1484581771.040059000 0 0
1484581771.070361000 0 0
1484581771.084659000 0 0
1484581771.096493000 0 0
1484581771.100193000 0 0
1484581771.103484000 0 0
1484581771.106487000 0 0
1484581771.109692000 0 0
1484581771.114431000 0 0
1484581771.117537000 0 0
1484581771.120531000 0 0
1484581771.123753000 0 0
1484581771.127616000 0 0
1484581771.130979000 0 0
1484581771.135530000 0 0
1484581771.138887000 0 0
1484581771.142039000 0 0
1484581771.145731000 0 0
1484581771.148736000 0 0
1484581771.151715000 0 0
1484581771.154692000 0 0
1484581771.157748000 0 0
1484581771.163436000 0 0
1484581771.168777000 0 0
1484581771.172992000 0 0
1484581771.180299000 0 0
1484581771.183593000 0 0
1484581771.186664000 0 0
1484581771.189788000 0 0
1484581771.192801000 0 0
1484581771.201261000 0 0
1484581771.205818000 0 0
1484581771.209781000 0 0
1484581771.215690000 0 0
1484581771.219051000 0 0
1484581771.222085000 0 0
1484581771.225110000 0 0
1484581771.229065000 0 0
1484581771.232211000 0 0
1484581771.235171000 0 0
1484581771.238101000 0 0
1484581771.241914000 0 0
1484581771.245518000 0 0
1484581771.248594000 0 0
1484581771.253486000 0 0
1484581771.256692000 0 0
1484581771.259806000 0 0
1484581771.263265000 0 0
1484581771.266230000 0 0
1484581771.269426000 0 0
1484581771.272449000 0 0
1484581771.275367000 0 0
1484581771.279018000 0 0
1484581771.282261000 0 0
1484581771.285255000 0 0
1484581771.290024000 0 0
1484581771.292983000 0 0
1484581771.295928000 0 0
1484581771.298814000 0 0
1484581771.303293000 0 0
1484581771.308479000 0 0
1484581771.312592000 0 0
1484581771.316235000 0 0
1484581771.319817000 0 0
1484581771.322862000 0 0
1484581771.326843000 0 0
1484581771.332765000 0 0
1484581771.335829000 0 0
1484581771.339020000 0 0
1484581771.342238000 0 0
1484581771.348315000 0 0
1484581771.351614000 0 0
1484581771.354820000 0 0
1484581771.357854000 0 0
1484581771.361022000 0 0
1484581771.364713000 0 0
1484581771.367714000 0 0
1484581771.370762000 0 0
1484581771.373700000 0 0
1484581771.379921000 0 0
1484581771.383472000 0 0
1484581771.387117000 0 0
1484581771.390720000 0 0
1484581771.395202000 0 0
1484581771.400565000 0 0
1484581771.404757000 0 0
1484581771.407512000 0 0
1484581771.411052000 0 0
1484581771.416280000 0 0
1484581771.419770000 0 0
1484581771.423834000 0 0
1484581771.428339000 0 0
1484581771.431697000 0 0
1484581771.434663000 0 0
1484581771.437633000 0 0
1484581771.440832000 0 0
1484581771.443637000 0 0
1484581771.450529000 0 0
1484581771.453688000 0 0
1484581771.457951000 0 0
1484581771.464364000 0 0
1484581771.468033000 0 0
1484581771.471114000 0 0
1484581771.474277000 0 0
1484581771.478208000 0 0
1484581771.481835000 0 0
1484581771.485506000 0 0
1484581771.488409000 0 0
1484581771.491476000 0 0
1484581771.495717000 0 0
1484581771.498679000 0 0
1484581771.504506000 0 0
1484581771.507838000 0 0
1484581771.511641000 0 0
1484581771.516440000 0 0
1484581771.519945000 0 0
1484581771.522883000 0 0
1484581771.526129000 0 0
1484581771.530103000 0 0
1484581771.534002000 0 0
1484581771.537995000 0 0
1484581771.541130000 0 0
1484581771.545462000 0 0
1484581771.548783000 0 0
1484581771.551798000 0 0
1484581771.554978000 0 0
1484581771.558192000 0 0
1484581771.561459000 0 0
1484581771.564641000 0 0
1484581771.567772000 0 0
1484581771.570887000 0 0
1484581771.573998000 0 0
1484581771.579301000 0 0
1484581771.582398000 0 0
1484581771.585535000 0 0
1484581771.588698000 0 0
1484581771.591850000 0 0
1484581771.595857000 0 0
1484581771.599201000 0 0
1484581771.602289000 0 0
1484581771.605339000 0 0
1484581771.608364000 0 0
1484581771.612211000 0 0
1484581771.615718000 0 0
1484581771.622503000 0 0
1484581771.626428000 0 0
1484581771.630963000 0 0
1484581771.634267000 0 0
1484581771.637595000 0 0
1484581771.640957000 0 0
1484581771.644276000 0 0
1484581771.648143000 0 0
1484581771.652068000 0 0
1484581771.656108000 0 0
1484581771.661345000 0 0
1484581771.665644000 0 0
1484581771.668784000 0 0
1484581771.672075000 0 0
1484581771.675024000 0 0
1484581771.678681000 0 0
1484581771.682348000 0 0
1484581771.686328000 0 0
1484581771.690126000 0 0
1484581771.693846000 0 0
1484581771.697729000 0 0
1484581771.701928000 0 0
1484581771.706160000 0 0
1484581771.713077000 0 0
1484581771.716638000 0 0
1484581771.719689000 0 0
1484581771.722703000 0 0
1484581771.725937000 0 0
1484581771.731227000 0 0
1484581771.736380000 0 0
1484581771.739420000 0 0
1484581771.742116000 0 0
1484581771.745582000 0 0
1484581771.749127000 0 0
1484581771.753543000 0 0
1484581771.756962000 0 0
1484581771.760692000 0 0
1484581771.763831000 0 0
1484581771.766930000 0 0
1484581771.769921000 0 0
1484581771.772879000 0 0
1484581771.775873000 0 0
1484581771.780081000 0 0
1484581771.783127000 0 0
1484581771.786076000 0 0
1484581771.789029000 0 0
1484581771.791995000 0 0
1484581771.795025000 0 0
1484581771.797996000 0 0
1484581771.801284000 0 0
1484581771.804691000 0 0
1484581771.809823000 0 0
1484581771.813799000 0 0
1484581771.817303000 0 0
1484581771.820218000 0 0
1484581771.823288000 0 0
1484581771.826300000 0 0
1484581771.830130000 0 0
1484581771.833095000 0 0
1484581771.837712000 0 0
1484581771.840763000 0 0
1484581771.843692000 0 0
1484581771.846556000 0 0
1484581771.849466000 0 0
1484581771.854543000 0 0
1484581771.857730000 0 0
1484581771.861430000 0 0
1484581771.864473000 0 0
1484581771.867461000 0 0
1484581771.870383000 0 0
1484581771.873383000 0 0
1484581771.879506000 0 0
1484581771.883136000 0 0
1484581771.886199000 0 0
1484581771.889204000 0 0
1484581771.892194000 0 0
1484581771.895562000 0 0
1484581771.899112000 0 0
1484581771.902266000 0 0
1484581771.905344000 0 0
1484581771.908567000 0 0
1484581771.915089000 0 0
1484581771.919023000 0 0
1484581771.922419000 0 0
1484581771.925562000 0 0
1484581771.928990000 0 0
1484581771.932201000 0 0
1484581771.935107000 0 0
1484581771.938204000 0 0
1484581771.944222000 0 0
1484581771.948106000 0 0
1484581771.951375000 0 0
1484581771.954264000 0 0
1484581771.957732000 0 0
1484581771.961868000 0 0
1484581771.965158000 0 0
1484581771.968120000 0 0
1484581771.971084000 0 0
1484581771.974136000 0 0
1484581771.978488000 0 0
1484581771.982076000 0 0
1484581771.985399000 0 0
1484581771.988331000 0 0
1484581771.991311000 0 0
1484581771.994607000 0 0
1484581771.997845000 0 0
1484581772.001900000 0 0
1484581772.005625000 0 0
1484581772.009230000 0 0
1484581772.012909000 0 0
1484581772.016111000 0 0
1484581772.019222000 0 0
1484581772.022149000 0 0
1484581772.025121000 0 0
1484581772.029091000 0 0
1484581772.032234000 0 0
1484581772.035119000 0 0
1484581772.038036000 0 0
1484581772.042743000 0 0
1484581772.045719000 0 0
1484581772.048661000 0 0
1484581772.053411000 0 0
1484581772.058496000 0 0
1484581772.062682000 0 0
1484581772.066211000 0 0
1484581772.069193000 0 0
1484581772.072643000 0 0
1484581772.077853000 0 0
1484581772.081673000 0 0
1484581772.084621000 0 0
1484581772.087511000 0 0
1484581772.090475000 0 0
1484581772.095455000 0 0
1484581772.098275000 0 0
1484581772.101182000 0 0
1484581772.104172000 0 0
1484581772.107083000 0 0
1484581772.109974000 0 0
1484581772.115345000 0 0
1484581772.118195000 0 0
1484581772.121113000 0 0
1484581772.124096000 0 0
1484581772.127338000 0 0
1484581772.132683000 0 0
1484581772.136282000 0 0
1484581772.139885000 0 0
1484581772.142828000 0 0
1484581772.146031000 0 0
1484581772.150827000 0 0
1484581772.153554000 0 0
1484581772.156473000 0 0
1484581772.161339000 0 0
1484581772.167302000 0 0
1484581772.172082000 0 0
1484581772.175696000 0 0
1484581772.183366000 0 0
1484581772.186858000 0 0
1484581772.190645000 0 0
1484581772.194415000 0 0
1484581772.197985000 0 0
1484581772.201002000 0 0
1484581772.203991000 0 0
1484581772.207028000 0 0
1484581772.211909000 0 0
1484581772.215191000 0 0
1484581772.218756000 0 0
1484581772.221756000 0 0
1484581772.224705000 0 0
1484581772.228349000 0 0
1484581772.231312000 0 0
1484581772.234248000 0 0
1484581772.237128000 0 0
1484581772.240007000 0 0
1484581772.243020000 0 0
1484581772.246777000 0 0
1484581772.250262000 0 0
1484581772.254378000 0 0
1484581772.259861000 0 0
1484581772.264823000 0 0
1484581772.268035000 0 0
1484581772.271514000 0 0
1484581772.274500000 0 0
1484581772.277387000 0 0
1484581772.280914000 0 0
1484581772.284273000 0 0
1484581772.287343000 0 0
1484581772.290484000 0 0
1484581772.293793000 0 0
1484581772.296913000 0 0
1484581772.300676000 0 0
1484581772.304315000 0 0
1484581772.308066000 0 0
1484581772.312647000 0 0
1484581772.316272000 0 0
1484581772.319800000 0 0
1484581772.323211000 0 0
1484581772.329965000 0 0
1484581772.333282000 0 0
1484581772.336265000 0 0
1484581772.339180000 0 0
1484581772.342096000 0 0
1484581772.345537000 0 0
1484581772.348470000 0 0
1484581772.351370000 0 0
1484581772.354376000 0 0
1484581772.357371000 0 0
1484581772.360322000 0 0
1484581772.366081000 0 0
1484581772.369351000 0 0
1484581772.372454000 0 0
1484581772.375703000 0 0
1484581772.379903000 0 0
1484581772.383113000 0 0
1484581772.386225000 0 0
1484581772.389130000 0 0
1484581772.392067000 0 0
1484581772.395844000 0 0
1484581772.398946000 0 0
1484581772.401855000 0 0
1484581772.404701000 0 0
1484581772.407584000 0 0
1484581772.411394000 0 0
1484581772.416300000 0 0
1484581772.419861000 0 0
1484581772.423637000 0 0
1484581772.426906000 0 0
1484581772.430308000 0 0
1484581772.433131000 0 0
1484581772.436062000 0 0
1484581772.439255000 0 0
1484581772.442995000 0 0
1484581772.447496000 0 0
1484581772.450744000 0 0
1484581772.453823000 0 0
1484581772.456746000 0 0
1484581772.461730000 0 0
1484581772.464880000 0 0
1484581772.469974000 0 0
1484581772.473602000 0 0
1484581772.478318000 0 0
1484581772.482211000 0 0
1484581772.486091000 0 0
1484581772.489945000 0 0
1484581772.493770000 0 0
1484581772.497626000 0 0
1484581772.502073000 0 0
1484581772.506086000 0 0
1484581772.509998000 0 0
1484581772.513484000 0 0
1484581772.516590000 0 0
1484581772.519880000 0 0
1484581772.523037000 0 0
1484581772.526180000 0 0
1484581772.530007000 0 0
1484581772.533748000 0 0
1484581772.537814000 0 0
1484581772.541171000 0 0
1484581772.545814000 0 0
1484581772.548967000 0 0
1484581772.552167000 0 0
1484581772.555139000 0 0
1484581772.558245000 0 0
1484581772.561853000 0 0
1484581772.565073000 0 0
1484581772.568174000 0 0
1484581772.571029000 0 0
1484581772.577934000 0 0
1484581772.581677000 0 0
1484581772.585644000 0 0
1484581772.588570000 0 0
1484581772.591644000 0 0
1484581772.595192000 0 0
1484581772.598096000 0 0
1484581772.601185000 0 0
1484581772.604260000 0 0
1484581772.607292000 0 0
1484581772.610182000 0 0
1484581772.613690000 0 0
1484581772.616858000 0 0
1484581772.620132000 0 0
1484581772.624542000 0 0
1484581772.628616000 0 0
1484581772.631580000 0 0
1484581772.634759000 0 0
1484581772.637685000 0 0
1484581772.640950000 0 0
1484581772.643917000 0 0
1484581772.647409000 0 0
1484581772.650936000 0 0
1484581772.654739000 0 0
1484581772.658052000 0 0
1484581772.662647000 0 0
1484581772.666099000 0 0
1484581772.669383000 0 0
1484581772.672279000 0 0
1484581772.675194000 0 0
1484581772.681749000 0 0
1484581772.685707000 0 0
1484581772.689290000 0 0
1484581772.693083000 0 0
1484581772.696625000 0 0
1484581772.700319000 0 0
1484581772.703397000 0 0
1484581772.706734000 0 0
1484581772.713182000 0 0
1484581772.716846000 0 0
1484581772.719837000 0 0
1484581772.722719000 0 0
1484581772.725637000 0 0
1484581772.729648000 0 0
1484581772.732710000 0 0
1484581772.735625000 0 0
1484581772.738832000 0 0
1484581772.742419000 0 0
1484581772.745944000 0 0
1484581772.749029000 0 0
1484581772.751921000 0 0
1484581772.755276000 0 0
1484581772.758191000 0 0
1484581772.761069000 0 0
1484581772.764358000 0 0
1484581772.767239000 0 0
1484581772.770353000 0 0
1484581772.773241000 0 0
1484581772.777333000 0 0
1484581772.780656000 0 0
1484581772.786153000 0 0
1484581772.789435000 0 0
1484581772.792651000 0 0
1484581772.798562000 0 0
1484581772.802894000 0 0
1484581772.806520000 0 0
1484581772.810488000 0 0
1484581772.814966000 0 0
1484581772.818086000 0 0
1484581772.821276000 0 0
1484581772.824212000 0 0
1484581772.827636000 0 0
1484581772.831235000 0 0
1484581772.834364000 0 0
1484581772.838004000 0 0
1484581772.841683000 0 0
1484581772.845190000 0 0
1484581772.848159000 0 0
1484581772.851223000 0 0
1484581772.855767000 0 0
1484581772.859065000 0 0
1484581772.862244000 0 0
1484581772.865258000 0 0
1484581772.868113000 0 0
1484581772.870994000 0 0
1484581772.873899000 0 0
1484581772.880284000 0 0
1484581772.883758000 0 0
1484581772.887305000 0 0
1484581772.892783000 0 0
1484581772.896505000 0 0
1484581772.899285000 0 0
1484581772.902120000 0 0
1484581772.904990000 0 0
1484581772.907886000 0 0
1484581772.911977000 0 0
1484581772.915026000 0 0
1484581772.918029000 0 0
1484581772.920936000 0 0
1484581772.923893000 0 0
1484581772.926806000 0 0
1484581772.929769000 0 0
1484581772.932696000 0 0
1484581772.936535000 0 0
1484581772.940223000 0 0
1484581772.943273000 0 0
1484581772.946746000 0 0
1484581772.949686000 0 0
1484581772.952589000 0 0
1484581772.955480000 0 0
1484581772.960709000 0 0
1484581772.964973000 0 0
1484581772.968617000 0 0
1484581772.971556000 0 0
1484581772.974680000 0 0
1484581772.978536000 0 0
1484581772.981587000 0 0
1484581772.984606000 0 0
1484581772.987598000 0 0
1484581772.992689000 0 0
1484581772.996627000 0 0
1484581772.999712000 0 0
1484581773.004266000 0 0
1484581773.007659000 0 0
1484581773.011239000 0 0
1484581773.014469000 0 0
1484581773.017554000 0 0
1484581773.020458000 0 0
1484581773.023322000 0 0
1484581773.027145000 0 0
1484581773.030686000 0 0
1484581773.033650000 0 0
1484581773.036673000 0 0
1484581773.039724000 0 0
1484581773.042792000 0 0
1484581773.045730000 0 0
1484581773.049032000 0 0
1484581773.052776000 0 0
1484581773.057992000 0 0
1484581773.062300000 0 0
1484581773.066253000 0 0
1484581773.070122000 0 0
1484581773.073859000 0 0
1484581773.079857000 0 0
1484581773.083616000 0 0
1484581773.087295000 0 0
1484581773.090699000 0 0
1484581773.093925000 0 0
1484581773.096886000 0 0
1484581773.101745000 0 0
1484581773.104666000 0 0
1484581773.107586000 0 0
1484581773.110430000 0 0
1484581773.113726000 0 0
1484581773.117100000 0 0
1484581773.120005000 0 0
1484581773.122869000 0 0
1484581773.126569000 0 0
1484581773.131108000 0 0
1484581773.134121000 0 0
1484581773.137154000 0 0
1484581773.140066000 0 0
1484581773.142988000 0 0
1484581773.146202000 0 0
1484581773.149149000 0 0
1484581773.152102000 0 0
1484581773.155257000 0 0
1484581773.158479000 0 0
1484581773.164513000 0 0
1484581773.167825000 0 0
1484581773.171942000 0 0
1484581773.175259000 0 0
1484581773.179707000 0 0
1484581773.183386000 0 0
1484581773.187151000 0 0
1484581773.190875000 0 0
1484581773.193845000 0 0
1484581773.197403000 0 0
1484581773.202484000 0 0
1484581773.205456000 0 0
1484581773.208718000 0 0
1484581773.212721000 0 0
1484581773.215817000 0 0
1484581773.218803000 0 0
1484581773.221755000 0 0
1484581773.224702000 0 0
1484581773.228257000 0 0
1484581773.231684000 0 0
1484581773.234562000 0 0
1484581773.237445000 0 0
1484581773.240341000 0 0
1484581773.243215000 0 0
1484581773.246805000 0 0
1484581773.249953000 0 0
1484581773.254511000 0 0
1484581773.257682000 0 0
1484581773.261798000 0 0
1484581773.264991000 0 0
1484581773.267934000 0 0
1484581773.270749000 0 0
1484581773.273612000 0 0
1484581773.276463000 0 0
1484581773.279940000 0 0
1484581773.282868000 0 0
1484581773.285776000 0 0
1484581773.288682000 0 0
1484581773.291606000 0 0
1484581773.294366000 0 0
1484581773.301403000 0 0
1484581773.304768000 0 0
1484581773.312793000 0 0
1484581773.317124000 0 0
1484581773.320565000 0 0
1484581773.323481000 0 0
1484581773.329426000 0 0
1484581773.333522000 0 0
1484581773.336860000 0 0
1484581773.340392000 0 0
1484581773.343413000 0 0
1484581773.346690000 0 0
1484581773.349582000 0 0
1484581773.352469000 0 0
1484581773.359190000 0 0
1484581773.362964000 0 0
1484581773.365892000 0 0
1484581773.368780000 0 0
1484581773.371711000 0 0
1484581773.374597000 0 0
1484581773.379435000 0 0
1484581773.382482000 0 0
1484581773.385536000 0 0
1484581773.388476000 0 0
1484581773.391376000 0 0
1484581773.395073000 0 0
1484581773.398060000 0 0
1484581773.400941000 0 0
1484581773.403929000 0 0
1484581773.407238000 0 0
1484581773.414571000 0 0
1484581773.419351000 0 0
1484581773.422742000 0 0
1484581773.425959000 0 0
1484581773.429149000 0 0
1484581773.432094000 0 0
1484581773.435007000 0 0
1484581773.437855000 0 0
1484581773.440694000 0 0
1484581773.443526000 0 0
1484581773.447231000 0 0
1484581773.450165000 0 0
1484581773.453122000 0 0
1484581773.456083000 0 0
1484581773.459438000 0 0
1484581773.463404000 0 0
1484581773.466505000 0 0
1484581773.469457000 0 0
1484581773.472368000 0 0
1484581773.475347000 0 0
1484581773.478970000 0 0
1484581773.482110000 0 0
1484581773.485150000 0 0
1484581773.488113000 0 0
1484581773.491181000 0 0
1484581773.494667000 0 0
1484581773.497895000 0 0
1484581773.502040000 0 0
1484581773.506225000 0 0
1484581773.513330000 0 0
1484581773.516638000 0 0
1484581773.519688000 0 0
1484581773.522520000 0 0
1484581773.525415000 0 0
1484581773.528744000 0 0
1484581773.532171000 0 0
1484581773.537174000 0 0
1484581773.540755000 0 0
1484581773.544961000 0 0
1484581773.548422000 0 0
1484581773.551280000 0 0
1484581773.554139000 0 0
1484581773.557014000 0 0
1484581773.559996000 0 0
1484581773.563708000 0 0
1484581773.567289000 0 0
1484581773.570446000 0 0
1484581773.573459000 0 0
1484581773.578646000 0 0
1484581773.581990000 0 0
1484581773.585204000 0 0
1484581773.588404000 0 0
1484581773.591401000 0 0
1484581773.595213000 0 0
1484581773.598228000 0 0
1484581773.601128000 0 0
1484581773.604069000 0 0
1484581773.608912000 0 0
1484581773.614438000 0 0
1484581773.619929000 0 0
1484581773.623569000 0 0
1484581773.627813000 0 0
1484581773.631547000 0 0
1484581773.635369000 0 0
1484581773.638384000 0 0
1484581773.641166000 0 0
1484581773.644346000 0 0
1484581773.647955000 0 0
1484581773.650995000 0 0
1484581773.654909000 0 0
1484581773.658893000 0 0
1484581773.662881000 0 0
1484581773.666414000 0 0
1484581773.669547000 0 0
1484581773.672336000 0 0
1484581773.675236000 0 0
1484581773.678702000 0 0
1484581773.681881000 0 0
1484581773.684774000 0 0
1484581773.687745000 0 0
1484581773.690828000 0 0
1484581773.693922000 0 0
1484581773.696844000 0 0
1484581773.699848000 0 0
1484581773.704554000 0 0
1484581773.708669000 0 0
1484581773.714755000 0 0
1484581773.717880000 0 0
1484581788.259761000 0 102489
1484581788.279602000 0 0
1484581788.278447000 0 0
1484581788.288952000 0 0
1484581788.287878000 0 0
1484581770.925469000 51 0
1484582013.846586000 0 0
1484582013.851569000 0 10743
1484582018.896343000 0 20977
1484582070.916023000 0 16441
1484582070.925746000 0 0
1484582070.924432000 0 0
1484582232.229307000 0 102503
1484582232.248484000 0 0
1484582232.247275000 0 0
1484582232.256206000 0 0
1484582232.254990000 0 0
1484582247.302944000 0 103996
1484582247.323323000 0 0
1484582247.322034000 0 0
1484582247.335079000 0 0
1484582247.332603000 0 0
1484582262.397783000 0 104053
1484582262.416312000 0 0
1484582262.415364000 0 0
1484582262.423952000 0 0
1484582262.422502000 0 0
1484582277.451114000 0 104053
1484582277.473922000 0 0
1484582277.472215000 0 0
1484582277.483322000 0 0
1484582277.481557000 0 0
1484582292.503980000 0 104053
1484582292.524520000 0 0
1484582292.523262000 0 0
1484582292.532645000 0 0
1484582292.531204000 0 0
1484582307.548450000 0 105425
1484582307.568675000 0 0
1484582307.567799000 0 0
1484582307.576677000 0 0
1484582307.574790000 0 0
1484582313.859233000 0 0
1484582313.864739000 0 10743
1484582322.595185000 0 105544
1484582322.614442000 0 0
1484582322.613320000 0 0
1484582322.622535000 0 0
1484582322.621253000 0 0
1484582337.682725000 0 104768
1484582337.701173000 0 0
1484582337.700272000 0 0
1484582337.708951000 0 0
1484582337.708005000 0 0
1484582352.744949000 0 104950
1484582352.765995000 0 0
1484582352.764575000 0 0
1484582352.774387000 0 0
1484582352.772946000 0 0
1484582528.655785000 0 16500
1484582528.666313000 0 0
1484582528.664488000 0 0
1484582536.821670000 0 20977
1484582613.880859000 0 0
1484582613.887187000 0 10743
1484582913.898969000 0 0
1484582913.906057000 0 10743
1484583213.929279000 0 0
1484583213.935452000 0 10743
1484583405.894651000 0 0
1484583405.942476000 0 0
1484583405.945318000 0 0
1484583405.950203000 0 0
1484583405.960024000 0 0
1484583406.227132000 0 0
1484583406.229585000 0 0
1484583406.224610000 0 0
1484583513.947538000 0 0
1484583513.954251000 0 10743
1484583813.967336000 0 0
1484583813.974228000 0 10743
1484584113.995130000 0 0
1484584114.002185000 0 10743
1484584414.018301000 0 0
1484584414.025336000 0 10743
1484584549.275702000 0 16504
1484584549.283755000 0 0
1484584549.282880000 0 0
1484584591.596769000 0 105226
1484584591.618110000 0 0
1484584591.616636000 0 0
1484584591.626877000 0 0
1484584591.625364000 0 0
1484584604.907116000 0 0
1484584604.913909000 0 0
1484584606.654504000 0 105949
1484584606.676007000 0 0
1484584606.674276000 0 0
1484584606.685753000 0 0
1484584606.683958000 0 0
1484584619.581135000 0 0
1484584623.688757000 0 0
1484584623.691491000 0 0
1484584623.700042000 0 0
1484584623.660274000 0 0
1484584623.656655000 282 0
1484584623.674490000 1750 0
1484584623.680105000 345 0
1484584623.685643000 832 0
1484584623.668789000 1703 0
1484584623.691898000 810 0
1484584666.024130000 0 105949
1484584666.045793000 0 0
1484584666.044544000 0 0
1484584666.058245000 0 0
1484584666.056362000 0 0
1484584714.142536000 0 0
1484584714.146457000 0 10743
1484584849.335597000 0 16504
1484584849.344594000 0 0
1484584849.343752000 0 0
1484584953.748447000 0 20977
1484585014.166115000 0 0
1484585014.170122000 0 10743
1484585057.584501000 0 0
1484585057.590245000 0 0
1484585149.363112000 0 16504
1484585149.377686000 0 0
1484585149.374731000 0 0
1484585314.204685000 0 0
1484585314.208223000 0 10743
1484585614.220301000 0 0
1484585614.224543000 0 10743
1484585749.403570000 0 16504
1484585749.424582000 0 0
1484585749.423710000 0 0
1484585914.245761000 0 0
1484585914.249860000 0 10743
1484586049.439817000 0 16504
1484586049.452543000 0 0
1484586049.449418000 0 0
1484586214.286559000 0 0
1484586214.291820000 0 10743
1484586349.447022000 0 16504
1484586349.468960000 0 0
1484586349.463907000 0 0
1484586396.380048000 0 105666
1484586396.404442000 0 0
1484586396.402692000 0 0
1484586396.414337000 0 0
1484586396.412559000 0 0
