1484602796.629547000 0 0
1484602796.646155000 5353 0
1484603096.684282000 0 0
1484603096.689496000 5353 0
1484603396.723679000 0 0
1484603396.728844000 5353 0
1484603696.777182000 0 0
1484603696.782166000 5353 0
1484603996.814412000 0 0
1484604010.306872000 0 8737
1484604010.316582000 0 0
1484604010.314851000 0 0
1484603996.819584000 5353 0
1484604296.866941000 0 0
1484604296.871616000 5353 0
1484604596.909235000 0 0
1484604596.911922000 5353 0
1484604896.950188000 0 0
1484604896.955312000 5353 0
1484605196.996853000 0 0
1484605197.001991000 5353 0
1484605497.043299000 0 0
1484605497.048257000 5353 0
1484605797.080373000 0 0
1484605797.083209000 5353 0
1484606097.129961000 0 0
1484606097.139739000 1435 1584
1484606097.152414000 0 0
1484606097.166893000 0 0
1484606097.201096000 12214 0
1484606097.216975000 0 8769
1484606097.157291000 5353 0
1484606397.252475000 0 0
1484606397.257653000 5353 0
1484606697.301549000 0 0
1484606697.306534000 5353 0
1484606787.078122000 0 0
1484606787.093666000 0 0
1484606997.349714000 0 0
1484606997.354902000 5353 0
1484607297.391551000 0 0
1484607297.396772000 5353 0
1484607597.436919000 0 0
1484607600.298354000 0 136
1484607600.306040000 0 0
1484607600.304712000 0 0
1484607600.327031000 0 8737
1484607600.336851000 0 0
1484607600.335039000 0 0
1484607597.442037000 5353 0
1484607897.479691000 0 0
1484607897.484836000 5353 0
1484608197.529488000 0 0
1484608197.534651000 5353 0
