1484578048.918139000 0 0
1484578048.924370000 0 0
1484578048.929942000 0 0
1484578048.943516000 0 0
1484578048.951817000 0 0
1484578054.239456000 111 0
1484578054.545109000 282 0
1484578059.328714000 0 0
1484578059.373472000 0 0
1484578059.376005000 0 0
1484578059.383838000 0 0
1484578063.518519000 0 0
1484578063.520937000 0 0
1484578063.538862000 0 0
1484578063.559478000 0 0
1484578063.562962000 0 0
1484578063.621232000 0 0
1484578063.746227000 0 0
1484578063.869132000 0 0
1484578063.884728000 0 0
1484578063.887065000 0 0
1484578063.896764000 0 0
1484578063.902188000 0 0
1484578063.902779000 0 0
1484578063.906494000 0 0
1484578063.920999000 0 0
1484578063.923198000 0 0
1484578063.933079000 0 0
1484578063.935232000 0 0
1484578063.960263000 0 0
1484578063.961897000 0 0
1484578063.964909000 0 0
1484578063.967408000 0 0
1484578063.969664000 0 0
1484578063.788301000 2121 0
1484578063.816467000 799 0
1484578063.882324000 129 0
1484578063.894510000 129 0
1484578063.918274000 129 0
1484578063.923001000 578 0
1484578063.930898000 129 0
1484578063.955209000 129 0
1484578063.985991000 504 0
1484578059.119587000 282 0
1484578263.909662000 0 0
1484578265.052815000 0 0
1484578265.064913000 0 0
1484578265.071939000 0 0
1484578265.081913000 0 0
1484578265.100013000 0 0
1484578265.113693000 0 0
1484578265.123655000 0 0
1484578265.136274000 0 0
1484578265.142819000 0 0
1484578265.237030000 0 0
1484578265.363579000 0 0
1484578265.423143000 0 0
1484578265.425884000 0 0
1484578265.428392000 0 0
1484578265.431223000 0 0
1484578265.433404000 0 0
1484578265.468895000 0 0
1484578265.555516000 0 0
1484578265.699544000 0 0
1484578265.703258000 0 0
1484578265.705939000 0 0
1484578265.709515000 0 0
1484578265.712703000 0 0
1484578265.777694000 0 0
1484578265.805368000 0 0
1484578265.811614000 0 0
1484578265.954308000 0 0
1484578265.957799000 0 0
1484578265.964924000 0 0
1484578265.971161000 0 0
1484578266.028262000 0 0
1484578266.031265000 0 0
1484578266.034085000 0 0
1484578266.086738000 0 0
1484578266.941837000 0 0
1484578266.960098000 0 0
1484578266.982138000 0 0
1484578267.025255000 0 0
1484578267.074718000 0 0
1484578267.153749000 0 0
1484578267.740789000 0 0
1484578267.783466000 0 0
1484578267.786790000 0 18830
1484578267.964560000 0 0
1484578267.967791000 0 0
1484578267.768549000 18830 0
1484578267.775441000 0 0
1484578267.970628000 0 0
1484578268.032825000 0 0
1484578268.311455000 0 0
1484578268.628478000 0 0
1484578268.631841000 0 2
1484578268.641041000 0 0
1484578268.644684000 0 0
1484578266.965347000 2 0
1484578268.617691000 0 0
1484578268.647655000 0 0
1484578269.263140000 1507328 0
1484578269.434129000 0 0
1484578269.827104000 0 0
1484578270.036741000 0 53
1484578268.171319000 288 0
1484578270.043677000 0 0
1484578270.496751000 0 0
1484578271.137158000 0 0
1484578271.287701000 0 0
1484578271.311685000 0 0
1484578271.874142000 0 0
1484578271.882387000 0 0
1484578271.314599000 0 0
1484578271.310406000 0 0
1484578272.039527000 0 0
1484578272.050254000 0 0
1484578272.034326000 0 4096
1484578272.057513000 0 0
1484578272.030268000 0 0
1484578272.068796000 0 0
1484578272.236990000 0 0
1484578272.241243000 0 0
1484578272.242846000 0 0
1484578272.311403000 0 90
1484578272.329075000 0 0
1484578272.396348000 0 0
1484578270.687076000 878341 0
1484578272.395807000 0 0
1484578272.410837000 0 0
1484578272.417094000 0 0
1484578272.415707000 0 0
1484578272.340252000 0 0
1484578272.424820000 0 879241
1484578272.508718000 0 0
1484578269.831855000 0 0
1484578284.296390000 0 0
1484578272.237735000 0 4096
1484578284.302449000 0 0
1484578284.306051000 0 0
1484578272.212801000 0 0
1484578284.311499000 0 0
1484578287.541774000 0 880862
1484578287.625122000 0 0
1484578287.631353000 0 0
1484578289.012375000 0 0
1484578289.090444000 0 98840
1484578265.043098000 282 0
1484578265.075790000 10 0
1484578265.084832000 111 0
1484578289.129272000 0 0
1484578265.159827000 208 0
1484578265.385904000 43620 0
1484578265.578019000 16384 0
1484578265.901955000 13975 0
1484578266.040747000 321 0
1484578267.138181000 11329 0
1484578267.174156000 237211 0
1484578268.175336000 116 0
1484578268.323883000 2325 0
1484578268.347787000 7399 0
1484578268.618143000 309 0
1484578269.847705000 12180 0
1484578271.307891000 29 0
1484578271.621555000 1251 0
1484578272.010554000 36105 0
1484578268.658358000 25 0
1484578272.668126000 1231 0
1484578299.781202000 0 0
1484578299.795104000 0 0
1484578299.798240000 0 43701
1484578299.819778000 0 0
1484578299.823974000 0 0
1484578299.827246000 0 0
1484578299.785511000 0 0
1484578299.830103000 0 0
1484578302.547040000 0 881501
1484578302.630567000 0 0
1484578302.637502000 0 0
1484578272.011861000 40960 0
1484578317.671156000 0 881941
1484578317.754739000 0 0
1484578317.761610000 0 0
1484578323.081624000 0 0
1484578323.090187000 0 0
1484578323.098050000 0 0
1484578323.103797000 0 0
1484578323.138264000 0 3932
1484578323.125903000 3932 0
1484578323.145430000 0 0
1484578326.216657000 0 0
1484578326.252879000 0 137
1484578326.260233000 0 0
1484578326.237224000 137 0
1484578326.259169000 0 0
1484578326.268828000 0 0
1484578326.278838000 0 0
1484578326.292072000 0 0
1484578326.297489000 0 14241
1484578326.306194000 0 0
1484578326.305168000 0 0
1484578326.330064000 0 0
1484578326.360414000 0 0
1484578326.381153000 0 0
1484578326.436515000 0 0
1484578326.442671000 0 0
1484578326.462680000 0 0
1484578326.479327000 0 0
1484578326.511215000 0 0
1484578326.532014000 0 0
1484578326.553114000 0 0
1484578326.567191000 0 0
1484578326.580574000 0 0
1484578326.592272000 0 0
1484578326.596557000 0 0
1484578326.600638000 0 0
1484578326.605013000 0 0
1484578326.609321000 0 0
1484578326.616660000 0 0
1484578326.620795000 0 0
1484578326.626034000 0 0
1484578326.639583000 0 0
1484578326.644353000 0 0
1484578326.648276000 0 0
1484578326.651889000 0 0
1484578326.656127000 0 0
1484578326.659737000 0 0
1484578326.663683000 0 0
1484578326.670340000 0 0
1484578326.674085000 0 0
1484578326.678120000 0 0
1484578326.682057000 0 0
1484578326.685835000 0 0
1484578326.689709000 0 0
1484578326.699180000 0 0
1484578326.702830000 0 0
1484578326.708691000 0 0
1484578326.712849000 0 0
1484578326.716464000 0 0
1484578326.720362000 0 0
1484578326.723971000 0 0
1484578326.727508000 0 0
1484578326.731103000 0 0
1484578326.734649000 0 0
1484578326.738371000 0 0
1484578326.750057000 0 0
1484578326.753575000 0 0
1484578326.757168000 0 0
1484578326.760663000 0 0
1484578326.764161000 0 0
1484578326.767886000 0 0
1484578326.771426000 0 0
1484578326.774999000 0 0
1484578326.791588000 0 0
1484578326.795389000 0 0
1484578326.799118000 0 0
1484578326.802935000 0 0
1484578326.812143000 0 0
1484578326.816225000 0 0
1484578326.830025000 0 0
1484578326.833960000 0 0
1484578326.837833000 0 0
1484578326.852511000 0 0
1484578326.867861000 0 0
1484578326.884263000 0 0
1484578326.891376000 0 0
1484578326.900651000 0 0
1484578326.905675000 0 0
1484578326.909805000 0 0
1484578326.914089000 0 0
1484578326.928513000 0 0
1484578326.936305000 0 0
1484578326.940650000 0 0
1484578326.953263000 0 0
1484578326.962052000 0 0
1484578326.966229000 0 0
1484578326.970667000 0 0
1484578326.986493000 0 0
1484578326.990797000 0 0
1484578326.995563000 0 0
1484578327.000104000 0 0
1484578327.004470000 0 0
1484578327.010461000 0 0
1484578327.021689000 0 0
1484578327.026292000 0 0
1484578327.030505000 0 0
1484578327.034831000 0 0
1484578327.039109000 0 0
1484578327.043452000 0 0
1484578327.048110000 0 0
1484578327.062858000 0 0
1484578327.078180000 0 0
1484578327.086619000 0 0
1484578327.091203000 0 0
1484578327.103557000 0 0
1484578327.120340000 0 0
1484578327.136388000 0 0
1484578327.143483000 0 0
1484578327.148000000 0 0
1484578327.152280000 0 0
1484578327.156936000 0 0
1484578327.161351000 0 0
1484578327.167250000 0 0
1484578327.171509000 0 0
1484578327.176342000 0 0
1484578327.180560000 0 0
1484578327.185016000 0 0
1484578327.189068000 0 0
1484578327.199722000 0 0
1484578327.204055000 0 0
1484578327.208215000 0 0
1484578327.216521000 0 0
1484578327.221012000 0 0
1484578327.225019000 0 0
1484578327.238386000 0 0
1484578327.243045000 0 0
1484578327.247463000 0 0
1484578327.253473000 0 0
1484578327.257492000 0 0
1484578327.261426000 0 0
1484578327.265651000 0 0
1484578327.269937000 0 0
1484578327.274224000 0 0
1484578327.278247000 0 0
1484578327.282609000 0 0
1484578327.304232000 0 0
1484578327.308807000 0 0
1484578327.314240000 0 0
1484578327.318058000 0 0
1484578327.322393000 0 0
1484578327.328571000 0 0
1484578327.341248000 0 0
1484578327.345119000 0 0
1484578327.348670000 0 0
1484578327.352388000 0 0
1484578332.795650000 0 883095
1484578332.879120000 0 0
1484578332.885848000 0 0
1484578326.430634000 51 0
1484578350.310439000 0 883152
1484578350.395286000 0 0
1484578350.394229000 0 0
1484578350.402811000 0 0
1484578350.401772000 0 0
1484578365.438020000 0 883232
1484578365.522758000 0 0
1484578365.521671000 0 0
1484578365.530527000 0 0
1484578365.529463000 0 0
1484578380.572019000 0 884493
1484578380.657271000 0 0
1484578380.656182000 0 0
1484578380.665128000 0 0
1484578380.664025000 0 0
1484578395.704458000 0 884493
1484578395.789157000 0 0
1484578395.788085000 0 0
1484578395.796401000 0 0
1484578395.795359000 0 0
1484578410.834110000 0 886445
1484578410.919827000 0 0
1484578410.918720000 0 0
1484578410.927925000 0 0
1484578410.926874000 0 0
1484578425.966225000 0 886490
1484578426.051704000 0 0
1484578426.050607000 0 0
1484578426.059231000 0 0
1484578426.058173000 0 0
1484578441.096074000 0 886526
1484578441.181250000 0 0
1484578441.180145000 0 0
1484578441.188664000 0 0
1484578441.187605000 0 0
1484578456.229506000 0 886551
1484578456.315278000 0 0
1484578456.314165000 0 0
1484578456.322700000 0 0
1484578456.321676000 0 0
1484578471.359978000 0 886557
1484578471.446953000 0 0
1484578471.445748000 0 0
1484578471.454448000 0 0
1484578471.453398000 0 0
1484578494.143966000 0 886550
1484578494.230300000 0 0
1484578494.229197000 0 0
1484578494.237384000 0 0
1484578494.236355000 0 0
1484578509.276718000 0 886561
1484578509.362041000 0 0
1484578509.360954000 0 0
1484578509.369672000 0 0
1484578509.368635000 0 0
1484578524.407351000 0 886582
1484578524.492765000 0 0
1484578524.491628000 0 0
1484578524.500109000 0 0
1484578524.499050000 0 0
1484578539.539367000 0 886603
1484578539.624789000 0 0
1484578539.623685000 0 0
1484578539.632626000 0 0
1484578539.631561000 0 0
1484578554.667888000 0 887205
1484578554.753040000 0 0
1484578554.751941000 0 0
1484578554.761110000 0 0
1484578554.760049000 0 0
1484578569.805467000 0 890729
1484578569.891477000 0 0
1484578569.890122000 0 0
1484578569.899188000 0 0
1484578569.898103000 0 0
1484578570.680876000 0 13975
1484578573.242701000 0 2298
1484578573.251067000 0 0
1484578573.250039000 0 0
1484578584.953541000 0 893087
1484578585.039172000 0 0
1484578585.038064000 0 0
1484578585.046908000 0 0
1484578585.045682000 0 0
1484578600.085787000 0 895374
1484578600.172041000 0 0
1484578600.170923000 0 0
1484578600.180014000 0 0
1484578600.178933000 0 0
1484578615.232375000 0 896613
1484578615.319786000 0 0
1484578615.318679000 0 0
1484578615.328564000 0 0
1484578615.327501000 0 0
1484578626.359581000 0 14563
1484578626.368432000 0 0
1484578626.367379000 0 0
1484578630.382354000 0 898899
1484578630.469171000 0 0
1484578630.468096000 0 0
1484578630.477478000 0 0
1484578630.476399000 0 0
1484578645.521271000 0 904829
1484578645.607986000 0 0
1484578645.606894000 0 0
1484578645.616834000 0 0
1484578645.615772000 0 0
1484578746.841579000 0 0
1484578746.857782000 0 0
1484578746.861299000 0 0
1484578746.865154000 0 0
1484578746.885667000 0 0
1484578746.911277000 0 0
1484578746.924755000 0 0
1484578746.928284000 0 0
1484578746.930577000 0 0
1484578746.942236000 0 0
1484578747.107598000 0 7399
1484578747.114730000 0 0
1484578746.881020000 20591 0
1484578746.892622000 14005 0
1484578746.939732000 3567 0
1484578746.967111000 1033 0
1484578798.032900000 282 0
1484578819.765333000 0 0
1484578819.925892000 0 0
1484578819.934180000 0 0
1484578819.942152000 0 0
1484578820.088477000 0 0
1484578820.091876000 0 0
1484578830.556313000 0 0
1484578830.570801000 0 0
1484578830.574390000 0 43560
1484578830.597184000 0 0
1484578830.601246000 0 0
1484578830.604478000 0 0
1484578830.560456000 0 0
1484578830.607132000 0 0
1484578830.633604000 0 0
1484578830.637822000 0 0
1484578830.638171000 0 0
1484578830.642534000 0 0
1484578830.659785000 0 0
1484578830.667393000 0 0
1484578830.640357000 0 164392
1484578830.682493000 0 0
1484578830.679095000 0 0
1484578830.683329000 0 0
1484578830.686071000 0 0
1484578830.688828000 0 0
1484578830.693493000 0 0
1484578830.734326000 0 0
1484578830.691924000 0 0
1484578830.903431000 0 0
1484578830.906082000 0 0
1484578830.910709000 0 0
1484578830.912964000 0 0
1484578830.909388000 0 0
1484578830.658312000 0 0
1484578830.945967000 0 0
1484578830.907481000 0 4096
1484578830.948028000 0 0
1484578830.956796000 0 0
1484578830.904014000 0 0
1484578830.963675000 0 0
1484578830.967713000 0 0
1484578830.973445000 0 0
1484578830.980619000 0 0
1484578830.990758000 0 0
1484578830.967371000 0 4096
1484578830.995236000 0 0
1484578830.996110000 0 0
1484578830.963872000 0 0
1484578831.003427000 0 0
1484578830.984043000 0 0
1484578831.016398000 0 0
1484578831.084371000 0 0
1484578831.095466000 0 0
1484578831.096172000 0 0
1484578831.078417000 0 4096
1484578831.100543000 0 0
1484578831.101196000 0 0
1484578831.074724000 0 0
1484578831.108253000 0 0
1484578831.099231000 0 0
1484578831.125277000 0 0
1484578831.127693000 0 0
1484578831.171897000 0 0
1484578831.131034000 0 0
1484578831.214650000 0 0
1484578831.217388000 0 0
1484578831.221893000 0 0
1484578831.220523000 0 0
1484578831.249036000 0 0
1484578831.254690000 0 0
1484578831.256593000 0 0
1484578831.265664000 0 0
1484578831.249242000 0 4096
1484578831.271023000 0 0
1484578831.236133000 0 0
1484578831.275743000 0 0
1484578831.279626000 0 0
1484578831.259734000 0 0
1484578831.282533000 0 0
1484578831.286224000 0 0
1484578831.295063000 0 0
1484578831.300401000 0 0
1484578831.299042000 0 0
1484578831.309891000 0 0
1484578831.323387000 0 0
1484578831.325622000 0 0
1484578831.304639000 0 4096
1484578831.329986000 0 0
1484578831.333613000 0 0
1484578831.301007000 0 0
1484578831.337025000 0 0
1484578831.340874000 0 0
1484578831.344855000 0 0
1484578831.335515000 0 0
1484578831.357414000 0 0
1484578831.357837000 0 0
1484578831.339314000 0 4096
1484578831.363172000 0 0
1484578831.364115000 0 0
1484578831.323846000 0 0
1484578831.367877000 0 0
1484578831.371391000 0 0
1484578831.366337000 0 0
1484578831.404733000 0 0
1484578831.405044000 0 0
1484578831.279577000 0 4096
1484578831.409866000 0 0
1484578831.410650000 0 0
1484578831.275900000 0 0
1484578831.417282000 0 0
1484578831.422258000 0 0
1484578831.426063000 0 0
1484578831.414321000 0 0
1484578831.433378000 0 0
1484578831.434418000 0 0
1484578831.416102000 0 4096
1484578831.435749000 0 0
1484578831.439540000 0 0
1484578831.440188000 0 0
1484578831.406632000 0 0
1484578831.447209000 0 0
1484578831.454347000 0 0
1484578831.455590000 0 0
1484578831.438961000 0 0
1484578831.466222000 0 0
1484578831.445610000 0 4096
1484578831.471556000 0 0
1484578831.474435000 0 0
1484578831.433174000 0 0
1484578831.476002000 0 0
1484578831.449631000 0 4096
1484578831.478749000 0 0
1484578831.481392000 0 0
1484578831.444928000 0 0
1484578831.488340000 0 0
1484578831.488622000 0 0
1484578831.501437000 0 0
1484578831.503557000 0 0
1484578831.491609000 0 0
1484578831.525872000 0 0
1484578831.528630000 0 0
1484578831.529971000 0 0
1484578831.498205000 0 4096
1484578831.533172000 0 0
1484578831.535074000 0 0
1484578831.494721000 0 0
1484578831.541778000 0 0
1484578831.544529000 0 0
1484578831.546069000 0 0
1484578831.531484000 0 0
1484578831.557149000 0 0
1484578831.558006000 0 0
1484578831.540458000 0 4096
1484578831.563359000 0 0
1484578831.537014000 0 0
1484578831.571240000 0 0
1484578831.571531000 0 0
1484578831.575488000 0 0
1484578831.574180000 0 0
1484578830.956380000 0 0
1484578831.582840000 0 0
1484578831.597739000 0 0
1484578831.607787000 0 0
1484578831.612074000 0 0
1484578831.612855000 0 0
1484578831.592461000 0 4096
1484578831.618098000 0 0
1484578831.586839000 0 0
1484578831.623928000 0 0
1484578831.588424000 0 0
1484578831.626743000 0 0
1484578831.630984000 0 0
1484578831.647687000 0 0
1484578831.625412000 0 4096
1484578831.655363000 0 0
1484578831.610656000 0 0
1484578831.662195000 0 0
1484578831.717147000 0 0
1484578831.526087000 0 4096
1484578831.723036000 0 0
1484578831.511737000 0 0
1484578831.730288000 0 0
1484578842.720073000 0 0
1484578830.677167000 0 4096
1484578842.726090000 0 0
1484578842.729886000 0 0
1484578830.662415000 0 0
1484578842.735679000 0 0
1484578819.948170000 578 0
1484578819.640834000 564 0
1484578830.682299000 29 0
1484578830.738540000 63 0
1484578830.915772000 46 0
1484578830.791821000 45056 0
1484578831.004108000 58 0
1484578830.958506000 57344 0
1484578831.069272000 45056 0
1484578831.121910000 60 0
1484578831.211522000 54 0
1484578831.235181000 52 0
1484578831.279530000 56 0
1484578831.230905000 45056 0
1484578831.304137000 58 0
1484578831.294615000 45056 0
1484578831.350924000 46 0
1484578831.302262000 45056 0
1484578831.400286000 67 0
1484578831.267821000 524288 0
1484578831.430410000 57 0
1484578831.399242000 45056 0
1484578831.455829000 47 0
1484578831.427825000 45056 0
1484578831.438806000 45056 0
1484578831.508442000 51 0
1484578831.489346000 45056 0
1484578831.553224000 53 0
1484578831.531645000 49152 0
1484578831.579169000 49 0
1484578831.580875000 45056 0
1484578831.604986000 65536 0
1484578831.503040000 524288 0
1484578830.643283000 45056 0
1484578893.224946000 0 904829
1484578893.311111000 0 0
1484578893.310033000 0 0
1484578893.318766000 0 0
1484578893.317746000 0 0
1484578926.376906000 0 16002
1484578926.385793000 0 0
1484578926.384732000 0 0
1484578987.840545000 0 1251
1484578987.849647000 0 0
1484578987.848598000 0 0
1484579108.514649000 0 237378
1484579108.542375000 0 0
1484579108.541401000 0 0
1484579250.633258000 0 0
1484579250.650496000 0 0
1484579250.653481000 0 0
1484579250.656719000 0 0
1484579250.659621000 0 0
1484579250.662599000 0 0
1484579250.665082000 0 0
1484579250.667846000 0 0
1484579250.670690000 0 0
1484579250.673301000 0 0
1484579250.676240000 0 0
1484579250.679147000 0 0
1484579250.682064000 0 0
1484579250.684621000 0 0
1484579250.699125000 0 0
1484579250.701982000 0 0
1484579250.644550000 0 0
1484579250.709258000 0 0
1484579287.326935000 0 13975
1484579493.517738000 0 904829
1484579493.603999000 0 0
1484579493.602903000 0 0
1484579493.611662000 0 0
1484579493.610600000 0 0
1484579695.417321000 0 16020
1484579695.426291000 0 0
1484579695.425208000 0 0
1484579729.144160000 0 905921
1484579729.230531000 0 0
1484579729.229472000 0 0
1484579729.238524000 0 0
1484579729.237460000 0 0
1484579744.280511000 0 908137
1484579744.366628000 0 0
1484579744.365527000 0 0
1484579744.374409000 0 0
1484579744.373346000 0 0
1484579745.984558000 0 0
1484579748.637311000 0 0
1484579748.640695000 0 0
1484579748.648761000 0 0
1484579748.654767000 0 0
1484579748.688089000 0 0
1484579748.690259000 0 0
1484579748.692693000 0 0
1484579748.695282000 0 0
1484579748.704962000 0 0
1484579748.707226000 0 0
1484579748.718546000 0 0
1484579748.720928000 0 0
1484579748.723423000 0 0
1484579748.758329000 0 0
1484579748.760893000 0 0
1484579758.779283000 0 0
1484579758.783614000 0 0
1484579758.791732000 0 0
1484579758.808642000 0 0
1484579758.811183000 0 0
1484579759.420800000 0 908137
1484579759.506885000 0 0
1484579759.505829000 0 0
1484579759.514527000 0 0
1484579759.513498000 0 0
1484579755.374714000 0 0
1484579759.223629000 0 0
1484579745.987199000 11329 0
1484579748.652410000 578 0
1484579748.680910000 504 0
1484579748.697989000 504 0
1484579775.417439000 0 909010
1484579775.503883000 0 0
1484579775.502814000 0 0
1484579775.511487000 0 0
1484579775.510433000 0 0
1484579748.747797000 398 0
1484579748.709661000 282 0
1484579792.832998000 0 0
1484579792.849262000 0 0
1484579792.847735000 0 0
1484579792.948446000 0 0
1484579755.123993000 0 0
1484579793.038585000 0 0
1484579792.835906000 0 0
1484579792.596147000 0 0
1484579792.599279000 0 0
1484579805.287872000 0 909089
1484579805.374310000 0 0
1484579805.373267000 0 0
1484579805.382409000 0 0
1484579805.381392000 0 0
1484579792.905971000 226 0
1484579792.934118000 302 0
1484579792.968836000 134 0
1484579792.978638000 134 0
1484579792.989899000 134 0
1484579793.000765000 144 0
1484579793.010964000 134 0
1484579793.023999000 134 0
1484579793.035424000 134 0
1484579793.050660000 226 0
1484579793.055731000 113 0
1484579793.076764000 302 0
1484579820.426756000 0 910328
1484579820.513052000 0 0
1484579820.511986000 0 0
1484579820.520534000 0 0
1484579820.519499000 0 0
1484579995.436021000 0 16020
1484579995.444737000 0 0
1484579995.443657000 0 0
1484580088.316810000 0 911420
1484580088.404599000 0 0
1484580088.403472000 0 0
1484580088.412599000 0 0
1484580088.411513000 0 0
1484580095.383719000 0 0
1484580096.363011000 0 0
1484580096.366150000 0 0
1484580096.372175000 0 0
1484580101.878591000 0 0
1484580101.882835000 0 0
1484580101.889437000 0 0
1484580103.457764000 0 912457
1484580103.544356000 0 0
1484580103.543305000 0 0
1484580103.551758000 0 0
1484580103.550738000 0 0
1484580096.359979000 282 0
1484580096.376578000 10 0
1484580126.418245000 0 2269
1484580126.426554000 0 0
1484580126.425555000 0 0
1484580284.164156000 0 912936
1484580284.250831000 0 0
1484580284.249731000 0 0
1484580284.258368000 0 0
1484580284.257326000 0 0
1484580295.458625000 0 16159
1484580295.467607000 0 0
1484580295.466471000 0 0
1484580299.189265000 0 1040564
1484580299.319119000 0 0
1484580299.318070000 0 0
1484580299.328127000 0 0
1484580299.325319000 0 0
1484580314.500617000 0 913726
1484580314.587201000 0 0
1484580314.586342000 0 0
1484580314.594569000 0 0
1484580314.593632000 0 0
1484580334.998770000 0 913754
1484580335.085971000 0 0
1484580335.084963000 0 0
1484580335.093513000 0 0
1484580335.092560000 0 0
1484580350.141658000 0 913726
1484580350.228248000 0 0
1484580350.227181000 0 0
1484580350.236102000 0 0
1484580350.234811000 0 0
1484580397.080580000 0 13975
1484580595.482778000 0 16161
1484580595.491439000 0 0
1484580595.490448000 0 0
1484580694.069829000 0 913726
1484580694.156443000 0 0
1484580694.155521000 0 0
1484580694.164633000 0 0
1484580694.163343000 0 0
1484580782.131068000 0 13975
1484581025.216603000 0 16161
1484581025.226135000 0 0
1484581025.225153000 0 0
1484581294.383548000 0 913726
1484581294.470542000 0 0
1484581294.469443000 0 0
1484581294.478220000 0 0
1484581294.477131000 0 0
1484581325.218631000 0 16161
1484581325.227433000 0 0
1484581325.226348000 0 0
1484581333.648002000 0 913726
1484581333.734413000 0 0
1484581333.733365000 0 0
1484581333.741742000 0 0
1484581333.740725000 0 0
1484581630.302417000 0 16161
1484581630.310864000 0 0
1484581630.309800000 0 0
1484581894.705422000 0 913726
1484581894.792092000 0 0
1484581894.791021000 0 0
1484581894.799719000 0 0
1484581894.798662000 0 0
1484582495.038703000 0 913726
1484582495.125466000 0 0
1484582495.124389000 0 0
1484582495.133169000 0 0
1484582495.132132000 0 0
1484582921.026036000 0 16161
1484582921.035143000 0 0
1484582921.034189000 0 0
1484583095.336082000 0 913726
1484583095.422959000 0 0
1484583095.421919000 0 0
1484583095.430624000 0 0
1484583095.429552000 0 0
1484583221.009643000 0 16161
1484583221.019781000 0 0
1484583221.018829000 0 0
1484583500.965189000 0 913754
1484583501.052077000 0 0
1484583501.051009000 0 0
1484583501.059772000 0 0
1484583501.058722000 0 0
1484583516.209573000 0 913726
1484583516.296903000 0 0
1484583516.295551000 0 0
1484583516.304473000 0 0
1484583516.303410000 0 0
1484583544.854829000 0 16161
1484583544.863258000 0 0
1484583544.862296000 0 0
1484583695.664937000 0 913726
1484583695.751458000 0 0
1484583695.750386000 0 0
1484583695.758927000 0 0
1484583695.757872000 0 0
1484583860.834251000 0 913754
1484583860.921380000 0 0
1484583860.920178000 0 0
1484583860.930233000 0 0
1484583860.929044000 0 0
1484583875.980642000 0 913754
1484583876.067250000 0 0
1484583876.066364000 0 0
1484583876.074750000 0 0
1484583876.073707000 0 0
1484583898.691357000 0 913754
1484583898.778622000 0 0
1484583898.777410000 0 0
1484583898.786427000 0 0
1484583898.785355000 0 0
1484583913.841223000 0 913726
1484583913.928153000 0 0
1484583913.926850000 0 0
1484583913.935750000 0 0
1484583913.934682000 0 0
1484584112.554687000 0 0
1484584112.561933000 0 0
1484584132.947556000 0 16161
1484584132.956283000 0 0
1484584132.955207000 0 0
1484584295.988520000 0 913726
1484584296.076020000 0 0
1484584296.074014000 0 0
1484584296.083489000 0 0
1484584296.082332000 0 0
1484584790.270118000 0 16162
1484584790.278491000 0 0
1484584790.277524000 0 0
1484584795.852247000 0 913754
1484584795.944530000 0 0
1484584795.942684000 0 0
1484584795.952230000 0 0
1484584795.951228000 0 0
1484584811.003738000 0 913754
1484584811.089830000 0 0
1484584811.088726000 0 0
1484584811.097228000 0 0
1484584811.096162000 0 0
1484584826.174249000 0 914868
1484584826.278811000 0 0
1484584826.277397000 0 0
1484584826.288788000 0 0
1484584826.286777000 0 0
1484584841.361422000 0 914867
1484584841.447958000 0 0
1484584841.446898000 0 0
1484584841.455183000 0 0
1484584841.454151000 0 0
1484584860.384600000 0 915930
1484584860.471612000 0 0
1484584860.470544000 0 0
1484584860.478956000 0 0
1484584860.477924000 0 0
1484584875.531919000 0 916416
1484584875.620307000 0 0
1484584875.619215000 0 0
1484584875.629181000 0 0
1484584875.628112000 0 0
1484584877.059833000 0 98840
1484584877.098826000 0 0
1484584890.686936000 0 916354
1484584890.773493000 0 0
1484584890.772438000 0 0
1484584890.780638000 0 0
1484584890.779609000 0 0
1484584905.832925000 0 1043692
1484584905.931010000 0 0
1484584905.929881000 0 0
1484584905.938785000 0 0
1484584905.937715000 0 0
1484584920.989211000 0 1043720
1484584921.086879000 0 0
1484584921.085762000 0 0
1484584921.094263000 0 0
1484584921.093199000 0 0
1484584936.144811000 0 1043858
1484584936.243132000 0 0
1484584936.242006000 0 0
1484584936.250556000 0 0
1484584936.249339000 0 0
1484584951.382630000 0 915448
1484584951.511364000 0 0
1484584951.510309000 0 0
1484584951.518825000 0 0
1484584951.517807000 0 0
1484584966.731633000 0 928363
1484584966.819494000 0 0
1484584966.818389000 0 0
1484584966.826990000 0 0
1484584966.825939000 0 0
1484584993.536299000 0 928335
1484584993.625765000 0 0
1484584993.624549000 0 0
1484584993.633040000 0 0
1484584993.631857000 0 0
1484585008.683511000 0 940931
1484585008.773667000 0 0
1484585008.772548000 0 0
1484585008.780893000 0 0
1484585008.779823000 0 0
1484585023.827610000 0 940903
1484585023.917520000 0 0
1484585023.916391000 0 0
1484585023.924971000 0 0
1484585023.923896000 0 0
1484585070.057507000 0 1187678
1484585070.200515000 0 0
1484585070.199385000 0 0
1484585070.208121000 0 0
1484585070.207036000 0 0
1484585082.198601000 0 13975
1484585085.266424000 0 1187860
1484585085.376310000 0 0
1484585085.375240000 0 0
1484585085.383687000 0 0
1484585085.382641000 0 0
1484585090.269548000 0 16483
1484585090.277933000 0 0
1484585090.276872000 0 0
1484585100.441650000 0 1354633
1484585100.565340000 0 0
1484585100.564254000 0 0
1484585100.572584000 0 0
1484585100.571507000 0 0
1484585115.628077000 0 916199
1484585115.714881000 0 0
1484585115.713848000 0 0
1484585115.722081000 0 0
1484585115.721079000 0 0
1484585151.591571000 0 916199
1484585151.678377000 0 0
1484585151.677300000 0 0
1484585151.685883000 0 0
1484585151.684876000 0 0
1484585166.720863000 0 916376
1484585166.807706000 0 0
1484585166.806713000 0 0
1484585166.815129000 0 0
1484585166.814044000 0 0
1484585181.863913000 0 916404
1484585181.950372000 0 0
1484585181.949394000 0 0
1484585181.957655000 0 0
1484585181.956659000 0 0
1484585196.993670000 0 916405
1484585197.080836000 0 0
1484585197.079726000 0 0
1484585197.088370000 0 0
1484585197.087261000 0 0
1484585212.138775000 0 916405
1484585212.226208000 0 0
1484585212.225119000 0 0
1484585212.233468000 0 0
1484585212.232420000 0 0
1484585227.280973000 0 917112
1484585227.367867000 0 0
1484585227.366774000 0 0
1484585227.375332000 0 0
1484585227.374259000 0 0
1484585242.418160000 0 918270
1484585242.505349000 0 0
1484585242.504387000 0 0
1484585242.512640000 0 0
1484585242.511671000 0 0
1484585257.582467000 0 916404
1484585257.669583000 0 0
1484585257.668318000 0 0
1484585257.677606000 0 0
1484585257.676392000 0 0
1484585272.725720000 0 916405
1484585272.812649000 0 0
1484585272.811612000 0 0
1484585272.820062000 0 0
1484585272.819125000 0 0
1484585287.872696000 0 917112
1484585287.959543000 0 0
1484585287.958531000 0 0
1484585287.967340000 0 0
1484585287.966100000 0 0
1484585303.023633000 0 917140
1484585303.110551000 0 0
1484585303.109442000 0 0
1484585303.118215000 0 0
1484585303.117123000 0 0
1484585318.442141000 0 917113
1484585318.531700000 0 0
1484585318.530658000 0 0
1484585318.541496000 0 0
1484585318.540549000 0 0
1484585333.685140000 0 916404
1484585333.772350000 0 0
1484585333.771248000 0 0
1484585333.779586000 0 0
1484585333.778527000 0 0
1484585348.827926000 0 916405
1484585348.914579000 0 0
1484585348.913533000 0 0
1484585348.921824000 0 0
1484585348.920692000 0 0
1484585363.845353000 0 916404
1484585363.932251000 0 0
1484585363.931167000 0 0
1484585363.939341000 0 0
1484585363.938296000 0 0
1484585378.992710000 0 916404
1484585379.079481000 0 0
1484585379.078384000 0 0
1484585379.086630000 0 0
1484585379.085532000 0 0
1484585394.137353000 0 916405
1484585394.260260000 0 0
1484585394.248059000 0 0
1484585394.280698000 0 0
1484585394.278011000 0 0
1484585401.820903000 0 13975
1484585409.336445000 0 916404
1484585409.423346000 0 0
1484585409.422249000 0 0
1484585409.430898000 0 0
1484585409.429834000 0 0
1484585424.486132000 0 916404
1484585424.573101000 0 0
1484585424.571993000 0 0
1484585424.580702000 0 0
1484585424.579635000 0 0
1484585439.624937000 0 917140
1484585439.711776000 0 0
1484585439.710685000 0 0
1484585439.718920000 0 0
1484585439.717867000 0 0
1484585461.005744000 0 918182
1484585461.092808000 0 0
1484585461.091703000 0 0
1484585461.100530000 0 0
1484585461.099281000 0 0
1484585476.154627000 0 916404
1484585476.241512000 0 0
1484585476.240419000 0 0
1484585476.248620000 0 0
1484585476.247555000 0 0
1484585491.298719000 0 916405
1484585491.385559000 0 0
1484585491.384506000 0 0
1484585491.392930000 0 0
1484585491.391974000 0 0
1484585506.325657000 0 917112
1484585506.412391000 0 0
1484585506.411382000 0 0
1484585506.420039000 0 0
1484585506.419006000 0 0
1484585521.466649000 0 917140
1484585521.553450000 0 0
1484585521.552359000 0 0
1484585521.560691000 0 0
1484585521.559645000 0 0
1484585547.281006000 0 1356356
1484585547.404931000 0 0
1484585547.403817000 0 0
1484585547.412272000 0 0
1484585547.411206000 0 0
1484585562.308651000 0 1535564
1484585562.448098000 0 0
1484585562.446988000 0 0
1484585562.455448000 0 0
1484585562.454387000 0 0
1484585577.522824000 0 1535532
1484585577.662186000 0 0
1484585577.661074000 0 0
1484585577.669637000 0 0
1484585577.668557000 0 0
1484585592.716869000 0 916170
1484585592.853431000 0 0
1484585592.808083000 0 0
1484585592.900066000 0 0
1484585592.860824000 0 0
1484585608.012527000 0 916198
1484585608.099545000 0 0
1484585608.098423000 0 0
1484585608.107135000 0 0
1484585608.106063000 0 0
1484585619.384145000 0 164392
1484585619.473742000 0 0
1484585623.228224000 0 917836
1484585623.315556000 0 0
1484585623.314519000 0 0
1484585623.323772000 0 0
1484585623.322271000 0 0
1484585638.380587000 0 918094
1484585638.468044000 0 0
1484585638.466935000 0 0
1484585638.475749000 0 0
1484585638.474626000 0 0
1484585653.531981000 0 918968
1484585653.618886000 0 0
1484585653.617796000 0 0
1484585653.625881000 0 0
1484585653.624958000 0 0
1484585676.736705000 0 918968
1484585676.824132000 0 0
1484585676.822964000 0 0
1484585676.832164000 0 0
1484585676.831061000 0 0
1484585690.300502000 0 16491
1484585690.309111000 0 0
1484585690.307913000 0 0
1484585691.882517000 0 918969
1484585691.969029000 0 0
1484585691.967988000 0 0
1484585691.976248000 0 0
1484585691.975166000 0 0
1484585707.055311000 0 918969
1484585707.141928000 0 0
1484585707.140834000 0 0
1484585707.149309000 0 0
1484585707.148248000 0 0
1484585722.204089000 0 918969
1484585722.291119000 0 0
1484585722.290079000 0 0
1484585722.298134000 0 0
1484585722.297156000 0 0
1484585737.343491000 0 918969
1484585737.430213000 0 0
1484585737.429113000 0 0
1484585737.437498000 0 0
1484585737.436436000 0 0
1484585752.513516000 0 1777113
1484585752.673528000 0 0
1484585752.672282000 0 0
1484585752.681089000 0 0
1484585752.680022000 0 0
1484585762.081752000 0 13975
1484585767.754481000 0 1777113
1484585767.914562000 0 0
1484585767.913152000 0 0
1484585767.922035000 0 0
1484585767.920991000 0 0
1484585782.982807000 0 916693
1484585783.069669000 0 0
1484585783.068596000 0 0
1484585783.076982000 0 0
1484585783.075933000 0 0
1484585798.126598000 0 918186
1484585798.218046000 0 0
1484585798.217033000 0 0
1484585798.226043000 0 0
1484585798.225010000 0 0
1484585815.827440000 0 2269
1484585815.835524000 0 0
1484585815.834492000 0 0
1484585819.089186000 0 918186
1484585819.175943000 0 0
1484585819.174948000 0 0
1484585819.184105000 0 0
1484585819.183116000 0 0
1484585855.024758000 0 1776644
1484585855.185699000 0 0
1484585855.184691000 0 0
1484585855.192536000 0 0
1484585855.191574000 0 0
1484585870.054671000 0 2236255
1484585870.253454000 0 0
1484585870.252456000 0 0
1484585870.260727000 0 0
1484585870.259786000 0 0
1484585885.385896000 0 917555
1484585885.473560000 0 0
1484585885.472253000 0 0
1484585885.481060000 0 0
1484585885.479964000 0 0
1484585895.498849000 0 164392
1484585895.539562000 0 0
1484585900.570160000 0 918350
1484585900.657160000 0 0
1484585900.656069000 0 0
1484585900.664963000 0 0
1484585900.663870000 0 0
1484585910.521868000 0 164392
1484585910.621301000 0 0
1484585915.716387000 0 918348
1484585915.803369000 0 0
1484585915.802274000 0 0
1484585915.810867000 0 0
1484585915.809770000 0 0
1484585931.632601000 0 918376
1484585931.720198000 0 0
1484585931.718967000 0 0
1484585931.727828000 0 0
1484585931.726667000 0 0
1484585946.807587000 0 2237374
1484585947.006704000 0 0
1484585947.005475000 0 0
1484585947.014439000 0 0
1484585947.013323000 0 0
1484585961.836575000 0 2453934
1484585962.054200000 0 0
1484585962.053092000 0 0
1484585962.061754000 0 0
1484585962.060584000 0 0
1484585982.978302000 0 2453962
1484585983.195611000 0 0
1484585983.194481000 0 0
1484585983.203446000 0 0
1484585983.202324000 0 0
1484585990.321106000 0 16492
1484585990.329656000 0 0
1484585990.328596000 0 0
1484585998.574037000 0 2453038
1484585998.791870000 0 0
1484585998.791047000 0 0
1484585998.802351000 0 0
1484585998.799259000 0 0
1484586015.344348000 0 2453218
1484586015.562485000 0 0
1484586015.561275000 0 0
1484586015.579283000 0 0
1484586015.568700000 0 0
1484586030.313171000 0 918453
1484586030.401514000 0 0
1484586030.400378000 0 0
1484586030.412582000 0 0
1484586030.408168000 0 0
1484586045.339545000 0 918454
1484586045.426354000 0 0
1484586045.425242000 0 0
1484586045.433852000 0 0
1484586045.432802000 0 0
1484586060.494562000 0 921286
1484586060.592497000 0 0
1484586060.581036000 0 0
1484586060.618644000 0 0
1484586060.599102000 0 0
1484586075.691535000 0 921519
1484586075.778591000 0 0
1484586075.777465000 0 0
1484586075.786046000 0 0
1484586075.784972000 0 0
1484586087.548621000 0 13975
1484586090.830039000 0 921519
1484586090.917161000 0 0
1484586090.916067000 0 0
1484586090.924667000 0 0
1484586090.923631000 0 0
1484586105.965364000 0 921519
1484586106.052803000 0 0
1484586106.051696000 0 0
1484586106.060404000 0 0
1484586106.059356000 0 0
1484586121.113210000 0 921519
1484586121.200569000 0 0
1484586121.199475000 0 0
1484586121.207824000 0 0
1484586121.206760000 0 0
1484586137.031597000 0 923387
1484586137.118785000 0 0
1484586137.117723000 0 0
1484586137.136123000 0 0
1484586137.130600000 0 0
1484586153.157069000 0 924364
1484586153.244651000 0 0
1484586153.243551000 0 0
1484586153.252111000 0 0
1484586153.250989000 0 0
1484586168.308189000 0 924364
1484586168.395744000 0 0
1484586168.394639000 0 0
1484586168.402955000 0 0
1484586168.401905000 0 0
1484586183.448069000 0 924364
1484586183.535264000 0 0
1484586183.534183000 0 0
1484586183.542416000 0 0
1484586183.541365000 0 0
1484586198.601015000 0 924364
1484586198.688536000 0 0
1484586198.687554000 0 0
1484586198.695657000 0 0
1484586198.694666000 0 0
1484586216.954228000 0 924364
1484586217.041925000 0 0
1484586217.040825000 0 0
1484586217.049308000 0 0
1484586217.048263000 0 0
1484586232.103282000 0 924364
1484586232.190814000 0 0
1484586232.189723000 0 0
1484586232.198038000 0 0
1484586232.196995000 0 0
1484586247.254857000 0 924364
1484586247.342685000 0 0
1484586247.341574000 0 0
1484586247.350194000 0 0
1484586247.349131000 0 0
1484586262.402412000 0 924575
1484586262.489311000 0 0
1484586262.488360000 0 0
1484586262.497027000 0 0
1484586262.495876000 0 0
1484586290.328004000 0 16500
1484586290.336572000 0 0
1484586290.335605000 0 0
1484586445.352235000 0 13975
1484586578.852735000 0 923981
1484586578.940728000 0 0
1484586578.939218000 0 0
1484586578.948634000 0 0
1484586578.947149000 0 0
1484586593.993911000 0 926203
1484586594.081223000 0 0
1484586594.080140000 0 0
1484586594.088492000 0 0
1484586594.087453000 0 0
1484586647.054213000 0 926278
1484586647.141865000 0 0
1484586647.140722000 0 0
1484586647.149029000 0 0
1484586647.147982000 0 0
1484586662.198511000 0 928982
1484586662.286377000 0 0
1484586662.285310000 0 0
1484586662.293205000 0 0
1484586662.292275000 0 0
1484586680.107808000 0 929010
1484586680.202779000 0 0
1484586680.201660000 0 0
1484586680.210220000 0 0
1484586680.209145000 0 0
1484586716.053783000 0 929010
1484586716.141536000 0 0
1484586716.140448000 0 0
1484586716.148685000 0 0
1484586716.147639000 0 0
1484586731.745981000 0 929033
1484586731.967226000 0 0
1484586731.965507000 0 0
1484586732.080726000 0 0
1484586732.067032000 0 0
1484586747.599945000 0 929037
1484586747.687763000 0 0
1484586747.686658000 0 0
1484586747.694854000 0 0
1484586747.693793000 0 0
1484586762.741751000 0 931901
1484586762.831227000 0 0
1484586762.830126000 0 0
1484586762.838513000 0 0
1484586762.837453000 0 0
1484586777.893371000 0 931901
1484586777.981818000 0 0
1484586777.980657000 0 0
1484586777.989292000 0 0
1484586777.988300000 0 0
1484586793.054586000 0 931901
1484586793.142612000 0 0
1484586793.141556000 0 0
1484586793.150067000 0 0
1484586793.148913000 0 0
1484586828.877859000 0 931901
1484586828.966902000 0 0
1484586828.965722000 0 0
1484586828.974913000 0 0
1484586828.973792000 0 0
1484586844.023862000 0 932651
1484586844.112153000 0 0
1484586844.111060000 0 0
1484586844.119925000 0 0
1484586844.118883000 0 0
1484586865.187531000 0 933434
1484586865.275810000 0 0
1484586865.274718000 0 0
1484586865.283271000 0 0
1484586865.282197000 0 0
1484586875.232014000 0 16500
1484586875.240844000 0 0
1484586875.239768000 0 0
1484586880.341742000 0 934179
1484586880.429620000 0 0
1484586880.428619000 0 0
1484586880.437065000 0 0
1484586880.436048000 0 0
1484586898.433439000 0 934394
1484586898.521315000 0 0
1484586898.520232000 0 0
1484586898.528650000 0 0
1484586898.527497000 0 0
1484586913.575531000 0 937259
1484586913.663453000 0 0
1484586913.662444000 0 0
1484586913.678872000 0 0
1484586913.677796000 0 0
1484586928.749633000 0 937259
1484586928.837860000 0 0
1484586928.836781000 0 0
1484586928.845311000 0 0
1484586928.844247000 0 0
1484586943.901318000 0 937471
1484586943.990102000 0 0
1484586943.988908000 0 0
1484586943.997571000 0 0
1484586943.996473000 0 0
1484586945.185752000 0 13975
1484586959.074284000 0 937471
1484586959.162639000 0 0
1484586959.161531000 0 0
1484586959.169894000 0 0
1484586959.168786000 0 0
1484586974.230345000 0 937471
1484586974.319700000 0 0
1484586974.318591000 0 0
1484586974.327253000 0 0
1484586974.326188000 0 0
1484586989.385630000 0 937583
1484586989.474185000 0 0
1484586989.473090000 0 0
1484586989.481633000 0 0
1484586989.480446000 0 0
1484587004.531383000 0 940325
1484587004.620464000 0 0
1484587004.619282000 0 0
1484587004.627612000 0 0
1484587004.626537000 0 0
1484587019.549980000 0 940354
1484587019.638815000 0 0
1484587019.637790000 0 0
1484587019.646586000 0 0
1484587019.645503000 0 0
1484587034.704598000 0 940571
1484587034.793353000 0 0
1484587034.792245000 0 0
1484587034.800979000 0 0
1484587034.799902000 0 0
1484587049.851826000 0 940572
1484587049.940522000 0 0
1484587049.939328000 0 0
1484587049.948266000 0 0
1484587049.947261000 0 0
1484587065.001816000 0 940572
1484587065.090905000 0 0
1484587065.089814000 0 0
1484587065.098326000 0 0
1484587065.097262000 0 0
1484587080.164567000 0 940791
1484587080.253326000 0 0
1484587080.252270000 0 0
1484587080.260949000 0 0
1484587080.259984000 0 0
1484587095.348506000 0 2696059
1484587095.586387000 0 0
1484587095.585254000 0 0
1484587095.593941000 0 0
1484587095.592774000 0 0
1484587111.317894000 0 2696060
1484587111.556298000 0 0
1484587111.555191000 0 0
1484587111.563546000 0 0
1484587111.562474000 0 0
1484587126.762029000 0 2943796
1484587127.020051000 0 0
1484587127.018962000 0 0
1484587127.027614000 0 0
1484587127.026453000 0 0
1484587141.638528000 0 941143
1484587141.727303000 0 0
1484587141.726121000 0 0
1484587141.734583000 0 0
1484587141.733536000 0 0
1484587156.849226000 0 2944162
1484587157.108409000 0 0
1484587157.107336000 0 0
1484587157.149715000 0 0
1484587157.120410000 0 0
1484587172.409744000 0 940724
1484587172.503148000 0 0
1484587172.502074000 0 0
1484587172.515189000 0 0
1484587172.509715000 0 0
1484587172.700385000 0 98840
1484587172.768024000 0 0
1484587175.362355000 0 16503
1484587175.382379000 0 0
1484587175.380036000 0 0
1484587187.707729000 0 941174
1484587187.796199000 0 0
1484587187.795077000 0 0
1484587187.803530000 0 0
1484587187.802539000 0 0
1484587203.020732000 0 3127039
1484587203.295177000 0 0
1484587203.294073000 0 0
1484587203.302559000 0 0
1484587203.301451000 0 0
1484587221.835733000 0 3353503
1484587222.129945000 0 0
1484587222.128827000 0 0
1484587222.136577000 0 0
1484587222.135631000 0 0
1484587236.843338000 0 3513422
1484587237.150112000 0 0
1484587237.149035000 0 0
1484587237.157486000 0 0
1484587237.156434000 0 0
1484587252.393311000 0 3683970
1484587252.717319000 0 0
1484587252.716245000 0 0
1484587252.725350000 0 0
1484587252.724313000 0 0
1484587267.941443000 0 942410
1484587268.030121000 0 0
1484587268.028988000 0 0
1484587268.037808000 0 0
1484587268.036738000 0 0
1484587283.090472000 0 943505
1484587283.179722000 0 0
1484587283.178610000 0 0
1484587283.187794000 0 0
1484587283.186780000 0 0
1484587295.279961000 0 13975
1484587298.241930000 0 947228
1484587298.331137000 0 0
1484587298.330023000 0 0
1484587298.338750000 0 0
1484587298.337691000 0 0
1484587411.776433000 0 947256
1484587411.866284000 0 0
1484587411.865186000 0 0
1484587411.873575000 0 0
1484587411.872365000 0 0
1484587448.697378000 0 947256
1484587448.786644000 0 0
1484587448.785655000 0 0
1484587448.793773000 0 0
1484587448.792826000 0 0
1484587467.826682000 0 947256
1484587467.915944000 0 0
1484587467.914821000 0 0
1484587467.923276000 0 0
1484587467.922215000 0 0
1484587475.364436000 0 16503
1484587475.372898000 0 0
1484587475.371846000 0 0
1484587486.916175000 0 947257
1484587487.005529000 0 0
1484587487.004436000 0 0
1484587487.012818000 0 0
1484587487.011763000 0 0
1484587501.940638000 0 947257
1484587502.029796000 0 0
1484587502.028708000 0 0
1484587502.036977000 0 0
1484587502.035932000 0 0
1484587517.077601000 0 947472
1484587517.167158000 0 0
1484587517.166021000 0 0
1484587517.174403000 0 0
1484587517.173331000 0 0
1484587532.095239000 0 947472
1484587532.185010000 0 0
1484587532.183800000 0 0
1484587532.194213000 0 0
1484587532.191557000 0 0
1484587547.102885000 0 951348
1484587547.192625000 0 0
1484587547.191493000 0 0
1484587547.200147000 0 0
1484587547.199081000 0 0
1484587562.251347000 0 956226
1484587562.359814000 0 0
1484587562.358805000 0 0
1484587562.366831000 0 0
1484587562.365856000 0 0
1484587577.425358000 0 956242
1484587577.515120000 0 0
1484587577.514142000 0 0
1484587577.522043000 0 0
1484587577.521107000 0 0
1484587592.576358000 0 956270
1484587592.666763000 0 0
1484587592.665546000 0 0
1484587592.674329000 0 0
1484587592.673251000 0 0
1484587596.310356000 0 13975
1484587607.734664000 0 956270
1484587607.825261000 0 0
1484587607.824132000 0 0
1484587607.832790000 0 0
1484587607.831721000 0 0
1484587622.891701000 0 956270
1484587622.982198000 0 0
1484587622.981042000 0 0
1484587622.989635000 0 0
1484587622.988555000 0 0
1484587644.592534000 0 956270
1484587644.682516000 0 0
1484587644.681424000 0 0
1484587644.689616000 0 0
1484587644.688550000 0 0
1484587659.738337000 0 956270
1484587659.828160000 0 0
1484587659.827049000 0 0
1484587659.835567000 0 0
1484587659.834493000 0 0
1484587674.889298000 0 956271
1484587674.979213000 0 0
1484587674.978100000 0 0
1484587674.986526000 0 0
1484587674.985402000 0 0
1484587690.039624000 0 956271
1484587690.131105000 0 0
1484587690.129899000 0 0
1484587690.138411000 0 0
1484587690.137184000 0 0
1484587705.193638000 0 956271
1484587705.283796000 0 0
1484587705.282702000 0 0
1484587705.290927000 0 0
1484587705.289852000 0 0
1484587720.341225000 0 956271
1484587720.431122000 0 0
1484587720.430150000 0 0
1484587720.438200000 0 0
1484587720.437217000 0 0
1484587735.465545000 0 956271
1484587735.555873000 0 0
1484587735.554743000 0 0
1484587735.563478000 0 0
1484587735.562728000 0 0
1484587750.611462000 0 956499
1484587750.701416000 0 0
1484587750.700356000 0 0
1484587750.708453000 0 0
1484587750.707489000 0 0
1484587765.761188000 0 956500
1484587765.851457000 0 0
1484587765.850307000 0 0
1484587765.858941000 0 0
1484587765.857882000 0 0
1484587775.383368000 0 16503
1484587775.391871000 0 0
1484587775.390792000 0 0
1484587780.906767000 0 956500
1484587780.997178000 0 0
1484587780.996023000 0 0
1484587781.004390000 0 0
1484587781.003273000 0 0
1484587796.052962000 0 956500
1484587796.143118000 0 0
1484587796.142033000 0 0
1484587796.150246000 0 0
1484587796.149200000 0 0
1484587811.202029000 0 956500
1484587811.291861000 0 0
1484587811.290761000 0 0
1484587811.299170000 0 0
1484587811.298121000 0 0
1484587826.347716000 0 956551
1484587826.438120000 0 0
1484587826.437121000 0 0
1484587826.445508000 0 0
1484587826.444418000 0 0
1484587841.554584000 0 3698110
1484587841.877218000 0 0
1484587841.876024000 0 0
1484587841.884774000 0 0
1484587841.883515000 0 0
1484587856.939866000 0 959524
1484587857.030110000 0 0
1484587857.029026000 0 0
1484587857.037647000 0 0
1484587857.036590000 0 0
1484587871.966150000 0 959598
1484587872.056978000 0 0
1484587872.055874000 0 0
1484587872.064825000 0 0
1484587872.063755000 0 0
1484587895.659372000 0 959598
1484587895.749564000 0 0
1484587895.748480000 0 0
1484587895.756941000 0 0
1484587895.755888000 0 0
1484587910.852492000 0 3701449
1484587911.175087000 0 0
1484587911.173973000 0 0
1484587911.182445000 0 0
1484587911.181359000 0 0
1484587926.282895000 0 3701450
1484587926.605649000 0 0
1484587926.604519000 0 0
1484587926.613256000 0 0
1484587926.612188000 0 0
1484587941.710438000 0 3701450
1484587942.033926000 0 0
1484587942.032034000 0 0
1484587942.041649000 0 0
1484587942.040507000 0 0
1484587957.114332000 0 955046
1484587957.204240000 0 0
1484587957.203128000 0 0
1484587957.212109000 0 0
1484587957.211037000 0 0
1484588001.213170000 0 3699215
1484588001.535777000 0 0
1484588001.534677000 0 0
1484588001.543492000 0 0
1484588001.542576000 0 0
1484588016.654950000 0 3885013
1484588016.993376000 0 0
1484588016.992282000 0 0
1484588017.000875000 0 0
1484588016.999820000 0 0
1484588033.801539000 0 955773
1484588033.891543000 0 0
1484588033.890519000 0 0
1484588033.899081000 0 0
1484588033.898101000 0 0
1484588049.308780000 0 957903
1484588049.404227000 0 0
1484588049.403149000 0 0
1484588049.412140000 0 0
1484588049.411088000 0 0
1484588064.467852000 0 957931
1484588064.558532000 0 0
1484588064.557314000 0 0
1484588064.566609000 0 0
1484588064.565344000 0 0
1484588075.401302000 0 16504
1484588075.409893000 0 0
1484588075.408795000 0 0
1484588079.621843000 0 957932
1484588079.711885000 0 0
1484588079.710796000 0 0
1484588079.718953000 0 0
1484588079.717910000 0 0
1484588095.115973000 0 957932
1484588095.205825000 0 0
1484588095.204802000 0 0
1484588095.212974000 0 0
1484588095.211977000 0 0
1484588110.269263000 0 957932
1484588110.359255000 0 0
1484588110.358156000 0 0
1484588110.367211000 0 0
1484588110.366140000 0 0
1484588125.408501000 0 962040
1484588125.493521000 0 13975
1484588125.503227000 0 0
1484588125.502204000 0 0
1484588125.509993000 0 0
1484588125.509013000 0 0
1484588140.577684000 0 962056
1484588140.668341000 0 0
1484588140.667254000 0 0
1484588140.675733000 0 0
1484588140.674687000 0 0
1484588155.737046000 0 962084
1484588155.827746000 0 0
1484588155.826656000 0 0
1484588155.835098000 0 0
1484588155.834030000 0 0
1484588170.893634000 0 962295
1484588170.984263000 0 0
1484588170.983181000 0 0
1484588170.991504000 0 0
1484588170.990445000 0 0
1484588186.045041000 0 962295
1484588186.135086000 0 0
1484588186.134003000 0 0
1484588186.142710000 0 0
1484588186.141657000 0 0
1484588201.189417000 0 962295
1484588201.281611000 0 0
1484588201.280525000 0 0
1484588201.288946000 0 0
1484588201.287908000 0 0
1484588216.338918000 0 962295
1484588216.429329000 0 0
1484588216.428252000 0 0
1484588216.436791000 0 0
1484588216.435756000 0 0
1484588231.480553000 0 962290
1484588231.572167000 0 0
1484588231.571013000 0 0
1484588231.580008000 0 0
1484588231.578929000 0 0
1484588246.638244000 0 962295
1484588246.729177000 0 0
1484588246.727700000 0 0
1484588246.740181000 0 0
1484588246.735469000 0 0
1484588262.069878000 0 3888894
1484588262.415305000 0 0
1484588262.414346000 0 0
1484588262.422222000 0 0
1484588262.421305000 0 0
1484588277.687937000 0 964544
1484588277.804406000 0 0
1484588277.803423000 0 0
1484588277.811102000 0 0
1484588277.810161000 0 0
1484588292.864042000 0 964572
1484588292.954532000 0 0
1484588292.953434000 0 0
1484588292.962207000 0 0
1484588292.961127000 0 0
1484588308.022537000 0 964573
1484588308.112873000 0 0
1484588308.111963000 0 0
1484588308.119854000 0 0
1484588308.118855000 0 0
1484588323.226379000 0 4085392
1484588323.582216000 0 0
1484588323.581100000 0 0
1484588323.589873000 0 0
1484588323.588803000 0 0
1484588338.773319000 0 4445568
1484588339.158951000 0 0
1484588339.157843000 0 0
1484588339.166538000 0 0
1484588339.165456000 0 0
1484588354.301068000 0 4445596
1484588354.686781000 0 0
1484588354.685692000 0 0
1484588354.694442000 0 0
1484588354.693397000 0 0
1484588369.844413000 0 4445533
1484588370.235697000 0 0
1484588370.234591000 0 0
1484588370.243560000 0 0
1484588370.242518000 0 0
1484588375.408950000 0 16507
1484588375.417246000 0 0
1484588375.416313000 0 0
1484588384.841800000 0 4449097
1484588385.227684000 0 0
1484588385.226581000 0 0
1484588385.235362000 0 0
1484588385.234315000 0 0
1484588400.317372000 0 961192
1484588400.411441000 0 0
1484588400.410412000 0 0
1484588400.422329000 0 0
1484588400.421271000 0 0
1484588415.307330000 0 961220
1484588415.397913000 0 0
1484588415.396838000 0 0
1484588415.405774000 0 0
1484588415.404729000 0 0
1484588426.450658000 0 13975
1484588430.448866000 0 961220
1484588430.539552000 0 0
1484588430.538448000 0 0
1484588430.546763000 0 0
1484588430.545702000 0 0
1484588445.602030000 0 961220
1484588445.692258000 0 0
1484588445.691139000 0 0
1484588445.699540000 0 0
1484588445.698472000 0 0
1484588460.826901000 0 4446983
1484588461.212747000 0 0
1484588461.211639000 0 0
1484588461.220263000 0 0
1484588461.219199000 0 0
1484588476.355399000 0 4642209
1484588476.757914000 0 0
1484588476.756823000 0 0
1484588476.765338000 0 0
1484588476.764271000 0 0
1484588491.944031000 0 5149841
1484588492.389014000 0 0
1484588492.387932000 0 0
1484588492.396481000 0 0
1484588492.395472000 0 0
1484588507.603286000 0 5150633
1484588508.048949000 0 0
1484588508.047906000 0 0
1484588508.056736000 0 0
1484588508.055565000 0 0
1484588587.586244000 0 5150616
1484588588.044633000 0 0
1484588588.043496000 0 0
1484588588.052613000 0 0
1484588588.051597000 0 0
1484588603.217729000 0 5151046
1484588603.662628000 0 0
1484588603.661649000 0 0
1484588603.670824000 0 0
1484588603.669837000 0 0
1484588618.244031000 0 5460725
1484588618.715442000 0 0
1484588618.714339000 0 0
1484588618.723011000 0 0
1484588618.721947000 0 0
1484588633.266333000 0 5635986
1484588633.752672000 0 0
1484588633.751721000 0 0
1484588633.761039000 0 0
1484588633.760046000 0 0
1484588649.031979000 0 5813188
1484588649.535988000 0 0
1484588649.532552000 0 0
1484588649.590781000 0 0
1484588649.543065000 0 0
1484588653.970761000 0 122
1484588653.978005000 0 0
1484588653.976975000 0 0
1484588654.014062000 0 146
1484588654.021180000 0 0
1484588654.020064000 0 0
1484588654.060847000 0 181
1484588654.515797000 0 0
1484588654.098921000 0 4912178
1484588654.089071000 0 0
1484588654.536022000 0 0
1484588654.541726000 0 0
1484578269.428606000 0 32768
1484588654.536435000 0 0
1484588654.547653000 0 0
1484588654.548175000 0 0
1484578269.425286000 0 60491760
1484588654.596188000 0 0
1484588654.596680000 0 13975
1484588654.596742000 0 212
1484588654.600161000 0 0
1484588654.604452000 0 0
1484588654.602897000 0 0
1484588654.603407000 0 0
1484588654.613072000 0 2269
1484588654.625509000 0 0
1484588654.622575000 0 0
1484588654.636130000 0 241
1484588654.642240000 0 0
1484588654.641212000 0 0
1484588654.650103000 0 288
1484588654.656569000 0 0
1484588654.655532000 0 0
1484588654.767732000 0 0
1484578267.016870000 0 32768
1484588654.772644000 0 0
1484578267.013239000 34816 12562256
1484588654.834673000 0 0
1484588654.837325000 0 0
1484588654.984321000 0 0
1484578270.665658000 0 32768
1484588654.989532000 0 0
1484578270.660465000 0 27441344
1484588654.999360000 0 0
1484588655.001940000 0 0
1484588655.058617000 0 0
1484588655.072202000 0 0
1484588655.075196000 0 43621
1484588655.095276000 0 0
1484588655.099388000 0 0
1484588655.102597000 0 0
1484588655.062668000 0 0
1484588655.105365000 0 0
1484588655.143950000 0 7259
1484588655.151177000 0 0
1484588655.150231000 0 0
1484588655.158473000 0 0
1484578289.043841000 163840 950272
1484578266.106982000 24576 0
1484578265.624265000 512000 4096
1484578265.653271000 16384 4096
1484578269.415527000 1441792 43155456
1484578267.008460000 2043904 4288512
1484578270.645804000 393216 6914048
1484588655.468977000 0 0
1484588655.496214000 0 0
1484588655.499045000 0 0
1484588655.525951000 0 0
1484578063.565117000 0 0
1484578270.663839000 0 0
1484578270.675911000 0 0
1484578265.117986000 0 0
1484578268.059361000 131072 0
1484588655.530935000 282 0
