1484571026.725658000 0 0
1484571027.032053000 0 0
1484571027.042428000 0 0
1484571027.047669000 0 0
1484571027.053230000 0 0
1484571027.059571000 0 0
1484571027.066601000 0 0
1484571029.359996000 0 0
1484571030.457850000 0 0
1484571030.759760000 0 0
1484571030.935982000 0 0
1484571032.200259000 0 0
1484571032.214585000 0 0
1484571032.218479000 0 0
1484571032.217671000 0 0
1484571032.224138000 0 0
1484571032.223528000 0 0
1484571037.426384000 0 0
1484571037.550011000 0 0
1484571037.984854000 0 0
1484571037.989091000 0 0
1484571037.992071000 0 0
1484571037.210988000 0 0
1484571038.137235000 0 0
1484571038.140184000 0 0
1484571038.143106000 0 0
1484571038.155259000 0 0
1484571038.157528000 0 0
1484571038.160483000 0 0
1484571038.165816000 0 0
1484571038.172134000 0 0
1484571030.880947000 53248 0
1484571038.170414000 0 0
1484571038.207480000 0 0
1484571038.205271000 0 0
1484571038.211833000 0 0
1484571038.339382000 0 0
1484571038.337396000 0 0
1484571038.346371000 0 0
1484571038.344166000 0 0
1484571038.350138000 0 0
1484571038.363840000 0 0
1484571038.362109000 0 0
1484571038.371784000 0 0
1484571038.438603000 0 0
1484571038.441566000 0 0
1484571038.435988000 0 0
1484571038.451430000 0 0
1484571038.449333000 0 0
1484571038.456214000 0 0
1484571038.454065000 0 0
1484571038.610884000 0 0
1484571038.958114000 0 0
1484571038.980530000 0 0
1484571039.345391000 0 0
1484571039.347780000 0 0
1484571039.351096000 0 0
1484571039.357643000 0 0
1484571039.359968000 0 0
1484571039.362232000 0 0
1484571039.368140000 0 0
1484571039.464048000 0 0
1484571039.465889000 0 0
1484571039.463866000 0 0
1484571039.471525000 0 0
1484571039.473967000 0 0
1484571039.476282000 0 0
1484571039.483702000 0 0
1484571039.575105000 0 0
1484571039.573702000 0 0
1484571039.619050000 0 0
1484571039.622060000 0 0
1484571039.643989000 0 0
1484571039.646687000 0 0
1484571039.645195000 0 0
1484571039.644246000 0 0
1484571039.661271000 0 0
1484571039.661210000 0 0
1484571039.661056000 0 0
1484571039.661200000 0 0
1484571039.661277000 0 0
1484571039.665867000 0 0
1484571039.666201000 0 0
1484571039.665983000 0 0
1484571039.666086000 0 0
1484571039.666150000 0 0
1484571039.670146000 0 0
1484571041.630178000 0 0
1484571041.632035000 0 0
1484571041.636245000 0 0
1484571043.644334000 0 0
1484571043.648793000 0 0
1484571043.652393000 0 0
1484571038.072520000 4120 0
1484571038.083283000 10907 0
1484582197.417167000 0 0
1484582197.478356000 0 0
1484582199.709423000 0 0
1484582199.728254000 0 0
1484582199.732235000 0 0
1484582199.738537000 0 0
1484582199.738663000 0 0
1484582199.949941000 0 0
1484582199.950443000 0 0
1484582200.721706000 0 0
1484582200.742060000 0 0
1484582200.745967000 0 0
1484582200.764095000 0 0
1484582200.764097000 0 0
1484582200.764158000 0 0
1484582200.965109000 0 0
1484582271.626653000 0 0
1484582271.637083000 0 0
1484582271.640980000 0 0
1484582271.680398000 0 0
1484582237.129459000 0 0
1484582271.784591000 0 0
1484582271.788439000 0 0
1484582271.790816000 0 0
1484582271.798407000 0 0
1484582271.807901000 0 0
1484582271.804435000 0 0
1484582271.787700000 0 620270
1484582271.873704000 0 0
1484582271.870533000 0 0
1484582271.886376000 0 0
1484582271.889041000 0 0
1484582271.914702000 0 0
1484582271.916738000 0 0
1484582272.064417000 0 0
1484582272.061549000 0 0
1484582272.073646000 0 0
1484582272.072107000 0 0
1484582272.585381000 0 0
1484582272.585497000 0 0
1484582272.632586000 0 0
1484582272.667637000 0 0
1484582272.666132000 0 0
1484582272.673110000 0 0
1484582272.677050000 0 0
1484582272.677215000 0 0
1484582272.677048000 0 0
1484582272.677096000 0 0
1484582272.683151000 0 0
1484582272.687038000 0 0
1484582272.686950000 0 0
1484582272.687450000 0 0
1484582272.687552000 0 0
1484582272.691213000 0 0
1484582274.818126000 0 0
1484582274.825956000 0 0
1484582276.827680000 0 0
1484582276.829488000 0 0
1484582271.869244000 620270 0
1484582302.629045000 0 0
1484582302.635766000 0 481299
1484582302.757360000 0 0
1484582302.779444000 0 0
1484582302.632189000 620270 0
1484582302.792526000 0 0
1484582302.790937000 0 0
1484582302.842581000 0 0
1484582302.846087000 0 0
1484582302.755298000 0 0
1484582302.853928000 0 0
1484582302.852293000 0 0
1484582302.839021000 0 0
1484582302.866975000 0 0
1484582303.649195000 0 0
1484582303.653265000 0 0
1484582303.653747000 0 0
1484582303.656874000 0 0
1484582303.656923000 0 0
1484582303.657001000 0 0
1484582303.652032000 0 0
1484582303.657049000 0 0
1484582303.661358000 0 0
1484582303.661257000 0 0
1484582303.664320000 0 0
1484582303.664019000 0 0
1484582303.664071000 0 0
1484582303.664271000 0 0
1484582303.664321000 0 0
1484582305.648934000 0 0
1484582305.652623000 0 0
1484582305.656263000 0 0
1484582305.657537000 0 0
1484582305.659730000 0 0
1484582305.666908000 0 0
1484582305.666008000 0 0
1484582305.666860000 0 0
1484582305.666911000 0 0
1484582305.666911000 0 0
1484582305.678241000 0 0
1484582305.679119000 0 0
1484582305.678337000 0 0
1484582305.679022000 0 0
1484582305.679168000 0 0
1484582307.661241000 0 0
1484582307.665267000 0 0
1484582307.668550000 0 0
1484582307.670907000 0 0
1484582307.669492000 0 0
1484582307.675396000 0 0
1484582307.676131000 0 0
1484582307.675864000 0 0
1484582307.675913000 0 0
1484582307.676083000 0 0
1484582307.684239000 0 0
1484582307.684694000 0 0
1484582307.684566000 0 0
1484582307.684641000 0 0
1484582307.684746000 0 0
1484582302.863110000 481299 0
1484582661.935958000 0 0
1484582701.982818000 0 0
1484582701.986588000 0 0
1484582702.052342000 0 0
1484582702.088760000 0 0
1484582702.090762000 0 0
1484582702.093528000 0 0
1484582702.093365000 0 0
1484582702.110964000 0 0
1484582702.115395000 0 0
1484582702.121371000 0 0
1484582702.121217000 0 0
1484582702.121422000 0 0
1484582702.123139000 0 0
1484582702.124356000 0 0
1484582702.124687000 0 0
1484582702.125764000 0 0
1484582702.319805000 0 0
1484582702.320432000 0 0
1484582727.047447000 0 0
1484582727.053102000 0 0
1484582727.057134000 0 0
1484582727.081573000 0 0
1484582727.097663000 0 0
1484582727.101166000 0 0
1484582727.103513000 0 0
1484582727.114411000 0 0
1484582718.328806000 0 0
1484582727.147943000 0 222404
1484582727.475716000 0 0
1484582727.470281000 0 0
1484582727.495860000 0 0
1484582727.491887000 0 0
1484582728.001117000 0 0
1484582728.001125000 0 0
1484582728.005332000 0 0
1484582728.009278000 0 0
1484582728.008422000 0 0
1484582728.010716000 0 0
1484582728.017679000 0 0
1484582728.018121000 0 0
1484582728.017846000 0 0
1484582728.022397000 0 0
1484582728.021746000 0 0
1484582728.028480000 0 0
1484582728.028724000 0 0
1484582728.028774000 0 0
1484582728.028840000 0 0
1484582728.030655000 0 0
1484582728.056103000 0 0
1484582730.168953000 0 0
1484582730.175839000 0 0
1484582730.180336000 0 0
1484582732.180470000 0 0
1484582732.188117000 0 0
1484582732.192927000 0 0
1484582727.198344000 222404 0
1484582782.489214000 0 0
1484582782.493014000 0 0
1484582782.560519000 0 0
1484582782.597838000 0 0
1484582782.600036000 0 0
1484582782.602094000 0 0
1484582782.602227000 0 0
1484582782.602647000 0 0
1484582782.621599000 0 0
1484582782.623538000 0 0
1484582782.629714000 0 0
1484582782.630127000 0 0
1484582782.630141000 0 0
1484582782.632469000 0 0
1484582782.633385000 0 0
1484582782.633459000 0 0
1484582782.830628000 0 0
1484582782.830304000 0 0
1484582808.922291000 0 0
1484582808.929270000 0 0
1484582808.932194000 0 0
1484582808.958563000 0 0
1484582808.971796000 0 0
1484582808.975623000 0 0
1484582808.978075000 0 0
1484582808.992862000 0 0
1484582794.032722000 0 0
1484582809.035644000 0 219313
1484582809.602866000 0 0
1484582809.598826000 0 0
1484582809.615087000 0 0
1484582809.612434000 0 0
1484582810.118674000 0 0
1484582810.118199000 0 0
1484582810.122673000 0 0
1484582810.127403000 0 0
1484582810.129059000 0 0
1484582810.131051000 0 0
1484582810.135272000 0 0
1484582810.136214000 0 0
1484582810.136567000 0 0
1484582810.137899000 0 0
1484582810.140883000 0 0
1484582810.140531000 0 0
1484582810.144670000 0 0
1484582810.145778000 0 0
1484582810.146143000 0 0
1484582810.147854000 0 0
1484582810.148569000 0 0
1484582812.052586000 0 0
1484582812.059590000 0 0
1484582812.064131000 0 0
1484582814.063487000 0 0
1484582814.067858000 0 0
1484582814.070012000 0 0
1484582809.107785000 219313 0
1484582834.738277000 0 0
1484582834.765315000 0 0
1484582835.364150000 0 0
1484582835.369967000 0 0
1484582835.392019000 0 0
1484582835.403554000 0 0
1484582835.418974000 0 0
1484582835.424790000 0 0
1484582835.430296000 0 0
1484582835.436024000 0 0
1484582835.441817000 0 0
1484582835.447611000 0 0
1484582835.453206000 0 0
1484582835.475558000 0 0
1484582835.489711000 0 0
1484582835.512276000 0 0
1484582835.528830000 0 0
1484582836.123027000 0 0
1484582836.145547000 0 0
1484582836.141293000 0 0
1484582836.160563000 0 0
1484582836.160667000 0 0
1484582836.160491000 0 0
1484582836.160809000 0 0
1484582836.160491000 0 0
1484582836.385228000 0 0
1484582836.400652000 0 0
1484582836.410218000 0 0
1484582836.415716000 0 0
1484582836.420334000 0 0
1484582836.425753000 0 0
1484582836.443101000 0 0
1484582836.448283000 0 0
1484582836.453432000 0 0
1484582836.465970000 0 0
1484582836.471045000 0 0
1484582836.496904000 0 0
1484582836.502455000 0 0
1484582836.517927000 0 0
1484582836.535098000 0 0
1484582836.550215000 0 0
1484582836.570817000 0 0
1484582836.591572000 0 0
1484582836.597086000 0 0
1484582836.602751000 0 0
1484582836.608240000 0 0
1484582836.630245000 0 0
1484582836.638157000 0 0
1484582836.645752000 0 0
1484582836.651489000 0 0
1484582836.657095000 0 0
1484582836.662286000 0 0
1484582836.667405000 0 0
1484582836.672781000 0 0
1484582836.677998000 0 0
1484582836.682994000 0 0
1484582836.687894000 0 0
1484582836.693179000 0 0
1484582836.698142000 0 0
1484582836.703073000 0 0
1484582836.708343000 0 0
1484582836.713419000 0 0
1484582836.718602000 0 0
1484582836.738190000 0 0
1484582836.743464000 0 0
1484582836.748935000 0 0
1484582836.754067000 0 0
1484582836.767231000 0 0
1484582836.780099000 0 0
1484582836.784890000 0 0
1484582836.789609000 0 0
1484582836.794749000 0 0
1484582836.800028000 0 0
1484582836.805090000 0 0
1484582836.969084000 0 0
1484582836.984520000 0 0
1484582836.982544000 0 0
1484582837.002605000 0 0
1484582837.002505000 0 0
1484582837.002553000 0 0
1484582837.002457000 0 0
1484582856.683879000 0 0
1484582856.689195000 0 0
1484582856.693227000 0 0
1484582856.719660000 0 0
1484582856.730257000 0 0
1484582856.733870000 0 0
1484582856.736586000 0 0
1484582856.749043000 0 0
1484582848.080651000 0 0
1484582856.780437000 0 217836
1484582856.935092000 0 0
1484582856.930828000 0 0
1484582856.944302000 0 0
1484582856.942051000 0 0
1484582857.449466000 0 0
1484582857.449455000 0 0
1484582857.453337000 0 0
1484582857.456440000 0 0
1484582857.458543000 0 0
1484582857.457327000 0 0
1484582857.462635000 0 0
1484582857.465024000 0 0
1484582857.465462000 0 0
1484582857.468227000 0 0
1484582857.466410000 0 0
1484582857.467639000 0 0
1484582857.475539000 0 0
1484582857.475856000 0 0
1484582857.476399000 0 0
1484582857.476734000 0 0
1484582857.476785000 0 0
1484582859.805557000 0 0
1484582859.814621000 0 0
1484582859.881994000 0 0
1484582861.817394000 0 0
1484582861.824318000 0 0
1484582861.828759000 0 0
1484582856.813107000 217836 0
1484583038.509556000 0 0
1484583038.537985000 0 0
1484583039.903953000 0 0
1484583039.924924000 0 0
1484583039.928594000 0 0
1484583039.940143000 0 0
1484583039.940236000 0 0
1484583040.155815000 0 0
1484583040.156423000 0 0
1484583040.451830000 0 0
1484583040.460272000 0 0
1484583040.466322000 0 0
1484583040.471928000 0 0
1484583040.477234000 0 0
1484583040.482363000 0 0
1484583040.487771000 0 0
1484583040.493331000 0 0
1484583040.498426000 0 0
1484583040.503423000 0 0
1484583040.508818000 0 0
1484583040.513676000 0 0
1484583040.518662000 0 0
1484583040.524014000 0 0
1484583040.529186000 0 0
1484583040.534099000 0 0
1484583040.552299000 0 0
1484583040.557516000 0 0
1484583040.562771000 0 0
1484583040.567902000 0 0
1484583040.587538000 0 0
1484583040.612539000 0 0
1484583040.618103000 0 0
1484583040.623456000 0 0
1484583040.628666000 0 0
1484583040.633705000 0 0
1484583040.638823000 0 0
1484583040.935923000 0 0
1484583040.958215000 0 0
1484583040.960514000 0 0
1484583040.976710000 0 0
1484583040.976715000 0 0
1484583040.985165000 0 0
1484583041.186261000 0 0
1484583064.561736000 0 0
1484583064.569643000 0 0
1484583064.572821000 0 0
1484583064.596095000 0 0
1484583064.613332000 0 0
1484583064.617025000 0 0
1484583064.619219000 0 0
1484583064.629293000 0 0
1484583050.920283000 0 0
1484583064.648460000 0 0
1484583064.651552000 0 0
1484583064.655440000 0 0
1484583064.658756000 0 0
1484583064.758072000 0 0
1484583064.762339000 0 0
1484583064.840344000 0 0
1484583064.836297000 0 0
1484583064.972244000 0 0
1484583064.969328000 0 0
1484583064.985396000 0 0
1484583064.998476000 0 0
1484583065.003772000 0 0
1484583065.009092000 0 0
1484583065.014091000 0 0
1484583065.018083000 0 0
1484583065.024870000 0 0
1484583065.028681000 0 0
1484583065.032088000 0 275565
1484583065.139321000 0 0
1484583065.173828000 0 0
1484583065.178855000 0 0
1484583065.195522000 0 0
1484583065.192550000 0 0
1484583065.203934000 0 0
1484583065.226272000 0 0
1484583065.231595000 0 0
1484583065.237274000 0 0
1484583065.243028000 0 0
1484583065.256129000 0 0
1484583065.260965000 0 0
1484583065.267149000 0 0
1484583065.271841000 0 0
1484583065.274625000 0 0
1484583065.279246000 0 0
1484583065.282173000 0 0
1484583065.286699000 0 0
1484583065.289552000 0 0
1484583065.294082000 0 0
1484583065.296982000 0 0
1484583065.301686000 0 0
1484583065.304616000 0 0
1484583065.307647000 0 0
1484583065.326911000 0 0
1484583065.329269000 0 0
1484583065.330092000 0 0
1484583065.332406000 0 0
1484583065.332625000 0 0
1484583065.332673000 0 0
1484583065.330193000 0 0
1484583065.335573000 0 0
1484583065.334640000 0 0
1484583065.335357000 0 0
1484583065.337138000 0 0
1484583065.337831000 0 0
1484583065.338735000 0 0
1484583065.339066000 0 0
1484583065.339566000 0 0
1484583065.346851000 0 0
1484583065.349121000 0 0
1484583065.364354000 0 0
1484583065.366815000 0 0
1484583068.064736000 0 0
1484583068.071599000 0 0
1484583069.042329000 0 0
1484583069.049065000 0 0
1484583069.053985000 0 0
1484583069.061644000 0 0
1484583070.063451000 0 0
1484583070.071876000 0 0
1484583065.145046000 275565 0
1484583112.300205000 0 0
1484583112.300505000 0 0
1484583114.768354000 0 0
1484583114.786104000 0 0
1484583114.791578000 0 0
1484583114.792530000 0 0
1484583114.796003000 0 0
1484583114.798163000 0 0
1484583114.770504000 0 0
1484583114.805951000 0 0
1484583114.813333000 0 0
1484583114.810699000 0 0
1484583114.821604000 0 0
1484583114.827620000 0 0
1484583114.826073000 0 0
1484583114.804901000 0 0
1484583114.959213000 0 0
1484583114.962269000 0 0
1484583114.977612000 0 0
1484583114.985692000 0 0
1484583114.993852000 0 0
1484583114.998536000 0 0
1484583115.004308000 0 0
1484583115.008907000 0 0
1484583115.011593000 0 0
1484583115.016102000 0 0
1484583115.018820000 0 0
1484583115.023291000 0 0
1484583115.025908000 0 0
1484583115.030178000 0 0
1484583115.032816000 0 0
1484583115.037179000 0 0
1484583115.039661000 0 0
1484583115.158396000 0 0
1484583115.162656000 0 0
1484583115.164987000 0 0
1484583115.167195000 0 0
1484583115.412425000 0 0
1484583116.199611000 0 0
1484583116.382855000 0 0
1484583116.394350000 0 0
1484583118.760898000 0 0
1484583118.766718000 0 0
1484583118.773717000 0 0
1484583118.778720000 0 0
1484583118.781714000 0 0
1484583118.787027000 0 0
1484583118.790634000 0 0
1484583118.796187000 0 0
1484583118.799663000 0 0
1484583118.805263000 0 0
1484583118.808682000 0 0
1484583118.814240000 0 0
1484583118.846260000 0 0
1484583118.848979000 0 0
1484583118.865882000 0 0
1484583118.868703000 0 0
1484583115.415148000 0 0
1484583123.276176000 0 0
1484583123.273244000 0 0
1484583123.280675000 0 0
1484583123.287817000 0 0
1484583123.292489000 0 0
1484583123.314756000 0 0
1484583123.319668000 0 0
1484583123.331568000 0 0
1484583123.336456000 0 0
1484583123.342283000 0 0
1484583123.347117000 0 0
1484583123.358563000 0 0
1484583123.362913000 0 0
1484583123.367825000 0 0
1484583123.372631000 0 0
1484583123.385659000 0 0
1484583123.389857000 0 0
1484583123.394047000 0 0
1484583123.397456000 0 0
1484583123.402863000 0 0
1484583123.405992000 0 0
1484583123.420154000 0 0
1484583123.423976000 0 0
1484583123.432692000 0 0
1484583123.436099000 0 0
1484583123.445696000 0 0
1484583123.449032000 0 0
1484583123.464669000 0 0
1484583123.468210000 0 0
1484583123.483965000 0 0
1484583123.487484000 0 0
1484583123.492298000 0 0
1484583123.495963000 0 0
1484583123.500944000 0 0
1484583123.504688000 0 0
1484583123.509554000 0 0
1484583123.513324000 0 0
1484583123.518688000 0 0
1484583123.522224000 0 0
1484583123.528039000 0 0
1484583123.531711000 0 0
1484583123.538254000 0 0
1484583123.542032000 0 0
1484583123.551945000 0 0
1484583123.555058000 0 0
1484583123.559803000 0 0
1484583123.563464000 0 0
1484583123.568521000 0 0
1484583123.572248000 0 0
1484583123.576710000 0 0
1484583123.580310000 0 0
1484583123.584896000 0 0
1484583123.588580000 0 0
1484583123.598040000 0 0
1484583123.601369000 0 0
1484583129.891614000 0 0
1484583129.875575000 0 0
1484583286.370741000 0 0
1484583286.391489000 0 0
1484583286.374137000 0 0
1484583286.398293000 0 0
1484583286.401873000 0 0
1484583129.895510000 0 0
1484583114.988131000 275565 0
1484571030.757462000 0 0
1484594664.134961000 0 0
1484594664.200063000 0 0
1484594664.207765000 0 0
1484594664.212941000 0 0
1484594664.227071000 0 0
1484594664.232018000 0 0
1484594664.269178000 0 0
1484594664.273384000 0 0
1484594664.277638000 0 0
1484594664.283022000 0 0
1484594664.286452000 0 0
1484594664.289832000 0 0
1484594664.293201000 0 0
1484594664.296602000 0 0
1484594664.300092000 0 0
1484594664.330573000 0 0
1484594664.334454000 0 0
1484594664.375849000 0 0
1484594664.382682000 0 0
1484594664.390285000 0 0
1484594664.422100000 0 0
1484594664.431828000 0 0
1484594664.435840000 0 0
1484594664.457758000 0 0
1484594664.473564000 0 0
1484594664.545349000 0 0
1484594664.549200000 0 0
1484594664.552690000 0 0
1484594664.562467000 0 0
1484594664.566967000 0 0
1484594664.570315000 0 0
1484594664.579183000 0 0
1484594664.614927000 0 0
1484594664.624361000 0 0
1484594664.635947000 0 0
1484594664.642067000 0 0
1484594664.663879000 0 0
1484594664.679531000 0 0
1484594664.683422000 0 0
1484594664.699149000 0 0
1484594664.711890000 0 0
1484594664.728447000 0 0
1484594664.732761000 0 0
1484594664.743215000 0 0
1484594664.747026000 0 0
1484594664.750359000 0 0
1484594664.753630000 0 0
1484594664.762528000 0 0
1484594664.785934000 0 0
1484594664.807337000 0 0
1484594664.811363000 0 0
1484594664.824429000 0 0
1484594664.851659000 0 0
1484594664.855703000 0 0
1484594664.869767000 0 0
1484594664.879125000 0 0
1484594664.883151000 0 0
1484594664.891921000 0 0
1484594664.895194000 0 0
1484571038.609471000 0 165
1484595149.915484000 0 0
1484595149.918859000 0 0
1484595149.994992000 0 0
1484595149.998369000 0 0
1484595150.001384000 0 0
1484595150.064553000 0 0
1484595150.066651000 0 0
1484595150.068698000 0 0
1484595150.084345000 0 0
1484595150.177859000 0 0
1484595150.327214000 0 0
1484595150.172919000 0 0
1484595150.328710000 0 0
1484595150.368255000 0 0
1484595150.368916000 0 0
1484595150.366078000 0 0
1484595150.410417000 0 0
1484595150.407467000 0 0
1484595150.881283000 0 0
1484595150.883684000 0 0
1484595150.884113000 0 0
1484595150.887592000 0 0
1484595150.887767000 0 0
1484595150.887757000 0 0
1484595150.887767000 0 0
1484595150.890808000 0 0
1484595150.890718000 0 0
1484595150.890000000 0 0
1484595150.890386000 0 0
1484595150.893520000 0 0
1484595150.893472000 0 0
1484595150.894107000 0 0
1484571038.078595000 0 0
1484595166.775639000 0 0
1484571029.357419000 0 0
1484571026.723686000 0 0
