1484547261.400071000 0 0
1484547261.405479000 0 0
1484547261.410478000 0 0
1484547261.414518000 0 0
1484547261.418374000 0 0
1484547262.753630000 446 0
1484547262.997349000 0 0
1484547263.000083000 0 0
1484547263.007799000 0 0
1484547263.053534000 0 0
1484547263.055737000 0 0
1484547262.951516000 446 0
1484547263.066808000 0 0
1484547263.175966000 0 0
1484547263.206488000 0 0
1484547263.283075000 0 0
1484547263.285367000 0 0
1484547263.224935000 0 0
1484547263.411004000 0 0
1484547263.416871000 0 0
1484547263.419181000 0 0
1484547263.421277000 0 0
1484547263.125943000 111 0
1484547263.265043000 1397 0
1484547263.289144000 568 0
1484547263.271692000 635 0
1484547263.296206000 446 0
1484547263.308638000 1464 0
1484547263.312371000 2911 0
1484547263.301338000 1796 0
1484547263.432586000 504 0
1484547263.889543000 0 0
1484547263.895876000 0 0
1484547263.897837000 0 0
1484547263.903792000 0 0
1484547263.905264000 0 0
1484547263.910136000 0 0
1484547263.911669000 0 0
1484547263.916438000 0 0
1484547263.917937000 0 0
1484547263.922544000 0 0
1484547283.260864000 0 0
1484547283.264371000 0 0
1484547283.273490000 0 0
1484547283.277549000 0 0
1484547283.284285000 0 0
1484547284.133301000 0 0
1484547284.137427000 0 0
1484547284.145731000 0 0
1484547284.164082000 0 0
1484547284.170583000 0 0
1484547284.172986000 0 0
1484547284.177747000 0 0
1484547284.179669000 0 0
1484547284.185098000 0 0
1484547284.247771000 0 0
1484547284.276450000 0 0
1484547284.295535000 0 0
1484547284.596961000 0 0
1484547284.704083000 0 0
1484547284.707665000 0 0
1484547284.711113000 0 0
1484547284.714498000 0 0
1484547284.716767000 0 0
1484547284.748349000 0 0
1484547284.789666000 0 0
1484547284.793975000 0 0
1484547284.797221000 0 0
1484547284.801487000 0 0
1484547284.830555000 0 0
1484547284.837573000 0 0
1484547284.841325000 0 0
1484547284.845083000 0 0
1484547284.849117000 0 0
1484547284.852723000 0 0
1484547284.856179000 0 0
1484547284.859639000 0 0
1484547284.835510000 0 0
1484547284.863972000 0 0
1484547284.867302000 0 0
1484547284.873550000 0 0
1484547284.876947000 0 0
1484547284.880356000 0 0
1484547284.871675000 0 0
1484547284.828585000 0 0
1484547285.045906000 0 0
1484547285.054059000 0 0
1484547285.269569000 0 0
1484547285.608311000 0 0
1484547285.623707000 0 0
1484547285.785859000 0 0
1484547285.937362000 0 0
1484547285.952953000 0 0
1484547285.955415000 0 18830
1484547286.230430000 0 0
1484547286.233917000 0 0
1484547285.940723000 18830 0
1484547285.947204000 0 0
1484547286.236819000 0 0
1484547286.722189000 0 0
1484547286.882254000 0 0
1484547287.006654000 0 0
1484547287.015230000 0 0
1484547287.120019000 0 0
1484547287.256450000 0 0
1484547287.461347000 0 0
1484547287.463655000 0 0
1484547287.812936000 0 0
1484547287.819660000 0 0
1484547287.823577000 0 0
1484547287.831197000 0 0
1484547287.822339000 0 0
1484547287.833409000 0 0
1484547287.836608000 0 0
1484547287.838394000 0 0
1484547287.839996000 0 0
1484547287.835390000 0 0
1484547287.842291000 0 0
1484547287.844169000 0 0
1484547287.937151000 0 0
1484547287.944737000 0 0
1484547287.947191000 0 0
1484547287.950021000 0 0
1484547263.893266000 129 0
1484547263.901407000 129 0
1484547263.908198000 129 0
1484547263.914545000 129 0
1484547288.505360000 0 0
1484547263.920731000 129 0
1484547288.684365000 0 0
1484547288.783660000 0 0
1484547288.793408000 0 0
1484547288.831577000 524288 0
1484547288.919229000 0 0
1484547289.122771000 0 0
1484547289.125456000 0 2
1484547289.131863000 0 0
1484547289.134203000 0 0
1484547288.799410000 2 0
1484547289.112773000 0 0
1484547289.136210000 0 0
1484547289.495479000 0 53
1484547286.707260000 204 0
1484547289.504247000 0 0
1484547290.760707000 0 0
1484547290.767085000 0 0
1484547283.030081000 1464 0
1484547283.089927000 0 0
1484547283.127070000 0 0
1484547285.611611000 0 0
1484547304.870792000 0 0
1484547305.194791000 0 0
1484547305.222800000 0 0
1484547305.226337000 0 0
1484547305.236572000 0 0
1484547265.832258000 892 0
1484547284.158002000 10 0
1484547284.168033000 111 0
1484547284.192927000 208 0
1484547284.288905000 23858 0
1484547284.299759000 4431 0
1484547308.427319000 0 0
1484547284.608753000 16384 0
1484547284.665314000 766 0
1484547308.431864000 29385 4813
1484547287.941017000 2013 4176
1484547285.122488000 497 0
1484547285.616533000 16645 0
1484547285.627946000 7741 0
1484547285.792563000 208620 0
1484547286.727475000 3072 0
1484547287.010475000 9654 0
1484547287.018327000 8 0
1484547287.124653000 504 0
1484547287.184960000 10980 0
1484547287.260737000 5293 0
1484547287.816355000 215 0
1484547287.934107000 188 0
1484547288.515781000 459 0
1484547288.688542000 219 0
1484547289.516773000 8512 0
1484547287.275639000 25 0
1484547289.554476000 9833 0
1484547289.564192000 562 0
1484547315.786246000 0 43982
1484547326.568292000 0 0
1484547326.573244000 230256 1966
1484547332.642068000 0 0
1484547333.576643000 0 0
1484547337.596452000 0 0
1484547337.649187000 0 0
1484547337.653005000 0 0
1484547337.660773000 0 0
1484547337.665506000 0 0
1484547342.260403000 0 0
1484547342.274246000 0 0
1484547342.301163000 0 0
1484547342.311077000 0 0
1484547342.357113000 0 66
1484547342.342213000 66 0
1484547342.364016000 0 0
1484547345.409340000 0 0
1484547345.443675000 0 137
1484547345.452658000 0 0
1484547345.416142000 137 0
1484547345.450961000 0 0
1484547345.463441000 0 0
1484547345.473212000 0 0
1484547345.498501000 0 0
1484547345.503657000 0 7373
1484547345.517566000 0 0
1484547345.516466000 0 0
1484547345.524186000 0 0
1484547337.663618000 568 0
1484547337.670182000 504 0
1484547345.537708000 51 0
1484547337.594079000 892 0
1484547382.161007000 0 0
1484547382.165405000 0 0
1484547382.173352000 0 0
1484547382.178408000 0 0
1484547382.187256000 0 0
1484547382.188728000 0 0
1484547382.190616000 0 0
1484547382.192536000 0 0
1484547382.200149000 0 0
1484547382.201727000 0 0
1484547382.217367000 0 0
1484547382.219332000 0 0
1484547382.221287000 0 0
1484547382.238028000 0 0
1484547382.240131000 0 0
1484547381.793443000 446 0
1484547382.176350000 568 0
1484547382.181406000 504 0
1484547382.194222000 504 0
1484547382.224589000 398 0
1484547412.875239000 0 0
1484547412.915516000 0 0
1484547412.921219000 0 0
1484547412.935920000 0 0
1484547412.990642000 0 0
1484547422.952946000 0 0
1484547422.955203000 0 0
1484547422.950332000 0 0
1484547526.356414000 0 0
1484547526.361811000 0 0
1484547526.398484000 0 10980
1484547526.407964000 0 0
1484547526.406447000 0 0
1484547586.952754000 0 0
1484547586.956494000 3089 3163
1484547586.964341000 0 2184
1484547586.970135000 0 0
1484547586.971993000 231342 2068
1484547588.537284000 0 459
1484547588.551100000 0 0
1484547588.549597000 0 0
1484547590.769123000 0 766
1484547645.568101000 0 7376
1484547645.576683000 0 0
1484547645.575466000 0 0
1484547768.093707000 0 208787
1484547768.117412000 0 0
1484547768.116599000 0 0
1484547796.756450000 0 0
1484547796.783070000 0 0
1484547796.814957000 0 0
1484547796.822214000 0 23796
1484547796.863350000 0 0
1484547796.875485000 0 0
1484547796.886054000 0 0
1484547796.792764000 0 0
1484547796.889449000 0 0
1484547796.940103000 0 0
1484547796.964407000 0 0
1484547945.601284000 0 8800
1484547945.609933000 0 0
1484547945.608544000 0 0
1484548005.971970000 0 0
1484548006.018974000 0 0
1484548006.022182000 0 0
1484548006.031222000 0 0
1484548006.822614000 0 0
1484548006.827730000 0 0
1484547984.152378000 1338 0
1484548006.035604000 568 0
1484549777.491207000 0 8803
1484549777.501401000 0 0
1484549777.499682000 0 0
1484549800.268657000 0 0
1484549800.926307000 0 0
1484549802.312203000 0 0
1484549802.345689000 0 0
1484549802.683716000 0 0
1484549802.686528000 0 0
1484549802.690456000 0 0
1484549802.696404000 0 0
1484549802.854703000 0 0
1484549802.858588000 0 0
1484549802.867990000 0 0
1484549803.348592000 0 0
1484549803.351330000 0 0
1484549805.932888000 0 0
1484549805.938579000 0 0
1484549805.940916000 0 0
1484549805.943478000 0 0
1484549805.947002000 0 0
1484549812.306090000 0 0
1484549812.308844000 0 0
1484549812.324531000 0 0
1484549812.327840000 0 0
1484549815.925045000 0 0
1484549815.929686000 0 0
1484549815.933488000 0 0
1484549815.937089000 0 0
1484549802.329462000 398 0
1484549802.352174000 80 0
1484549802.720092000 226 0
1484549802.796541000 302 0
1484549802.335974000 446 0
1484549988.163873000 0 0
1484549988.169281000 0 0
1484549988.178457000 0 0
1484549988.185938000 0 0
1484549988.200032000 0 0
1484549988.202093000 0 0
1484549988.204624000 0 0
1484549988.207218000 0 0
1484549988.218778000 0 0
1484549988.221122000 0 0
1484549988.239438000 0 0
1484549988.242136000 0 0
1484549988.244772000 0 0
1484549988.255950000 0 0
1484549988.258522000 0 0
1484549988.797143000 0 0
1484549988.799725000 0 0
1484549988.803231000 0 0
1484549988.811938000 0 0
1484549988.814646000 0 0
1484549988.817156000 0 0
1484549988.827032000 0 0
1484549988.829694000 0 0
1484549988.836575000 0 0
1484549988.838763000 0 0
1484549988.936041000 0 0
1484549994.060198000 0 0
1484549988.182858000 568 0
1484549988.192414000 504 0
1484549988.211755000 504 0
1484549988.247314000 398 0
1484549988.223481000 446 0
1484549994.061513000 129 0
1484549994.068682000 285 0
1484549994.073159000 70 0
1484549994.077905000 683 0
1484549994.082211000 288 0
1484549994.086393000 504 0
1484549994.118148000 0 0
1484549994.130473000 0 0
1484549994.145009000 0 0
1484549995.257523000 0 0
1484549995.445453000 0 0
1484549995.447263000 0 0
1484549995.477493000 0 0
1484549995.481012000 0 0
1484549997.487899000 0 0
1484549995.446486000 0 0
1484549997.497462000 0 0
1484549997.507720000 0 290191
1484549997.556398000 0 0
1484549997.630011000 0 0
1484549998.216392000 0 0
1484549998.220784000 0 0
1484549998.224998000 0 0
1484549998.228100000 0 0
1484549998.432310000 0 0
1484549998.438256000 0 0
1484549997.923278000 294287 0
1484549998.453364000 0 0
1484549998.456019000 0 0
1484549998.469332000 0 0
1484549998.472503000 0 0
1484549998.475120000 0 0
1484549998.479330000 0 0
1484549998.481867000 0 0
1484549998.488656000 0 0
1484549998.501127000 0 0
1484549998.505325000 0 0
1484550000.532042000 0 0
1484550000.541780000 0 0
1484550002.524878000 0 0
1484550002.537531000 0 0
1484549997.553882000 0 0
1484550077.555310000 0 8803
1484550077.657625000 0 0
1484550077.655689000 0 0
1484547315.868546000 0 4894
1484550377.542246000 0 8803
1484550377.550726000 0 0
1484550377.549528000 0 0
1484550677.587486000 0 8803
1484550677.597285000 0 0
1484550677.595969000 0 0
1484550977.637599000 0 8803
1484550977.650027000 0 0
1484550977.648129000 0 0
1484551277.674106000 0 8803
1484551277.683922000 0 0
1484551277.682725000 0 0
1484551406.628124000 0 0
1484551406.632262000 0 0
1484551406.640055000 0 0
1484551408.212754000 0 0
1484551408.215487000 0 0
1484551406.646023000 568 0
1484551403.924811000 446 0
1484549998.435959000 0 0
1484551577.701039000 0 8803
1484551577.712333000 0 0
1484551577.710831000 0 0
1484551901.114891000 0 0
1484551901.114940000 0 0
1484551901.117404000 0 0
1484551901.117994000 0 0
1484551901.157918000 0 0
1484551901.161351000 0 0
1484551901.161303000 0 0
1484551901.168352000 0 0
1484551901.171241000 0 0
1484551901.172804000 0 0
1484551901.179989000 0 0
1484551901.197215000 0 0
1484551901.199927000 0 0
1484551901.215698000 0 0
1484551901.218582000 0 0
1484551901.221638000 0 0
1484551901.224927000 0 0
1484551901.115144000 446 0
1484551901.177532000 568 0
1484551901.178856000 398 0
1484551901.185515000 504 0
1484551901.230014000 504 0
1484551960.691914000 0 0
1484551973.811624000 0 0
1484551973.817087000 0 0
1484551973.826900000 0 0
1484551973.837978000 0 0
1484551974.020570000 0 0
1484551974.074610000 0 0
1484551974.070686000 0 0
1484551974.080864000 0 0
1484551974.083574000 0 0
1484551974.087235000 0 0
1484551974.089628000 0 0
1484551974.092511000 0 0
1484551974.095051000 0 0
1484551974.105829000 0 0
1484551974.108360000 0 0
1484551974.111255000 0 0
1484551974.113842000 0 0
1484551974.116950000 0 0
1484551974.119706000 0 0
1484551974.121509000 0 0
1484551974.121892000 0 0
1484551974.124066000 0 0
1484551974.124356000 0 0
1484551974.127604000 0 0
1484551974.127928000 0 0
1484551974.137113000 0 0
1484551976.730532000 0 0
1484551976.734268000 0 0
1484551976.737677000 0 0
1484551976.741095000 0 0
1484551976.745238000 0 0
1484551976.749429000 0 0
1484551976.764360000 0 0
1484551974.027569000 0 0
1484551973.834291000 568 0
1484551974.068707000 446 0
1484551974.085866000 398 0
1484551974.097360000 504 0
1484551974.129479000 504 0
1484551982.792300000 0 0
1484551982.795783000 0 0
1484551982.801732000 0 0
1484551982.811997000 0 0
1484551982.814822000 0 0
1484551982.817458000 0 0
1484551982.828204000 0 0
1484551982.830489000 0 0
1484551982.840104000 0 0
1484551982.842884000 0 0
1484551982.851816000 0 0
1484551982.854689000 0 0
1484551961.309712000 683445 0
1484551961.204088000 166272 0
1484552003.410012000 0 0
1484552003.422292000 0 0
1484551982.798999000 568 0
1484551982.804510000 504 0
1484551982.820387000 504 0
1484551982.833846000 398 0
1484552025.728581000 0 5293
1484552025.740920000 0 0
1484552025.739336000 0 0
1484552168.362838000 0 8804
1484552168.372976000 0 0
1484552168.371959000 0 0
1484552468.402699000 0 8804
1484552468.412553000 0 0
1484552468.411249000 0 0
1484552768.438867000 0 8804
1484552768.451616000 0 0
1484552768.449760000 0 0
1484552978.056835000 0 0
1484552978.105309000 0 0
1484552978.112372000 0 0
1484552978.128143000 0 0
1484552978.131836000 446 0
1484553068.469216000 0 8804
1484553068.481515000 0 0
1484553068.479897000 0 0
1484553188.339242000 0 0
1484553188.343948000 0 0
1484553188.353261000 0 0
1484553188.365551000 0 0
1484553188.384682000 0 0
1484553188.387900000 0 0
1484553188.392032000 0 0
1484553188.395996000 0 0
1484553188.414569000 0 0
1484553188.418083000 0 0
1484553188.434161000 0 0
1484553188.437806000 0 0
1484553188.441648000 0 0
1484553188.459944000 0 0
1484553188.463712000 0 0
1484553188.635604000 0 0
1484553188.639280000 0 0
1484553188.641965000 0 0
1484553188.649768000 0 0
1484553188.652385000 0 0
1484553188.655012000 0 0
1484553188.662409000 0 0
1484553188.665744000 0 0
1484553188.671476000 0 0
1484553188.674314000 0 0
1484553188.677030000 0 0
1484553191.617491000 0 0
1484553191.623079000 0 0
1484553191.600208000 0 0
1484553188.361981000 568 0
1484553188.373473000 504 0
1484553188.402764000 504 0
1484553188.445351000 398 0
1484553188.421675000 446 0
1484553191.604730000 129 0
1484553191.610817000 285 0
1484553191.616295000 70 0
1484553191.621895000 683 0
1484553191.627687000 288 0
1484553191.633291000 504 0
1484553191.672609000 0 0
1484553192.544971000 0 0
1484553192.680114000 0 0
1484553192.679714000 0 0
1484553192.698257000 0 0
1484553192.702901000 0 0
1484553194.301626000 0 0
1484553192.686412000 0 0
1484553194.313658000 0 0
1484553194.324742000 0 276160
1484553194.377496000 0 0
1484553194.424208000 0 0
1484553194.558496000 0 0
1484553194.563005000 0 0
1484553194.567129000 0 0
1484553194.570454000 0 0
1484553194.700361000 0 0
1484553194.714614000 0 0
1484553194.474954000 280256 0
1484553194.720452000 0 0
1484553194.723148000 0 0
1484553194.726815000 0 0
1484553194.731278000 0 0
1484553194.733986000 0 0
1484553194.736823000 0 0
1484553194.739530000 0 0
1484553194.748889000 0 0
1484553194.751696000 0 0
1484553194.756325000 0 0
1484553197.357642000 0 0
1484553197.377477000 0 0
1484553197.383449000 0 0
1484553199.341959000 0 0
1484553199.347442000 0 0
1484553199.346327000 0 0
1484553194.374001000 0 0
1484553264.344640000 0 0
1484553264.351706000 0 0
1484553368.510301000 0 8805
1484553368.522681000 0 0
1484553368.520981000 0 0
1484553668.542726000 0 8805
1484553668.554838000 0 0
1484553668.553322000 0 0
1484553968.584093000 0 8805
1484553968.596189000 0 0
1484553968.594890000 0 0
1484554053.557138000 0 0
1484554058.495788000 0 0
1484554058.500089000 0 0
1484554058.509951000 0 0
1484554058.515055000 892 0
1484554099.481933000 0 0
1484554099.486215000 0 0
1484554099.496185000 0 0
1484554099.501960000 0 0
1484554099.519221000 0 0
1484554099.522337000 0 0
1484554099.525689000 0 0
1484554099.529032000 0 0
1484554099.543123000 0 0
1484554099.546482000 0 0
1484554099.559230000 0 0
1484554099.562865000 0 0
1484554099.566720000 0 0
1484554099.585019000 0 0
1484554099.588395000 0 0
1484554099.433126000 446 0
1484554099.499821000 568 0
1484554099.508865000 504 0
1484554099.532077000 504 0
1484554099.570450000 398 0
1484554268.609190000 0 8805
1484554268.622082000 0 0
1484554268.620186000 0 0
1484554568.632875000 0 8805
1484554568.643766000 0 0
1484554568.642343000 0 0
1484554868.664741000 0 8805
1484554868.675875000 0 0
1484554868.674431000 0 0
1484555168.691727000 0 8805
1484555168.702448000 0 0
1484555168.701233000 0 0
1484555303.460371000 0 0
1484555308.530511000 0 0
1484555308.534215000 0 0
1484555308.543615000 0 0
1484555308.549112000 446 0
1484555468.743536000 0 8805
1484555468.756561000 0 0
1484555468.754656000 0 0
1484555768.767219000 0 8805
1484555768.779310000 0 0
1484555768.777606000 0 0
1484556068.791327000 0 8805
1484556068.803609000 0 0
1484556068.802106000 0 0
1484556222.519612000 0 0
1484556222.549001000 0 0
1484556222.561093000 0 0
1484556222.565836000 0 255
1484556222.577087000 0 0
1484556222.585365000 0 0
1484556222.590781000 0 0
1484556222.523497000 0 0
1484556222.596482000 0 0
1484556222.729923000 0 0
1484556222.734427000 0 0
1484556222.733030000 0 0
1484556222.738599000 0 0
1484556222.758307000 0 85
1484556222.766324000 0 0
1484556222.798084000 0 109
1484556222.805822000 0 0
1484556222.873600000 0 144
1484556222.879897000 0 0
1484547288.910185000 0 4096
1484556222.881769000 0 0
1484556222.893910000 0 0
1484556222.898639000 0 0
1484547288.906078000 0 0
1484556222.907538000 0 0
1484556223.005741000 0 0
1484556223.027237000 0 0
1484556223.034917000 0 0
1484556223.032555000 0 188
1484556223.056028000 0 0
1484556223.061727000 0 0
1484556223.012326000 0 0
1484556223.066780000 0 0
1484547287.826539000 8797 53183
1484547288.522734000 1121935 30880
1484552003.416482000 1659 5376
1484556223.088356000 0 8787
1484556223.215824000 0 766
1484556223.222173000 0 175
1484556223.231665000 0 0
1484556223.255303000 0 204
1484556223.265264000 0 0
1484556223.296862000 0 0
1484547290.799861000 0 32768
1484556223.315888000 0 0
1484547290.795149000 57496 164024
1484556223.328858000 0 0
1484556223.333766000 0 0
1484556223.347760000 0 0
1484547290.794656000 0 4096
1484556223.358204000 0 0
1484556223.364660000 0 0
1484547290.773373000 0 0
1484556223.375070000 0 0
1484556223.385340000 0 0
1484556223.405589000 0 0
1484556223.411593000 0 23818
1484556223.438110000 0 0
1484556223.443587000 0 0
1484556223.391576000 0 0
1484556223.448324000 0 0
1484556223.543078000 0 0
1484547325.250460000 0 39266
1484547290.810610000 0 0
1484547290.803298000 0 0
1484547284.175969000 0 0
1484547285.081195000 408478 0
1484547286.888417000 360448 0
1484547288.895801000 8192 0
1484547287.467144000 24576 0
1484547796.761778000 65536 0
1484547285.273710000 4096 0
1484547284.625998000 118784 4096
1484547284.635527000 16384 4096
1484547290.770824000 1245184 65536
1484547290.764620000 98304 0
1484551960.967214000 98304 0
1484547305.255430000 10875 0
1484547305.230925000 5661 0
1484547305.199445000 14546 0
1484557460.980625000 0 0
1484557465.926846000 0 0
1484557465.930196000 0 0
1484557465.938323000 0 0
1484557506.276571000 0 0
1484557506.280500000 0 0
1484557506.289059000 0 0
1484557506.300526000 0 0
1484557506.320790000 0 0
1484557506.324557000 0 0
1484557506.328429000 0 0
1484557506.332148000 0 0
1484557506.349375000 0 0
1484557506.353269000 0 0
1484557506.365877000 0 0
1484557506.369551000 0 0
1484557506.373159000 0 0
1484557506.392380000 0 0
1484557506.395962000 0 0
1484557465.945074000 1338 0
1484557506.296890000 568 0
1484557506.307955000 504 0
1484557506.338365000 504 0
1484557506.379426000 398 0
1484559566.628665000 0 0
1484559566.639072000 0 0
1484561169.544537000 0 0
1484553194.712726000 0 0
1484549994.059575000 0 0
1484566010.835062000 0 0
1484566011.872349000 0 0
1484566012.037034000 0 0
1484566012.043442000 0 0
1484566012.492853000 0 0
1484566012.522510000 0 0
1484566012.564603000 0 0
1484566012.600713000 0 0
1484566012.631673000 0 0
1484566468.872154000 0 0
1484566468.878102000 0 0
1484549802.343992000 0 0
1484549805.901306000 0 0
1484549800.923625000 0 0
1484566891.663516000 0 0
1484566891.689602000 0 0
1484566891.693369000 0 0
1484566891.702252000 0 0
1484566891.715746000 0 0
1484566891.732304000 0 0
1484566891.739696000 0 0
1484566891.736739000 0 0
1484566891.747734000 0 0
1484566891.751499000 0 0
1484566891.778232000 0 0
1484566891.785426000 0 0
1484566891.782792000 0 0
1484566891.790572000 0 0
1484566891.794531000 0 0
1484566891.744731000 0 0
1484566891.809104000 0 0
1484566891.812688000 0 0
1484566891.825448000 0 0
1484566891.839773000 0 0
1484566891.881020000 0 0
1484566891.885038000 0 0
1484566891.908313000 0 0
1484566891.912285000 0 0
1484549802.884791000 0 0
1484566891.917292000 0 0
1484566891.939127000 0 0
1484566891.957642000 0 0
1484566891.961298000 0 0
1484566891.610582000 0 0
1484566893.946208000 0 0
1484566893.994408000 0 0
1484566891.674277000 0 0
1484566891.609523000 0 0
1484566891.726636000 255 0
1484566891.736519000 142 0
1484566891.757043000 175 0
1484566891.780407000 236 0
1484566891.794233000 543 0
1484566891.821525000 164 0
1484566891.847328000 44 0
1484566891.862493000 42 0
1484566891.874182000 76 0
1484566891.879659000 41 0
1484566891.896958000 2066 0
1484566891.913656000 49 0
1484566891.929076000 59 0
1484566891.943026000 57 0
1484566891.958966000 52 0
1484566891.974901000 47 0
1484566891.997779000 54 0
1484566892.016050000 46 0
1484566892.043745000 62 0
1484566892.063632000 55 0
1484566892.082464000 50 0
1484566892.105125000 54 0
1484566892.117543000 59 0
1484566892.227245000 55 0
1484566892.249184000 307 0
1484566892.280699000 62 0
1484566892.286100000 47 0
1484566892.324607000 89 0
1484566892.341949000 57 0
1484566892.358781000 61 0
1484566892.364746000 2066 0
1484566892.427082000 58 0
1484566892.463904000 225 0
1484566892.513519000 729 0
1484566892.534554000 70 0
1484566892.613111000 70 0
1484566892.629889000 57 0
1484566892.653548000 94 0
1484566892.667201000 67 0
1484566892.688132000 1162 0
1484566892.703546000 668 0
1484566892.723284000 70 0
1484566892.733675000 42 0
1484566892.750375000 76 0
1484566892.768669000 41 0
1484566892.791276000 46 0
1484566892.796801000 56 0
1484566892.803215000 49 0
1484566892.809595000 47 0
1484566892.816352000 54 0
1484566892.840042000 55 0
1484566892.855817000 54 0
1484566892.860827000 59 0
1484566892.866045000 48 0
1484566892.885444000 50 0
1484566892.891866000 58 0
1484566892.908798000 44 0
1484566892.930653000 70 0
1484566892.980600000 90 0
1484566892.999051000 57 0
1484566893.121173000 57 0
1484566893.127048000 89 0
1484566893.132902000 47 0
1484566893.138467000 47 0
1484566893.167040000 45 0
1484566893.186465000 91 0
1484566893.213610000 49 0
1484566893.234445000 159 0
1484566893.247604000 43 0
1484566893.253315000 89 0
1484566893.293029000 66 0
1484566893.317172000 55 0
1484566893.332852000 42 0
1484566893.338748000 73 0
1484566893.362302000 57 0
1484566893.383775000 71 0
1484566893.389950000 55 0
1484566893.395925000 48 0
1484566893.408343000 49 0
1484566893.418574000 51 0
1484566893.447246000 90 0
1484566893.476862000 70 0
1484566893.484472000 57 0
1484566893.515796000 73 0
1484566893.535309000 62 0
1484566893.540934000 47 0
1484566893.552273000 76 0
1484566893.558861000 94 0
1484566893.571184000 92 0
1484566893.585245000 60 0
1484566893.611937000 48 0
1484566893.623253000 61 0
1484566893.639635000 50 0
1484566893.661619000 2066 0
1484566893.674598000 242 0
1484566893.689170000 148 0
1484566893.706324000 53 0
1484566893.713124000 55 0
1484566893.735306000 46 0
1484566893.756975000 44 0
1484566893.763786000 57 0
1484566893.773774000 46 0
1484566893.820133000 53 0
1484566893.839387000 47 0
1484566893.865266000 45 0
1484566893.917140000 674 0
1484566893.937751000 197 0
1484566893.943979000 182 0
1484566893.964633000 226 0
1484566893.989782000 302 0
1484566894.022388000 134 0
1484566894.027763000 134 0
1484566894.038504000 134 0
1484566894.070794000 144 0
1484566894.312245000 134 0
1484566894.433891000 134 0
1484566894.449581000 134 0
1484566894.528980000 198 0
1484566894.544228000 127 0
1484566894.584178000 122 0
1484566894.603318000 122 0
1484566894.611399000 119 0
1484566894.618086000 2066 0
1484566894.638313000 162 0
1484566894.643702000 78 0
1484566894.773814000 133 0
1484566894.778882000 133 0
1484566894.786481000 134 0
1484566894.792894000 133 0
1484566894.807912000 133 0
1484566894.822839000 3888 0
1484566894.829548000 91 0
1484566894.841655000 43 0
1484566894.846569000 73 0
1484566894.854652000 57 0
1484566894.875801000 48 0
1484566894.888253000 70 0
1484566894.902702000 76 0
1484566894.910397000 204 0
1484566894.916041000 322 0
1484566894.931157000 232 0
1484566894.943253000 255 0
1484566895.063211000 273 0
1484566895.070757000 257 0
1484566895.087430000 242 0
1484566895.099800000 146 0
1484566895.219979000 226 0
1484566895.244815000 174 0
1484566895.249679000 338 0
1484566895.271215000 243 0
1484566895.295401000 173 0
1484566895.306796000 215 0
1484566895.742990000 250 0
1484566895.758315000 182 0
1484566895.879576000 192 0
1484566895.888845000 256 0
1484566895.905505000 118 0
1484566895.913947000 113 0
1484566895.919793000 651 0
1484566895.935322000 61 0
1484566895.950216000 51 0
1484566895.964143000 55 0
1484566895.969278000 62 0
1484566895.980161000 56 0
1484566895.985245000 61 0
1484566895.994409000 56 0
1484566896.005370000 51 0
1484566896.016514000 650 0
1484566961.360853000 0 0
1484566961.496652000 0 0
1484566961.500193000 0 0
1484566961.509722000 0 0
1484566961.519456000 0 0
1484566961.528090000 0 0
1484566961.760007000 0 0
1484566961.775514000 0 0
1484566962.087834000 0 0
1484566962.091253000 0 0
1484566962.095163000 0 0
1484566962.099579000 0 0
1484566962.138015000 0 0
1484566962.141772000 0 0
1484566962.204446000 0 0
1484566962.206861000 0 0
1484566962.324037000 0 0
1484566962.328537000 0 0
1484566962.331434000 0 0
1484566962.334432000 0 0
1484566962.338677000 0 0
1484566971.744478000 0 0
1484566971.747029000 0 0
1484566971.750198000 0 0
1484566971.752883000 0 0
1484566972.327225000 0 0
1484566972.333765000 0 0
1484566972.339727000 0 0
1484566972.344680000 0 0
1484566961.381419000 1397 0
1484566961.407385000 0 0
1484566961.448871000 0 0
1484566961.771001000 398 0
1484566961.516850000 446 0
1484566961.796817000 80 0
1484566962.106728000 226 0
1484566962.125482000 302 0
1484571583.950726000 0 0
1484571588.864256000 0 0
1484571588.867486000 0 0
1484571588.876004000 0 0
1484571629.859648000 0 0
1484571629.864096000 0 0
1484571629.872933000 0 0
1484571629.884776000 0 0
1484571629.906704000 0 0
1484571629.911034000 0 0
1484571629.915304000 0 0
1484571629.919626000 0 0
1484571629.940249000 0 0
1484571629.944423000 0 0
1484571629.961063000 0 0
1484571629.965426000 0 0
1484571629.969939000 0 0
1484571629.997161000 0 0
1484571630.002300000 0 0
1484571588.882661000 1338 0
1484571629.880951000 568 0
1484571629.893689000 504 0
1484571629.926727000 504 0
1484571629.977272000 398 0
1484571826.733573000 0 0
1484572951.308919000 0 0
1484572951.315456000 0 0
1484566962.032590000 0 0
1484566961.699656000 0 0
1484573877.686800000 0 0
1484573877.722603000 0 0
1484573877.725747000 0 0
1484573877.728896000 0 0
1484573877.732136000 0 0
1484573877.735725000 0 0
1484573877.741094000 0 0
1484573877.738864000 0 0
1484573877.856604000 0 0
1484573877.959172000 0 0
1484573878.052836000 0 0
1484573878.011316000 0 0
1484573878.099096000 0 0
1484566962.157473000 0 0
1484573878.103565000 0 0
1484573878.329585000 0 0
1484573878.334392000 0 0
1484573878.372216000 0 0
1484573878.399090000 0 0
1484573878.508446000 0 0
1484573878.551300000 0 0
1484573878.556405000 0 0
1484573878.561127000 0 0
1484573878.569186000 0 0
1484573878.574575000 0 0
1484573878.581991000 0 0
1484573878.586870000 0 0
1484573877.689447000 0 0
1484573877.671268000 0 0
1484573877.699484000 0 0
1484573887.203353000 0 0
1484573887.207736000 0 0
1484573887.217691000 0 0
1484573877.694744000 255 0
1484573877.699801000 142 0
1484573877.704258000 175 0
1484573877.709543000 236 0
1484573877.715761000 543 0
1484573877.721143000 164 0
1484573877.727488000 44 0
1484573877.732322000 42 0
1484573877.737371000 76 0
1484573877.742218000 41 0
1484573877.754062000 2066 0
1484573877.767307000 49 0
1484573877.779230000 59 0
1484573877.832206000 54 0
1484573877.844961000 46 0
1484573877.858089000 62 0
1484573877.870465000 55 0
1484573877.883243000 50 0
1484573877.896372000 54 0
1484573877.908382000 59 0
1484573877.920885000 55 0
1484573877.934964000 307 0
1484573877.948291000 62 0
1484573877.960627000 47 0
1484573877.973078000 89 0
1484573877.985709000 57 0
1484573877.998022000 61 0
1484573878.013977000 2066 0
1484573878.027750000 58 0
1484573878.043078000 225 0
1484573878.056064000 729 0
1484573878.070280000 70 0
1484573878.084661000 70 0
1484573877.748030000 57 0
1484573877.761022000 94 0
1484573877.773149000 67 0
1484573877.785196000 0 0
1484573877.825740000 42 0
1484573877.838510000 76 0
1484573877.851832000 41 0
1484573877.864226000 46 0
1484573877.876536000 56 0
1484573877.889814000 49 0
1484573877.902381000 47 0
1484573877.914596000 54 0
1484573877.927067000 55 0
1484573877.942050000 54 0
1484573877.954530000 59 0
1484573877.966262000 48 0
1484573877.979475000 50 0
1484573877.991841000 58 0
1484573878.006755000 44 0
1484573878.021917000 70 0
1484573878.035785000 90 0
1484573878.049280000 57 0
1484573878.063721000 57 0
1484573878.077385000 89 0
1484573878.091542000 47 0
1484573878.218182000 47 0
1484573878.234156000 45 0
1484573878.248989000 91 0
1484573878.265683000 49 0
1484573878.281792000 159 0
1484573878.297482000 43 0
1484573878.310232000 89 0
1484573878.110118000 66 0
1484573878.116547000 55 0
1484573878.125082000 42 0
1484573878.131539000 73 0
1484573878.138147000 57 0
1484573878.145613000 71 0
1484573878.153007000 55 0
1484573878.159636000 48 0
1484573878.167357000 49 0
1484573878.174789000 51 0
1484573878.181588000 90 0
1484573878.189392000 70 0
1484573878.196419000 57 0
1484573878.204084000 73 0
1484573878.211579000 62 0
1484573878.226232000 47 0
1484573878.242692000 76 0
1484573878.258259000 94 0
1484573878.273855000 92 0
1484573878.289604000 60 0
1484573878.304524000 48 0
1484573878.317317000 61 0
1484573878.323716000 50 0
1484573878.348627000 2066 0
1484573878.362955000 242 0
1484573878.374406000 148 0
1484573878.387908000 53 0
1484573878.400656000 55 0
1484573878.414186000 46 0
1484573878.426311000 44 0
1484573878.439540000 57 0
1484573878.453503000 46 0
1484573878.466004000 53 0
1484573878.480100000 47 0
1484573878.496451000 45 0
1484573878.342010000 674 0
1484573878.356292000 197 0
1484573878.368854000 182 0
1484573878.380470000 226 0
1484573878.393872000 302 0
1484573878.407700000 134 0
1484573878.419958000 134 0
1484573878.432545000 134 0
1484573878.446699000 144 0
1484573878.459550000 134 0
1484573878.473239000 134 0
1484573878.488046000 134 0
1484573878.504133000 198 0
1484573878.516478000 127 0
1484573878.528223000 122 0
1484573878.539180000 122 0
1484573878.548142000 119 0
1484573878.567487000 2066 0
1484573878.575847000 162 0
1484573878.583360000 78 0
1484573878.590441000 133 0
1484573878.597068000 133 0
1484573878.602818000 134 0
1484573878.608226000 133 0
1484573878.613689000 133 0
1484573878.620534000 3888 0
1484573878.630430000 91 0
1484573878.639378000 43 0
1484573878.646446000 73 0
1484573878.651673000 57 0
1484573878.657287000 48 0
1484573878.665989000 70 0
1484573878.670739000 76 0
1484573878.676150000 204 0
1484573878.680502000 322 0
1484573878.686332000 232 0
1484573878.695819000 255 0
1484573878.701040000 273 0
1484573878.706006000 257 0
1484573878.710711000 242 0
1484573878.716023000 146 0
1484573878.721011000 226 0
1484573878.726443000 174 0
1484573878.731814000 338 0
1484573878.737301000 243 0
1484573878.744393000 173 0
1484573878.750464000 215 0
1484573878.757027000 250 0
1484573878.763556000 182 0
1484573878.769549000 192 0
1484573878.775293000 256 0
1484573878.783378000 118 0
1484573878.790091000 113 0
1484573878.797938000 651 0
1484573878.805287000 61 0
1484573878.811601000 51 0
1484573878.818078000 55 0
1484573878.824652000 62 0
1484573878.830680000 56 0
1484573878.836383000 61 0
1484573878.842461000 56 0
1484573878.849057000 51 0
1484573878.855541000 650 0
1484573887.225738000 446 0
1484547263.178598000 0 0
