1484555269.338885000 0 0
1484555269.885385000 0 0
1484555273.071696000 0 0
1484555274.611892000 0 0
1484555269.337200000 0 0
1484555278.559786000 0 0
1484555279.074859000 0 0
1484555289.011434000 0 0
1484555292.884324000 0 0
1484555274.605610000 0 0
1484555295.910030000 0 0
1484555292.909117000 0 0
1484555299.621885000 0 0
1484555299.639089000 0 0
1484555299.661396000 0 0
1484555299.666999000 0 0
1484555299.680911000 0 0
1484555299.689568000 0 0
1484555299.703088000 0 0
1484555276.250006000 19429 0
1484555301.902185000 0 0
1484555302.025056000 0 0
1484555273.060650000 0 0
1484555302.145648000 7280 0
1484555306.636735000 0 0
1484555306.789982000 0 0
1484555306.990176000 0 0
1484555306.994108000 0 0
1484555306.998038000 0 0
1484555307.002195000 0 0
1484555306.298877000 0 0
1484555307.078748000 0 0
1484555307.081572000 0 0
1484555307.084076000 0 0
1484555307.086671000 0 0
1484555307.103142000 0 0
1484555307.106072000 0 0
1484555307.108910000 0 0
1484555307.115224000 0 0
1484555304.496647000 8192 0
1484555307.122585000 0 0
1484555307.127719000 0 0
1484555307.126263000 0 0
1484555307.165163000 0 0
1484555307.163726000 0 0
1484555307.171493000 0 0
1484555307.168967000 0 0
1484555307.217675000 0 0
1484555307.214702000 0 0
1484555307.218280000 0 0
1484555307.225311000 0 0
1484555307.231230000 0 0
1484555307.234810000 0 0
1484555307.258714000 0 0
1484555307.257267000 0 0
1484555307.271015000 0 0
1484555307.317090000 0 0
1484555307.314370000 0 0
1484555307.866419000 0 0
1484555307.876129000 0 0
1484555307.878253000 0 0
1484555307.878993000 0 0
1484555307.881239000 0 0
1484555307.883566000 0 0
1484555307.911301000 0 0
1484555307.999228000 0 0
1484555307.996078000 0 0
1484555308.010650000 0 0
1484555308.014306000 0 0
1484555308.016919000 0 0
1484555308.020225000 0 0
1484555308.027643000 0 0
1484555308.029437000 0 0
1484555308.026455000 0 0
1484555308.041732000 0 0
1484555308.044173000 0 0
1484555308.046545000 0 0
1484555308.048826000 0 0
1484555308.053335000 0 0
1484555308.121654000 0 0
1484555308.119697000 0 0
1484555295.904316000 0 0
1484555310.241876000 0 0
1484555310.236414000 0 0
1484555312.253753000 0 0
1484555302.227907000 6519 0
1484555303.276671000 269618 0
1484555307.067146000 23664 0
1484556158.584895000 0 0
1484556220.570150000 0 0
1484556296.486366000 0 0
1484557210.139117000 0 0
1484557243.583035000 0 0
1484560972.385745000 0 0
1484560974.364360000 0 0
1484560975.831395000 0 0
1484560975.859490000 0 0
1484560975.865119000 0 0
1484560975.881237000 0 0
1484560976.638301000 0 0
1484560976.642571000 0 0
1484560976.646604000 0 0
1484560976.809431000 0 0
1484560976.877417000 0 0
1484560976.893137000 0 0
1484560976.905262000 0 0
1484560976.924234000 0 0
1484560976.929657000 0 0
1484560976.934700000 0 0
1484560976.940266000 0 0
1484560976.946422000 0 0
1484560976.952357000 0 0
1484560976.957611000 0 0
1484560976.962987000 0 0
1484560976.968133000 0 0
1484560976.973787000 0 0
1484560976.980997000 0 0
1484560976.987174000 0 0
1484560976.993231000 0 0
1484560977.007955000 0 0
1484560977.013983000 0 0
1484560977.026914000 0 0
1484560977.038254000 0 0
1484560977.051970000 0 0
1484560977.061611000 0 0
1484560977.116394000 0 0
1484560977.130256000 0 0
1484560977.147400000 0 0
1484560977.165776000 0 0
1484560977.175686000 0 0
1484560977.191335000 0 0
1484560977.195409000 0 0
1484560977.206033000 0 0
1484560977.214139000 0 0
1484560977.222903000 0 0
1484560977.226944000 0 0
1484560977.230974000 0 0
1484560981.234555000 0 0
1484560981.431421000 0 0
1484560986.568629000 0 0
1484560986.604402000 0 0
1484560986.607356000 0 0
1484560986.613096000 0 0
1484560986.621961000 0 0
1484560986.618664000 0 0
1484560986.854421000 0 0
1484560986.851779000 0 0
1484560986.863063000 0 0
1484560986.860023000 0 0
1484560986.899375000 0 0
1484560986.894236000 0 0
1484560986.915103000 0 0
1484560986.911960000 0 0
1484560981.294829000 7862 0
1484560989.023917000 0 0
1484560989.027189000 0 0
1484560989.063029000 1048576 0
1484562080.572516000 14745 0
1484560987.436639000 0 0
1484560972.392957000 0 0
1484560989.200220000 53248 352256
1484566556.705170000 0 0
1484566556.704935000 0 0
1484566558.713397000 0 0
1484566558.708565000 0 0
1484566560.719178000 0 0
1484569281.602425000 0 0
1484569283.359740000 0 0
1484569288.928877000 0 0
1484569288.934618000 0 0
1484569288.940402000 0 0
1484569288.945823000 0 0
1484569288.951424000 0 0
1484569288.957123000 0 0
1484569288.962139000 0 0
1484569288.967289000 0 0
1484569288.972489000 0 0
1484569288.977768000 0 0
1484569288.983021000 0 0
1484569288.988118000 0 0
1484569288.992763000 0 0
1484569288.997687000 0 0
1484569289.002421000 0 0
1484569289.007272000 0 0
1484569289.012638000 0 0
1484569289.017521000 0 0
1484569293.842423000 0 0
1484569295.525022000 0 0
1484569299.996768000 0 0
1484569300.694036000 0 0
1484569293.834255000 0 0
1484569303.662050000 0 0
1484569300.700956000 0 0
1484569304.318363000 0 0
1484569312.878791000 0 0
1484569295.520163000 0 0
1484569319.128214000 0 0
1484569319.133256000 0 0
1484569319.138340000 0 0
1484569320.316441000 0 0
1484569297.630134000 14272 0
1484569322.860503000 0 0
1484569306.157183000 15993 0
1484569306.586422000 14115 0
1484569329.815916000 0 0
1484569320.322451000 0 0
1484569332.056510000 0 0
1484569303.693741000 0 0
1484569315.454942000 16347 0
1484569323.166893000 14272 0
1484569324.106713000 14693 0
1484570550.432186000 0 0
1484570550.437396000 0 0
1484570550.442335000 0 0
1484570550.447010000 0 0
1484570550.451885000 0 0
1484570550.456847000 0 0
1484570550.461145000 0 0
1484570550.465788000 0 0
1484570550.470154000 0 0
1484570550.474625000 0 0
1484570550.479295000 0 0
1484570550.484151000 0 0
1484570550.489466000 0 0
1484570550.494238000 0 0
1484570550.498959000 0 0
1484570550.503869000 0 0
1484570550.507990000 0 0
1484570550.512438000 0 0
1484570550.516749000 0 0
1484570550.521425000 0 0
1484570551.707916000 0 0
1484570551.712730000 0 0
1484570551.729190000 0 0
1484570551.743331000 0 0
1484570551.748150000 0 0
1484570551.752945000 0 0
1484572817.038528000 0 0
1484555307.217231000 0 165
1484572824.478004000 0 0
1484572824.481076000 0 0
1484572824.495902000 0 0
1484572824.500628000 0 0
1484572824.506110000 0 0
1484572824.511691000 0 0
1484572824.543178000 0 0
1484572824.545823000 0 0
1484572824.548773000 0 0
1484572824.551211000 0 0
1484572824.561115000 0 0
1484572824.645595000 0 0
1484572824.643199000 0 0
1484572824.659899000 0 0
1484572824.657948000 0 0
1484572824.661351000 0 0
1484572824.657520000 0 0
1484572824.669388000 0 0
1484572824.756081000 0 0
1484572824.754166000 0 0
1484572825.182407000 0 0
1484555307.063152000 0 0
1484572826.984074000 0 0
1484572828.222605000 0 0
1484572828.228165000 0 0
1484572828.233217000 0 0
1484572825.202512000 87134 0
1484572825.281499000 0 0
1484572839.705181000 0 0
1484572839.710367000 0 0
1484572839.715290000 0 0
1484572839.720485000 0 0
1484572839.725788000 0 0
1484572839.730974000 0 0
1484572839.735802000 0 0
1484572839.740927000 0 0
1484572839.746623000 0 0
1484572839.751517000 0 0
1484572842.371309000 0 0
1484572842.376264000 0 0
1484572842.381257000 0 0
1484572842.386770000 0 0
1484572842.392375000 0 0
1484572843.979275000 0 0
1484572845.768014000 0 0
1484572848.528607000 0 0
1484572826.984161000 0 0
1484572848.571924000 0 0
1484572852.318237000 0 0
1484572852.901617000 0 0
1484572853.083602000 0 0
1484572853.299549000 0 0
1484572853.303118000 0 0
1484572853.307143000 0 0
1484572853.311043000 0 0
1484572852.326839000 0 0
1484572853.915390000 0 0
1484572853.917987000 0 0
1484572853.920509000 0 0
1484572853.923068000 0 0
1484572853.933387000 0 0
1484572853.936113000 0 0
1484572853.939398000 0 0
1484572853.942386000 0 0
1484572853.949206000 0 0
1484572853.954660000 0 0
1484572853.953102000 0 0
1484572853.961479000 0 0
1484572853.959107000 0 0
1484572848.577194000 7280 0
1484572848.591040000 6519 0
1484572849.229893000 13675 0
1484572853.982737000 0 0
1484572854.071688000 0 0
1484572854.068703000 0 0
1484572854.080925000 0 0
1484572854.148456000 0 0
1484572854.142949000 0 0
1484572854.157782000 0 0
1484572854.156096000 0 0
1484572854.170511000 0 0
1484572854.166759000 0 0
1484572854.551061000 0 0
1484572854.560336000 0 0
1484572854.563163000 0 0
1484572854.565775000 0 0
1484572854.670639000 0 0
1484572854.669683000 0 0
1484572854.709013000 0 0
1484572854.711406000 0 0
1484572854.716989000 0 0
1484572854.720408000 0 0
1484572854.727696000 0 0
1484572854.730131000 0 0
1484572854.733590000 0 0
1484572854.736219000 0 0
1484572854.741051000 0 0
1484572854.795902000 0 0
1484572854.800069000 0 0
1484572854.802593000 0 0
1484572854.804915000 0 0
1484572854.809600000 0 0
1484572854.677782000 15472 0
1484572854.839453000 0 0
1484572854.837835000 0 0
1484572854.846573000 0 0
1484572854.949970000 0 0
1484572854.947196000 0 0
1484555312.248350000 0 0
1484572857.582810000 0 0
1484572857.585216000 0 0
1484572857.577927000 0 0
1484572859.606771000 0 0
1484572859.605534000 0 0
1484572852.291833000 290426 0
1484572853.382287000 95508 0
1484572854.686245000 0 0
1484572857.603444000 15472 0
1484573478.539223000 0 0
1484573478.543178000 0 0
1484573478.547258000 0 0
1484573478.551251000 0 0
1484573478.559465000 0 0
1484573478.556817000 0 0
1484573502.132321000 0 0
1484572854.549851000 0 165
1484573509.880631000 0 0
1484573509.905516000 0 0
1484573509.910741000 0 0
1484573509.917413000 0 0
1484573509.925707000 0 0
1484573509.939836000 0 0
1484573509.943009000 0 0
1484573509.945794000 0 0
1484573509.949029000 0 0
1484573509.955730000 0 0
1484573510.006122000 0 0
1484573510.002899000 0 0
1484573510.015719000 0 0
1484573510.014159000 0 0
1484573510.022353000 0 0
1484573510.019536000 0 0
1484573510.028406000 0 0
1484573510.114358000 0 0
1484573510.112284000 0 0
1484573510.540527000 0 0
1484573510.539268000 0 0
1484572853.378586000 0 0
1484573510.563323000 15472 0
1484573510.577735000 0 0
1484573510.564258000 90906 0
1484573510.637088000 0 0
1484573525.740167000 0 0
1484573525.797924000 0 0
1484573526.032853000 0 0
1484573526.252855000 0 0
1484573526.256675000 0 0
1484573526.260545000 0 0
1484573526.264947000 0 0
1484573525.482696000 0 0
1484573526.360201000 0 0
1484573526.362867000 0 0
1484573526.365817000 0 0
1484573526.368273000 0 0
1484573526.377163000 0 0
1484573526.380391000 0 0
1484573526.383841000 0 0
1484573526.389290000 0 0
1484573526.395639000 0 0
1484573526.410983000 0 0
1484573526.409407000 0 0
1484573526.418619000 0 0
1484573526.416124000 0 0
1484573526.464409000 0 0
1484573526.461809000 0 0
1484573526.474437000 0 0
1484573526.472240000 0 0
1484573526.483886000 0 0
1484573526.480620000 0 0
1484573526.492996000 0 0
1484573526.499136000 0 0
1484573526.509580000 0 0
1484573526.513117000 0 0
1484573526.598912000 0 0
1484573526.598968000 0 0
1484573526.596599000 0 0
1484573526.612764000 0 0
1484573526.613182000 0 0
1484573526.615471000 0 0
1484573526.618058000 0 0
1484573526.621463000 0 0
1484573526.627758000 0 0
1484573526.630214000 0 0
1484573526.633101000 0 0
1484573526.635584000 0 0
1484573526.640619000 0 0
1484573526.692956000 0 0
1484573526.696961000 0 0
1484573526.699983000 0 0
1484573526.702885000 0 0
1484573526.707817000 0 0
1484573526.736622000 0 0
1484573526.735062000 0 0
1484573526.742181000 0 0
1484573526.861050000 0 0
1484573526.857412000 0 0
1484573527.008846000 0 0
1484573527.011773000 0 0
1484573529.536709000 0 0
1484573529.539513000 0 0
1484573531.553769000 0 0
1484573531.555207000 0 0
1484573525.073203000 286778 0
1484573526.335586000 63863 0
1484573527.018200000 15472 0
1484573527.028599000 0 0
1484574654.591405000 0 0
1484574654.594250000 0 0
1484574654.593096000 0 0
1484574656.598620000 0 0
1484574656.599696000 0 0
1484572859.588660000 0 0
1484574658.623702000 0 0
1484574658.624991000 0 0
1484574654.916327000 15472 0
1484574654.962818000 0 0
1484574654.918696000 272043 0
1484574680.505410000 0 0
1484574680.527416000 0 0
1484574680.526084000 0 0
1484574682.529363000 0 0
1484574682.530648000 0 0
1484574684.554900000 0 0
1484574684.556268000 0 0
1484574694.687274000 0 0
1484574694.702458000 0 0
1484574694.703592000 0 0
1484574696.713789000 0 0
1484574696.714856000 0 0
1484574698.730773000 0 0
1484574698.732148000 0 0
1484574680.535897000 15472 0
1484574680.547307000 0 0
1484574680.539902000 544086 0
1484574819.213371000 0 0
1484574819.218748000 0 0
1484574819.219782000 0 0
1484574821.241269000 0 0
1484574821.239867000 0 0
1484574823.244809000 0 0
1484574823.243484000 0 0
1484574819.232386000 15472 0
1484574819.244231000 0 0
1484574819.233061000 272043 0
1484574841.442649000 0 0
1484574841.447087000 0 0
1484574841.446150000 0 0
1484574843.457939000 0 0
1484574843.462328000 0 0
1484574845.470515000 0 0
1484574845.471628000 0 0
1484574841.454390000 15472 0
1484574841.466249000 0 0
1484574841.455343000 272043 0
1484574873.828435000 0 0
1484574873.831575000 0 0
1484574873.832622000 0 0
1484574875.844147000 0 0
1484574875.843144000 0 0
1484574877.843093000 0 0
1484574877.844220000 0 0
1484574873.843564000 15472 0
1484574873.854510000 0 0
1484574873.841762000 272043 0
1484574915.574917000 0 0
1484574915.580253000 0 0
1484574915.579263000 0 0
1484574917.594399000 0 0
1484574917.595548000 0 0
1484574919.603713000 0 0
1484574919.604829000 0 0
1484574923.334580000 0 0
1484574923.333097000 0 0
1484574925.344879000 0 0
1484574925.345881000 0 0
1484574927.357826000 0 0
1484574927.356768000 0 0
1484574658.604802000 0 0
1484574928.372085000 0 0
1484574928.371146000 0 0
1484574931.382339000 0 0
1484574931.381284000 0 0
1484574915.586864000 15472 0
1484574915.595556000 0 0
1484574915.590669000 725448 0
1484574981.594890000 0 0
1484574981.597981000 0 0
1484574981.598997000 0 0
1484574983.619213000 0 0
1484574983.620393000 0 0
1484574985.622164000 0 0
1484574985.624759000 0 0
1484574990.474976000 0 0
1484574990.475961000 0 0
1484574992.487602000 0 0
1484574992.486641000 0 0
1484574994.499370000 0 0
1484574994.500272000 0 0
1484574981.607190000 15472 0
1484574981.618466000 0 0
1484574981.608807000 544086 0
1484575022.560800000 0 0
1484575022.564282000 0 0
1484575022.565203000 0 0
1484575024.575910000 0 0
1484575024.576924000 0 0
1484575026.590989000 0 0
1484575026.589803000 0 0
1484575028.601686000 0 0
1484575028.602740000 0 0
1484575022.571032000 15472 0
1484575022.580386000 0 0
1484575022.575379000 362724 0
1484575156.875618000 0 0
1484575156.881468000 0 0
1484575156.882604000 0 0
1484575158.890672000 0 0
1484575158.891637000 0 0
1484575160.903047000 0 0
1484575160.904001000 0 0
1484575156.926631000 15472 0
1484575165.461180000 0 0
1484575165.458682000 0 0
1484575167.471008000 0 0
1484575167.471944000 0 0
1484575169.485020000 0 0
1484575169.483880000 0 0
1484575156.937283000 0 0
1484575165.469708000 15472 0
1484575171.497005000 0 0
1484575171.498114000 0 0
1484575173.509177000 0 0
1484575173.508202000 0 0
1484575156.931206000 725448 0
1484575171.508391000 15472 0
1484575224.941401000 0 0
1484575224.944671000 0 0
1484575224.945590000 0 0
1484575226.958433000 0 0
1484575226.957256000 0 0
1484575228.969683000 0 0
1484575228.970628000 0 0
1484575236.616382000 0 0
1484575236.615144000 0 0
1484575224.956082000 362724 0
1484575224.954052000 15497 0
1484575236.628529000 0 0
1484575319.179242000 0 0
1484575319.184799000 0 0
1484575319.183812000 0 0
1484575319.240245000 90681 0
1484575321.197727000 0 0
1484575321.198798000 0 0
1484575321.209513000 90681 0
1484575323.207951000 0 0
1484575323.208966000 0 0
1484575323.217356000 90681 0
1484575319.239215000 15497 0
1484575319.254991000 0 0
1484575352.893948000 0 0
1484575352.907132000 0 0
1484575352.906035000 0 0
1484575352.922034000 90681 0
1484575354.912184000 0 0
1484575354.916898000 0 0
1484575354.925485000 90681 0
1484575356.921725000 0 0
1484575356.920653000 0 0
1484575356.929659000 90681 0
1484575352.917352000 15497 0
1484575352.928799000 0 0
1484575571.271705000 0 0
1484575571.294554000 0 0
1484575571.293036000 0 0
1484574928.368241000 0 0
1484575573.303045000 0 0
1484575573.301734000 0 0
1484575573.287013000 0 0
1484575575.311028000 0 0
1484575575.312191000 0 0
1484575571.327799000 0 0
1484575571.313491000 272043 0
1484575571.312971000 15497 0
1484573526.497547000 0 165
1484575619.486326000 0 0
1484575619.489508000 0 0
1484575619.527262000 0 0
1484575619.531077000 0 0
1484575619.534776000 0 0
1484575619.538833000 0 0
1484575619.555362000 0 0
1484575619.557967000 0 0
1484575619.560940000 0 0
1484575619.563445000 0 0
1484575619.571559000 0 0
1484575619.743694000 0 0
1484575619.740425000 0 0
1484575619.755310000 0 0
1484575619.753216000 0 0
1484575619.821420000 0 0
1484575619.816609000 0 0
1484575619.828084000 0 0
1484575619.914850000 0 0
1484575619.911916000 0 0
1484575620.256355000 0 0
1484575620.258569000 0 0
1484573526.331453000 0 0
1484575622.988993000 0 0
1484575623.192057000 0 0
1484575623.023055000 0 0
1484575620.263863000 15497 0
1484575620.274462000 0 0
1484575620.267646000 90681 0
1484575620.326818000 0 0
1484575623.208571000 6570 0
1484576067.540223000 0 0
1484576067.544373000 0 0
1484576069.558881000 0 0
1484576071.570607000 0 0
1484576067.559554000 15497 0
1484576067.575400000 0 0
1484576076.730298000 0 0
1484575575.298386000 0 0
1484576078.742656000 0 0
1484576078.740030000 0 0
1484576080.751182000 0 0
1484576076.739175000 15497 0
1484576076.754008000 0 0
1484577952.453710000 0 0
1484577954.453567000 0 0
1484577956.467755000 0 0
1484576080.753992000 0 0
1484577962.753033000 0 0
1484577967.980226000 0 0
1484577952.470528000 15497 0
1484577952.487503000 0 0
