1484552967.972301000 0 0
1484552967.989437000 0 0
1484552968.002369000 0 0
1484552968.018506000 0 0
1484552968.029466000 0 0
1484552969.027744000 282 0
1484552969.239580000 282 0
1484552969.309584000 0 0
1484552969.318237000 0 0
1484552969.336984000 0 0
1484552970.061258000 0 0
1484552970.068460000 0 0
1484552970.073240000 0 0
1484552970.080340000 0 0
1484552970.103285000 0 0
1484552970.131259000 0 0
1484552970.138366000 0 0
1484552970.177452000 0 0
1484552970.181379000 0 0
1484552970.188259000 0 0
1484552970.193275000 0 0
1484552970.200481000 0 0
1484552970.200703000 0 0
1484552970.209481000 0 0
1484552970.121486000 0 0
1484552969.300820000 111 0
1484552970.135951000 1978 0
1484552970.153843000 402 0
1484552970.027244000 282 0
1484552970.192469000 129 0
1484552970.214074000 1998 0
1484552970.221129000 504 0
1484552970.174776000 730 0
1484552970.187385000 1740 0
1484552970.441705000 0 0
1484552970.451378000 0 0
1484552970.552453000 0 0
1484552988.063462000 0 0
1484552988.071135000 0 0
1484552988.086703000 0 0
1484552988.092104000 0 0
1484552988.103228000 0 0
1484552988.307155000 0 0
1484552988.347958000 0 0
1484552988.463942000 0 0
1484552988.481675000 0 0
1484552988.506772000 0 0
1484552988.526566000 0 0
1484552988.542805000 0 0
1484552988.565556000 0 0
1484552988.572187000 0 0
1484552988.589149000 0 0
1484552988.716464000 0 0
1484552988.756568000 0 0
1484552988.970423000 0 0
1484552989.131320000 0 0
1484552989.138208000 0 0
1484552989.143281000 0 0
1484552989.151254000 0 0
1484552989.158193000 0 0
1484552989.196621000 0 0
1484552989.268385000 0 0
1484552989.280354000 0 0
1484552989.341535000 0 0
1484552989.736600000 0 0
1484552989.761238000 0 0
1484552989.812235000 0 0
1484552989.967503000 0 0
1484552990.032777000 0 0
1484552990.041617000 0 18830
1484552991.112158000 0 0
1484552991.121169000 0 0
1484552989.987890000 18830 0
1484552990.006586000 0 0
1484552991.129410000 0 0
1484552991.286494000 0 0
1484552991.415661000 0 0
1484552991.862381000 0 0
1484552992.001411000 0 0
1484552992.203267000 0 0
1484552992.210302000 0 0
1484552992.877134000 0 0
1484552992.918773000 0 0
1484552992.936503000 0 0
1484552993.012221000 0 0
1484552992.930636000 0 0
1484552993.026362000 0 0
1484552993.049421000 0 0
1484552993.056643000 0 0
1484552993.062396000 0 0
1484552993.070768000 0 0
1484552993.184212000 0 0
1484552993.222045000 0 0
1484552993.243934000 0 0
1484552993.270859000 0 0
1484552993.285245000 0 0
1484552993.291256000 0 0
1484552993.304869000 0 0
1484552993.319395000 0 0
1484552993.326420000 0 0
1484552993.045796000 0 0
1484552993.336325000 0 0
1484552993.343181000 0 0
1484552993.351307000 0 0
1484552993.366348000 0 0
1484552993.378342000 0 0
1484552993.396382000 0 0
1484552993.402226000 0 0
1484552993.409221000 0 0
1484552993.373197000 0 0
1484552993.419236000 0 0
1484552993.428456000 0 0
1484552993.456377000 0 0
1484552993.462217000 0 0
1484552993.470248000 0 0
1484552993.512367000 0 0
1484552993.519442000 0 0
1484552993.526471000 0 0
1484552993.532222000 0 0
1484552993.540334000 0 0
1484552993.565309000 0 0
1484552993.574247000 0 0
1484552993.581231000 0 0
1484552993.446316000 0 0
1484552993.591244000 0 0
1484552993.602153000 0 0
1484552993.613209000 0 0
1484552993.621214000 0 0
1484552993.610311000 0 0
1484552993.631299000 0 0
1484552993.664416000 0 0
1484552993.676512000 0 0
1484552993.672264000 0 0
1484552993.686714000 0 0
1484552994.277734000 0 0
1484552994.415915000 0 0
1484552994.457206000 0 0
1484552994.470223000 0 0
1484552994.533411000 131072 0
1484552994.616264000 0 0
1484552994.910918000 0 0
1484552994.917624000 0 2
1484552994.933128000 0 0
1484552994.940148000 0 0
1484552994.478860000 2 0
1484552994.888347000 0 0
1484552994.946603000 0 0
1484552995.087214000 0 53
1484552991.284037000 204 0
1484552995.098541000 0 0
1484552970.437263000 129 0
1484552970.541610000 129 0
1484552970.560967000 544 0
1484552995.746503000 0 0
1484552995.773500000 0 0
1484553000.277799000 0 0
1484553000.930293000 0 0
1484553000.951116000 0 0
1484553001.045987000 0 0
1484553000.879366000 7132 3617
1484552987.907467000 1978 0
1484552987.942304000 0 0
1484552988.002257000 0 0
1484552989.741453000 0 0
1484553001.477308000 0 984484
1484553003.396392000 0 0
1484553003.486810000 0 168488
1484553003.586424000 0 0
1484553003.601125000 0 135712
1484553004.236487000 0 0
1484553004.252750000 0 234040
1484553004.356531000 0 0
1484553004.370721000 0 234040
1484553004.476464000 0 0
1484553004.491808000 0 234040
1484553004.599377000 0 0
1484553004.616812000 0 234040
1484553004.721313000 0 0
1484553005.788171000 0 266816
1484553005.909539000 0 0
1484553005.927354000 0 135712
1484553006.170284000 0 0
1484553006.186982000 0 135712
1484553006.419267000 0 0
1484553006.439649000 0 135712
1484553006.526565000 0 0
1484553006.542677000 0 135712
1484553006.716143000 0 0
1484553006.730666000 0 135712
1484553006.800416000 0 0
1484553006.816675000 0 135712
1484553006.900251000 0 0
1484553006.920764000 0 135712
1484553007.036425000 0 0
1484553007.050699000 0 135712
1484553007.206191000 0 0
1484553007.222668000 0 135712
1484553007.360306000 0 0
1484553007.376827000 0 135712
1484553007.449286000 0 0
1484553007.466739000 0 135712
1484553007.566277000 0 0
1484553007.580697000 0 135712
1484553007.670277000 0 0
1484553007.686657000 0 135712
1484553007.966318000 0 0
1484553008.060764000 0 168488
1484553008.143232000 0 0
1484553008.161476000 0 135712
1484553008.449363000 0 0
1484553008.460763000 0 234040
1484553008.689281000 0 0
1484553009.068961000 0 234040
1484553009.170266000 0 0
1484553009.186827000 0 135712
1484553009.262273000 0 0
1484553009.276615000 0 135712
1484553009.346157000 0 0
1484553009.360747000 0 135712
1484553009.429517000 0 0
1484553009.446587000 0 135712
1484553009.519662000 0 0
1484553009.532847000 0 135712
1484553009.686158000 0 0
1484553009.877816000 0 168488
1484553009.963261000 0 0
1484553009.981106000 0 135712
1484553010.059261000 0 0
1484553010.071627000 0 234040
1484553010.173236000 0 0
1484553010.691826000 0 234040
1484553010.800433000 0 0
1484553010.817155000 0 135712
1484553010.889301000 0 0
1484553010.906620000 0 135712
1484553010.980240000 0 0
1484553010.996652000 0 135712
1484553011.069248000 0 0
1484553011.086478000 0 135712
1484553011.161237000 0 0
1484553011.176645000 0 135712
1484553011.250260000 0 0
1484553011.267644000 0 135712
1484553011.346121000 0 0
1484553011.360751000 0 135712
1484553011.436101000 0 0
1484553011.453610000 0 135712
1484553011.526072000 0 0
1484553011.657003000 0 168488
1484553011.739225000 0 0
1484553011.756468000 0 135712
1484553011.830239000 0 0
1484552984.912298000 282 0
1484552988.473508000 10 0
1484552988.492433000 10 0
1484552988.519464000 194 0
1484552988.623854000 208 0
1484552988.846491000 15312 0
1484552989.001981000 16384 0
1484552989.100072000 302 0
1484552989.306298000 497 0
1484552989.753558000 1764 0
1484552989.785030000 12031 0
1484552989.838102000 208620 0
1484552990.659167000 0 0
1484552991.308483000 32768 0
1484552991.873282000 504 0
1484552991.940790000 7645 0
1484552992.015289000 2934 0
1484552992.901554000 2622 0
1484552993.764697000 10 0
1484552994.284223000 363 0
1484552994.425390000 27 0
1484552995.115147000 24 0
1484552992.039027000 25 0
1484552995.176030000 9833 0
1484553022.897321000 0 2934
1484553022.915763000 0 0
1484553046.354825000 0 0
1484553046.386134000 0 0
1484553046.405833000 0 0
1484553046.417857000 0 0
1484553046.457813000 0 66
1484553046.441157000 66 0
1484553046.470890000 0 0
1484553050.079071000 0 0
1484553050.142388000 0 136
1484553050.159305000 0 0
1484553050.106653000 136 0
1484553050.156996000 0 0
1484553050.185862000 0 0
1484553050.199825000 0 0
1484553050.232311000 0 9982
1484553050.247284000 0 0
1484553050.245980000 0 0
1484553050.291380000 51 0
1484553107.780125000 0 0
1484553247.642649000 0 0
1484553247.653601000 0 0
1484553247.669002000 0 0
1484553247.684667000 0 0
1484553247.718820000 0 0
1484553247.724598000 0 0
1484553247.731689000 0 0
1484553247.738946000 0 0
1484553247.768861000 0 0
1484553247.775674000 0 0
1484553247.803741000 0 0
1484553247.810668000 0 0
1484553247.815685000 0 0
1484553247.968911000 0 0
1484553247.974694000 0 0
1484553248.158986000 0 0
1484553248.542590000 0 0
1484553248.788880000 0 0
1484553248.793791000 0 0
1484553249.043740000 0 0
1484553249.050829000 0 0
1484553249.054701000 0 0
1484553249.068851000 0 0
1484553249.072700000 0 0
1484553249.078820000 0 0
1484553249.092752000 0 0
1484553249.098913000 0 0
1484553249.111655000 0 0
1484553249.115647000 0 0
1484553250.072515000 0 203894
1484553250.108513000 0 0
1484553247.402898000 203250 0
1484553250.105051000 0 0
1484553248.672624000 0 0
1484553265.852522000 0 0
1484553247.785091000 282 0
1484553247.678984000 402 0
1484553247.700426000 504 0
1484553247.747129000 504 0
1484553247.945011000 402 0
1484553294.324093000 0 363
1484553294.350959000 0 0
1484553294.348034000 0 0
1484553295.760095000 0 302
1484553352.863527000 0 208787
1484553352.900398000 0 0
1484553352.898107000 0 0
1484553464.923512000 0 0
1484553107.789695000 7713 4266
1484553529.916101000 0 0
1484553530.017333000 0 0
1484553530.027077000 0 0
1484553530.045082000 0 0
1484553530.133225000 0 0
1484553530.140720000 0 0
1484553530.580854000 0 0
1484553530.686251000 2681 3946
1484553530.715741000 0 70160
1484553530.770947000 0 0
1484553508.701591000 564 0
1484553530.058124000 402 0
1484553591.331119000 0 7645
1484553591.352138000 0 0
1484553591.350717000 0 0
1484553530.724044000 0 10008
1484553650.348429000 0 11112
1484553650.370561000 0 0
1484553650.367583000 0 0
1484553800.848001000 0 0
1484553800.902702000 0 0
1484553800.935927000 0 0
1484553800.944891000 0 15244
1484553800.975396000 0 0
1484553800.983440000 0 0
1484553800.989432000 0 0
1484553800.912732000 0 0
1484553800.997637000 0 0
1484553801.054442000 0 0
1484553801.083511000 0 0
1484553950.389691000 0 11408
1484553950.412692000 0 0
1484553950.410292000 0 0
1484554492.353197000 0 11411
1484554492.366427000 0 0
1484554492.365087000 0 0
1484555095.638455000 0 11411
1484555095.657582000 0 0
1484555095.656124000 0 0
1484553624.140710000 0 15552
1484555264.510101000 0 0
1484555264.714248000 0 0
1484555264.725134000 0 0
1484555264.741205000 0 0
1484555264.794089000 0 0
1484555264.801432000 0 0
1484555265.803070000 0 0
1484555264.553044000 0 0
1484555264.751711000 402 0
1484555264.761537000 282 0
1484555264.504026000 0 0
1484555295.939786000 0 0
1484555296.273756000 0 0
1484555296.270173000 0 0
1484555296.370098000 0 0
1484555295.944929000 0 0
1484555296.382948000 0 0
1484555295.912074000 0 0
1484555295.909797000 0 0
1484555308.742727000 0 168488
1484555308.829998000 0 0
1484555296.295097000 226 0
1484555296.356146000 282 0
1484555296.396659000 134 0
1484555296.410560000 134 0
1484555296.423494000 134 0
1484555296.437827000 144 0
1484555296.453806000 134 0
1484555296.466916000 134 0
1484555296.477066000 134 0
1484555235.710597000 0 20383
1484555395.686754000 0 11411
1484555395.709613000 0 0
1484555395.707210000 0 0
1484555992.102182000 0 11411
1484555992.120818000 0 0
1484555992.119401000 0 0
1484556292.125986000 0 11411
1484556292.140948000 0 0
1484556292.139541000 0 0
1484558992.369481000 0 11412
1484558992.383252000 0 0
1484558992.381879000 0 0
1484559292.420765000 0 11412
1484559292.443470000 0 0
1484559292.440396000 0 0
1484559690.775154000 0 0
1484559690.788388000 0 0
1484562949.708576000 0 11412
1484562949.727369000 0 0
1484562949.724866000 0 0
1484565993.344837000 0 0
1484565993.354510000 0 0
1484566192.829304000 0 11415
1484566192.844625000 0 0
1484566192.842194000 0 0
1484566492.890279000 0 11415
1484566492.910949000 0 0
1484566492.906744000 0 0
1484569703.149284000 0 11415
1484569703.169337000 0 0
1484569703.166841000 0 0
1484569808.773613000 0 0
1484569808.783587000 0 0
1484569808.795721000 0 0
1484569808.813576000 0 0
1484569808.834702000 0 0
1484569808.838594000 0 0
1484569808.844688000 0 0
1484569808.848662000 0 0
1484569808.868621000 0 0
1484569808.875137000 0 0
1484569808.898582000 0 0
1484569808.904643000 0 0
1484569808.910655000 0 0
1484569808.943571000 0 0
1484569808.948664000 0 0
1484569809.333660000 0 0
1484569809.338845000 0 0
1484569809.668633000 0 0
1484569809.674728000 0 0
1484569809.680692000 0 0
1484569809.696609000 0 0
1484569809.703642000 0 0
1484569809.710669000 0 0
1484569809.728598000 0 0
1484569809.734670000 0 0
1484569809.748580000 0 0
1484569809.754704000 0 0
1484569810.121716000 0 0
1484569810.095949000 0 204526
1484569808.884696000 282 0
1484569808.807388000 402 0
1484569808.822671000 504 0
1484569808.857474000 504 0
1484569808.922077000 402 0
1484569814.445789000 0 0
1484569983.150199000 0 0
1484569983.253289000 0 0
1484569983.264064000 0 0
1484569983.281175000 0 0
1484569983.644144000 0 0
1484569983.653076000 0 0
1484569983.660634000 0 0
1484569983.673180000 0 0
1484569983.693101000 0 0
1484569983.700079000 0 0
1484569983.704159000 0 0
1484569983.711146000 0 0
1484569983.731089000 0 0
1484569983.735054000 0 0
1484569983.742127000 0 0
1484569983.763063000 0 0
1484569983.770172000 0 0
1484569984.310371000 0 0
1484569984.282844000 0 205215
1484570003.199724000 0 11415
1484570003.219701000 0 0
1484570003.215335000 0 0
1484569983.293286000 282 0
1484569983.668739000 402 0
1484569983.682337000 504 0
1484569983.715273000 504 0
1484569983.749035000 402 0
1484570210.978046000 0 0
1484570214.552155000 0 0
1484570214.716453000 0 0
1484570214.724171000 0 0
1484570214.739168000 0 0
1484570214.792452000 0 0
1484570214.877247000 0 0
1484570214.883186000 0 0
1484570214.968214000 0 0
1484570214.984148000 0 0
1484570214.989296000 0 0
1484570215.018282000 0 0
1484570215.028259000 0 0
1484570215.045158000 0 0
1484570215.049160000 0 0
1484570215.102045000 0 0
1484570215.106154000 0 0
1484570215.129133000 0 0
1484570215.138142000 0 0
1484570215.144164000 0 0
1484570215.148218000 0 0
1484570215.191980000 0 0
1484570215.197169000 0 0
1484570215.205179000 0 0
1484570215.212006000 0 0
1484570222.794681000 0 0
1484570215.037918000 0 0
1484570214.749383000 282 0
1484570215.056426000 402 0
1484570215.116205000 402 0
1484570215.160199000 504 0
1484570215.217412000 504 0
1484570214.997416000 1978 0
1484570215.065019000 1998 0
1484570215.019177000 730 0
1484570215.045629000 1740 0
1484570222.927020000 0 0
1484570222.935018000 0 0
1484570222.951853000 0 0
1484570227.897152000 0 0
1484570227.911639000 0 0
1484570227.917094000 0 0
1484570227.925035000 0 0
1484570227.932484000 0 0
1484570227.943316000 0 0
1484570227.956975000 0 0
1484570228.013013000 0 0
1484570228.017960000 0 0
1484570228.025965000 0 0
1484570228.261763000 0 0
1484569988.428587000 0 0
1484570228.268061000 0 0
1484570228.301548000 0 0
1484570228.286299000 0 0
1484570228.317919000 0 0
1484570228.454105000 0 0
1484570228.471680000 0 0
1484570228.461691000 0 0
1484570228.481508000 0 0
1484570228.605165000 0 0
1484570228.614171000 0 0
1484570228.576814000 0 0
1484570228.585900000 0 30997
1484570228.665961000 0 0
1484570228.711912000 0 0
1484570228.635299000 0 0
1484570228.723209000 0 0
1484570228.644282000 0 0
1484570228.772338000 0 162
1484570228.781649000 0 0
1484570228.786914000 0 0
1484570228.804034000 0 0
1484570228.815096000 0 0
1484570228.812977000 0 0
1484570228.836907000 0 0
1484570228.843983000 0 0
1484570228.847956000 0 0
1484570228.857956000 0 0
1484570228.872980000 0 0
1484570228.867163000 0 0
1484570228.882049000 0 0
1484570228.896906000 0 0
1484570228.903983000 0 0
1484570228.904964000 0 0
1484570228.911673000 0 0
1484570228.898090000 0 0
1484570228.942954000 0 0
1484570228.941547000 0 0
1484570228.983001000 0 0
1484570228.977109000 0 0
1484570228.991872000 0 0
1484570228.991723000 730 0
1484570229.002072000 1740 0
1484570229.023997000 0 0
1484570229.037967000 0 0
1484570229.094997000 0 0
1484570229.087055000 0 0
1484570230.954000000 0 0
1484570230.951592000 0 0
1484570215.124439000 0 0
1484570215.123283000 0 0
1484570232.968092000 0 0
1484570232.965166000 0 0
1484570229.072048000 13999 0
1484570229.117821000 16384 0
1484570229.145288000 6760 0
1484570229.239350000 19456 0
1484570229.296088000 18432 0
1484570229.366538000 16896 0
1484570229.414907000 6698 0
1484570229.801609000 0 0
1484570229.821715000 0 0
1484570230.986100000 730 0
1484570230.994097000 1740 0
1484570235.927208000 0 0
1484570235.897615000 0 205849
1484570228.740604000 8071 0
1484570229.791672000 1998 0
1484570229.813202000 1978 0
1484570303.240243000 0 11415
1484570303.259138000 0 0
1484570303.254683000 0 0
1484570583.515143000 0 0
1484570583.521439000 0 0
1484570583.594084000 0 0
1484570583.602840000 0 0
1484570583.617869000 0 0
1484570583.632916000 0 0
1484570583.652787000 0 0
1484570583.656844000 0 0
1484570583.663890000 0 0
1484570583.667924000 0 0
1484570583.674894000 0 0
1484570583.681330000 0 0
1484570583.691336000 0 0
1484570583.627097000 282 0
1484570583.711398000 0 0
1484570583.716882000 0 0
1484570583.721518000 0 0
1484570583.705088000 0 0
1484570583.741525000 0 0
1484570583.745827000 0 0
1484570583.752989000 0 0
1484570583.756855000 0 0
1484570583.771376000 0 0
1484570583.793967000 0 0
1484570583.788156000 0 0
1484570583.805994000 0 0
1484570583.833892000 0 0
1484570583.826102000 0 0
1484570583.888012000 0 0
1484570583.896842000 0 0
1484570583.903932000 0 0
1484570583.905956000 0 0
1484570583.912874000 0 0
1484570583.897965000 0 0
1484570583.931468000 0 0
1484570583.925034000 0 0
1484570603.275573000 0 11415
1484570603.295446000 0 0
1484570603.293106000 0 0
1484570706.600020000 0 0
1484570706.638135000 0 0
1484570706.642801000 0 0
1484570706.657864000 0 0
1484570706.671831000 0 0
1484570708.293893000 0 0
1484570708.302921000 0 0
1484570228.748177000 0 0
1484570708.278856000 0 33938
1484570708.372790000 0 0
1484570708.411089000 0 0
1484570708.342120000 0 0
1484570708.420044000 0 0
1484570708.352104000 0 0
1484570708.491987000 0 0
1484570709.297738000 0 0
1484570709.299873000 0 0
1484570706.664950000 282 0
1484570710.650902000 0 0
1484570710.657667000 0 0
1484570710.661876000 0 0
1484570710.667688000 0 0
1484570710.687670000 0 0
1484570710.691929000 0 0
1484570710.697926000 0 0
1484570710.697922000 0 0
1484570710.698176000 0 0
1484570710.702887000 0 0
1484570710.706959000 0 0
1484570710.710105000 0 0
1484570710.707822000 0 0
1484570710.714047000 0 0
1484570710.732819000 0 0
1484570710.729224000 0 0
1484570710.744866000 0 0
1484570710.758839000 0 0
1484570710.762752000 0 0
1484570710.768763000 0 0
1484570710.772740000 0 0
1484570710.783772000 0 0
1484570709.350489000 730 0
1484570709.357758000 1740 0
1484570710.824815000 0 0
1484570710.821023000 0 0
1484570710.842825000 0 0
1484570710.848922000 0 0
1484570710.857803000 0 0
1484570710.954773000 0 0
1484570710.948956000 0 0
1484570711.312765000 0 0
1484570711.309356000 0 0
1484570713.322776000 0 0
1484570713.320920000 0 0
1484570711.359130000 730 0
1484570711.363957000 1740 0
1484570715.333776000 0 0
1484570715.331884000 0 0
1484570708.437265000 8963 0
1484570708.445100000 0 0
1484570728.943747000 0 0
1484570728.959730000 0 0
1484570728.978714000 0 0
1484570728.999793000 0 0
1484570729.031723000 0 0
1484570729.040685000 0 0
1484570729.048793000 0 0
1484570729.057244000 0 0
1484570729.082712000 0 0
1484570729.091687000 0 0
1484570729.098636000 0 0
1484570729.127189000 0 0
1484570729.132699000 0 0
1484570735.084014000 0 0
1484570735.110594000 0 0
1484570735.128742000 0 0
1484570735.515063000 0 0
1484570735.610026000 0 0
1484570739.397077000 0 0
1484570735.637329000 0 0
1484570728.992035000 402 0
1484570729.010887000 504 0
1484570729.067025000 504 0
1484570729.103794000 402 0
1484570736.094991000 22191 0
1484570735.589939000 1978 0
1484570735.806346000 1998 0
1484570713.363051000 1460 0
1484570713.370070000 3480 0
1484570739.513673000 0 0
1484570745.246927000 0 0
1484570745.256934000 0 0
1484570745.261572000 0 0
1484570745.268619000 0 0
1484570745.274179000 0 0
1484570745.283914000 0 0
1484570745.296713000 0 0
1484570745.306693000 0 0
1484570745.310451000 0 0
1484570745.316717000 0 0
1484570745.492668000 0 0
1484570745.499656000 0 0
1484570745.679673000 0 0
1484570745.699507000 0 0
1484570745.687128000 0 0
1484570745.713485000 0 0
1484570745.811601000 0 0
1484570745.819616000 0 0
1484570745.790446000 0 0
1484570745.797690000 0 12776
1484570745.866687000 0 0
1484570745.899760000 0 0
1484570745.837827000 0 0
1484570745.907665000 0 0
1484570745.847801000 0 0
1484570745.941347000 0 162
1484570745.958639000 0 0
1484570745.967644000 0 0
1484570745.962374000 0 0
1484570745.978490000 0 0
1484570745.978626000 0 0
1484570745.986741000 0 0
1484570745.999400000 0 0
1484570746.003645000 0 0
1484570746.009458000 0 0
1484570746.016772000 0 0
1484570746.019355000 0 0
1484570746.023438000 0 0
1484570746.028452000 0 0
1484570746.029606000 0 0
1484570746.022687000 0 0
1484570746.046666000 0 0
1484570746.057468000 0 0
1484570746.051578000 0 0
1484570746.107673000 0 0
1484570746.097744000 0 0
1484570746.116882000 0 0
1484570746.210657000 0 0
1484570746.202839000 0 0
1484570746.292664000 0 0
1484570746.290687000 0 0
1484570746.360476000 0 0
1484570748.292594000 0 0
1484570748.289452000 0 0
1484570750.298598000 0 0
1484570750.296836000 0 0
1484570746.406829000 1978 0
1484570745.923401000 4395 0
1484570746.726939000 1998 0
1484570746.373757000 13999 0
1484570746.393670000 16384 0
1484570746.411629000 0 0
1484570746.419495000 6760 0
1484570746.432633000 19456 0
1484570746.446810000 18432 0
1484570746.463889000 16896 0
1484570746.711920000 6698 0
1484570746.731608000 0 0
1484570746.737709000 17554 0
1484570746.338776000 730 0
1484570746.347684000 1740 0
1484570825.407862000 0 0
1484570825.456211000 0 0
1484570825.460767000 0 0
1484570825.479865000 0 0
1484570825.499729000 0 0
1484570826.879872000 0 0
1484570826.888886000 0 0
1484570745.930756000 0 0
1484570826.865487000 0 15637
1484570826.950760000 0 0
1484570826.997236000 0 0
1484570826.916047000 0 0
1484570827.005966000 0 0
1484570826.928187000 0 0
1484570828.088719000 0 0
1484570827.996310000 0 0
1484570825.494581000 282 0
1484570829.140700000 0 0
1484570829.148648000 0 0
1484570829.154252000 0 0
1484570829.157710000 0 0
1484570829.158585000 0 0
1484570829.159702000 0 0
1484570829.165630000 0 0
1484570829.164202000 0 0
1484570829.168296000 0 0
1484570829.169639000 0 0
1484570829.175766000 0 0
1484570829.179648000 0 0
1484570829.186635000 0 0
1484570829.190680000 0 0
1484570829.204923000 0 0
1484570829.226843000 0 0
1484570829.220067000 0 0
1484570829.237796000 0 0
1484570829.249946000 0 0
1484570829.257388000 0 0
1484570829.264241000 0 0
1484570829.267719000 0 0
1484570829.285715000 0 0
1484570828.258696000 730 0
1484570828.266864000 1740 0
1484570829.305709000 0 0
1484570829.299985000 0 0
1484570829.314361000 0 0
1484570829.420739000 0 0
1484570829.414547000 0 0
1484570228.273072000 0 0
1484570829.885951000 0 0
1484570829.880902000 0 0
1484570831.896813000 0 0
1484570831.894304000 0 0
1484570829.927012000 730 0
1484570829.934461000 1740 0
1484570833.908759000 0 0
1484570833.906852000 0 0
1484570831.947958000 730 0
1484570831.956981000 1740 0
1484570827.028315000 5175 0
1484570827.036152000 0 0
1484570844.134148000 0 0
1484570844.404417000 0 0
1484570844.430723000 0 0
1484570833.958090000 730 0
1484570833.964452000 1740 0
1484570859.813703000 0 0
1484570844.421595000 1620 0
1484570870.666683000 0 0
1484570878.135418000 0 0
1484570878.153009000 0 0
1484570878.173014000 0 0
1484570878.276497000 0 0
1484570878.288496000 0 0
1484570878.296380000 0 0
1484570878.308351000 0 0
1484570878.315358000 0 0
1484570878.338337000 0 0
1484570878.369265000 0 0
1484570878.378365000 0 0
1484570878.385294000 0 0
1484570878.397384000 0 0
1484570878.399388000 0 0
1484570878.407411000 0 0
1484570878.414318000 0 0
1484570878.422853000 0 0
1484570878.428225000 0 0
1484570878.435313000 0 0
1484570878.454359000 0 0
1484570878.456402000 0 0
1484570878.464217000 0 0
1484570844.446218000 4158 0
1484570878.184840000 282 0
1484570878.469449000 0 0
1484570878.309628000 1978 0
1484570878.476297000 0 0
1484570878.318593000 730 0
1484570878.323108000 402 0
1484570878.329449000 1740 0
1484570878.337544000 1998 0
1484570878.392347000 402 0
1484570878.407718000 504 0
1484570878.487417000 504 0
1484570878.535255000 0 0
1484570878.539365000 0 0
1484570878.547558000 0 0
1484570880.948541000 0 0
1484570880.956316000 0 0
1484570880.962823000 0 0
1484570880.968449000 0 0
1484570880.997348000 0 0
1484570881.012935000 0 0
1484570881.017338000 0 0
1484570881.024275000 0 0
1484570881.029290000 0 0
1484570881.058475000 0 0
1484570878.575657000 13999 0
1484570883.753057000 16384 0
1484570884.083617000 0 0
1484570884.094618000 6760 0
1484570884.343074000 730 0
1484570884.369286000 19456 0
1484570884.762004000 18432 0
1484570889.862807000 0 0
1484570889.868228000 0 0
1484570889.876203000 0 0
1484570889.885220000 0 0
1484570889.895264000 0 0
1484570889.906152000 0 0
1484570891.437337000 0 0
1484570891.497636000 0 0
1484570891.507336000 0 0
1484570891.525214000 0 0
1484570891.539161000 0 0
1484570891.567271000 0 0
1484570891.562839000 0 0
1484570893.792465000 0 0
1484570893.798329000 0 0
1484570893.866216000 0 0
1484570893.882527000 0 0
1484570893.939368000 0 0
1484570893.945185000 0 0
1484570893.952505000 0 0
1484570893.957192000 0 0
1484570893.985141000 0 0
1484570885.988405000 16896 0
1484570886.747607000 6698 0
1484570886.765434000 17554 0
1484570891.434491000 0 0
1484570891.534346000 282 0
1484570893.882627000 1978 0
1484570887.814393000 1740 0
1484570887.839397000 0 0
1484570893.887447000 730 0
1484570898.647442000 0 0
1484570898.654251000 0 0
1484570898.659188000 0 0
1484570898.666192000 0 0
1484570898.672492000 0 0
1484570884.069643000 1978 0
1484570887.822861000 1998 0
1484570903.079444000 0 0
1484570903.087182000 0 0
1484570903.103212000 0 0
1484570903.113133000 0 0
1484570903.134164000 0 0
1484570903.128265000 0 0
1484570903.327193000 0 11415
1484570903.346817000 0 0
1484570903.344379000 0 0
1484570886.016402000 11541 0
1484570889.945318000 0 0
1484570898.697564000 0 0
1484570903.042296000 0 0
1484570911.535219000 0 0
1484570911.549150000 0 0
1484570911.557277000 0 0
1484570916.932113000 0 0
1484570897.716328000 1740 0
1484570927.193312000 0 0
1484570927.272249000 0 66068
1484570927.303285000 0 0
1484570911.543370000 2079 0
1484570911.560476000 15637 0
1484570911.565311000 33938 0
1484570939.259021000 0 70160
1484570939.311402000 0 0
1484570947.411306000 0 0
1484570947.472189000 0 66068
1484570947.506159000 0 0
1484570984.414257000 0 66068
1484570984.451843000 0 0
1484570990.976097000 0 66068
1484570991.010290000 0 0
1484571067.597793000 0 0
1484571067.639988000 0 1811
1484571067.659717000 0 0
1484571067.671697000 0 0
1484571067.680670000 0 0
1484571067.634317000 0 0
1484571067.608491000 0 0
1484571067.691901000 0 0
1484571067.911629000 0 0
1484571067.922550000 0 0
1484571067.940707000 0 0
1484571068.352596000 0 0
1484571068.359799000 0 0
1484571068.821673000 0 0
1484571068.830594000 0 0
1484571068.837393000 0 0
1484571068.848638000 0 0
1484571068.870632000 0 0
1484571068.877306000 0 0
1484571068.881639000 0 0
1484571068.888638000 0 0
1484571068.911583000 0 0
1484571068.918639000 0 0
1484571068.932593000 0 0
1484571068.939702000 0 0
1484571069.298868000 0 0
1484571069.270344000 0 206434
1484570916.958592000 204676 0
1484571073.618858000 0 0
1484571073.550577000 0 0
1484571087.583432000 0 0
1484571087.681640000 0 0
1484571087.692456000 0 0
1484571087.710478000 0 0
1484571088.086939000 0 0
1484571088.093401000 0 0
1484571088.100498000 0 0
1484571088.111496000 0 0
1484571088.132405000 0 0
1484571088.139447000 0 0
1484571088.146866000 0 0
1484571088.166828000 0 0
1484571088.171460000 0 0
1484571088.192426000 0 0
1484571088.199562000 0 0
1484571088.798798000 0 0
1484571088.770280000 0 207120
1484571068.367932000 564 0
1484571068.842809000 804 0
1484571068.857510000 1008 0
1484571068.892855000 1008 0
1484571067.951835000 804 0
1484571092.880381000 0 0
1484571203.368099000 0 11417
1484571203.387194000 0 0
1484571203.385823000 0 0
1484571260.279283000 0 0
1484571260.324325000 0 1858
1484571260.338985000 0 0
1484571260.352034000 0 0
1484571260.358053000 0 0
1484571260.318707000 0 0
1484571260.293522000 0 0
1484571260.369211000 0 0
1484571261.994170000 0 0
1484571261.964794000 0 207621
1484571266.147223000 282 0
1484571073.624035000 204676 0
1484571463.821341000 0 0
1484571463.845161000 22463 0
1484571463.904063000 0 70160
1484571463.958534000 0 0
1484571503.400564000 0 11417
1484571503.419547000 0 0
1484571503.417133000 0 0
1484571522.660347000 0 70160
1484571522.714764000 0 0
1484571531.408896000 0 0
1484571531.380911000 0 208192
1484571535.550918000 282 0
1484571803.447284000 0 11417
1484571803.462970000 0 0
1484571803.460535000 0 0
1484571892.243872000 0 0
1484571892.255491000 0 0
1484571892.273745000 0 0
1484571892.295459000 0 0
1484571892.323974000 0 0
1484571892.330500000 0 0
1484571892.339767000 0 0
1484571892.347637000 0 0
1484571892.377449000 0 0
1484571892.385508000 0 0
1484571892.410577000 0 0
1484571892.419494000 0 0
1484571892.427553000 0 0
1484571892.460557000 0 0
1484571892.469558000 0 0
1484571893.624104000 0 0
1484571893.596377000 0 208769
1484571892.287898000 402 0
1484571892.305764000 504 0
1484571892.359266000 504 0
1484571892.438523000 402 0
1484571919.197408000 0 0
1484571919.218368000 0 0
1484571892.393978000 282 0
1484571930.156270000 0 0
1484571941.762414000 0 0
1484571919.207392000 1620 0
1484571945.145463000 0 0
1484571955.728137000 0 0
1484571955.814147000 0 0
1484571955.906256000 0 0
1484571955.916914000 0 0
1484571955.935978000 0 0
1484571956.582152000 0 0
1484571956.589022000 0 0
1484571956.596102000 0 0
1484571956.606108000 0 0
1484571956.629015000 0 0
1484571956.636141000 0 0
1484571956.644083000 0 0
1484571956.664048000 0 0
1484571956.669080000 0 0
1484571956.693926000 0 0
1484571956.698982000 0 0
1484571956.934294000 0 0
1484571956.906692000 0 209416
1484571919.228672000 2079 0
1484571955.953202000 282 0
1484571956.602238000 402 0
1484571956.616132000 504 0
1484571956.649272000 504 0
1484571956.677303000 402 0
1484571955.736045000 0 0
1484571990.353879000 0 0
1484571990.371122000 0 0
1484572004.733628000 0 0
1484571990.361626000 1620 0
1484572016.320461000 0 0
1484572026.789987000 0 0
1484572036.899961000 0 0
1484572048.502301000 0 0
1484572059.515151000 0 0
1484572072.604030000 0 0
1484572086.238502000 0 0
1484572096.408904000 0 0
1484572103.491712000 0 11418
1484572103.514359000 0 0
1484572103.511285000 0 0
1484572115.152747000 0 0
1484572115.167369000 0 0
1484571945.155014000 204676 0
1484572120.509706000 0 0
1484572129.782721000 0 0
1484572115.158744000 1620 0
1484572142.226702000 0 0
1484572155.390455000 0 0
1484572165.846390000 0 0
1484572175.856365000 0 0
1484572185.996206000 0 0
1484572200.115280000 0 0
1484572210.940021000 0 0
1484572221.017762000 0 0
1484572232.928841000 0 0
1484572245.580751000 0 0
1484572267.248390000 0 0
1484572286.342650000 0 0
1484572299.042379000 0 0
1484572309.135196000 0 0
1484572327.731643000 0 0
1484572340.071198000 0 0
1484572351.026983000 0 0
1484572364.926535000 0 0
1484572377.665492000 0 0
1484572389.660379000 0 0
1484572403.159413000 0 0
1484572403.530080000 0 11418
1484572403.548887000 0 0
1484572403.545416000 0 0
1484572415.141314000 0 0
1484572415.192383000 0 0
1484572425.290008000 0 0
1484572437.811780000 0 0
1484572442.893412000 0 0
1484572442.903678000 0 0
1484572442.921728000 0 0
1484572449.449775000 0 0
1484572449.454736000 0 0
1484572449.463719000 0 0
1484572449.477857000 0 0
1484572449.711287000 0 0
1484572449.718936000 0 0
1484572449.691690000 0 0
1484571990.375738000 8316 0
1484572442.937730000 282 0
1484572479.437721000 0 0
1484572483.371326000 0 0
1484572483.383303000 0 0
1484572483.401337000 0 0
1484572483.421365000 0 0
1484572483.452385000 0 0
1484572483.459403000 0 0
1484572483.466974000 0 0
1484572483.491280000 0 0
1484572483.498364000 0 0
1484572483.516909000 0 0
1484572483.521538000 0 0
1484572483.550281000 0 0
1484572483.556869000 0 0
1484572490.411614000 0 0
1484572503.182452000 0 0
1484572483.281673000 282 0
1484572483.414356000 402 0
1484572483.436318000 504 0
1484572483.475130000 504 0
1484572483.531242000 402 0
1484572517.546127000 0 0
1484572527.850154000 0 0
1484572540.325498000 0 0
1484572558.787935000 0 0
1484572570.799914000 0 0
1484572581.790811000 0 0
1484572595.883781000 0 0
1484572595.893862000 0 0
1484572479.449886000 2079 0
1484572598.880599000 0 0
1484572120.520944000 204676 0
1484572607.004586000 0 0
1484572598.892908000 2079 0
1484572703.564453000 0 11418
1484572703.585187000 0 0
1484572703.582903000 0 0
1484572707.240806000 0 0
1484572707.257642000 0 0
1484572415.208338000 10721 7052
1484572607.009814000 204676 0
1484555348.039203000 0 39745
1484572712.610420000 0 0
1484572713.086619000 0 0
1484572717.540298000 0 0
1484572707.249877000 1620 0
1484572707.265627000 2079 0
1484572747.315236000 0 0
1484572757.495382000 0 0
1484572774.651007000 0 0
1484572792.511884000 0 0
1484572747.325443000 4158 0
1484572806.483870000 0 0
1484572818.001765000 0 0
1484572830.727169000 0 0
1484572806.495020000 2079 0
1484572887.151940000 0 0
1484572887.165300000 0 0
1484572887.181953000 0 0
1484572887.199862000 0 0
1484572887.229974000 0 0
1484572887.238843000 0 0
1484572887.246901000 0 0
1484572887.255288000 0 0
1484572887.280870000 0 0
1484572887.288905000 0 0
1484572887.317928000 0 0
1484572887.326826000 0 0
1484572887.335833000 0 0
1484572887.361842000 0 0
1484572887.369871000 0 0
1484572888.540221000 0 0
1484572888.513001000 0 210094
1484572712.618639000 204676 0
1484572893.017953000 0 0
1484572913.344888000 0 0
1484572913.365822000 0 0
1484572887.194991000 402 0
1484572887.211075000 504 0
1484572887.261052000 504 0
1484572887.343839000 402 0
1484572887.298174000 282 0
1484572713.095803000 13428 0
1484572924.474545000 0 0
1484572913.354072000 1620 0
1484572913.373830000 2079 0
1484572893.025795000 204676 0
1484572965.518251000 0 0
1484572965.528031000 204676 0
1484553464.953406000 89631 16935
1484572994.135131000 0 0
1484572994.145104000 0 0
1484572994.157852000 95090 0
1484572994.208357000 0 0
1484572994.233757000 0 0
1484572994.276641000 0 70160
1484572994.326328000 0 0
1484572994.339921000 0 70160
1484572994.389263000 0 0
1484572994.259914000 0 3276
1484573003.613016000 0 11418
1484573003.628618000 0 0
1484573003.626187000 0 0
1484573042.735643000 0 0
1484573043.015690000 0 0
1484573043.023625000 0 0
1484573043.037610000 0 0
1484573057.700529000 0 0
1484573057.730441000 0 0
1484573057.722472000 0 0
1484573043.051447000 402 0
1484573043.058599000 282 0
1484573042.775464000 0 0
1484573042.730795000 0 0
1484573079.403203000 0 0
1484573079.419909000 0 0
1484573079.412182000 0 0
1484573079.409828000 0 0
1484573079.381189000 0 0
1484573079.379642000 0 0
1484573082.524586000 0 0
1484573082.534225000 0 0
1484573082.550347000 0 0
1484573093.459722000 0 0
1484573093.469967000 1770 0
1484573093.487969000 0 1594
1484573079.422294000 226 0
1484573079.432113000 282 0
1484573079.444125000 134 0
1484573079.455000000 134 0
1484573079.464909000 134 0
1484573079.475062000 144 0
1484573079.484156000 134 0
1484573079.493949000 134 0
1484573079.504205000 134 0
1484573082.562375000 402 0
1484573082.569912000 282 0
1484573082.309755000 0 0
1484573082.281262000 0 0
1484573131.442790000 0 0
1484573131.452914000 0 0
1484573131.462801000 0 0
1484573131.450012000 0 0
1484573131.452764000 0 0
1484573131.418269000 0 0
1484573131.419822000 0 0
1484573137.844978000 0 0
1484573137.853703000 0 0
1484573137.869771000 0 0
1484573150.021644000 0 0
1484573150.060773000 0 0
1484573150.052735000 0 0
1484573131.461043000 226 0
1484573131.468471000 282 0
1484573131.475065000 134 0
1484573131.482965000 134 0
1484573131.489970000 134 0
1484573131.493995000 144 0
1484573131.500940000 134 0
1484573131.504913000 134 0
1484573131.514916000 134 0
1484573137.878325000 402 0
1484573137.881904000 282 0
1484573208.066212000 0 0
1484573137.670704000 0 0
1484573137.648237000 0 0
1484573208.368269000 0 0
1484573208.377209000 0 0
1484573208.395973000 0 0
1484573208.373562000 0 0
1484573208.343158000 0 0
1484573208.341190000 0 0
1484573208.382442000 226 0
1484573208.390348000 282 0
1484573208.401332000 134 0
1484573208.411164000 134 0
1484573208.418320000 134 0
1484573208.426102000 144 0
1484573208.431291000 134 0
1484573208.438303000 134 0
1484573208.443438000 134 0
1484573303.664234000 0 11418
1484573303.683144000 0 0
1484573303.679717000 0 0
1484573551.381178000 0 0
1484573551.610338000 0 0
1484573551.620203000 0 0
1484573551.636356000 0 0
1484573551.689126000 0 0
1484573551.696298000 0 0
1484573551.720183000 0 0
1484573551.753276000 0 0
1484573551.746155000 0 0
1484573551.972100000 0 0
1484573552.003193000 0 0
1484573551.646377000 402 0
1484573551.652981000 282 0
1484573603.702485000 0 11418
1484573603.719461000 0 0
1484573603.717092000 0 0
1484573696.034665000 0 467
1484573696.054686000 0 0
1484573696.052503000 0 0
1484573551.426305000 0 0
1484573551.796445000 0 0
1484573551.376336000 0 0
1484573901.200182000 0 0
1484573901.211300000 0 0
1484573901.219131000 0 0
1484573901.207336000 0 0
1484573901.209118000 0 0
1484573901.177130000 0 0
1484573901.173161000 0 0
1484573903.734006000 0 11418
1484573903.750899000 0 0
1484573903.748587000 0 0
1484573908.250251000 0 0
1484573908.258067000 0 0
1484573908.271135000 0 0
1484573901.219181000 226 0
1484573901.228982000 282 0
1484573901.237460000 134 0
1484573901.244760000 134 0
1484573901.249465000 134 0
1484573901.253399000 144 0
1484573901.261850000 134 0
1484573901.269398000 134 0
1484573901.275940000 134 0
1484573908.282838000 402 0
1484573908.289293000 282 0
1484573996.067218000 0 363
1484573996.088114000 0 0
1484573996.085772000 0 0
1484573908.058133000 0 0
1484573953.384877000 0 0
1484573908.013084000 0 0
1484574043.195964000 0 0
1484574043.205032000 0 0
1484574043.214917000 0 0
1484574043.207303000 0 0
1484574043.202514000 0 0
1484574043.168908000 0 0
1484574043.172941000 0 0
1484574051.787174000 0 0
1484574051.797055000 0 0
1484574051.815107000 0 0
1484574043.212472000 226 0
1484574043.217264000 282 0
1484574043.226292000 134 0
1484574043.235199000 134 0
1484574043.239283000 134 0
1484574043.246291000 144 0
1484574043.255164000 134 0
1484574043.261713000 134 0
1484574043.269922000 134 0
1484574051.586969000 0 0
1484574051.536927000 0 0
1484574075.725846000 0 0
1484574075.734997000 0 0
1484574075.745779000 0 0
1484574075.734985000 0 0
1484574075.733167000 0 0
1484574075.701385000 0 0
1484574075.703768000 0 0
1484574051.824149000 402 0
1484574051.828119000 282 0
1484574075.741905000 226 0
1484574075.747967000 282 0
1484574075.761634000 134 0
1484574075.766920000 134 0
1484574075.773937000 134 0
1484574075.777870000 144 0
1484574075.784914000 134 0
1484574075.791508000 134 0
1484574075.798037000 134 0
1484574203.778438000 0 11418
1484574203.794393000 0 0
1484574203.791950000 0 0
1484574593.467508000 0 11418
1484574593.482071000 0 0
1484574593.480680000 0 0
1484574893.503813000 0 11418
1484574893.521472000 0 0
1484574893.520064000 0 0
1484575640.524202000 0 11418
1484575640.540114000 0 0
1484575640.538752000 0 0
1484575849.396736000 0 0
1484575849.407535000 0 0
1484575849.425620000 0 0
1484575849.445625000 0 0
1484575849.477634000 0 0
1484575849.485614000 0 0
1484575849.493659000 0 0
1484575849.500874000 0 0
1484575849.527602000 0 0
1484575849.535814000 0 0
1484575849.565737000 0 0
1484575849.573821000 0 0
1484575849.580917000 0 0
1484575849.610933000 0 0
1484575849.616806000 0 0
1484575850.863740000 0 0
1484575850.722516000 0 210683
1484575849.438191000 402 0
1484575849.458725000 504 0
1484575849.507990000 504 0
1484575849.589049000 402 0
1484575849.546081000 282 0
1484575889.540197000 0 0
1484575889.433239000 0 211291
1484575888.174652000 282 0
1484575921.018838000 0 0
1484575921.023040000 0 0
1484575921.032135000 0 0
1484575940.569151000 0 11418
1484575940.590689000 0 0
1484575940.588568000 0 0
1484575949.608041000 0 0
1484572712.603753000 0 42548
1484575997.076754000 0 0
1484575997.085732000 8362 0
1484575997.109022000 0 6957
1484575997.146900000 6957 3285
1484576240.614186000 0 11418
1484576240.632026000 0 0
1484576240.630081000 0 0
1484576320.227485000 0 0
1484576320.321822000 0 0
1484576320.331615000 0 0
1484576320.350672000 0 0
1484576320.481762000 0 0
1484576320.518808000 0 0
1484576320.364301000 282 0
1484575949.615911000 204676 0
1484576374.575800000 0 0
1484576374.670267000 0 0
1484576374.680137000 0 0
1484576374.695832000 0 0
1484576375.197136000 0 0
1484576375.205701000 0 0
1484576375.209132000 0 0
1484576375.225889000 0 0
1484576375.249091000 0 0
1484576375.255708000 0 0
1484576375.259213000 0 0
1484576375.265883000 0 0
1484576375.290111000 0 0
1484576375.297062000 0 0
1484576375.301123000 0 0
1484576375.329029000 0 0
1484576375.335880000 0 0
1484576375.843599000 0 0
1484576375.721953000 0 211819
1484576379.862405000 0 0
1484576385.431155000 0 0
1484576374.705970000 282 0
1484576375.218805000 402 0
1484576375.235021000 504 0
1484576375.272625000 504 0
1484576375.310792000 402 0
1484576387.440310000 0 0
1484576387.449064000 0 0
1484576387.467057000 0 0
1484576387.505902000 0 0
1484576387.532131000 0 0
1484576387.539211000 0 0
1484576387.625539000 0 0
1484576387.690939000 0 0
1484576387.698080000 0 0
1484576387.671196000 0 0
1484576391.801947000 0 0
1484576387.695685000 0 0
1484576387.642817000 1978 0
1484576387.678350000 1998 0
1484576387.667616000 1740 0
1484576387.654377000 730 0
1484576396.135408000 0 0
1484576398.685246000 0 0
1484576398.695278000 0 0
1484576398.700090000 0 0
1484576398.708687000 0 0
1484576398.717607000 0 0
1484576398.730950000 0 0
1484576398.762005000 0 0
1484576398.775276000 0 0
1484576398.985278000 0 0
1484576379.915728000 0 0
1484576399.012129000 0 0
1484576399.002207000 0 0
1484576399.031993000 0 0
1484576399.021908000 0 0
1484576399.041903000 0 0
1484576399.077161000 0 0
1484576399.068039000 0 0
1484576399.098096000 0 0
1484576399.141138000 0 0
1484576399.147032000 0 0
1484576399.160991000 0 0
1484576399.168968000 0 0
1484576399.235326000 0 0
1484576399.246956000 0 0
1484576399.241048000 0 0
1484576399.255205000 0 0
1484576399.321736000 0 0
1484576399.346394000 0 0
1484576399.720961000 0 0
1484576399.727910000 0 0
1484576399.721854000 0 0
1484576399.726036000 0 0
1484576399.716272000 282 0
1484576399.787985000 730 0
1484576399.798938000 1740 0
1484576399.828937000 0 0
1484576399.835157000 0 0
1484576399.838956000 0 0
1484576399.850979000 0 0
1484576400.071080000 0 0
1484576401.729974000 0 0
1484576401.730022000 0 0
1484576401.726906000 0 0
1484576401.731992000 0 0
1484576399.866950000 13999 0
1484576399.887944000 16384 0
1484576399.910088000 0 0
1484576399.917852000 6760 0
1484576399.934554000 19456 0
1484576399.953726000 18432 0
1484576399.977773000 16896 0
1484576399.997801000 11541 0
1484576400.017759000 6698 0
1484576400.037049000 17554 0
1484576400.065197000 0 0
1484576401.795327000 730 0
1484576401.799920000 1740 0
1484576403.744976000 0 0
1484576403.745081000 0 0
1484576403.740906000 0 0
1484576403.746946000 0 0
1484576403.821857000 0 0
1484576403.827906000 0 0
1484576403.875230000 0 0
1484576403.912060000 0 0
1484576387.770235000 0 0
1484576387.772177000 0 0
1484576403.928020000 0 0
1484576398.995187000 0 0
1484576399.905345000 1978 0
1484576413.354656000 0 0
1484576413.406829000 0 0
1484576413.418698000 0 0
1484576413.434812000 0 0
1484576413.444649000 0 0
1484576413.501712000 0 0
1484576413.509762000 0 0
1484576413.528742000 0 0
1484576413.535818000 0 0
1484576413.541797000 0 0
1484576413.549130000 0 0
1484576413.569108000 0 0
1484576413.582391000 0 544
1484576413.595984000 0 0
1484576413.609082000 0 0
1484576413.634719000 0 0
1484576413.624965000 0 0
1484576413.667889000 0 0
1484576413.671729000 0 0
1484576413.678763000 0 0
1484576413.686009000 0 0
1484576413.694696000 0 0
1484576413.716757000 0 0
1484576413.720781000 0 0
1484576413.829408000 0 0
1484576413.851877000 0 0
1484576413.867242000 0 0
1484576413.894883000 0 0
1484576416.636952000 0 0
1484576416.634641000 0 0
1484576416.638759000 0 0
1484576416.729023000 0 0
1484576416.781131000 0 0
1484576415.697093000 14890 0
1484576400.058233000 1998 0
1484576413.370193000 129 0
1484576413.722661000 544 0
1484576413.739615000 544 0
1484576413.748598000 544 0
1484576413.756720000 544 0
1484576413.762630000 544 0
1484576413.776387000 544 0
1484576413.793110000 544 0
1484576413.799478000 544 0
1484576413.807504000 544 0
1484576413.819273000 544 0
1484576413.846574000 129 0
1484576413.888048000 129 0
1484576413.715178000 544 0
1484576403.795148000 730 0
1484576403.800041000 1740 0
1484576416.744985000 13999 0
1484576416.766061000 16384 0
1484576403.881191000 1978 0
1484576416.792178000 6760 0
1484576416.806108000 19456 0
1484576416.823022000 18432 0
1484576416.844779000 11541 0
1484576416.864875000 0 0
1484576416.874942000 17554 0
1484576403.895280000 1998 0
1484576447.409629000 0 0
1484576447.466929000 0 0
1484576447.436677000 0 0
1484576447.474508000 0 0
1484576447.487477000 0 0
1484576447.496455000 0 0
1484576447.510449000 0 0
1484576447.525762000 0 0
1484576447.519716000 0 0
1484576447.543803000 0 0
1484576447.533851000 0 0
1484576447.565503000 0 0
1484576447.568575000 0 0
1484576447.569568000 0 0
1484576447.558639000 0 0
1484576447.580499000 0 0
1484576447.934649000 0 162
1484576448.304174000 0 0
1484576448.399623000 0 0
1484576448.406691000 0 0
1484576448.410649000 0 0
1484576448.426519000 0 0
1484576448.433743000 0 0
1484576448.439586000 0 0
1484576448.450458000 0 0
1484576447.576668000 282 0
1484576448.550756000 0 0
1484576448.546893000 0 0
1484576448.583963000 0 0
1484576448.693944000 0 0
1484576448.685914000 0 0
1484576448.949573000 0 0
1484576448.950634000 0 0
1484576448.948632000 0 0
1484576448.955641000 0 0
1484576449.018605000 0 0
1484576450.968659000 0 0
1484576450.966630000 0 0
1484576450.976564000 0 0
1484576448.993904000 730 0
1484576449.013980000 1740 0
1484576449.030679000 16384 0
1484576449.050670000 0 0
1484576449.058670000 6760 0
1484576449.073974000 19456 0
1484576449.089674000 18432 0
1484576449.105651000 11541 0
1484576449.119655000 6698 0
1484576449.133918000 17554 0
1484576449.156637000 0 0
1484576451.023976000 730 0
1484576451.028755000 1740 0
1484576452.803480000 0 0
1484576452.808430000 0 0
1484576452.815432000 0 0
1484576452.816355000 0 0
1484576452.820516000 0 0
1484576452.827568000 0 0
1484576452.827519000 0 0
1484576452.833861000 0 0
1484576452.835355000 0 0
1484576452.839546000 0 0
1484576452.839740000 0 0
1484576452.845588000 0 0
1484576452.853805000 0 0
1484576452.873548000 0 0
1484576452.877473000 0 0
1484576452.883503000 0 0
1484576452.893530000 0 0
1484576452.966669000 0 0
1484576452.960600000 0 0
1484576452.977711000 0 0
1484576452.977548000 0 0
1484576452.975583000 0 0
1484576452.979601000 0 0
1484576453.024012000 730 0
1484576453.028610000 1740 0
1484576453.085514000 0 0
1484576453.079571000 0 0
1484576457.608607000 0 0
1484576457.619460000 0 0
1484576457.635412000 0 0
1484576457.645503000 0 0
1484576457.693589000 0 0
1484576457.699571000 0 0
1484576457.717536000 0 0
1484576457.725579000 0 0
1484576457.733569000 0 0
1484576447.617883000 0 0
1484576457.743762000 0 0
1484576457.748516000 0 0
1484576457.768793000 0 0
1484576457.780231000 0 544
1484576457.795629000 0 0
1484576447.621807000 3053231 0
1484576445.658006000 31269 0
1484576457.806664000 0 0
1484576457.835434000 0 0
1484576457.825629000 0 0
1484576457.869588000 0 0
1484576457.876443000 0 0
1484576457.883534000 0 0
1484576457.889502000 0 0
1484576457.898501000 0 0
1484576457.913626000 0 0
1484576457.918515000 0 0
1484576458.013490000 0 0
1484576458.017472000 0 0
1484576458.023364000 0 0
1484576458.027554000 0 0
1484576460.398645000 0 0
1484576460.503440000 0 0
1484576460.508452000 0 0
1484576460.538604000 0 0
1484576449.045782000 1978 0
1484576460.848469000 0 0
1484576460.846517000 0 0
1484576460.843367000 0 0
1484576462.496615000 0 0
1484576462.503292000 0 0
1484576462.509446000 0 0
1484576462.516485000 0 0
1484576462.523388000 0 0
1484576462.529441000 0 0
1484576462.536444000 0 0
1484576462.543285000 0 0
1484576462.548370000 0 0
1484576462.556350000 0 0
1484576462.563269000 0 0
1484576462.569347000 0 0
1484576462.576355000 0 0
1484576462.583233000 0 0
1484576462.588480000 0 0
1484576462.625883000 0 0
1484576457.915749000 544 0
1484576462.634708000 0 0
1484576462.653372000 0 0
1484576457.925662000 544 0
1484576462.663557000 0 0
1484576462.685897000 0 0
1484576457.935546000 544 0
1484576462.694777000 0 0
1484576462.706728000 0 0
1484576457.943793000 544 0
1484576462.718667000 0 0
1484576462.733614000 0 0
1484576457.951493000 544 0
1484576462.743563000 0 0
1484576462.756795000 0 0
1484576457.966443000 544 0
1484576462.764594000 0 0
1484576462.785022000 0 0
1484576457.972326000 544 0
1484576462.795599000 0 0
1484576462.810061000 0 0
1484576457.978253000 544 0
1484576462.823462000 0 0
1484576462.837742000 0 0
1484576457.986085000 544 0
1484576462.848564000 0 0
1484576462.879417000 0 0
1484576457.992021000 544 0
1484576462.889739000 0 0
1484576462.903768000 0 0
1484576457.998279000 544 0
1484576462.913568000 0 0
1484576462.933872000 0 0
1484576458.006286000 544 0
1484576462.943721000 0 0
1484576462.968560000 0 0
1484576472.249269000 0 0
1484576472.415399000 0 0
1484576472.413204000 0 0
1484576472.547627000 0 0
1484576472.557416000 0 0
1484576472.573031000 0 0
1484576472.649643000 0 0
1484576472.656402000 0 0
1484576472.663185000 0 0
1484576472.667459000 0 0
1484576472.758308000 0 0
1484576472.765508000 0 0
1484576472.769470000 0 0
1484576472.788436000 0 0
1484576472.795503000 0 0
1484576460.838706000 282 0
1484576472.799496000 0 0
1484576472.813189000 0 0
1484576472.824403000 0 0
1484576472.818639000 0 0
1484576472.848315000 0 0
1484576472.837472000 0 0
1484576472.907397000 0 0
1484576472.914334000 0 0
1484576472.918442000 0 0
1484576472.903221000 0 0
1484576473.023168000 0 0
1484576473.016566000 0 0
1484576473.238464000 0 0
1484576473.263065000 0 0
1484576473.274298000 0 0
1484576473.278513000 0 0
1484576473.286351000 0 0
1484576473.308280000 0 0
1484576473.315435000 0 0
1484576473.319350000 0 0
1484576473.333223000 0 0
1484576473.373182000 0 0
1484576473.377332000 0 0
1484576473.384283000 0 0
1484576473.393127000 0 0
1484576473.412997000 0 0
1484576473.405505000 0 0
1484576473.423056000 0 0
1484576473.529567000 0 0
1484576473.523310000 0 0
1484576474.269328000 0 0
1484576474.273061000 0 0
1484576474.268370000 0 0
1484576474.276216000 0 0
1484576449.149743000 3996 0
1484576467.663513000 26136 0
1484576472.714577000 2048 0
1484576472.721835000 32768 0
1484576460.496700000 129 0
1484576460.530279000 129 0
1484576485.319263000 0 0
1484576485.325160000 0 0
1484576472.716677000 16384 17408
1484576485.366419000 0 0
1484576485.376243000 0 0
1484576485.392771000 0 0
1484576485.398175000 0 0
1484576485.417088000 0 0
1484576485.424339000 0 0
1484576485.428200000 0 0
1484576485.439157000 0 0
1484576485.494448000 0 0
1484576485.487616000 0 0
1484576485.502821000 0 0
1484576485.608437000 0 0
1484576485.599559000 0 0
1484576472.423051000 0 0
1484576486.359305000 0 0
1484576486.357342000 0 0
1484576486.364349000 0 0
1484576486.367274000 0 0
1484576487.932704000 0 0
1484576487.936383000 0 0
1484576487.942779000 0 0
1484576487.968155000 0 0
1484576487.975193000 0 0
1484576487.988203000 0 0
1484576487.995349000 0 0
1484576487.999291000 0 0
1484576485.334462000 0 0
1484576488.014514000 0 0
1484576488.019413000 0 0
1484576488.047678000 0 0
1484576488.063255000 0 544
1484576488.074468000 0 0
1484576488.089352000 0 0
1484576488.087500000 0 0
1484576488.117165000 0 0
1484576488.108382000 0 0
1484576488.149227000 0 0
1484576488.157099000 0 0
1484576488.165144000 0 0
1484576488.172545000 0 0
1484576488.179349000 0 0
1484576488.196162000 0 0
1484576488.202687000 0 0
1484576488.202639000 0 0
1484576488.212769000 0 0
1484576488.218154000 0 0
1484576488.232655000 0 0
1484576491.047332000 0 0
1484576491.045394000 0 0
1484576491.049339000 0 0
1484576492.197249000 0 0
1484576492.204273000 0 0
1484576492.208311000 0 0
1484576492.218271000 0 0
1484576492.192578000 0 0
1484576492.234423000 0 0
1484576492.227479000 0 0
1484576492.254227000 0 0
1484576492.242566000 0 0
1484576492.282606000 0 0
1484576492.272626000 0 0
1484576492.306140000 0 0
1484576492.314088000 0 0
1484576492.318113000 0 0
1484576492.324087000 0 0
1484576492.403261000 0 162
1484576492.608597000 0 0
1484576492.745160000 0 0
1484576492.752633000 0 0
1484576492.756263000 0 0
1484576492.782515000 0 0
1484576492.788269000 0 0
1484576492.795261000 0 0
1484576492.802530000 0 0
1484576488.028609000 129 0
1484576488.206326000 129 0
1484576488.225314000 129 0
1484576488.194467000 544 0
1484576460.883457000 2190 0
1484576460.888566000 5220 0
1484576492.909368000 0 0
1484576492.905558000 0 0
1484576492.919399000 0 0
1484576493.024282000 0 0
1484576493.015468000 0 0
1484576493.039093000 0 0
1484576493.043168000 0 0
1484576493.045075000 0 0
1484576495.044298000 0 0
1484576495.042543000 0 0
1484576495.046239000 0 0
1484576497.064290000 0 0
1484576497.062461000 0 0
1484576497.067269000 0 0
1484576490.739397000 10264 0
1484576492.345181000 2048 0
1484576492.354546000 51200 0
1484576506.429181000 0 0
1484576506.476490000 0 0
1484576506.485393000 0 0
1484576506.485728000 0 0
1484576506.485136000 0 0
1484576506.497470000 0 0
1484576506.497044000 0 0
1484576506.503426000 0 0
1484576506.503219000 0 0
1484576506.505104000 0 0
1484576506.513064000 0 0
1484576506.517986000 0 0
1484576506.534929000 0 0
1484576506.538985000 0 0
1484576506.545005000 0 0
1484576506.552092000 0 0
1484576506.566919000 0 0
1484576506.573102000 0 0
1484576506.577132000 0 0
1484576506.587038000 0 0
1484576493.082573000 730 0
1484576493.087286000 1740 0
1484576506.636089000 0 0
1484576506.632382000 0 0
1484576506.646104000 0 0
1484576506.748283000 0 0
1484576506.742334000 0 0
1484576507.517111000 0 0
1484576507.519199000 0 0
1484576507.516181000 0 0
1484576507.523207000 0 0
1484576492.347324000 0 0
1484576532.234042000 0 0
1484576379.870648000 7381 3955
1484576532.260274000 85789 0
1484576507.576460000 730 0
1484576507.582247000 1740 0
1484576533.054149000 0 70160
1484576533.104192000 0 0
1484576540.656442000 0 11418
1484576540.675423000 0 0
1484576540.673030000 0 0
1484576587.352999000 0 135712
1484576587.441743000 0 0
1484576596.152255000 0 135712
1484576596.231598000 0 0
1484576603.841955000 0 135712
1484576603.912527000 0 0
1484576649.068950000 0 70160
1484576649.118248000 0 0
1484576696.277701000 0 385
1484576696.296326000 0 0
1484576696.292991000 0 0
1484576767.254625000 0 0
1484576767.280043000 0 0
1484576767.314890000 0 0
1484576767.370141000 0 0
1484576767.379770000 0 0
1484576767.396986000 0 0
1484576767.409948000 0 0
1484576767.424549000 0 0
1484576767.446974000 0 0
1484576767.440055000 0 0
1484576767.556348000 0 0
1484576767.655315000 0 162
1484576767.864944000 0 0
1484576767.937902000 0 0
1484576767.935939000 0 0
1484576767.939878000 0 0
1484576767.405988000 282 0
1484576768.004563000 0 0
1484576768.008839000 0 0
1484576768.024619000 0 0
1484576768.039717000 0 0
1484576768.046896000 0 0
1484576768.050781000 0 0
1484576768.060804000 0 0
1484576767.980520000 730 0
1484576767.989043000 1740 0
1484576768.015936000 282 0
1484576768.155847000 0 0
1484576768.149116000 0 0
1484576768.164615000 0 0
1484576768.260806000 0 0
1484576768.255074000 0 0
1484576770.337968000 0 0
1484576770.354663000 0 0
1484576770.359762000 0 0
1484576770.367811000 0 0
1484576770.375787000 0 0
1484576770.404505000 0 0
1484576770.408736000 0 0
1484576770.416812000 0 0
1484576770.418188000 0 0
1484576770.419760000 0 0
1484576770.424951000 0 0
1484576770.425112000 0 0
1484576770.426868000 0 0
1484576770.430815000 0 0
1484576770.431181000 0 0
1484576770.447900000 0 0
1484576770.454432000 0 0
1484576770.458759000 0 0
1484576770.466039000 0 0
1484576770.484446000 0 0
1484576770.548774000 0 0
1484576770.541022000 0 0
1484576770.559821000 0 0
1484576770.665929000 0 0
1484576770.657165000 0 0
1484576770.675866000 0 0
1484576770.676892000 0 0
1484576770.674592000 0 0
1484576770.678892000 0 0
1484576772.698782000 0 0
1484576772.700912000 0 0
1484576772.705828000 0 0
1484576770.709948000 1740 0
1484576770.704702000 730 0
1484576775.748783000 0 0
1484576775.757919000 0 0
1484576775.765913000 0 0
1484576775.807826000 0 0
1484576775.814458000 0 0
1484576775.828752000 0 0
1484576775.835867000 0 0
1484576775.839828000 0 0
1484576767.574741000 2048 0
1484576767.577168000 6144 0
1484576775.854669000 0 0
1484576775.858830000 0 0
1484576775.891136000 0 0
1484576775.905265000 0 544
1484576775.915947000 0 0
1484576767.589257000 51200 0
1484576767.566975000 4120 0
1484576775.928041000 0 0
1484576775.958757000 0 0
1484576775.950045000 0 0
1484576775.994680000 0 0
1484576776.000912000 0 0
1484576776.010016000 0 0
1484576776.017793000 0 0
1484576776.027909000 0 0
1484576776.044363000 0 0
1484576776.047635000 0 0
1484576776.059770000 0 0
1484576776.077036000 0 0
1484576776.080847000 0 0
1484576776.094564000 0 0
1484576778.765837000 0 0
1484576778.974616000 0 0
1484576778.969918000 0 0
1484576778.977951000 0 0
1484576790.556796000 0 0
1484576790.591678000 0 0
1484576790.614048000 0 0
1484576790.633909000 0 0
1484576790.644362000 0 0
1484576792.260780000 0 0
1484576792.274196000 0 0
1484576792.300744000 0 0
1484576792.310715000 0 0
1484576792.320797000 0 0
1484576792.334191000 0 0
1484576792.344141000 0 0
1484576792.353967000 0 0
1484576792.368740000 0 0
1484576792.378918000 0 0
1484576792.388638000 0 0
1484576772.764638000 1740 0
1484576783.834422000 0 0
1484576773.954727000 730 0
1484576779.019001000 0 0
1484576797.407662000 0 0
1484576797.434090000 0 0
1484576775.870138000 129 0
1484576776.052572000 544 0
1484576776.067869000 129 0
1484576776.087991000 129 0
1484576776.044750000 544 0
1484576797.414951000 0 0
1484576818.258436000 0 0
1484576818.285600000 0 0
1484576796.370783000 11264 0
1484576820.985508000 0 0
1484576821.928517000 0 0
1484576818.253171000 0 0
1484576826.496378000 0 0
1484576826.529476000 0 0
1484576826.542999000 0 0
1484576826.558484000 0 0
1484576826.577458000 0 0
1484576826.597394000 0 0
1484576826.603318000 0 0
1484576826.607464000 0 0
1484576826.614441000 0 0
1484576826.633000000 0 0
1484576826.637380000 0 0
1484576826.644343000 0 0
1484576826.662939000 0 0
1484576826.667433000 0 0
1484576801.450071000 15775 0
1484576803.312966000 11550 0
1484576804.985100000 20127 0
1484576807.803406000 8192 0
1484576808.444362000 19322 0
1484576811.834994000 8192 0
1484576840.328613000 0 0
1484576840.337311000 0 0
1484576840.356392000 0 0
1484576840.375316000 0 0
1484576840.416300000 0 0
1484576840.424396000 0 0
1484576840.442590000 0 0
1484576840.447346000 0 0
1484576840.456345000 0 0
1484576840.462834000 0 0
1484576840.489489000 0 0
1484576840.503235000 0 544
1484576840.514420000 0 0
1484576837.491351000 14952 0
1484576840.526366000 0 0
1484576840.556184000 0 0
1484576840.546339000 0 0
1484576840.592863000 0 0
1484576840.598282000 0 0
1484576840.605383000 0 0
1484576840.612691000 0 0
1484576840.619229000 0 0
1484576840.636288000 0 0
1484576840.642563000 0 0
1484576840.658205000 0 0
1484576840.672742000 0 0
1484576840.677171000 0 0
1484576840.689380000 0 0
1484576840.693846000 0 11418
1484576840.712220000 0 0
1484576840.708539000 0 0
1484576842.325428000 0 0
1484576842.332663000 0 0
1484576842.338398000 0 0
1484576842.346366000 0 0
1484576842.392538000 0 0
1484576842.398332000 0 0
1484576842.416116000 0 0
1484576842.424283000 0 0
1484576842.432558000 0 0
1484576842.437542000 0 0
1484576842.457573000 0 0
1484576842.469829000 0 544
1484576842.484457000 0 0
1484576842.496505000 0 0
1484576842.519201000 0 0
1484576842.509516000 0 0
1484576842.555303000 0 0
1484576842.564235000 0 0
1484576842.572647000 0 0
1484576842.578174000 0 0
1484576842.588262000 0 0
1484576842.602873000 0 0
1484576842.608278000 0 0
1484576844.074303000 0 0
1484576822.352095000 8192 0
1484576845.577272000 0 0
1484576845.574219000 0 0
1484576845.582505000 0 0
1484576826.377450000 730 0
1484576839.655483000 730 0
1484576826.569566000 402 0
1484576826.586499000 504 0
1484576826.618584000 504 0
1484576826.648525000 402 0
1484576853.313618000 0 0
1484576853.355394000 0 0
1484576853.364138000 0 0
1484576853.379322000 0 0
1484576853.456267000 0 0
1484576853.489204000 0 0
1484576839.535597000 1740 0
1484576857.145098000 0 0
1484576853.501959000 0 0
1484576840.367484000 564 0
1484576853.462535000 1978 0
1484576853.472455000 1998 0
1484576845.626417000 0 0
1484576845.629594000 0 0
1484576857.262176000 0 0
1484576857.266078000 0 0
1484576857.276151000 0 0
1484576840.470566000 129 0
1484576840.665487000 129 0
1484576840.684405000 129 0
1484576861.993335000 730 0
1484576864.881961000 0 0
1484576866.933112000 0 0
1484576866.941875000 0 0
1484576866.947147000 0 0
1484576866.955735000 0 0
1484576866.966381000 0 0
1484576866.982018000 0 0
1484576866.997069000 0 0
1484576867.007119000 0 0
1484576867.231837000 0 0
1484576406.911986000 0 0
1484576867.241876000 0 0
1484576867.276066000 0 0
1484576867.263114000 0 0
1484576867.294989000 0 0
1484576863.233240000 19456 0
1484576867.434213000 0 0
1484576867.448065000 0 0
1484576867.441801000 0 0
1484576867.461790000 0 0
1484576867.596108000 0 0
1484576867.605081000 0 0
1484576867.565706000 0 0
1484576867.574916000 0 78848
1484576867.655026000 0 0
1484576867.688147000 0 0
1484576867.623251000 0 0
1484576867.697146000 0 0
1484576867.633557000 0 0
1484576867.761819000 0 0
1484576867.758062000 0 0
1484576867.756040000 0 0
1484576867.763029000 0 0
1484576867.814862000 0 162
1484576867.822000000 730 0
1484576867.821775000 0 0
1484576867.837063000 0 0
1484576867.845950000 0 0
1484576867.844955000 0 0
1484576867.855148000 0 0
1484576867.852998000 0 0
1484576867.861776000 0 0
1484576867.877890000 0 0
1484576867.885901000 0 0
1484576867.894904000 0 0
1484576867.901864000 0 0
1484576867.911829000 0 0
1484576867.911679000 0 0
1484576867.915904000 0 0
1484576867.923030000 0 0
1484576867.925327000 0 0
1484576867.931683000 0 0
1484576867.918167000 0 0
1484576867.941701000 0 0
1484576867.954950000 0 0
1484576867.948008000 0 0
1484576867.833209000 1740 0
1484576867.996296000 0 0
1484576867.937051000 0 0
1484576867.941956000 19456 0
1484576867.961942000 11541 0
1484576867.981906000 17554 0
1484576868.007059000 0 0
1484576868.024992000 0 0
1484576868.017007000 0 0
1484576868.036020000 0 0
1484576868.138189000 0 0
1484576868.132046000 0 0
1484576840.635939000 544 0
1484576840.642913000 544 0
1484576840.650320000 544 0
1484576842.602950000 544 0
1484576869.991683000 0 0
1484576869.994223000 0 0
1484576869.991752000 0 0
1484576869.995888000 0 0
1484576871.246022000 0 0
1484576871.255052000 0 0
1484576871.263011000 0 0
1484576871.266932000 0 0
1484576871.285883000 0 0
1484576871.288063000 0 0
1484576871.292895000 0 0
1484576871.292944000 0 0
1484576871.296676000 0 0
1484576871.298067000 0 0
1484576871.298078000 0 0
1484576871.305887000 0 0
1484576871.306036000 0 0
1484576871.306226000 0 0
1484576871.313199000 0 0
1484576871.316949000 0 0
1484576871.337844000 0 0
1484576871.344947000 0 0
1484576871.351605000 0 0
1484576871.358017000 0 0
1484576871.367980000 0 0
1484576870.042048000 730 0
1484576870.048222000 1740 0
1484576871.406020000 0 0
1484576871.398128000 0 0
1484576871.417115000 0 0
1484576871.537160000 0 0
1484576871.528032000 0 0
1484576867.244117000 0 0
1484576871.998047000 0 0
1484576872.001793000 0 0
1484576871.996037000 0 0
1484576872.003077000 0 0
1484576872.028061000 0 0
1484576874.011953000 0 0
1484576874.015059000 0 0
1484576874.011806000 0 0
1484576874.018066000 0 0
1484576867.715720000 22576 0
1484576867.725114000 2048 0
1484576867.728155000 2048 0
1484576867.932119000 1978 0
1484576868.001917000 1998 0
1484576897.543882000 0 0
1484576897.553765000 0 0
1484576897.571030000 0 0
1484576897.585807000 0 0
1484576897.614720000 0 0
1484576897.622782000 0 0
1484576897.630945000 0 0
1484576897.653709000 0 0
1484576897.660865000 0 0
1484576897.685663000 0 0
1484576897.692754000 0 0
1484576897.700969000 0 0
1484576897.727714000 0 0
1484576897.735764000 0 0
1484576898.063689000 0 0
1484576898.067676000 0 0
1484576898.557786000 0 0
1484576898.563835000 0 0
1484576898.567925000 0 0
1484576898.581724000 0 0
1484576898.585731000 0 0
1484576898.591803000 0 0
1484576898.604643000 0 0
1484576898.610982000 0 0
1484576898.624624000 0 0
1484576898.631051000 0 0
1484576872.031945000 730 0
1484576872.037265000 1740 0
1484576898.901712000 0 212286
1484576899.015431000 0 0
1484576899.013587000 0 0
1484576905.275431000 0 168488
1484576905.358020000 0 0
1484576909.986608000 0 201264
1484576910.086995000 0 0
1484576918.034565000 0 201264
1484576918.133840000 0 0
1484576897.666963000 282 0
1484576897.577912000 402 0
1484576897.596953000 504 0
1484576897.636863000 504 0
1484576897.706859000 402 0
1484576927.197219000 0 168488
1484576927.282767000 0 0
1484576959.596012000 0 201264
1484576959.689480000 0 0
1484575991.249199000 0 57059
1484576973.559575000 0 201264
1484576973.659018000 0 0
1484576996.309632000 0 363
1484576996.327838000 0 0
1484576996.324121000 0 0
1484576998.264830000 0 299592
1484576998.390282000 0 0
1484577004.844757000 0 102936
1484577004.910337000 0 0
1484577021.643010000 0 102936
1484577021.710002000 0 0
1484577048.129262000 0 135712
1484577048.516926000 0 0
1484577081.398203000 0 0
1484577081.402070000 0 0
1484577081.412315000 0 0
1484577081.966667000 0 212832
1484577082.000830000 0 0
1484577081.998518000 0 0
1484577091.770126000 0 0
1484577091.782058000 0 0
1484577091.800103000 0 0
1484577091.852054000 0 0
1484577091.858142000 0 0
1484577091.899211000 0 0
1484577091.935394000 0 0
1484577091.810314000 402 0
1484577081.620598000 282 0
1484577091.907626000 129 0
1484577091.938104000 0 0
1484577091.919324000 504 0
1484577091.925629000 504 0
1484577091.952114000 0 0
1484577091.957109000 0 0
1484577091.960999000 0 0
1484577091.967011000 0 0
1484577091.967932000 0 0
1484577091.971051000 0 0
1484577091.972002000 0 0
1484577091.987989000 0 0
1484577091.991949000 0 0
1484577091.999059000 0 0
1484577092.005439000 0 0
1484577093.896261000 0 0
1484577091.978202000 402 0
1484577093.906362000 1978 0
1484577093.932336000 1998 0
1484577093.915494000 730 0
1484577093.925625000 1740 0
1484577094.058037000 0 0
1484577094.062042000 0 0
1484577094.069452000 0 0
1484577091.906471000 0 0
1484577095.965346000 0 0
1484577099.095206000 0 0
1484577099.105145000 0 0
1484577099.110008000 0 0
1484577099.152202000 0 0
1484577099.191087000 0 0
1484577099.186192000 0 0
1484577099.185897000 0 301830
1484577099.248022000 0 0
1484577099.265207000 0 0
1484577099.269051000 0 0
1484577099.277124000 0 0
1484577099.281968000 0 0
1484577099.702148000 0 0
1484577099.702110000 0 0
1484577099.699136000 0 0
1484577099.707110000 0 0
1484577099.767211000 730 0
1484577099.772175000 1740 0
1484577099.817174000 0 0
1484577099.825291000 0 0
1484577102.201154000 0 0
1484577102.197166000 0 0
1484577102.202189000 0 0
1484577102.199160000 0 0
1484577104.211064000 0 0
1484577104.210115000 0 0
1484577104.212051000 0 0
1484577104.216095000 0 0
1484577099.865458000 1978 0
1484577099.935444000 1998 0
1484577099.235432000 0 0
1484577099.841100000 17408 0
1484577099.870179000 0 0
1484577099.876274000 19456 0
1484577099.896969000 11541 0
1484577099.915332000 17554 0
1484577099.940133000 0 0
1484577140.568832000 0 0
1484577140.720486000 0 11418
1484577140.738340000 0 0
1484577140.736160000 0 0
1484577157.213685000 0 0
1484577157.217636000 0 0
1484577157.223468000 0 0
1484577140.447030000 730 0
1484577170.343106000 0 0
1484577170.453168000 0 0
1484577170.462989000 0 0
1484577170.479340000 0 0
1484577172.318501000 0 0
1484577172.325580000 0 0
1484577172.482995000 0 0
1484577172.494475000 0 0
1484577172.508352000 0 0
1484577172.515449000 0 0
1484577172.516421000 0 0
1484577172.524285000 0 0
1484577172.528370000 0 0
1484577172.535345000 0 0
1484577172.563009000 0 0
1484577172.567334000 0 0
1484577172.575352000 0 0
1484577176.913117000 0 0
1484577168.084739000 282 0
1484577170.489505000 402 0
1484577172.521409000 402 0
1484577172.544527000 504 0
1484577172.579558000 504 0
1484577176.925745000 1978 0
1484577176.949621000 1998 0
1484577176.933271000 730 0
1484577176.943245000 1740 0
1484577177.108546000 0 0
1484577179.347264000 0 0
1484577181.763423000 0 0
1484577181.772986000 0 0
1484577181.778297000 0 0
1484577181.842795000 0 0
1484577181.873070000 0 0
1484577181.864630000 0 0
1484577181.880032000 0 134757
1484577181.985357000 0 0
1484577182.002891000 0 0
1484577182.008381000 0 0
1484577182.026434000 0 0
1484577182.037397000 0 0
1484577182.382847000 0 0
1484577182.385568000 0 0
1484577182.388296000 0 0
1484577182.393066000 0 0
1484577182.382894000 0 0
1484577182.375534000 282 0
1484577182.466644000 1740 0
1484577182.473189000 730 0
1484577182.504466000 0 0
1484577182.512928000 0 0
1484577184.906404000 0 0
1484577184.912935000 0 0
1484577184.902912000 0 0
1484577184.908525000 0 0
1484577184.912982000 0 0
1484577186.912875000 0 0
1484577186.912876000 0 0
1484577186.905401000 0 0
1484577186.908371000 0 0
1484577182.537597000 1978 0
1484577182.544496000 0 0
1484577182.613584000 1998 0
1484576320.477407000 0 0
1484577196.822395000 0 0
1484577182.553161000 19456 0
1484577182.573604000 11541 0
1484577182.593199000 17554 0
1484577182.618291000 0 0
1484577209.607251000 0 0
1484577209.617226000 0 0
1484577209.632074000 0 0
1484577181.953099000 134757 0
1484577218.467227000 0 0
1484577218.476098000 0 0
1484577218.495046000 0 0
1484577210.167107000 451178 0
1484577210.249452000 953494 0
1484577210.346347000 301830 0
1484577210.457703000 346666 0
1484577196.724489000 730 0
1484577210.625147000 1024727 0
1484577210.805526000 58073 0
1484577210.825472000 78848 0
1484577210.980024000 6190869 0
1484577211.535318000 134757 0
1484577211.604384000 57344 0
1484577238.541382000 0 0
1484577238.554902000 0 0
1484577238.571401000 0 0
1484577238.581261000 0 0
1484577238.621208000 0 0
1484577238.624932000 0 0
1484577238.636785000 0 0
1484577238.642828000 0 0
1484577238.646812000 0 0
1484577238.654158000 0 0
1484577238.657744000 0 0
1484577238.686306000 0 0
1484577238.701795000 0 544
1484577238.713138000 0 0
1484577238.724195000 0 0
1484577238.744821000 0 0
1484577238.736996000 0 0
1484577238.781509000 0 0
1484577238.786879000 0 0
1484577238.794973000 0 0
1484577238.802942000 0 0
1484577238.811277000 0 0
1484577238.826957000 0 0
1484577238.865810000 0 0
1484577238.881392000 0 0
1484577238.885787000 0 0
1484577238.897924000 0 0
1484577218.511983000 282 0
1484577240.724773000 0 0
1484577240.732870000 0 0
1484577240.741240000 0 0
1484577240.784860000 0 0
1484577240.792845000 0 0
1484577240.811165000 0 0
1484577240.815812000 0 0
1484577240.823988000 0 0
1484577240.831468000 0 0
1484577240.848257000 0 0
1484577240.861833000 0 544
1484577240.873074000 0 0
1484577239.478178000 15637 0
1484577240.884189000 0 0
1484577240.912763000 0 0
1484577240.903049000 0 0
1484577240.951258000 0 0
1484577240.955726000 0 0
1484577240.963800000 0 0
1484577240.971166000 0 0
1484577240.981343000 0 0
1484577241.001035000 0 0
1484577242.856929000 0 0
1484577242.864121000 0 0
1484577242.873932000 0 0
1484577242.891441000 0 0
1484577242.895944000 0 0
1484577242.911378000 0 0
1484577243.766886000 0 0
1484577243.771250000 0 0
1484577244.511085000 0 0
1484577244.516900000 0 0
1484577244.523950000 0 0
1484577244.531209000 0 0
1484577244.535913000 0 0
1484577244.542883000 0 0
1484577244.547943000 0 0
1484577244.555911000 0 0
1484577244.562769000 0 0
1484577244.587264000 0 0
1484577238.824801000 544 0
1484577244.596081000 0 0
1484577244.611523000 0 0
1484577240.994073000 544 0
1484577244.621318000 0 0
1484577244.635178000 0 0
1484577238.833049000 544 0
1484577244.645969000 0 0
1484577244.661245000 0 0
1484577238.843217000 544 0
1484577244.671335000 0 0
1484577244.685101000 0 0
1484577238.853115000 544 0
1484577244.695965000 0 0
1484577244.711344000 0 0
1484577238.859748000 544 0
1484577244.722914000 0 0
1484577244.742742000 0 0
1484577245.773925000 0 0
1484577245.771205000 0 0
1484577238.666767000 129 0
1484577238.873954000 129 0
1484577238.893169000 129 0
1484577237.663405000 1998 0
1484577242.883590000 129 0
1484577242.904046000 129 0
1484577243.761335000 282 0
1484577243.808055000 0 0
1484577243.814163000 1740 0
1484576532.322075000 0 144234
1484577240.215146000 730 0
1484577294.389773000 0 0
1484577294.474615000 0 0
1484577294.484296000 0 0
1484577294.503392000 0 0
1484577294.994480000 0 0
1484577295.002484000 0 0
1484577295.006345000 0 0
1484577295.019635000 0 0
1484577295.039526000 0 0
1484577295.043311000 0 0
1484577295.049588000 0 0
1484577295.053341000 0 0
1484577295.072268000 0 0
1484577295.076273000 0 0
1484577295.082421000 0 0
1484577295.104333000 0 0
1484577295.110372000 0 0
1484577295.573136000 0 213375
1484577295.614038000 0 0
1484577295.611750000 0 0
1484577294.516518000 282 0
1484577295.012590000 402 0
1484577295.025761000 504 0
1484577295.059681000 504 0
1484577295.086596000 402 0
1484577299.669417000 0 0
1484577329.269207000 0 0
1484577329.363067000 0 0
1484577329.374091000 0 0
1484577329.392019000 0 0
1484577329.894166000 0 0
1484577329.901984000 0 0
1484577329.908675000 0 0
1484577329.922122000 0 0
1484577329.944069000 0 0
1484577329.951026000 0 0
1484577329.955024000 0 0
1484577329.973935000 0 0
1484577329.980042000 0 0
1484577330.000075000 0 0
1484577330.004022000 0 0
1484577330.453833000 0 213957
1484577330.489750000 0 0
1484577330.485332000 0 0
1484577346.589916000 0 0
1484577329.405164000 282 0
1484577329.915916000 402 0
1484577329.931196000 504 0
1484577329.962152000 504 0
1484577329.984147000 402 0
1484577346.598199000 0 0
1484577361.454762000 0 0
1484577361.460675000 0 0
1484577440.766173000 0 11418
1484577440.778800000 0 0
1484577440.777469000 0 0
1484577501.947872000 0 0
1484577501.955892000 204676 5042
1484577596.357550000 0 369
1484577596.375486000 0 0
1484577596.373126000 0 0
1484577512.667025000 205736 12334
1484576973.535755000 0 62995
1484577606.251042000 0 0
1484577606.256096000 0 0
1484577606.271721000 0 0
1484577606.297284000 0 70160
1484577606.345962000 0 0
1484577606.282282000 0 5220
1484577637.075955000 0 0
1484577637.644789000 0 0
1484577637.653528000 0 0
1484577637.669985000 0 0
1484577643.056383000 0 0
1484577643.092377000 0 0
1484577643.084334000 0 0
1484577648.799659000 0 0
1484577648.809640000 0 0
1484577648.821426000 0 0
1484577648.834428000 0 0
1484577648.841429000 0 0
1484577648.852422000 0 0
1484577648.859655000 0 0
1484577648.871442000 0 0
1484577648.881411000 0 0
1484577648.889576000 0 0
1484577648.902329000 0 0
1484577648.919600000 0 0
1484577648.933518000 0 0
1484577648.951413000 0 0
1484577648.965363000 0 0
1484577648.972403000 0 0
1484577648.981298000 0 0
1484577648.989480000 0 0
1484577648.996370000 0 0
1484577649.005396000 0 0
1484577649.014377000 0 0
1484577649.021310000 0 0
1484577649.029647000 0 0
1484577649.036364000 0 0
1484577649.045359000 0 0
1484577649.052402000 0 0
1484577649.069535000 0 0
1484577637.678573000 402 0
1484577637.683728000 282 0
1484577697.398585000 0 0
1484577697.415153000 0 0
1484577710.634151000 0 0
1484577715.891114000 0 0
1484577697.405125000 1620 0
1484577715.895253000 215621 6952
1484577697.423748000 2079 0
1484577637.156511000 0 0
1484577637.060688000 0 0
1484577740.784162000 0 11418
1484577740.791610000 0 0
1484577740.801276000 0 0
1484577740.800511000 0 0
1484577740.799213000 0 0
1484577740.808545000 0 0
1484577740.798764000 0 0
1484577740.768605000 0 0
1484577740.767075000 0 0
1484577655.966369000 0 0
1484577763.467807000 0 0
1484577740.809053000 226 0
1484577740.818289000 282 0
1484577740.826227000 134 0
1484577740.833022000 134 0
1484577740.841128000 134 0
1484577740.851121000 144 0
1484577740.861055000 134 0
1484577740.869173000 134 0
1484577740.879184000 134 0
1484577795.230286000 0 0
1484577795.237223000 0 0
1484577795.247259000 0 0
1484577896.393334000 0 363
1484577896.416013000 0 0
1484577896.412976000 0 0
1484578040.834986000 0 11418
1484578040.851803000 0 0
1484578040.850511000 0 0
1484578322.390670000 0 0
1484578322.405967000 0 0
1484577731.827830000 216947 14930
1484578340.980886000 0 0
1484578322.398451000 1620 0
1484578322.414072000 2079 0
1484578354.540760000 0 0
1484578364.829319000 0 0
1484578380.300730000 0 0
1484578391.238804000 0 0
1484578410.153290000 0 0
1484578423.299147000 0 0
1484578433.624010000 0 0
1484578446.443820000 0 0
1484578456.676951000 0 0
1484578467.597802000 0 0
1484578478.460675000 0 0
1484578488.547598000 0 0
1484578503.715518000 0 0
1484578514.815273000 0 0
1484578553.784144000 0 0
1484578568.523668000 0 0
1484578580.663285000 0 0
1484578590.773158000 0 0
1484578605.195640000 0 0
1484578619.995188000 0 11418
1484578620.014921000 0 0
1484578620.012402000 0 0
1484578622.462156000 0 0
1484578622.512572000 0 0
1484578622.518256000 13428 2153
1484578637.894361000 0 0
1484578622.477569000 2079 0
1484578651.195246000 0 0
1484578661.812162000 0 0
1484578673.225956000 0 0
1484578683.263979000 0 0
1484578695.136825000 0 0
1484578705.503829000 0 0
1484578720.439341000 0 0
1484578736.781526000 0 0
1484578739.998692000 0 0
1484578623.148102000 0 15243
1484578740.003675000 222928 5024
1484578751.485409000 0 0
1484578739.458655000 2079 0
1484578771.694164000 0 0
1484578771.711110000 0 0
1484578784.659141000 0 0
1484578771.702229000 1620 0
1484578795.520031000 0 0
1484578812.673930000 0 0
1484578824.458646000 0 0
1484578837.336097000 0 0
1484578838.366091000 0 0
1484578838.375876000 0 0
1484578850.298580000 0 0
1484578863.606464000 0 0
1484578880.705002000 0 0
1484578892.364658000 0 0
1484578902.854230000 0 0
1484578912.970170000 0 0
1484578920.047511000 0 11418
1484578920.067438000 0 0
1484578920.065050000 0 0
1484578925.194955000 0 0
1484578939.492983000 0 0
1484578949.572895000 0 0
1484579003.458337000 0 0
1484579014.021038000 0 0
1484579033.320552000 0 0
1484579045.141932000 0 0
1484579057.129795000 0 0
1484579069.289434000 0 0
1484579083.669097000 0 0
1484579094.584450000 0 0
1484579071.764737000 2079 0
1484579117.118096000 0 0
1484579135.370167000 0 0
1484579150.117225000 0 0
1484579160.848881000 0 0
1484579187.376074000 0 0
1484578751.008891000 224096 7476
1484579210.336599000 0 0
1484579220.095765000 0 11418
1484579220.114653000 0 0
1484579220.110734000 0 0
1484579220.545214000 0 0
1484579235.006299000 0 0
1484579250.731253000 0 0
1484579261.663966000 0 0
1484579272.403621000 0 0
1484579284.266865000 0 0
1484579294.864852000 0 0
1484579371.795303000 0 0
1484578751.493624000 10697 6082
1484579371.815981000 2079 0
1484579520.137186000 0 11418
1484579520.156095000 0 0
1484579520.152102000 0 0
1484579610.159269000 0 0
1484579626.730112000 0 0
1484579641.817857000 0 0
1484579655.402884000 0 0
1484579671.846654000 0 0
1484579671.864714000 2079 0
1484579723.110821000 0 0
1484579741.040514000 0 0
1484579754.103933000 0 0
1484579765.189964000 0 0
1484579782.319272000 0 0
1484579800.309708000 0 0
1484579811.580578000 0 0
1484579826.947977000 0 0
1484579846.504251000 0 0
1484579856.868023000 0 0
1484579867.406763000 0 0
1484579878.100026000 0 0
1484579889.596945000 0 0
1484579902.446764000 0 0
1484579902.946304000 0 11419
1484579902.960347000 0 0
1484579902.957863000 0 0
1484579915.012577000 0 0
1484579926.311573000 0 0
1484579936.815420000 0 0
1484579950.080444000 0 0
1484579964.895280000 0 0
1484579371.921322000 0 18296
1484579971.907299000 2079 0
1484580006.067062000 0 0
1484579971.994515000 0 14541
1484580022.257832000 0 0
1484580032.557812000 0 0
1484580043.297924000 0 0
1484580053.855483000 0 0
1484580065.376394000 0 0
1484580076.833356000 0 0
1484580087.105325000 0 0
1484580105.741006000 0 0
1484580169.583609000 0 0
1484580191.137750000 0 0
1484580202.983637000 0 11419
1484580203.001733000 0 0
1484580202.999319000 0 0
1484580220.891087000 0 0
1484580248.742988000 0 0
1484580260.900852000 0 0
1484580271.955523000 0 0
1484580271.989773000 0 0
1484580282.349638000 0 0
1484580294.044830000 0 0
1484580271.970850000 2079 0
1484580306.766559000 0 0
1484580323.437328000 0 0
1484580333.707246000 0 0
1484580340.103613000 0 0
1484580346.389975000 0 0
1484580346.399538000 2681 4196
1484580346.426564000 0 70160
1484580346.475138000 0 0
1484580348.683332000 0 0
1484580271.997013000 11575 9042
1484580340.109387000 225287 1562
1484580354.530042000 0 0
1484580357.953099000 0 0
1484580339.527272000 2079 0
1484580369.192534000 0 0
1484580348.688119000 1620 0
1484580383.825672000 0 0
1484580395.163733000 0 0
1484580413.987546000 0 0
1484580425.294408000 0 0
1484580435.740898000 0 0
1484580446.023321000 0 0
1484580457.974235000 0 0
1484580468.764140000 0 0
1484580480.316023000 0 0
1484580490.433897000 0 0
1484580503.024453000 0 11419
1484580503.041255000 0 0
1484580503.039091000 0 0
1484580503.528816000 0 0
1484580513.644743000 0 0
1484580524.291700000 0 0
1484580535.023582000 0 0
1484580546.388515000 0 0
1484580559.542383000 0 0
1484580575.558021000 0 0
1484580586.426662000 0 0
1484580614.145655000 0 0
1484580625.015419000 0 0
1484580641.534977000 0 0
1484580354.067191000 226467 4015
1484580354.538234000 14094 2767
1484580648.748598000 2079 0
1484580708.025914000 0 0
1484580751.151934000 0 0
1484580751.741935000 0 0
1484580756.608063000 0 0
1484580756.857637000 0 0
1484580756.865455000 0 0
1484580756.878490000 0 0
1484580756.928545000 0 0
1484580756.934650000 0 0
1484580648.841070000 0 15154
1484580751.746051000 227647 6474
1484580762.264497000 0 0
1484580773.744222000 0 0
1484580773.794303000 0 0
1484580773.785228000 0 0
1484580751.161989000 2079 0
1484580756.889479000 402 0
1484580756.897011000 282 0
1484580803.054795000 0 11419
1484580803.072800000 0 0
1484580803.070406000 0 0
1484580896.660132000 0 368
1484580896.681174000 0 0
1484580896.678124000 0 0
1484580756.652351000 0 0
1484580756.592478000 0 0
1484580964.709689000 0 0
1484580964.719903000 0 0
1484580964.717640000 0 0
1484580964.740709000 0 0
1484580964.715730000 0 0
1484580964.742817000 0 0
1484580964.685561000 0 0
1484580964.687705000 0 0
1484580761.781513000 229019 6898
1484580964.725734000 226 0
1484580964.732998000 282 0
1484580964.748812000 134 0
1484580964.757338000 134 0
1484580964.763513000 134 0
1484580964.769868000 144 0
1484580964.777169000 134 0
1484580964.782352000 134 0
1484580964.788905000 134 0
1484552994.310128000 452724 569567
1484581081.777423000 0 102936
1484581081.879580000 0 0
1484581081.892819000 0 102936
1484581081.957182000 0 0
1484581081.972800000 0 102936
1484581082.034096000 0 0
1484581082.046386000 0 135712
1484581082.505103000 0 0
1484581082.518311000 0 135712
1484581082.594055000 0 0
1484581103.094181000 0 11419
1484581103.111370000 0 0
1484581103.107177000 0 0
1484580762.271560000 10670 0
1484581108.936832000 0 0
1484581108.951646000 0 0
1484581124.835697000 0 0
1484581108.944813000 1620 0
1484581137.884605000 0 0
1484581149.012519000 0 0
1484581159.657369000 0 0
1484581171.746277000 0 0
1484581195.020075000 0 0
1484581196.683665000 0 363
1484581196.703527000 0 0
1484581196.701272000 0 0
1484581207.449975000 0 0
1484581218.793914000 0 0
1484581234.282738000 0 0
1484581240.668037000 0 0
1484581244.208857000 0 0
1484581244.843182000 0 70160
1484581244.892827000 0 0
1484581245.218004000 0 0
1484581244.228053000 14572 8233
1484581256.801726000 0 135712
1484581256.870384000 0 0
1484581240.179818000 2079 0
1484581276.833169000 0 0
1484581276.846692000 0 0
1484581276.862092000 0 0
1484581276.881235000 0 0
1484581276.913262000 0 0
1484581276.921208000 0 0
1484581276.930300000 0 0
1484581276.938305000 0 0
1484581276.966652000 0 0
1484581276.971136000 0 0
1484581276.996824000 0 0
1484581277.003052000 0 0
1484581277.011115000 0 0
1484581277.043044000 0 0
1484581277.051090000 0 0
1484581277.422289000 0 0
1484581277.429232000 0 0
1484581277.726965000 0 0
1484581277.731241000 0 0
1484581277.738359000 0 0
1484581277.751254000 0 0
1484581277.758260000 0 0
1484581277.762254000 0 0
1484581277.778073000 0 0
1484581277.782103000 0 0
1484581277.796794000 0 0
1484581277.801174000 0 0
1484581278.167547000 0 214564
1484581278.199826000 0 0
1484581278.198538000 0 0
1484581240.676372000 231200 5214
1484581245.230846000 3473 8571
1484581276.980282000 282 0
1484581276.873072000 402 0
1484581276.893199000 504 0
1484581276.949329000 504 0
1484581277.021991000 402 0
1484581403.145929000 0 11419
1484581403.164840000 0 0
1484581403.160587000 0 0
1484581282.549142000 0 0
1484581473.957659000 0 0
1484581474.076535000 0 0
1484581474.086423000 0 0
1484581474.103469000 0 0
1484581474.655633000 0 0
1484581474.664559000 0 0
1484581474.671425000 0 0
1484581474.684674000 0 0
1484581474.711288000 0 0
1484581474.715531000 0 0
1484581474.722535000 0 0
1484581474.726488000 0 0
1484581474.751243000 0 0
1484581474.755553000 0 0
1484581474.762667000 0 0
1484581474.785598000 0 0
1484581474.792617000 0 0
1484581475.097358000 0 215064
1484581475.134183000 0 0
1484581475.132861000 0 0
1484581496.715022000 0 389
1484581496.734027000 0 0
1484581496.730910000 0 0
1484581474.123256000 282 0
1484581474.677611000 402 0
1484581474.695250000 504 0
1484581474.735369000 504 0
1484581474.768235000 402 0
1484581479.331166000 0 0
1484581684.945211000 0 0
1484581685.039888000 0 0
1484581685.050648000 0 0
1484581685.067817000 0 0
1484581685.581788000 0 0
1484581685.590707000 0 0
1484581685.596822000 0 0
1484581685.606835000 0 0
1484581685.629700000 0 0
1484581685.636619000 0 0
1484581685.640799000 0 0
1484581685.646726000 0 0
1484581685.667657000 0 0
1484581685.671682000 0 0
1484581685.678687000 0 0
1484581685.700643000 0 0
1484581685.706680000 0 0
1484581686.080395000 0 215590
1484581686.114829000 0 0
1484581686.111116000 0 0
1484581282.711569000 232398 7535
1484581694.475763000 0 0
1484581703.185463000 0 11419
1484581703.199284000 0 0
1484581703.196975000 0 0
1484581685.085305000 282 0
1484581685.600891000 402 0
1484581685.615358000 504 0
1484581685.650863000 504 0
1484581685.687028000 402 0
1484581796.752832000 0 363
1484581796.771732000 0 0
1484581796.768305000 0 0
1484582003.223842000 0 11419
1484582003.240820000 0 0
1484582003.238532000 0 0
1484582205.043875000 0 0
1484582205.067029000 0 0
1484582205.073983000 0 2625
1484582205.090554000 0 0
1484582205.095489000 0 0
1484582205.102418000 0 0
1484582205.050942000 0 0
1484582205.107693000 0 0
1484582205.188080000 0 85
1484582205.197694000 0 0
1484582205.216039000 0 109
1484582205.227796000 0 0
1484582205.268132000 0 144
1484582205.276584000 0 0
1484552994.599970000 0 4096
1484582205.280877000 0 0
1484582205.286601000 0 0
1484582205.286811000 0 0
1484582205.294464000 0 0
1484552994.590852000 0 0
1484582205.304665000 0 0
1484582205.310844000 0 0
1484582205.314924000 0 10
1484582205.330614000 0 0
1484582205.335389000 0 0
1484582205.293792000 0 0
1484582205.342686000 0 0
1484552992.957410000 33833 632564
1484581081.759691000 0 465040
1484582205.364968000 0 33908
1484582205.414237000 0 302
1484582205.416062000 0 175
1484582205.426749000 0 0
1484582205.451513000 0 0
1484582205.448813000 0 204
1484552995.932100000 0 32768
1484582205.461901000 0 0
1484552995.921342000 0 3975832
1484582205.460689000 0 0
1484582205.471577000 0 0
1484582205.475655000 0 0
1484582205.490483000 0 0
1484552995.798917000 0 4096
1484582205.500712000 0 0
1484582205.506447000 0 0
1484552995.789772000 0 0
1484582205.515670000 0 0
1484582205.524492000 0 0
1484582205.545798000 0 0
1484582205.551850000 0 15308
1484582205.580617000 0 0
1484582205.585490000 0 0
1484582205.530701000 0 0
1484582205.592668000 0 0
1484582205.621891000 0 0
1484553000.993749000 98755 28318
1484571463.873216000 0 22066
1484577763.497502000 245055 11509
1484570927.218353000 37174 28347
1484570947.433710000 12897 6468
1484580346.428515000 0 7938
1484582206.675516000 0 0
1484582206.764666000 0 0
1484582206.773485000 0 0
1484582206.790507000 0 0
1484552970.086361000 0 0
