1484549751.663622000 0 0
1484549751.672435000 0 0
1484549751.681086000 0 0
1484549751.689090000 0 0
1484549751.697638000 0 0
1484549753.711860000 574 0
1484549754.414208000 0 0
1484549754.417387000 0 0
1484549754.425848000 0 0
1484549755.122221000 0 0
1484549755.124809000 0 0
1484549755.158509000 0 0
1484549755.387264000 0 0
1484549755.402404000 0 0
1484549755.404835000 0 0
1484549755.406031000 0 0
1484549755.408613000 0 0
1484549755.430375000 0 0
1484549755.432901000 0 0
1484549755.445095000 0 0
1484549755.471458000 0 0
1484549755.473743000 0 0
1484549755.477386000 0 0
1484549755.481919000 0 0
1484549755.360050000 0 0
1484549754.144921000 317 0
1484549755.396186000 241 0
1484549755.399066000 129 0
1484549755.408565000 321 0
1484549755.421325000 572 0
1484549755.427478000 129 0
1484549755.432676000 1559 0
1484549755.442147000 129 0
1484549755.448237000 544 0
1484549755.458185000 322 0
1484549755.481056000 1944 0
1484549755.495895000 2741 0
1484549755.500191000 504 0
1484549755.512094000 1123 0
1484549755.530549000 1397 0
1484549755.541610000 691 0
1484549755.552333000 987 0
1484549755.563509000 1087 0
1484549755.568447000 308 0
1484549755.579017000 222 0
1484549755.589320000 398 0
1484549755.601136000 1761 0
1484549754.355375000 574 0
1484549756.256562000 4096 0
1484549772.560610000 0 0
1484549772.564577000 0 0
1484549772.572444000 0 0
1484549772.579208000 0 0
1484549772.680384000 0 0
1484549772.687599000 0 0
1484549772.707461000 0 0
1484549772.737719000 0 0
1484549772.740847000 0 0
1484549772.751636000 0 0
1484549772.765021000 230 0
1484549772.842912000 0 208
1484549773.464682000 0 0
1484549773.641082000 0 0
1484549773.703238000 0 0
1484549773.766733000 0 0
1484549773.770778000 0 0
1484549773.774845000 0 0
1484549773.778958000 0 0
1484549773.782183000 0 0
1484549773.826701000 0 0
1484549773.992968000 0 0
1484549774.328302000 0 0
1484549774.393695000 0 0
1484549774.545369000 0 0
1484549774.580873000 0 0
1484549756.307244000 4096 0
1484549774.584501000 0 18830
1484549774.987743000 0 0
1484549774.991358000 0 0
1484549774.564621000 18830 0
1484549774.572944000 0 0
1484549774.994807000 0 0
1484549775.058599000 0 230
1484549775.073300000 0 185
1484549775.081554000 0 0
1484549775.085340000 0 0
1484549775.088815000 0 0
1484549775.096468000 0 0
1484549775.103146000 0 0
1484549775.101557000 0 0
1484549775.200757000 0 0
1484549775.204355000 0 0
1484549775.207337000 0 0
1484549775.214295000 0 0
1484549775.229730000 0 0
1484549775.232628000 0 0
1484549775.235568000 0 0
1484549775.292050000 0 0
1484549775.481724000 0 0
1484549775.485557000 0 9108
1484549775.500153000 0 0
1484549775.503761000 0 0
1484549773.717583000 9111 0
1484549775.470539000 0 0
1484549775.507114000 0 0
1484549775.626043000 0 0
1484549775.644676000 0 0
1484549775.649468000 0 9110
1484549775.665367000 0 0
1484549775.669073000 0 0
1484549775.631403000 0 0
1484549775.672449000 0 0
1484549775.969990000 0 0
1484549775.977299000 0 0
1484549775.988232000 0 0
1484549776.040060000 0 0
1484549776.064965000 0 0
1484549776.638941000 0 8207
1484549776.802336000 0 0
1484549776.805969000 0 0
1484549776.083707000 12031 0
1484549776.809388000 0 0
1484549776.818162000 0 0
1484549776.825340000 0 0
1484549776.823853000 0 0
1484549776.860473000 0 0
1484549777.706448000 0 0
1484549777.710312000 0 2
1484549777.720495000 0 0
1484549777.724265000 0 0
1484549775.982473000 2 0
1484549777.690787000 0 0
1484549777.727461000 0 0
1484549777.823685000 0 53
1484549777.063677000 288 0
1484549777.832505000 0 0
1484549777.874818000 0 0
1484549777.887228000 0 0
1484549777.891108000 0 9061
1484549777.904653000 0 0
1484549777.907881000 0 0
1484549777.878432000 0 0
1484549777.910938000 0 0
1484549777.953577000 0 0
1484549778.187684000 0 3399
1484549774.360920000 3403 0
1484549778.195492000 0 0
1484549778.415514000 131072 0
1484549778.456517000 0 0
1484549779.135651000 0 0
1484549779.345261000 0 0
1484549779.388012000 0 0
1484549779.426047000 0 90
1484549779.426921000 0 0
1484549779.434637000 0 0
1484549779.434857000 0 0
1484549779.439732000 0 0
1484549779.433008000 0 0
1484549779.414975000 0 0
1484549779.486902000 0 0
1484549779.501989000 0 0
1484549779.481018000 0 4096
1484549779.508118000 0 0
1484549779.473609000 0 0
1484549779.515924000 0 0
1484549779.398006000 0 0
1484549779.686701000 0 0
1484549780.472483000 0 0
1484549780.843106000 0 0
1484549777.862605000 6240 0
1484549780.841882000 0 0
1484549780.852202000 0 0
1484549780.859186000 0 0
1484549780.857668000 0 0
1484549780.869231000 0 7108
1484549780.877867000 0 0
1484549775.055279000 208 0
1484549779.140505000 0 0
1484549791.785818000 0 0
1484549779.680503000 0 4096
1484549791.792906000 0 0
1484549791.797677000 0 0
1484549779.676376000 0 0
1484549791.803968000 0 0
1484549796.048180000 0 8700
1484549796.058056000 0 0
1484549796.066048000 0 0
1484549772.576309000 10 0
1484549772.588650000 10 0
1484549772.684267000 317 0
1484549774.019265000 16384 0
1484549774.207361000 792 0
1484549774.419226000 237055 0
1484549775.241659000 185 0
1484549777.069893000 116 0
1484549772.554833000 574 0
1484549777.690719000 309 0
1484549778.034501000 1140 0
1484549778.090203000 1251 0
1484549777.097078000 29 0
1484549779.156409000 3781 0
1484549779.353981000 34995 0
1484549779.401273000 29 0
1484549779.997186000 1167 0
1484549808.047156000 0 1111
1484549808.055549000 0 0
1484549809.138717000 0 0
1484549809.155525000 0 0
1484549809.159343000 0 9195
1484549809.171988000 0 0
1484549809.176237000 0 0
1484549809.179821000 0 0
1484549809.143927000 0 0
1484549809.183219000 0 0
1484549779.468686000 40960 0
1484549832.292981000 0 0
1484549832.303383000 0 0
1484549832.311718000 0 0
1484549832.317922000 0 0
1484549832.338936000 0 66
1484549832.330592000 66 0
1484549832.345922000 0 0
1484549835.943110000 0 0
1484549835.961480000 0 137
1484549835.969330000 0 0
1484549835.948578000 137 0
1484549835.967986000 0 0
1484549835.988496000 0 0
1484549836.009571000 0 14505
1484549836.018881000 0 0
1484549836.017567000 0 0
1484549836.035790000 0 0
1484549836.039926000 0 0
1484549836.052853000 0 0
1484549836.068309000 0 0
1484549836.080188000 0 0
1484549836.088276000 0 0
1484549836.104930000 0 0
1484549836.114152000 0 0
1484549836.118826000 0 0
1484549836.123713000 0 0
1484549836.128339000 0 0
1484549836.133033000 0 0
1484549836.137903000 0 0
1484549836.143026000 0 0
1484549836.152749000 0 0
1484549836.157287000 0 0
1484549836.162057000 0 0
1484549836.167061000 0 0
1484549836.171612000 0 0
1484549836.176193000 0 0
1484549836.189841000 0 0
1484549836.194461000 0 0
1484549836.198911000 0 0
1484549836.203808000 0 0
1484549836.216353000 0 0
1484549836.221177000 0 0
1484549836.225510000 0 0
1484549836.230037000 0 0
1484549836.234982000 0 0
1484549836.239439000 0 0
1484549836.243691000 0 0
1484549836.248028000 0 0
1484549836.252559000 0 0
1484549836.257008000 0 0
1484549836.261362000 0 0
1484549836.265682000 0 0
1484549836.270128000 0 0
1484549836.274507000 0 0
1484549836.279041000 0 0
1484549836.286384000 0 0
1484549836.290714000 0 0
1484549836.295155000 0 0
1484549836.306429000 0 0
1484549836.315830000 0 0
1484549836.321003000 0 0
1484549836.331290000 0 0
1484549836.342617000 0 0
1484549836.347607000 0 0
1484549836.362294000 0 0
1484549836.372762000 0 0
1484549836.377594000 0 0
1484549836.382065000 0 0
1484549836.386919000 0 0
1484549836.400606000 0 0
1484549836.425927000 0 0
1484549836.430847000 0 0
1484549836.435412000 0 0
1484549836.440121000 0 0
1484549836.444991000 0 0
1484549836.457806000 0 0
1484549836.477502000 0 0
1484549836.482889000 0 0
1484549836.494148000 0 0
1484549836.499593000 0 0
1484549836.509333000 0 0
1484549836.514359000 0 0
1484549836.518710000 0 0
1484549836.523150000 0 0
1484549836.529415000 0 0
1484549836.534231000 0 0
1484549836.538617000 0 0
1484549836.543155000 0 0
1484549836.547724000 0 0
1484549836.552012000 0 0
1484549836.556815000 0 0
1484549836.561416000 0 0
1484549836.570775000 0 0
1484549836.578164000 0 0
1484549836.583311000 0 0
1484549836.587692000 0 0
1484549836.591929000 0 0
1484549836.596642000 0 0
1484549836.600897000 0 0
1484549836.607808000 0 0
1484549836.612141000 0 0
1484549836.616840000 0 0
1484549836.621733000 0 0
1484549836.626191000 0 0
1484549836.630638000 0 0
1484549836.635098000 0 0
1484549836.639451000 0 0
1484549836.643887000 0 0
1484549836.648251000 0 0
1484549836.652627000 0 0
1484549836.657213000 0 0
1484549836.661772000 0 0
1484549836.030572000 51 0
1484549863.963940000 0 0
1484549863.997899000 0 0
1484549864.013766000 0 0
1484549864.017252000 0 9050
1484549864.031023000 0 0
1484549864.034844000 0 0
1484549864.039455000 0 0
1484549864.005172000 0 0
1484549864.042436000 0 0
1484549864.062420000 0 0
1484549864.078382000 0 0
1484549864.078491000 0 0
1484549864.082368000 0 0
1484549864.089405000 0 0
1484549864.093421000 0 0
1484549864.103309000 0 0
1484549864.096539000 0 0
1484549864.108692000 0 0
1484549864.112511000 0 0
1484549864.113981000 0 0
1484549864.125098000 0 0
1484549864.117076000 0 0
1484549864.085952000 0 0
1484549864.210061000 0 0
1484549864.230088000 0 0
1484549864.204327000 0 4096
1484549864.236473000 0 0
1484549864.200810000 0 0
1484549864.243947000 0 0
1484549876.128138000 0 0
1484549864.096055000 0 4096
1484549876.134987000 0 0
1484549876.139307000 0 0
1484549864.091224000 0 0
1484549876.145364000 0 0
1484549864.100527000 29 0
1484549864.129537000 46 0
1484549864.195734000 69632 0
1484549897.079599000 0 1251
1484549897.087351000 0 0
1484549864.082259000 45056 0
1484550017.678334000 0 237378
1484550017.707001000 0 0
1484550017.705853000 0 0
1484550084.853832000 0 792
1484550136.021619000 0 3399
1484550136.031978000 0 0
1484550136.030673000 0 0
1484550182.341921000 0 0
1484550182.347723000 0 0
1484550182.345870000 0 0
1484550182.354715000 0 0
1484550242.321142000 0 15130
1484550242.331641000 0 0
1484550242.330312000 0 0
1484550657.625223000 0 16256
1484550657.635806000 0 0
1484550657.634389000 0 0
1484554100.812871000 0 0
1484554101.627907000 0 0
1484554101.718428000 0 0
1484554101.722494000 0 0
1484554101.824518000 0 0
1484554101.843699000 0 0
1484554101.859599000 0 0
1484554101.872760000 0 0
1484554101.886914000 0 0
1484554101.899660000 0 0
1484554101.912513000 0 0
1484554101.924070000 0 0
1484554257.945600000 0 16260
1484554257.957653000 0 0
1484554257.956339000 0 0
1484555634.625042000 0 0
1484555634.631756000 0 0
1484557857.994114000 0 16261
1484557858.005645000 0 0
1484557858.004326000 0 0
1484558545.514447000 0 0
1484558545.576423000 0 0
1484558545.580345000 0 0
1484558545.589752000 0 0
1484558545.602353000 0 0
1484558545.606637000 0 0
1484558547.506540000 0 0
1484558547.507872000 0 0
1484558545.594642000 574 0
1484561458.039540000 0 16264
1484561458.051911000 0 0
1484561458.050571000 0 0
1484561721.288044000 0 98840
1484561721.325762000 0 0
1484561722.775267000 0 1167
1484561722.786952000 0 0
1484561722.785462000 0 0
1484561724.295674000 0 9068
1484561724.309583000 0 0
1484561724.308100000 0 0
1484561724.320591000 0 0
1484561724.319237000 0 0
1484561739.349920000 0 9800
1484561739.362824000 0 0
1484561739.361251000 0 0
1484561739.373402000 0 0
1484561739.372050000 0 0
1484561754.404411000 0 9813
1484561754.416679000 0 0
1484561754.415174000 0 0
1484561754.426978000 0 0
1484561754.425652000 0 0
1484561769.456051000 0 9820
1484561769.469511000 0 0
1484561769.467876000 0 0
1484561769.480402000 0 0
1484561769.774507000 0 0
1484561769.478911000 0 0
1484561784.817987000 0 9846
1484561784.831941000 0 0
1484561784.830604000 0 0
1484561784.843196000 0 0
1484561784.841852000 0 0
1484562013.939161000 0 16265
1484562013.951062000 0 0
1484562013.949706000 0 0
1484562025.418786000 0 792
1484562237.127262000 0 0
1484562237.134598000 0 0
1484562388.086030000 0 16265
1484562388.099131000 0 0
1484562388.097925000 0 0
1484562688.110337000 0 16265
1484562688.121864000 0 0
1484562688.120495000 0 0
1484562916.524808000 0 10244
1484562916.537244000 0 0
1484562916.535964000 0 0
1484562916.547412000 0 0
1484562916.546334000 0 0
1484562931.573542000 0 10591
1484562931.586794000 0 0
1484562931.585260000 0 0
1484562931.597272000 0 0
1484562931.595884000 0 0
1484562946.623763000 0 10651
1484562946.637599000 0 0
1484562946.636059000 0 0
1484562946.648655000 0 0
1484562946.647342000 0 0
1484563090.816532000 4096 0
1484563095.084743000 0 0
1484563095.145697000 0 0
1484563097.047545000 0 0
1484563097.052977000 0 0
1484563097.067266000 0 0
1484563097.075882000 0 0
1484563097.096460000 0 0
1484563097.113858000 0 0
1484563097.117653000 0 0
1484563100.180548000 0 0
1484563100.184967000 0 0
1484563100.194747000 0 0
1484563102.213213000 0 0
1484563112.867086000 0 0
1484563112.956526000 0 0
1484563112.961404000 0 0
1484563112.970434000 0 0
1484563112.974975000 0 0
1484563112.982120000 0 0
1484563112.986931000 0 0
1484563090.854227000 4096 0
1484563102.224944000 1 1
1484563129.981033000 0 0
1484563130.050305000 0 0
1484563130.055283000 0 0
1484563130.063537000 0 0
1484563130.067709000 0 0
1484563130.074614000 0 0
1484563130.079489000 0 0
1484563130.083106000 0 0
1484563130.095269000 0 0
1484563130.098705000 0 0
1484563130.106505000 0 0
1484563130.181179000 0 0
1484563130.241478000 0 0
1484563130.261354000 0 0
1484563130.305037000 0 0
1484563130.374079000 0 0
1484563130.378170000 0 0
1484563130.382247000 0 0
1484563130.386343000 0 0
1484563130.389641000 0 0
1484563130.449032000 0 0
1484563130.492156000 0 0
1484563130.496541000 0 0
1484563130.674906000 0 0
1484563130.730310000 0 0
1484563130.926813000 0 0
1484563130.976611000 0 0
1484563130.981427000 0 18830
1484563131.391905000 0 0
1484563131.396796000 0 0
1484563130.958211000 18830 0
1484563130.966962000 0 0
1484563131.400943000 0 0
1484563131.549359000 0 230
1484563131.564617000 0 497
1484563131.574785000 0 0
1484563131.578791000 0 0
1484563131.582996000 0 0
1484563131.592203000 0 0
1484563131.599620000 0 0
1484563131.598044000 0 0
1484563131.696181000 0 0
1484563132.066332000 0 0
1484563132.089459000 0 0
1484563132.164096000 0 8207
1484563132.331871000 0 0
1484563132.336830000 0 0
1484563132.109128000 12031 0
1484563132.341094000 0 0
1484563132.352999000 0 0
1484563132.361287000 0 0
1484563132.359399000 0 0
1484563132.478763000 0 0
1484563132.561974000 0 0
1484563132.797164000 0 0
1484563132.838734000 0 0
1484563132.926216000 0 53
1484563132.470424000 204 0
1484563132.936177000 0 0
1484563132.980548000 0 7633
1484563130.701947000 7633 0
1484563132.992258000 0 0
1484563133.046240000 0 0
1484563133.313824000 0 0
1484563133.889024000 0 0
1484563133.892475000 0 0
1484563134.445449000 0 0
1484563134.456313000 0 0
1484563134.467660000 0 0
1484563134.481979000 0 0
1484563134.465907000 0 0
1484563134.487452000 0 0
1484563134.498485000 0 0
1484563134.502200000 0 0
1484563134.505578000 0 0
1484563134.508933000 0 0
1484563134.496648000 0 0
1484563134.514109000 0 0
1484563134.518127000 0 0
1484563134.521684000 0 0
1484563134.525566000 0 0
1484563097.043687000 1722 0
1484563097.072822000 30 0
1484563097.091113000 30 0
1484563097.110642000 762 0
1484563130.251523000 38075 0
1484563130.272722000 4431 0
1484563130.316570000 16384 0
1484563130.345204000 271 0
1484563130.755415000 208787 0
1484563131.629185000 497 0
1484563132.083098000 5501 0
1484563132.490939000 3072 0
1484563132.828502000 33009 0
1484563132.857078000 8 0
1484563132.971069000 7495 0
1484563132.516235000 25 0
1484563133.059673000 504 0
1484563133.509926000 7487 0
1484563134.452136000 868 0
1484563134.579454000 0 0
1484563134.583918000 0 0
1484563134.587897000 0 0
1484563134.598423000 0 0
1484563134.602375000 0 0
1484563134.605824000 0 0
1484563134.609711000 0 0
1484563134.613192000 0 0
1484563134.628179000 0 0
1484563134.631442000 0 0
1484563134.635011000 0 0
1484563134.652917000 0 0
1484563134.663379000 0 0
1484563134.666821000 0 0
1484563134.678197000 0 0
1484563134.683489000 0 0
1484563134.686844000 0 0
1484563134.691613000 0 0
1484563134.694919000 0 0
1484563134.704822000 0 0
1484563134.708157000 0 0
1484563134.711288000 0 0
1484563134.715312000 0 0
1484563134.721699000 0 0
1484563134.725101000 0 0
1484563134.729590000 0 0
1484563134.733286000 0 0
1484563134.800176000 0 0
1484563134.806981000 0 0
1484563134.810489000 0 0
1484563134.814250000 0 0
1484563135.399016000 0 0
1484563135.463331000 0 0
1484563135.493877000 0 0
1484563135.501703000 0 0
1484563135.701630000 0 0
1484563135.714884000 0 0
1484563135.725695000 0 0
1484563135.736937000 0 0
1484563135.755482000 0 0
1484563135.765584000 0 0
1484563135.777168000 0 0
1484563135.926083000 0 0
1484563135.930957000 0 2
1484563135.940900000 0 0
1484563135.944555000 0 0
1484563135.508407000 2 0
1484563135.914276000 0 0
1484563135.948348000 0 0
1484563136.210427000 0 0
1484563134.797330000 261 0
1484563135.351469000 9833 0
1484563135.404670000 376 0
1484563135.470203000 246 0
1484563136.142408000 1108 0
1484563144.111444000 0 0
1484563130.127870000 208 0
1484563132.071161000 0 0
1484563134.676254000 0 0
1484563160.766898000 0 0
1484563160.769981000 0 0
1484563160.760239000 0 0
1484563160.820917000 0 0
1484563160.824698000 0 0
1484563160.826924000 0 0
1484563160.836130000 0 0
1484563160.834685000 0 0
1484563160.840854000 0 0
1484563160.851978000 0 0
1484563160.883690000 0 0
1484563160.889307000 0 0
1484563160.902960000 0 0
1484563160.905987000 0 0
1484563160.909231000 0 0
1484563160.912459000 0 0
1484563160.846538000 402 0
1484563160.848892000 572 0
1484563160.859425000 504 0
1484563160.919724000 504 0
1484563160.965876000 0 0
1484563160.969205000 0 0
1484563160.983590000 0 0
1484563160.988239000 0 0
1484563160.992581000 0 0
1484563161.015435000 0 0
1484563161.018619000 0 0
1484563161.021707000 0 0
1484563164.438533000 0 7486
1484563164.449609000 0 0
1484563167.046218000 0 0
1484563160.972486000 572 0
1484563160.997461000 504 0
1484563161.024903000 504 0
1484563167.077708000 241 0
1484563167.084830000 321 0
1484563167.090380000 1559 0
1484563167.096529000 322 0
1484563167.101957000 1944 0
1484563167.108195000 2741 0
1484563167.114347000 1123 0
1484563167.175397000 1397 0
1484563167.182827000 691 0
1484563167.189772000 987 0
1484563167.196078000 1087 0
1484563167.202730000 308 0
1484563167.207786000 222 0
1484563167.213909000 398 0
1484563167.219976000 1761 0
1484563170.176415000 4096 0
1484563170.238677000 0 0
1484563170.241843000 0 0
1484563170.245880000 0 0
1484563170.264751000 1667 0
1484563170.271010000 1254 0
1484563170.278025000 1750 0
1484563172.857284000 0 0
1484563172.860777000 0 0
1484563172.864200000 0 0
1484563172.868122000 0 0
1484563172.871589000 0 0
1484563175.385040000 0 0
1484563175.388927000 0 0
1484563175.392766000 0 0
1484563175.396590000 0 0
1484563175.400707000 0 0
1484563175.640494000 0 0
1484563175.643775000 0 0
1484563175.646881000 0 0
1484563175.651008000 0 0
1484563175.654475000 0 0
1484563171.775899000 1559 0
1484563172.885574000 0 0
1484563171.779676000 0 0
1484563183.475562000 1944 0
1484563170.286416000 8192 0
1484563187.713499000 0 0
1484563183.564225000 0 0
1484563183.575785000 0 0
1484563183.582263000 0 0
1484563183.623405000 0 0
1484563183.681506000 0 0
1484563183.499848000 4096 0
1484563187.515670000 0 0
1484563187.848473000 0 0
1484563187.852354000 0 0
1484563188.686546000 0 0
1484563188.698010000 0 0
1484563188.711636000 0 0
1484563188.719282000 0 0
1484563188.742553000 0 66
1484563188.733517000 66 0
1484563188.751453000 0 0
1484563191.784095000 0 0
1484563191.819014000 0 137
1484563191.828773000 0 0
1484563191.802071000 137 0
1484563191.827471000 0 0
1484563191.843004000 0 0
1484563191.876040000 0 7250
1484563191.887195000 0 0
1484563191.885900000 0 0
1484563183.559874000 1944 0
1484563183.571568000 0 0
1484563183.526076000 2741 0
1484563183.566009000 1123 0
1484563183.617049000 1397 0
1484563183.670175000 691 0
1484563187.456827000 1559 0
1484563187.521880000 0 0
1484563187.711018000 0 0
1484563206.138087000 0 16265
1484563206.150177000 0 0
1484563206.148882000 0 0
1484563207.038650000 0 0
1484563207.165865000 0 0
1484563207.217481000 0 0
1484563207.248627000 0 0
1484563209.608230000 0 0
1484563209.661974000 0 0
1484563209.692952000 0 0
1484563209.719586000 0 0
1484563209.715541000 0 0
1484563209.749298000 0 0
1484563209.749441000 0 0
1484563209.749721000 0 0
1484563209.755161000 0 0
1484563209.755241000 0 0
1484563209.760218000 0 0
1484563209.764124000 0 0
1484563209.768364000 0 0
1484563209.772036000 0 0
1484563209.810112000 0 0
1484563209.827255000 0 0
1484563209.827404000 0 0
1484563210.517331000 0 0
1484563210.525708000 0 0
1484563210.544493000 0 0
1484563210.562653000 0 0
1484563210.579904000 0 0
1484563210.722797000 0 0
1484563210.729237000 0 0
1484563209.714158000 0 0
1484563210.761464000 0 0
1484563210.759782000 0 0
1484563210.772664000 0 0
1484563210.783074000 0 0
1484563210.788344000 0 0
1484563210.792636000 0 0
1484563210.796698000 0 0
1484563210.800827000 0 0
1484563210.801944000 0 0
1484563210.805231000 0 0
1484563210.810285000 0 0
1484563210.814899000 0 0
1484563210.819706000 0 0
1484563210.824420000 0 0
1484563210.823045000 0 0
1484563210.855215000 0 0
1484563210.860016000 0 0
1484563210.864903000 0 0
1484563210.894217000 0 0
1484563210.917385000 0 0
1484563210.922047000 0 0
1484563210.940765000 0 0
1484563212.673751000 0 0
1484563212.677253000 0 0
1484563212.729709000 0 0
1484563212.734014000 0 0
1484563212.743754000 0 0
1484563212.772381000 0 0
1484563209.667286000 0 0
1484563212.820285000 0 0
1484563212.829755000 0 0
1484563212.835450000 0 0
1484563212.838825000 0 0
1484563212.846263000 0 0
1484563206.990046000 1559 0
1484563207.016688000 0 0
1484563207.215253000 0 0
1484563192.053921000 51 0
1484563212.782010000 1648 0
1484563210.762346000 0 0
1484563232.584993000 0 0
1484563232.596377000 0 0
1484563232.603642000 0 0
1484563207.020757000 0 0
1484563209.711583000 574 0
1484563212.748828000 402 0
1484563212.816638000 0 0
1484563209.712687000 2741 0
1484563212.960879000 8312 0
1484563232.592016000 1534 0
1484563232.603234000 83365 0
1484563257.848439000 0 0
1484563257.856337000 0 0
1484563262.563497000 0 7486
1484563262.577071000 0 0
1484563262.575816000 0 0
1484563262.730947000 0 0
1484563262.745709000 0 0
1484563262.751217000 0 868
1484563262.761462000 0 0
1484563262.766551000 0 0
1484563262.770729000 0 0
1484563262.736127000 0 0
1484563262.774471000 0 0
1484563262.885093000 0 376
1484563262.898267000 0 0
1484563262.922943000 0 85
1484563262.932190000 0 0
1484563263.111244000 0 0
1484563263.127160000 0 0
1484563263.133425000 0 0
1484563263.131628000 0 261
1484563263.147782000 0 0
1484563263.151881000 0 0
1484563263.116664000 0 0
1484563263.155448000 0 0
1484563134.471267000 35685 2996
1484563135.409807000 292143 3023
1484563263.171376000 0 35675
1484563263.200688000 0 271
1484563263.205048000 0 109
1484563263.212987000 0 0
1484563263.231246000 0 0
1484563232.626303000 0 4096
1484563263.231634000 0 144
1484563263.239617000 0 0
1484563263.240313000 0 0
1484563263.245703000 0 0
1484563232.622683000 0 0
1484563263.251603000 0 175
1484563263.252210000 0 0
1484563263.259516000 0 0
1484563263.270619000 0 204
1484563263.279000000 0 0
1484563263.289279000 0 0
1484563263.302865000 0 0
1484563263.307316000 0 38113
1484563263.335560000 0 0
1484563263.339715000 0 0
1484563263.293421000 0 0
1484563263.343205000 0 0
1484563263.376601000 0 0
1484563132.569953000 332000 0
1484563232.688990000 0 0
1484563133.899451000 31120 0
1484563131.703144000 6208 0
1484563130.086913000 0 0
1484563257.852092000 1534 0
1484563135.846076000 2378 0
1484563134.803646000 2235 0
1484563130.327771000 53248 260
1484563130.337834000 16384 260
1484563232.609794000 98304 0
1484563144.115509000 98304 0
1484563135.783567000 8452 0
1484563135.772106000 6920 0
1484563135.761866000 3296 0
1484563135.743233000 22359 0
1484563135.732138000 4540 0
1484563135.721227000 4168 0
1484563135.708013000 11114 0
1484563212.919533000 8192 0
1484563436.260090000 0 0
1484563436.258744000 0 0
1484563438.267853000 0 0
1484563438.266456000 0 0
1484563436.255515000 574 0
1484563506.152072000 0 16265
1484563506.165130000 0 0
1484563506.163793000 0 0
1484563886.368426000 0 16265
1484563886.381246000 0 0
1484563886.379797000 0 0
1484563901.648091000 0 11022
1484563901.660774000 0 0
1484563901.659431000 0 0
1484563901.671569000 0 0
1484563901.670267000 0 0
1484563916.702526000 0 11356
1484563916.715644000 0 0
1484563916.714142000 0 0
1484563916.726593000 0 0
1484563916.725298000 0 0
1484563931.756052000 0 11392
1484563931.769537000 0 0
1484563931.768043000 0 0
1484563931.780451000 0 0
1484563931.778940000 0 0
1484563946.807558000 0 11402
1484563946.821160000 0 0
1484563946.819629000 0 0
1484563946.832233000 0 0
1484563946.830726000 0 0
1484563961.864591000 0 12158
1484563961.877147000 0 0
1484563961.875817000 0 0
1484563961.887903000 0 0
1484563961.886602000 0 0
1484563976.916693000 0 12168
1484563976.929919000 0 0
1484563976.928386000 0 0
1484563976.941194000 0 0
1484563976.939656000 0 0
1484563991.968280000 0 12181
1484563991.981262000 0 0
1484563991.979896000 0 0
1484563991.993004000 0 0
1484563991.991659000 0 0
1484564014.443404000 0 12586
1484564014.456771000 0 0
1484564014.455451000 0 0
1484564014.467575000 0 0
1484564014.466288000 0 0
1484564029.498282000 0 13006
1484564029.511963000 0 0
1484564029.510400000 0 0
1484564029.523159000 0 0
1484564029.521839000 0 0
1484564044.552812000 0 13752
1484564044.566149000 0 0
1484564044.564616000 0 0
1484564044.577979000 0 0
1484564044.576671000 0 0
1484564179.128244000 0 14162
1484564179.140997000 0 0
1484564179.139828000 0 0
1484564179.151459000 0 0
1484564179.150309000 0 0
1484564186.387813000 0 16265
1484564186.399902000 0 0
1484564186.398590000 0 0
1484564201.871271000 0 14488
1484564201.886456000 0 0
1484564201.884826000 0 0
1484564201.898789000 0 0
1484564201.897262000 0 0
1484564216.929988000 0 14951
1484564216.943900000 0 0
1484564216.942620000 0 0
1484564216.955412000 0 0
1484564216.954091000 0 0
1484564231.994081000 0 15386
1484564232.007490000 0 0
1484564232.005984000 0 0
1484564232.018185000 0 0
1484564232.016897000 0 0
1484564247.048483000 0 16203
1484564247.061713000 0 0
1484564247.060448000 0 0
1484564247.072554000 0 0
1484564247.071270000 0 0
1484564486.424971000 0 16268
1484564486.438032000 0 0
1484564486.436651000 0 0
1484565139.479637000 0 16268
1484565139.493874000 0 0
1484565139.492229000 0 0
1484565147.529947000 0 16613
1484565147.544106000 0 0
1484565147.542678000 0 0
1484565147.555767000 0 0
1484565147.554401000 0 0
1484565162.591100000 0 16943
1484565162.607950000 0 0
1484565162.605659000 0 0
1484565162.621451000 0 0
1484565162.619957000 0 0
1484565177.709827000 0 17020
1484565177.724183000 0 0
1484565177.722834000 0 0
1484565177.736143000 0 0
1484565177.734839000 0 0
1484565439.479869000 0 16268
1484565439.492172000 0 0
1484565439.490815000 0 0
1484565534.693263000 0 17402
1484565534.706868000 0 0
1484565534.705331000 0 0
1484565534.718673000 0 0
1484565534.717086000 0 0
1484565549.746908000 0 17809
1484565549.760986000 0 0
1484565549.759627000 0 0
1484565549.772250000 0 0
1484565549.770926000 0 0
1484565564.802423000 0 18654
1484565564.816949000 0 0
1484565564.815448000 0 0
1484565564.828384000 0 0
1484565564.826881000 0 0
1484565830.257204000 0 16268
1484565830.271362000 0 0
1484565830.270073000 0 0
1484566043.956047000 0 19173
1484566043.971388000 0 0
1484566043.969854000 0 0
1484566043.982684000 0 0
1484566043.981176000 0 0
1484566059.012645000 0 19591
1484566059.027097000 0 0
1484566059.025772000 0 0
1484566059.037777000 0 0
1484566059.036508000 0 0
1484566074.076967000 0 19625
1484566074.094087000 0 0
1484566074.092561000 0 0
1484566074.108671000 0 0
1484566074.107118000 0 0
1484566089.149265000 0 19667
1484566089.163405000 0 0
1484566089.162061000 0 0
1484566089.178240000 0 0
1484566089.176890000 0 0
1484566334.936133000 0 16268
1484566334.948617000 0 0
1484566334.947281000 0 0
1484567880.483825000 0 20016
1484567880.498154000 0 0
1484567880.496768000 0 0
1484567880.509043000 0 0
1484567880.507720000 0 0
1484567895.533390000 0 20016
1484567895.548085000 0 0
1484567895.546710000 0 0
1484567895.559826000 0 0
1484567895.558259000 0 0
1484568178.596806000 0 792
1484569019.379110000 0 0
1484569019.386474000 0 0
1484569976.303588000 0 16274
1484569976.316357000 0 0
1484569976.315040000 0 0
1484572376.659402000 0 0
1484572376.718226000 0 0
1484572376.722456000 0 0
1484572376.731958000 0 0
1484572376.743965000 0 0
1484572376.747273000 0 0
1484572378.653700000 0 0
1484572378.655192000 0 0
1484572376.737985000 574 0
1484573576.357722000 0 16274
1484573576.369891000 0 0
1484573576.368513000 0 0
1484574392.646414000 0 16274
1484574392.661913000 0 0
1484574392.660596000 0 0
1484574692.666523000 0 16274
1484574692.678096000 0 0
1484574692.676749000 0 0
1484574884.286560000 0 98840
1484574884.322727000 0 0
1484574884.838403000 0 20182
1484574884.851868000 0 0
1484574884.850459000 0 0
1484574884.863215000 0 0
1484574884.861878000 0 0
1484574885.791802000 0 1167
1484574885.805690000 0 0
1484574885.801231000 0 0
1484574899.892411000 0 21057
1484574899.906116000 0 0
1484574899.904741000 0 0
1484574899.916163000 0 0
1484574899.914824000 0 0
1484574914.945404000 0 21464
1484574914.959389000 0 0
1484574914.957996000 0 0
1484574914.970326000 0 0
1484574914.968949000 0 0
1484574925.131959000 4096 0
1484574925.407440000 0 0
1484574925.410637000 0 0
1484574925.413913000 0 0
1484574925.421308000 0 0
1484574925.456462000 0 0
1484574925.459842000 0 0
1484574925.468343000 0 0
1484574925.480478000 0 0
1484574925.474722000 574 0
1484574925.486150000 1667 0
1484574925.492040000 1254 0
1484574925.497854000 1750 0
1484574925.517024000 241 0
1484574925.528555000 321 0
1484574925.539796000 322 0
1484574925.554943000 0 0
1484574925.569721000 0 0
1484574925.599386000 0 0
1484574925.630054000 0 0
1484574925.644943000 0 0
1484574925.656839000 0 0
1484574925.669341000 0 0
1484574925.677132000 308 0
1484574925.688232000 222 0
1484574925.697276000 398 0
1484574925.706269000 1761 0
1484574930.021041000 0 21874
1484574930.035072000 0 0
1484574930.033755000 0 0
1484574930.046469000 0 0
1484574930.045117000 0 0
1484574936.328539000 0 98840
1484574936.367325000 0 0
1484574925.550670000 1944 0
1484574925.564665000 2741 0
1484574925.579968000 1123 0
1484574925.623591000 1397 0
1484574925.641206000 691 0
1484574925.653487000 987 0
1484574925.666073000 1087 0
1484574925.780991000 1559 0
1484574925.784988000 0 0
1484574945.082565000 0 27430
1484574945.095875000 0 0
1484574945.094565000 0 0
1484574945.106290000 0 0
1484574945.104964000 0 0
1484574925.760949000 13824 0
1484574925.770364000 1761 0
1484574925.506617000 4096 0
1484574960.145637000 0 26891
1484574960.158051000 0 0
1484574960.156802000 0 0
1484574960.170115000 0 0
1484574960.168152000 0 0
1484574961.588845000 0 164392
1484574961.671255000 0 0
1484574975.213314000 0 34452
1484574975.228130000 0 0
1484574975.226781000 0 0
1484574975.238321000 0 0
1484574975.237007000 0 0
1484574981.514684000 0 1140
1484574981.525517000 0 0
1484574981.524207000 0 0
1484575004.488431000 0 34531
1484575004.502708000 0 0
1484575004.501419000 0 0
1484575004.513085000 0 0
1484575004.511687000 0 0
1484575011.161014000 0 98840
1484575011.198898000 0 0
1484575019.551725000 0 46088
1484575019.567294000 0 0
1484575019.565972000 0 0
1484575019.577193000 0 0
1484575019.575890000 0 0
1484575039.519768000 0 45113
1484575039.536744000 0 0
1484575039.535405000 0 0
1484575039.547894000 0 0
1484575039.546576000 0 0
1484575050.299098000 0 164392
1484575050.368647000 0 0
1484575054.601521000 0 48002
1484575054.618506000 0 0
1484575054.617193000 0 0
1484575054.631232000 0 0
1484575054.629881000 0 0
1484575055.849604000 0 164392
1484575055.903512000 0 0
1484575069.678806000 0 50700
1484575069.696242000 0 0
1484575069.694945000 0 0
1484575069.706287000 0 0
1484575069.704993000 0 0
1484575084.738366000 0 51517
1484575084.755052000 0 0
1484575084.753674000 0 0
1484575084.765293000 0 0
1484575084.763964000 0 0
1484575099.809994000 0 51517
1484575099.826269000 0 0
1484575099.824933000 0 0
1484575099.836300000 0 0
1484575099.834977000 0 0
1484575175.560725000 0 16275
1484575175.572512000 0 0
1484575175.571112000 0 0
1484575222.015473000 0 51490
1484575222.033579000 0 0
1484575222.032244000 0 0
1484575222.045623000 0 0
1484575222.044092000 0 0
1484575402.166394000 0 51492
1484575402.184432000 0 0
1484575402.181943000 0 0
1484575402.198090000 0 0
1484575402.196770000 0 0
1484575501.804776000 0 0
1484575501.812120000 0 0
1484575582.338294000 0 51492
1484575582.354385000 0 0
1484575582.353058000 0 0
1484575582.364024000 0 0
1484575582.362697000 0 0
1484575755.833781000 0 16275
1484575755.843723000 0 0
1484575755.842377000 0 0
1484575762.461149000 0 51465
1484575762.476243000 0 0
1484575762.474845000 0 0
1484575762.485654000 0 0
1484575762.484315000 0 0
1484575777.515840000 0 51493
1484575777.589516000 0 0
1484575777.588001000 0 0
1484575777.599672000 0 0
1484575777.598147000 0 0
1484575792.641124000 0 51901
1484575792.657298000 0 0
1484575792.655947000 0 0
1484575792.666971000 0 0
1484575792.665585000 0 0
1484575942.637795000 0 51901
1484575942.653472000 0 0
1484575942.652184000 0 0
1484575942.663297000 0 0
1484575942.661991000 0 0
1484576055.861356000 0 16275
1484576055.871881000 0 0
1484576055.870544000 0 0
1484576122.815467000 0 51901
1484576122.830819000 0 0
1484576122.829459000 0 0
1484576122.840680000 0 0
1484576122.839270000 0 0
1484576302.963532000 0 51901
1484576302.979213000 0 0
1484576302.977866000 0 0
1484576302.988760000 0 0
1484576302.987430000 0 0
1484576483.175754000 0 51901
1484576483.190765000 0 0
1484576483.189423000 0 0
1484576483.200403000 0 0
1484576483.199097000 0 0
1484576663.342615000 0 51901
1484576663.358006000 0 0
1484576663.356712000 0 0
1484576663.367558000 0 0
1484576663.366269000 0 0
1484576843.525510000 0 51901
1484576843.541177000 0 0
1484576843.539871000 0 0
1484576843.550771000 0 0
1484576843.549503000 0 0
1484577023.707717000 0 51901
1484577023.722659000 0 0
1484577023.721326000 0 0
1484577023.731878000 0 0
1484577023.730565000 0 0
1484577203.907082000 0 51901
1484577203.922842000 0 0
1484577203.921560000 0 0
1484577203.932287000 0 0
1484577203.930963000 0 0
1484577384.088659000 0 51901
1484577384.105569000 0 0
1484577384.104307000 0 0
1484577384.115323000 0 0
1484577384.114066000 0 0
1484577564.267411000 0 51901
1484577564.282938000 0 0
1484577564.281571000 0 0
1484577564.291926000 0 0
1484577564.290638000 0 0
1484577586.218715000 0 52237
1484577586.234528000 0 0
1484577586.233168000 0 0
1484577586.244414000 0 0
1484577586.243095000 0 0
1484577601.281704000 0 52237
1484577601.298483000 0 0
1484577601.297148000 0 0
1484577601.308122000 0 0
1484577601.306577000 0 0
1484577744.412474000 0 52237
1484577744.428318000 0 0
1484577744.427011000 0 0
1484577744.437861000 0 0
1484577744.436362000 0 0
1484577884.118068000 0 792
1484577924.590393000 0 52237
1484577924.607008000 0 0
1484577924.605714000 0 0
1484577924.616116000 0 0
1484577924.614871000 0 0
1484578104.767879000 0 52237
1484578104.783394000 0 0
1484578104.782046000 0 0
1484578104.792644000 0 0
1484578104.791335000 0 0
1484578284.923785000 0 52237
1484578284.939847000 0 0
1484578284.938270000 0 0
1484578284.949756000 0 0
1484578284.948235000 0 0
1484578465.095494000 0 52237
1484578465.110584000 0 0
1484578465.109255000 0 0
1484578465.119524000 0 0
1484578465.118231000 0 0
1484578645.163248000 0 49754
1484578645.178631000 0 0
1484578645.177287000 0 0
1484578645.188058000 0 0
1484578645.186707000 0 0
1484579217.643272000 0 16279
1484579217.653829000 0 0
1484579217.652469000 0 0
1484579232.152295000 0 98840
1484579232.190185000 0 0
1484579233.296274000 0 54385
1484579233.311897000 0 0
1484579233.310538000 0 0
1484579233.320994000 0 0
1484579233.319654000 0 0
1484579244.435531000 0 164392
1484579244.488428000 0 0
1484579248.368174000 0 57749
1484579248.384087000 0 0
1484579248.382747000 0 0
1484579248.393251000 0 0
1484579248.391878000 0 0
1484579250.914790000 0 98840
1484579250.959681000 0 0
1484579263.445512000 0 60739
1484579263.461961000 0 0
1484579263.460603000 0 0
1484579263.471272000 0 0
1484579263.469990000 0 0
1484579265.659535000 0 1084
1484579265.669309000 0 0
1484579265.667992000 0 0
1484579278.505143000 0 60577
1484579278.521444000 0 0
1484579278.520027000 0 0
1484579278.530987000 0 0
1484579278.529631000 0 0
1484579284.240938000 0 98840
1484579284.283129000 0 0
1484579293.571270000 0 63427
1484579293.587902000 0 0
1484579293.586388000 0 0
1484579293.597347000 0 0
1484579293.596030000 0 0
1484579308.633009000 0 66427
1484579308.649833000 0 0
1484579308.648470000 0 0
1484579308.659134000 0 0
1484579308.657794000 0 0
1484579323.701527000 0 66427
1484579323.718479000 0 0
1484579323.717094000 0 0
1484579323.727834000 0 0
1484579323.726485000 0 0
1484579339.012990000 0 66553
1484579339.030019000 0 0
1484579339.028675000 0 0
1484579339.039308000 0 0
1484579339.038018000 0 0
1484579354.073612000 0 66553
1484579354.090475000 0 0
1484579354.089154000 0 0
1484579354.099630000 0 0
1484579354.098328000 0 0
1484579359.703623000 0 98840
1484579359.741302000 0 0
1484579369.148359000 0 73902
1484579369.165593000 0 0
1484579369.164206000 0 0
1484579369.175044000 0 0
1484579369.173718000 0 0
1484579378.407954000 0 164392
1484579378.458127000 0 0
1484579384.224629000 0 76903
1484579384.242162000 0 0
1484579384.240812000 0 0
1484579384.552999000 0 0
1484579384.250285000 0 0
1484579386.287320000 0 164392
1484579386.346497000 0 0
1484579399.594277000 0 81355
1484579399.612575000 0 0
1484579399.611221000 0 0
1484579399.621941000 0 0
1484579399.620560000 0 0
1484579404.152535000 0 164392
1484579404.200529000 0 0
1484579408.483632000 0 1084
1484579408.493539000 0 0
1484579408.492258000 0 0
1484579410.007544000 0 98840
1484579410.042476000 0 0
1484579414.663831000 0 87361
1484579414.682456000 0 0
1484579414.681218000 0 0
1484579414.691102000 0 0
1484579414.689870000 0 0
1484579417.683384000 0 98840
1484579417.721500000 0 0
1484579424.382096000 0 98840
1484579424.418174000 0 0
1484579429.741442000 0 93073
1484579429.760652000 0 0
1484579429.759345000 0 0
1484579429.770130000 0 0
1484579429.768820000 0 0
1484579517.673572000 0 16279
1484579517.683946000 0 0
1484579517.682595000 0 0
1484579584.282416000 0 93052
1484579584.301626000 0 0
1484579584.300372000 0 0
1484579584.310707000 0 0
1484579584.309451000 0 0
1484579764.307715000 0 93053
1484579764.326537000 0 0
1484579764.325188000 0 0
1484579764.335432000 0 0
1484579764.334112000 0 0
1484579944.386100000 0 93053
1484579944.404633000 0 0
1484579944.403294000 0 0
1484579944.413454000 0 0
1484579944.412131000 0 0
1484579958.816184000 0 16279
1484579958.826428000 0 0
1484579958.825109000 0 0
1484579958.964977000 0 164392
1484579959.010710000 0 0
1484579961.895245000 0 95921
1484579961.914093000 0 0
1484579961.912828000 0 0
1484579961.923165000 0 0
1484579961.921862000 0 0
1484580124.447428000 0 95905
1484580124.466775000 0 0
1484580124.465458000 0 0
1484580124.475961000 0 0
1484580124.474641000 0 0
1484580258.836769000 0 16279
1484580258.846623000 0 0
1484580258.845253000 0 0
1484580304.500392000 0 95905
1484580304.518961000 0 0
1484580304.517659000 0 0
1484580304.527792000 0 0
1484580304.526508000 0 0
1484580438.229996000 0 97164
1484580438.249033000 0 0
1484580438.247679000 0 0
1484580438.258089000 0 0
1484580438.256775000 0 0
1484580453.307997000 0 100040
1484580453.327493000 0 0
1484580453.326138000 0 0
1484580453.336575000 0 0
1484580453.335231000 0 0
1484580457.013794000 0 164392
1484580457.062543000 0 0
1484580461.940397000 0 98840
1484580461.974079000 0 0
1484580465.148669000 0 1140
1484580465.159308000 0 0
1484580465.157676000 0 0
1484580468.386056000 0 105714
1484580468.405345000 0 0
1484580468.404044000 0 0
1484580468.414480000 0 0
1484580468.413198000 0 0
1484580484.536458000 0 105698
1484580484.555911000 0 0
1484580484.554583000 0 0
1484580484.566115000 0 0
1484580484.564791000 0 0
1484580664.600838000 0 105698
1484580664.619740000 0 0
1484580664.618460000 0 0
1484580664.628742000 0 0
1484580664.627395000 0 0
1484580732.825122000 0 16279
1484580732.835078000 0 0
1484580732.833818000 0 0
1484580844.643166000 0 105698
1484580844.662670000 0 0
1484580844.661372000 0 0
1484580844.671957000 0 0
1484580844.670631000 0 0
1484581024.714566000 0 105698
1484581024.734254000 0 0
1484581024.732923000 0 0
1484581024.743117000 0 0
1484581024.741719000 0 0
1484581174.535211000 0 16279
1484581174.545105000 0 0
1484581174.543795000 0 0
1484581204.761839000 0 105698
1484581204.780922000 0 0
1484581204.779667000 0 0
1484581204.789972000 0 0
1484581204.788715000 0 0
1484581384.814885000 0 105698
1484581384.834042000 0 0
1484581384.832748000 0 0
1484581384.842993000 0 0
1484581384.841695000 0 0
1484581564.851258000 0 105698
1484581564.870280000 0 0
1484581564.868921000 0 0
1484581564.879172000 0 0
1484581564.877881000 0 0
1484581744.946268000 0 105698
1484581744.965535000 0 0
1484581744.964275000 0 0
1484581744.974394000 0 0
1484581744.973133000 0 0
1484581924.997683000 0 105698
1484581925.016792000 0 0
1484581925.015482000 0 0
1484581925.025518000 0 0
1484581925.024120000 0 0
1484582105.050047000 0 105698
1484582105.069084000 0 0
1484582105.067743000 0 0
1484582105.081053000 0 0
1484582105.079699000 0 0
1484582284.007371000 0 0
1484582284.014783000 0 0
1484582285.086388000 0 105698
1484582285.105765000 0 0
1484582285.104452000 0 0
1484582285.114166000 0 0
1484582285.112912000 0 0
1484582465.404426000 0 105698
1484582465.423817000 0 0
1484582465.422582000 0 0
1484582465.432849000 0 0
1484582465.431533000 0 0
1484582645.403135000 0 105698
1484582645.434782000 0 0
1484582645.433469000 0 0
1484582645.443826000 0 0
1484582645.442520000 0 0
1484582825.453144000 0 105698
1484582825.473413000 0 0
1484582825.471665000 0 0
1484582825.482991000 0 0
1484582825.481376000 0 0
1484583005.498866000 0 105698
1484583005.518317000 0 0
1484583005.517060000 0 0
1484583005.527060000 0 0
1484583005.525772000 0 0
1484583185.569982000 0 105698
1484583185.589534000 0 0
1484583185.588223000 0 0
1484583185.598904000 0 0
1484583185.597484000 0 0
1484583365.598172000 0 105698
1484583365.617711000 0 0
1484583365.616415000 0 0
1484583365.626824000 0 0
1484583365.625521000 0 0
1484583545.697031000 0 105698
1484583545.716935000 0 0
1484583545.715604000 0 0
1484583545.726086000 0 0
1484583545.724774000 0 0
1484583725.728961000 0 105698
1484583725.748583000 0 0
1484583725.747261000 0 0
1484583725.757352000 0 0
1484583725.756043000 0 0
1484583905.809579000 0 105698
1484583905.828757000 0 0
1484583905.827496000 0 0
1484583905.837770000 0 0
1484583905.836477000 0 0
1484584085.833173000 0 105698
1484584085.852143000 0 0
1484584085.850851000 0 0
1484584085.860917000 0 0
1484584085.859617000 0 0
1484584265.887820000 0 105698
1484584265.907150000 0 0
1484584265.905874000 0 0
1484584265.915538000 0 0
1484584265.914278000 0 0
1484584445.931980000 0 105698
1484584445.951502000 0 0
1484584445.950239000 0 0
1484584445.960197000 0 0
1484584445.958961000 0 0
1484584625.972149000 0 105698
1484584625.990915000 0 0
1484584625.989659000 0 0
1484584625.999808000 0 0
1484584625.998565000 0 0
1484584774.594578000 0 16279
1484584774.604413000 0 0
1484584774.603079000 0 0
1484584806.100586000 0 105698
1484584806.119892000 0 0
1484584806.118506000 0 0
1484584806.128742000 0 0
1484584806.127427000 0 0
1484584986.186794000 0 105698
1484584986.205280000 0 0
1484584986.204046000 0 0
1484584986.213793000 0 0
1484584986.212501000 0 0
1484585166.237494000 0 105698
1484585166.256958000 0 0
1484585166.255676000 0 0
1484585166.265642000 0 0
1484585166.264327000 0 0
1484585346.297461000 0 105698
1484585346.316112000 0 0
1484585346.314835000 0 0
1484585346.324528000 0 0
1484585346.323256000 0 0
1484585526.337240000 0 105698
1484585526.356309000 0 0
1484585526.355021000 0 0
1484585526.365066000 0 0
1484585526.363788000 0 0
1484585706.408527000 0 105698
1484585706.427593000 0 0
1484585706.426229000 0 0
1484585706.436608000 0 0
1484585706.435275000 0 0
1484585786.187189000 0 16279
1484585786.197844000 0 0
1484585786.196081000 0 0
1484585794.414060000 0 164392
1484585794.462168000 0 0
1484585797.314414000 0 108566
1484585797.334086000 0 0
1484585797.332834000 0 0
1484585797.343073000 0 0
1484585797.341797000 0 0
1484585801.348129000 0 164392
1484585801.393417000 0 0
1484585809.326719000 0 164392
1484585809.372491000 0 0
1484585812.401166000 0 114270
1484585812.421200000 0 0
1484585812.419795000 0 0
1484585812.430271000 0 0
1484585812.428987000 0 0
1484585816.580898000 0 164392
1484585816.629667000 0 0
1484585827.474318000 0 117122
1484585827.494198000 0 0
1484585827.492931000 0 0
1484585827.502916000 0 0
1484585827.501675000 0 0
1484585886.496719000 0 117106
1484585886.517008000 0 0
1484585886.515663000 0 0
1484585886.525881000 0 0
1484585886.524574000 0 0
1484586020.286497000 0 164392
1484586020.331123000 0 0
1484586023.182742000 0 119974
1484586023.203572000 0 0
1484586023.202263000 0 0
1484586023.212184000 0 0
1484586023.210935000 0 0
1484586025.331256000 0 98840
1484586025.365819000 0 0
1484586038.268101000 0 122826
1484586038.289324000 0 0
1484586038.287998000 0 0
1484586038.298288000 0 0
1484586038.297001000 0 0
1484586066.543840000 0 122810
1484586066.564622000 0 0
1484586066.563323000 0 0
1484586066.573917000 0 0
1484586066.572316000 0 0
1484586086.077104000 0 16279
1484586086.086439000 0 0
1484586086.085205000 0 0
1484586246.592808000 0 122810
1484586246.614107000 0 0
1484586246.612795000 0 0
1484586246.622863000 0 0
1484586246.621586000 0 0
1484586426.655686000 0 122810
1484586426.676348000 0 0
1484586426.675029000 0 0
1484586426.685065000 0 0
1484586426.683760000 0 0
1484586606.728652000 0 122810
1484586606.749382000 0 0
1484586606.748025000 0 0
1484586606.758069000 0 0
1484586606.756791000 0 0
1484586786.801134000 0 122810
1484586786.821805000 0 0
1484586786.820475000 0 0
1484586786.830738000 0 0
1484586786.829372000 0 0
1484586966.844991000 0 122812
1484586966.865886000 0 0
1484586966.864521000 0 0
1484586966.874769000 0 0
1484586966.873405000 0 0
1484587146.891987000 0 122813
1484587146.912733000 0 0
1484587146.911399000 0 0
1484587146.922329000 0 0
1484587146.920816000 0 0
1484587326.958829000 0 122813
1484587326.979413000 0 0
1484587326.978149000 0 0
1484587326.988081000 0 0
1484587326.986823000 0 0
1484587507.037797000 0 122813
1484587507.059436000 0 0
1484587507.058169000 0 0
1484587507.068207000 0 0
1484587507.066970000 0 0
1484587687.087495000 0 122813
1484587687.108333000 0 0
1484587687.107013000 0 0
1484587687.116874000 0 0
1484587687.115576000 0 0
1484587867.123771000 0 122813
1484587867.144657000 0 0
1484587867.143394000 0 0
1484587867.153386000 0 0
1484587867.152126000 0 0
1484588047.172688000 0 122813
1484588047.195975000 0 0
1484588047.194448000 0 0
1484588047.204915000 0 0
1484588047.203585000 0 0
1484588166.155265000 0 0
1484588166.161041000 0 0
1484588227.262650000 0 122813
1484588227.283615000 0 0
1484588227.282290000 0 0
1484588227.292392000 0 0
1484588227.291080000 0 0
1484588407.321687000 0 122813
1484588407.342356000 0 0
1484588407.341022000 0 0
1484588407.350791000 0 0
1484588407.349503000 0 0
1484588587.364171000 0 122813
1484588587.386798000 0 0
1484588587.385427000 0 0
1484588587.395354000 0 0
1484588587.394064000 0 0
1484588767.450225000 0 122813
1484588767.471241000 0 0
1484588767.469974000 0 0
1484588767.479558000 0 0
1484588767.478383000 0 0
1484588947.477961000 0 122813
1484588947.498320000 0 0
1484588947.497066000 0 0
1484588947.506818000 0 0
1484588947.505541000 0 0
1484589127.523622000 0 122813
1484589127.544745000 0 0
1484589127.543489000 0 0
1484589127.553265000 0 0
1484589127.552034000 0 0
1484589307.607522000 0 122813
1484589307.628740000 0 0
1484589307.627408000 0 0
1484589307.637325000 0 0
1484589307.636006000 0 0
1484589487.642667000 0 122813
1484589487.664063000 0 0
1484589487.662754000 0 0
1484589487.672846000 0 0
1484589487.671534000 0 0
1484589667.820613000 0 122813
1484589667.841452000 0 0
1484589667.840173000 0 0
1484589667.850077000 0 0
1484589667.848779000 0 0
1484589847.878691000 0 122813
1484589847.898840000 0 0
1484589847.897570000 0 0
1484589847.908101000 0 0
1484589847.906487000 0 0
1484589925.407446000 0 16280
1484589925.417096000 0 0
1484589925.415778000 0 0
1484590028.056179000 0 122813
1484590028.077348000 0 0
1484590028.076035000 0 0
1484590028.086129000 0 0
1484590028.084806000 0 0
1484590208.114777000 0 122813
1484590208.135166000 0 0
1484590208.133811000 0 0
1484590208.144555000 0 0
1484590208.142944000 0 0
1484590388.180878000 0 122813
1484590388.201681000 0 0
1484590388.200392000 0 0
1484590388.210103000 0 0
1484590388.208811000 0 0
1484590568.244706000 0 122813
1484590568.265796000 0 0
1484590568.264501000 0 0
1484590568.275510000 0 0
1484590568.274274000 0 0
1484590748.278158000 0 122813
1484590748.299149000 0 0
1484590748.297812000 0 0
1484590748.307858000 0 0
1484590748.306533000 0 0
1484590928.345186000 0 122813
1484590928.365941000 0 0
1484590928.364664000 0 0
1484590928.374944000 0 0
1484590928.373450000 0 0
1484591108.426685000 0 122813
1484591108.448018000 0 0
1484591108.446681000 0 0
1484591108.457203000 0 0
1484591108.455869000 0 0
1484591288.487708000 0 122813
1484591288.508798000 0 0
1484591288.507489000 0 0
1484591288.517425000 0 0
1484591288.516113000 0 0
1484591468.517305000 0 122813
1484591468.538295000 0 0
1484591468.537014000 0 0
1484591468.547135000 0 0
1484591468.545866000 0 0
1484591648.573804000 0 122813
1484591648.594465000 0 0
1484591648.593136000 0 0
1484591648.603218000 0 0
1484591648.601885000 0 0
1484591828.643096000 0 122813
1484591828.664234000 0 0
1484591828.662841000 0 0
1484591828.672933000 0 0
1484591828.671648000 0 0
1484592008.661110000 0 122813
1484592008.681850000 0 0
1484592008.680539000 0 0
1484592008.691812000 0 0
1484592008.690204000 0 0
1484592188.726688000 0 122813
1484592188.747540000 0 0
1484592188.746209000 0 0
1484592188.756076000 0 0
1484592188.754834000 0 0
1484592368.770053000 0 122813
1484592368.790882000 0 0
1484592368.789571000 0 0
1484592368.799810000 0 0
1484592368.798517000 0 0
1484592548.831462000 0 122813
1484592548.852497000 0 0
1484592548.851182000 0 0
1484592548.861157000 0 0
1484592548.859873000 0 0
1484592728.890314000 0 122813
1484592728.910982000 0 0
1484592728.909691000 0 0
1484592728.920155000 0 0
1484592728.918846000 0 0
1484592908.941269000 0 122813
1484592908.961868000 0 0
1484592908.960581000 0 0
1484592908.970574000 0 0
1484592908.969272000 0 0
1484592998.295269000 0 16280
1484592998.305051000 0 0
1484592998.303895000 0 0
1484593089.001254000 0 122813
1484593089.021779000 0 0
1484593089.020457000 0 0
1484593089.030372000 0 0
1484593089.029095000 0 0
1484593269.058855000 0 122813
1484593269.079928000 0 0
1484593269.078586000 0 0
1484593269.088605000 0 0
1484593269.087294000 0 0
1484593449.145005000 0 122813
1484593449.166804000 0 0
1484593449.165479000 0 0
1484593449.175794000 0 0
1484593449.174510000 0 0
1484593629.191112000 0 122813
1484593629.211851000 0 0
1484593629.210491000 0 0
1484593629.220590000 0 0
1484593629.219247000 0 0
1484593809.247530000 0 122813
1484593809.268193000 0 0
1484593809.266889000 0 0
1484593809.276665000 0 0
1484593809.275338000 0 0
1484593989.319162000 0 122813
1484593989.339417000 0 0
1484593989.338136000 0 0
1484593989.347915000 0 0
1484593989.346658000 0 0
1484594169.392141000 0 122813
1484594169.412726000 0 0
1484594169.411398000 0 0
1484594169.421359000 0 0
1484594169.420073000 0 0
1484594349.827138000 0 122813
1484594349.848374000 0 0
1484594349.847033000 0 0
1484594349.856918000 0 0
1484594349.855605000 0 0
1484594529.887121000 0 122813
1484594529.907846000 0 0
1484594529.906569000 0 0
1484594529.916609000 0 0
1484594529.915357000 0 0
1484594709.956970000 0 122813
1484594709.977803000 0 0
1484594709.976496000 0 0
1484594709.986607000 0 0
1484594709.985331000 0 0
1484594890.003052000 0 122813
1484594890.023997000 0 0
1484594890.022642000 0 0
1484594890.032475000 0 0
1484594890.031159000 0 0
1484595070.072169000 0 122813
1484595070.093019000 0 0
1484595070.091757000 0 0
1484595070.101161000 0 0
1484595070.099975000 0 0
1484595248.507196000 0 0
1484595248.514599000 0 0
1484595250.135544000 0 122813
1484595250.156148000 0 0
1484595250.154868000 0 0
1484595250.164984000 0 0
1484595250.163655000 0 0
1484595430.169372000 0 122813
1484595430.190077000 0 0
1484595430.188766000 0 0
1484595430.198717000 0 0
1484595430.197411000 0 0
1484595610.294765000 0 122813
1484595610.315683000 0 0
1484595610.314365000 0 0
1484595610.324397000 0 0
1484595610.323095000 0 0
1484595790.354008000 0 122813
1484595790.374614000 0 0
1484595790.373351000 0 0
1484595790.383405000 0 0
1484595790.382063000 0 0
1484595970.452704000 0 122813
1484595970.473378000 0 0
1484595970.472152000 0 0
1484595970.481816000 0 0
1484595970.480570000 0 0
1484596150.524719000 0 122813
1484596150.545268000 0 0
1484596150.544069000 0 0
1484596150.553774000 0 0
1484596150.552444000 0 0
1484596330.556739000 0 122813
1484596330.577350000 0 0
1484596330.576097000 0 0
1484596330.585885000 0 0
1484596330.584592000 0 0
1484596510.636750000 0 122813
1484596510.657671000 0 0
1484596510.656391000 0 0
1484596510.666515000 0 0
1484596510.665251000 0 0
1484596690.699789000 0 122813
1484596690.720431000 0 0
1484596690.719161000 0 0
1484596690.729129000 0 0
1484596690.727842000 0 0
1484596870.743763000 0 122813
1484596870.764804000 0 0
1484596870.763537000 0 0
1484596870.773816000 0 0
1484596870.772486000 0 0
1484596898.370003000 0 16280
1484596898.379495000 0 0
1484596898.378185000 0 0
1484597050.828939000 0 122813
1484597050.849753000 0 0
1484597050.848361000 0 0
1484597050.858185000 0 0
1484597050.856881000 0 0
1484597230.900871000 0 122813
1484597230.921903000 0 0
1484597230.920583000 0 0
1484597230.930680000 0 0
1484597230.929425000 0 0
1484597400.096382000 0 16280
1484597400.105961000 0 0
1484597400.104571000 0 0
1484597409.173596000 0 125979
1484597409.194024000 0 0
1484597409.192695000 0 0
1484597409.202821000 0 0
1484597409.201549000 0 0
1484597421.169054000 0 122
1484597421.178455000 0 0
1484597421.179193000 0 39051
1484597421.175370000 0 0
1484597421.204043000 0 0
1484597421.202972000 0 0
1484597421.208623000 0 146
1484597421.211009000 0 0
1484597421.215370000 0 0
1484597421.215125000 0 0
1484597421.214364000 0 0
1484597421.299155000 0 181
1484597421.306767000 0 0
1484597421.305458000 0 0
1484597421.317120000 0 0
1484549778.450279000 0 32768
1484597421.322557000 0 0
1484549778.445654000 0 13666680
1484597421.329553000 0 0
1484597421.332599000 0 0
1484597421.335870000 0 212
1484597421.339030000 0 792
1484597421.343328000 0 0
1484597421.342139000 0 0
1484549779.373926000 0 0
1484597421.357604000 0 259
1484597421.384602000 0 0
1484597421.367405000 0 0
1484597421.399922000 0 0
1484597421.399277000 0 1055
1484549776.024894000 0 32768
1484597421.407984000 0 0
1484597421.405831000 0 0
1484549776.021210000 163840 26495168
1484597421.405966000 0 0
1484597421.415664000 0 0
1484597421.419199000 0 0
1484597421.418963000 0 288
1484549776.010894000 1245184 16613376
1484597421.428359000 0 0
1484597421.426775000 0 0
1484597421.477431000 0 0
1484549779.397917000 0 32768
1484597421.503220000 0 0
1484549779.393590000 57424 65648
1484597421.511295000 0 0
1484597421.514810000 0 0
1484597421.525796000 0 0
1484597421.540580000 0 0
1484597421.543943000 0 9113
1484597421.555911000 0 0
1484597421.560075000 0 0
1484597421.563717000 0 0
1484597421.530653000 0 0
1484597421.566984000 0 0
1484597421.643727000 0 6713
1484597421.653795000 0 0
1484597421.652143000 0 0
1484597421.664804000 0 0
1484549863.986697000 163840 3571712
1484549774.102682000 53248 4096
1484549775.307112000 65536 0
1484549774.131067000 16384 4096
1484549778.433102000 131072 1835008
1484549779.374037000 98304 65536
1484549776.887767000 131072 0
1484597422.582940000 0 0
1484597422.642646000 0 0
1484597422.646411000 0 0
1484597422.655519000 0 0
1484549755.144935000 0 0
1484597422.661570000 574 0
1484549779.417506000 0 0
1484549772.712126000 0 0
