1484591220.505125000 0 0
1484591220.545456000 0 0
1484591220.547994000 0 0
1484591220.556330000 0 0
1484591220.566890000 0 0
1484591220.559613000 282 0
1484591220.572510000 226 0
1484591220.578108000 2879 0
1484591220.573744000 0 0
1484591220.619033000 0 0
1484591220.566063000 0 0
1484591220.568993000 0 0
1484591220.607999000 0 0
1484591221.088445000 0 0
1484591221.088805000 0 0
1484591221.096392000 0 0
1484591221.058434000 302 0
1484591221.092308000 398 0
1484591221.093999000 80 0
1484591220.976420000 13279 0
1484591221.168133000 0 0
1484591221.172628000 0 0
1484591221.168063000 0 0
1484591221.197549000 0 0
1484591222.518958000 0 0
1484591222.518721000 0 0
1484591222.521065000 0 0
1484591222.530910000 0 0
1484591222.549160000 0 0
1484591222.549836000 0 0
1484591222.522924000 0 0
1484591222.552142000 0 0
1484591222.531470000 0 0
1484591222.562424000 0 0
1484591222.595025000 0 0
1484591221.178646000 638 0
1484591221.182345000 84 0
1484591221.191178000 1739 0
1484591221.294934000 1633 0
1484591222.523788000 2879 0
1484591222.576744000 13279 0
1484591222.562609000 0 0
1484591222.657130000 0 0
1484591221.171391000 0 0
1484591222.650438000 1739 0
1484591222.683387000 1633 0
1484591264.400648000 0 0
1484591264.404818000 0 0
1484592554.051330000 0 0
1484592554.053527000 0 0
1484592554.068093000 0 0
1484592554.070577000 0 0
1484592554.094782000 0 0
1484592554.124995000 0 0
1484592554.227438000 0 0
1484592554.264534000 0 0
1484592554.281939000 0 0
1484592554.285874000 0 0
1484592554.301050000 0 0
1484592554.332894000 0 0
1484592554.388150000 0 0
1484592554.410662000 0 0
1484592554.414244000 0 0
1484592554.427514000 0 0
1484592554.457421000 0 0
1484592554.480995000 0 0
1484592554.485621000 0 0
1484592554.489525000 0 0
1484592554.507941000 0 0
1484592554.512076000 0 0
1484592554.540730000 0 0
1484592554.577737000 0 0
1484596726.676430000 0 0
1484596726.680610000 0 0
1484598948.345894000 0 0
1484592602.836090000 0 0
1484592550.433001000 0 0
1484598956.838780000 0 0
1484598957.110319000 0 0
1484598957.113634000 0 0
1484598957.116609000 0 0
1484598957.142131000 0 0
1484598957.153859000 0 0
1484598957.156493000 0 0
1484598957.157839000 0 0
1484598957.179055000 0 0
1484598957.160176000 0 0
1484598957.200170000 0 0
1484598957.182655000 0 0
1484598957.203284000 0 0
1484598957.345033000 0 0
1484598948.398393000 195 0
1484598957.069879000 1149 0
1484598957.106984000 391 0
1484598957.139901000 325 0
1484598957.169362000 2509 0
1484598957.185632000 274 0
1484598957.205009000 221 0
1484598957.208886000 204 0
1484598957.241143000 339 0
1484598957.249558000 192 0
1484598957.261745000 813 0
1484598957.266986000 154 0
1484598957.236589000 331 0
1484598957.292009000 418 0
1484598957.256071000 1816 0
1484598957.308160000 226 0
1484598957.285804000 2323 0
1484598957.318773000 226 0
1484598957.296584000 256 0
1484598957.336572000 231 0
1484598957.314446000 3553 0
1484598957.349645000 205 0
1484598957.323685000 272 0
1484598957.367990000 272 0
1484598957.342431000 1616 0
1484598957.377225000 253 0
1484598957.372982000 261 0
1484598957.403660000 289 0
1484598957.387308000 192 0
1484598957.411838000 337 0
1484598957.407995000 1008 0
1484598957.423223000 355 0
1484598957.414787000 357 0
1484598957.466104000 337 0
1484598957.445547000 3843 0
1484598957.487319000 286 0
1484598957.470008000 291 0
1484598957.501814000 241 0
1484598957.492247000 186 0
1484598957.519133000 251 0
1484598957.514676000 240 0
1484598957.553775000 304 0
1484598957.531011000 195 0
1484598957.567451000 343 0
1484598957.559228000 144 0
1484598957.580680000 148 0
1484598957.572478000 311 0
1484598957.612927000 164 0
1484598957.591620000 219 0
1484598957.642320000 379 0
1484598957.624473000 222 0
1484598957.662269000 262 0
1484598957.647706000 387 0
1484598957.681713000 196 0
1484598957.675690000 226 0
1484598957.694010000 182 0
1484598957.688494000 172 0
1484598957.718052000 162 0
1484598957.698829000 223 0
1484598957.736320000 701 0
1484598957.729986000 210 0
1484598957.815781000 296 0
1484598957.740438000 260 0
1484598957.834575000 217 0
1484598957.820260000 183 0
1484598957.863437000 217 0
1484598957.842614000 239 0
1484598957.912843000 2873 0
1484598957.885387000 299 0
1484598957.927380000 194 0
1484598957.921211000 250 0
1484598957.936163000 272 0
1484598957.931039000 243 0
1484598957.946352000 907 0
1484598957.939774000 263 0
1484598957.957230000 287 0
1484598957.951196000 3485 0
1484598957.966229000 583 0
1484598957.960973000 264 0
1484598957.982453000 273 0
1484598957.969852000 250 0
1484598958.001930000 381 0
1484598957.986004000 292 0
1484598958.018439000 316 0
1484598958.014177000 232 0
1484598958.087951000 247 0
1484598958.075498000 494 0
1484598958.114435000 950 0
1484598958.108889000 372 0
1484598958.137504000 422 0
1484598958.122299000 5911 0
1484598958.160470000 248 0
1484598958.155672000 264 0
1484598958.181225000 2144 0
1484598958.173871000 264 0
1484598958.192567000 265 0
1484598958.187887000 188 0
1484598958.214932000 339 0
1484598958.210260000 164 0
1484598958.234225000 3176 0
1484598958.220159000 253 0
1484598957.988250000 0 0
1484598958.459666000 0 0
1484598958.422703000 0 0
1484598958.979899000 0 0
1484598959.455835000 0 0
1484598959.476871000 0 0
1484598959.600525000 0 0
1484598959.592151000 0 0
1484598959.807532000 0 0
1484598959.801720000 0 0
1484598960.001887000 0 0
1484598959.999565000 0 0
1484598960.234553000 0 0
1484598960.233026000 0 0
1484591222.813956000 0 0
1484598960.290466000 0 0
1484598960.932525000 0 0
1484598960.929994000 0 0
1484598960.648133000 0 0
1484598960.793002000 0 0
1484598960.649690000 0 0
1484598956.841126000 0 0
1484598956.350488000 0 0
1484598956.281679000 0 0
1484598956.455335000 0 0
1484598968.642568000 0 0
1484598969.374008000 0 0
1484598969.377188000 0 0
1484598969.385053000 0 0
1484598969.391447000 0 0
1484598969.403862000 0 0
1484598969.405616000 0 0
1484598969.407470000 0 0
1484598969.409352000 0 0
1484598969.420596000 0 0
1484598969.422056000 0 0
1484598969.222858000 0 0
1484598969.444276000 0 0
1484598969.446070000 0 0
1484598969.465490000 0 0
1484598969.467170000 0 0
1484598956.420362000 0 0
1484598960.771743000 0 0
1484598974.986461000 0 0
1484598974.988516000 0 0
1484598959.379856000 283 0
1484598959.402415000 877 0
1484598959.418691000 224 0
1484598959.438341000 245 0
1484598959.456107000 221 0
1484598959.466501000 339 0
1484598959.475743000 813 0
1484598959.481396000 331 0
1484598959.506544000 1816 0
1484598959.530032000 256 0
1484598959.555443000 272 0
1484598959.573874000 1616 0
1484598959.584141000 261 0
1484598959.600858000 192 0
1484598959.614951000 1008 0
1484598959.625095000 357 0
1484598959.652648000 291 0
1484598959.662172000 186 0
1484598959.680443000 240 0
1484598959.715141000 195 0
1484598959.725972000 144 0
1484598959.735206000 311 0
1484598959.762991000 219 0
1484598959.793815000 222 0
1484598959.802595000 387 0
1484598959.823463000 226 0
1484598959.854476000 172 0
1484598959.883249000 223 0
1484598959.892377000 210 0
1484598959.910978000 260 0
1484598959.921447000 183 0
1484598959.935586000 239 0
1484598959.947742000 299 0
1484598959.962039000 250 0
1484598959.971615000 243 0
1484598959.980634000 263 0
1484598960.000800000 264 0
1484598960.012792000 250 0
1484598960.021085000 292 0
1484598960.031996000 232 0
1484598960.050853000 494 0
1484598960.067222000 372 0
1484598960.087931000 264 0
1484598960.109179000 264 0
1484598960.116700000 188 0
1484598960.139826000 164 0
1484598960.150308000 253 0
1484598958.257716000 208 0
1484598958.298484000 202 0
1484598958.308582000 228 0
1484598958.342068000 220 0
1484598958.355896000 158 0
1484598958.386293000 225 0
1484598958.401188000 538 0
1484598958.419313000 454 0
1484598958.440848000 584 0
1484598958.456425000 998 0
1484598958.514328000 241 0
1484598958.542492000 224 0
1484598958.571512000 647 0
1484598958.613108000 206 0
1484598958.646369000 858 0
1484598958.659814000 282 0
1484598958.684315000 314 0
1484598958.723146000 162 0
1484598958.739713000 223 0
1484598958.757037000 255 0
1484598958.772307000 742 0
1484598958.871814000 380 0
1484598958.888996000 266 0
1484598958.917405000 178 0
1484598958.948576000 253 0
1484598958.977097000 316 0
1484598958.994638000 232 0
1484598959.004750000 282 0
1484598959.025531000 240 0
1484598959.056540000 301 0
1484598959.068672000 306 0
1484598959.085196000 240 0
1484598959.125288000 283 0
1484598959.136814000 232 0
1484598959.147819000 310 0
1484598959.176940000 166 0
1484598959.198293000 313 0
1484598959.217400000 213 0
1484598959.230128000 576 0
1484598959.240917000 357 0
1484598959.270861000 179 0
1484598959.302128000 264 0
1484598959.314310000 176 0
1484598959.331727000 244 0
1484598959.360467000 749 0
1484598959.375050000 142 0
1484598959.387808000 272 0
1484598959.413265000 878 0
1484598959.432930000 508 0
1484598959.452562000 114 0
1484598959.463141000 226 0
1484598959.472221000 302 0
1484598959.501415000 134 0
1484598959.512136000 134 0
1484598959.525176000 134 0
1484598959.535256000 144 0
1484598959.550815000 134 0
1484598959.569261000 134 0
1484598959.579616000 134 0
1484598959.588957000 1812 0
1484598959.611285000 244 0
1484598959.631533000 1382 0
1484598959.648954000 384 0
1484598959.658290000 210 0
1484598959.676613000 237 0
1484598959.722097000 234 0
1484598959.731294000 289 0
1484598959.758755000 210 0
1484598959.789546000 393 0
1484598959.798747000 166 0
1484598959.819464000 302 0
1484598959.850670000 261 0
1484598959.879147000 1339 0
1484598959.888228000 312 0
1484598959.942917000 293 0
1484598959.958004000 378 0
1484598959.968019000 1115 0
1484598959.976863000 245 0
1484598959.986580000 936 0
1484598959.996759000 232 0
1484598960.008758000 322 0
1484598960.017338000 168 0
1484598960.028323000 241 0
1484598960.044161000 286 0
1484598960.062045000 254 0
1484598960.077027000 247 0
1484598960.085305000 214 0
1484598960.106374000 156 0
1484598960.113938000 213 0
1484598960.145514000 282 0
1484598960.168132000 199 0
1484598960.181009000 305 0
1484598960.190271000 1576 0
1484598960.244557000 133 0
1484598960.250443000 134 0
1484598960.254685000 133 0
1484598960.263552000 230 0
1484598960.287412000 1989 0
1484598960.305824000 196 0
1484598960.311014000 243 0
1484598960.323992000 228 0
1484598960.329552000 160 0
1484598960.334663000 182 0
1484598960.343810000 181 0
1484598960.358972000 276 0
1484598960.365272000 259 0
1484598960.377864000 214 0
1484598960.385870000 289 0
1484598960.393604000 353 0
1484598960.407728000 222 0
1484598960.414284000 200 0
1484598960.433696000 270 0
1484598960.447729000 294 0
1484598960.454785000 335 0
1484598960.476702000 465 0
1484598960.484018000 226 0
1484598960.490658000 319 0
1484598960.505148000 255 0
1484598960.521116000 205 0
1484598960.526548000 264 0
1484598960.540732000 174 0
1484598961.457338000 325 0
1484598960.556385000 118 0
1484598960.571427000 279 0
1484598961.467501000 274 0
1484598960.587027000 822 0
1484598961.471657000 204 0
1484598960.612273000 156 0
1484598961.475990000 192 0
1484598960.622545000 213 0
1484598961.480429000 154 0
1484598960.639059000 503 0
1484598961.484463000 418 0
1484598960.645035000 1237 0
1484598961.487297000 226 0
1484598960.653147000 254 0
1484598961.490959000 226 0
1484598960.656465000 195 0
1484598961.495079000 231 0
1484598960.660843000 172 0
1484598961.498061000 205 0
1484598960.666008000 346 0
1484598961.500763000 272 0
1484598960.670655000 266 0
1484598961.503427000 253 0
1484598960.675657000 310 0
1484598961.506877000 289 0
1484598960.680906000 186 0
1484598961.509483000 337 0
1484598960.685749000 272 0
1484598961.512169000 355 0
1484598960.690597000 204 0
1484598961.514837000 337 0
1484598960.695954000 347 0
1484598961.517564000 286 0
1484598960.700533000 281 0
1484598961.520172000 241 0
1484598961.523131000 251 0
1484598960.712545000 178 0
1484598961.525743000 304 0
1484598960.717096000 226 0
1484598961.529274000 343 0
1484598960.721480000 289 0
1484598961.531980000 148 0
1484598960.725661000 198 0
1484598961.533977000 164 0
1484598960.730268000 219 0
1484598961.535890000 379 0
1484598960.734593000 244 0
1484598961.537915000 262 0
1484598960.738647000 261 0
1484598961.539900000 196 0
1484598960.743594000 1008 0
1484598961.541922000 182 0
1484598960.747830000 308 0
1484598961.543964000 162 0
1484598960.752204000 265 0
1484598961.545911000 701 0
1484598960.756198000 251 0
1484598961.548022000 296 0
1484598960.760050000 250 0
1484598961.550208000 217 0
1484598960.764962000 148 0
1484598961.552248000 217 0
1484598960.776215000 302 0
1484598961.558551000 194 0
1484598960.780907000 231 0
1484598961.560500000 272 0
1484598960.784919000 316 0
1484598961.562584000 907 0
1484598961.565155000 287 0
1484598961.567253000 583 0
1484598960.823232000 711 0
1484598961.569250000 273 0
1484598960.848657000 701 0
1484598961.571127000 381 0
1484598960.855160000 529 0
1484598961.573044000 316 0
1484598960.867951000 296 0
1484598961.575044000 247 0
1484598960.874010000 1534 0
1484598961.578049000 950 0
1484598960.897774000 1311 0
1484598961.580295000 422 0
1484598960.903302000 156 0
1484598961.583297000 248 0
1484598960.926386000 220 0
1484598960.951561000 224 0
1484598961.588026000 265 0
1484598960.961757000 950 0
1484598961.590176000 339 0
1484598960.974005000 758 0
1484598960.998241000 706 0
1484598958.281618000 1255 0
1484598961.006315000 1886 0
1484598958.303275000 1982 0
1484598958.318450000 1698 0
1484598958.337082000 166 0
1484598961.040751000 229 0
1484598958.346411000 266 0
1484598958.376325000 320 0
1484598961.065020000 194 0
1484598958.391223000 269 0
1484598961.085347000 1934 0
1484598958.406352000 251 0
1484598961.094478000 291 0
1484598958.423588000 168 0
1484598961.101922000 1339 0
1484598958.449311000 280 0
1484598961.112341000 1927 0
1484598958.462077000 212 0
1484598961.131018000 172 0
1484598958.520040000 1901 0
1484598961.137951000 271 0
1484598958.564363000 240 0
1484598958.590620000 180 0
1484598961.165044000 261 0
1484598958.617956000 352 0
1484598961.180826000 991 0
1484598958.677917000 902 0
1484598961.193849000 495 0
1484598958.689626000 1655 0
1484598961.203084000 220 0
1484598961.211429000 380 0
1484598958.750776000 234 0
1484598961.224385000 1592 0
1484598958.761621000 341 0
1484598958.790734000 283 0
1484598958.804013000 1676 0
1484598961.258431000 212 0
1484598958.851087000 1079 0
1484598961.265362000 198 0
1484598958.882076000 479 0
1484598961.279534000 617 0
1484598958.897563000 306 0
1484598961.293478000 233 0
1484598961.300658000 434 0
1484598958.953219000 188 0
1484598961.308634000 235 0
1484598958.985743000 231 0
1484598961.321997000 203 0
1484598958.999232000 965 0
1484598959.014020000 194 0
1484598961.344046000 839 0
1484598959.038738000 254 0
1484598961.353657000 248 0
1484598959.061678000 252 0
1484598961.379817000 160 0
1484598959.073636000 270 0
1484598961.387614000 1519 0
1484598959.102327000 272 0
1484598961.406173000 738 0
1484598959.130534000 264 0
1484598961.413583000 1150 0
1484598959.141385000 188 0
1484598961.435249000 1146 0
1484598959.168205000 338 0
1484598959.181405000 150 0
1484598959.203321000 249 0
1484598959.221834000 279 0
1484598959.234625000 265 0
1484598959.248195000 293 0
1484598959.295341000 301 0
1484598959.307407000 188 0
1484598959.318820000 460 0
1484598959.347004000 270 0
1484598961.461476000 2509 0
1484598959.365534000 202 0
1484598961.555908000 2873 0
1484598961.585461000 2144 0
1484598961.592354000 3176 0
1484598958.652082000 2848 0
1484598958.729163000 2585 0
1484598958.923293000 8147 0
1484598959.516618000 2323 0
1484598959.539744000 3553 0
1484598959.635869000 3843 0
1484598959.990690000 3485 0
1484598960.079847000 5911 0
1484598958.332555000 3162 0
1484598958.798012000 5750 0
1484598958.838284000 2548 0
1484598959.620001000 2410 0
1484598959.709928000 3333 0
1484598959.905717000 5157 0
1484598959.916758000 3036 0
1484598959.929991000 3044 0
1484598960.133446000 3381 0
1484598960.204759000 4628 0
1484598960.228005000 12034 0
1484598960.706289000 12819 0
1484598960.789992000 2942 0
1484598960.816260000 3735 0
1484598961.021207000 2825 0
1484598961.057080000 2937 0
1484598961.149851000 2643 0
1484598961.172098000 2583 0
1484598961.232385000 3671 0
1484598961.335259000 3678 0
1484598961.443507000 11192 0
1484598969.389385000 572 0
1484598969.395908000 504 0
1484598969.412693000 504 0
1484598969.449061000 398 0
1484598968.668018000 282 0
1484591222.548274000 0 0
