1484575026.257363000 0 0
1484575026.274656000 0 0
1484575026.280062000 0 0
1484575026.404678000 0 0
1484575026.414803000 0 0
1484575028.442966000 282 0
1484575030.436638000 0 0
1484575030.439077000 0 0
1484575030.446946000 0 0
1484575033.910320000 0 0
1484575033.913463000 0 0
1484575033.923686000 0 0
1484575033.981848000 0 0
1484575033.984492000 0 0
1484575034.247044000 0 0
1484575034.394318000 0 0
1484575036.240288000 0 0
1484575036.243140000 0 0
1484575036.260819000 0 0
1484575036.273453000 0 0
1484575036.276306000 0 0
1484575036.276689000 0 0
1484575036.278751000 0 0
1484575036.279982000 0 0
1484575036.281088000 0 0
1484575036.295558000 0 0
1484575036.298056000 0 0
1484575036.327960000 0 0
1484575029.112798000 111 0
1484575034.419171000 2128 0
1484575030.375047000 282 0
1484575036.259572000 572 0
1484575036.274027000 129 0
1484575036.293540000 129 0
1484575036.297758000 504 0
1484575036.325287000 129 0
1484575036.331393000 544 0
1484575062.289468000 0 0
1484575084.447124000 0 0
1484575084.482442000 0 0
1484575084.487107000 0 0
1484575084.496740000 0 0
1484575084.534712000 0 0
1484575092.684088000 0 0
1484575087.148949000 282 0
1484575113.726463000 0 0
1484575113.282574000 282 0
1484575113.401359000 504 0
1484575113.406382000 504 0
1484575113.528662000 402 0
1484575113.541257000 572 0
1484575790.528329000 0 0
1484575790.873940000 0 0
1484575790.886213000 0 0
1484575790.893989000 0 0
1484575791.453952000 0 0
1484575791.457352000 0 0
1484575769.069539000 564 0
1484575790.897223000 572 0
1484581868.934005000 0 0
1484581868.942148000 0 0
1484584653.655823000 0 0
1484575034.001788000 0 0
