1484552928.972386000 0 0
1484552928.977361000 0 0
1484552928.981869000 0 0
1484552928.986365000 0 0
1484552928.990879000 0 0
1484552930.063678000 282 0
1484552931.808529000 0 0
1484552931.810994000 0 0
1484552931.818988000 0 0
1484552931.751581000 282 0
1484552934.693885000 0 0
1484552934.696971000 0 0
1484552934.811613000 0 0
1484552934.874220000 0 0
1484552934.972387000 0 0
1484552935.258888000 0 0
1484552935.274691000 0 0
1484552935.371961000 0 0
1484552935.377988000 0 0
1484552935.380515000 0 0
1484552935.383703000 0 0
1484552932.448125000 150 0
1484552956.657736000 0 0
1484552935.319720000 572 0
1484552935.409441000 504 0
1484552967.765912000 0 0
1484552967.783694000 0 0
1484552967.787372000 0 0
1484552967.796841000 0 0
1484552967.828887000 0 0
1484552934.332441000 282 0
1484552976.898958000 0 0
1484552976.901278000 0 0
1484552976.896613000 0 0
1484553007.896316000 0 0
1484553007.899653000 0 0
1484553007.907801000 0 0
1484553007.925837000 0 0
1484553007.948447000 0 0
1484553007.951140000 0 0
1484553007.953970000 0 0
1484553007.964255000 0 0
1484553007.967316000 0 0
1484553007.985086000 0 0
1484553007.987657000 0 0
1484553008.028747000 0 0
1484553008.031422000 0 0
1484552982.044570000 564 0
1484553007.923836000 572 0
1484553007.940954000 504 0
1484553007.956687000 504 0
1484553008.008868000 398 0
1484553717.117432000 0 0
1484553717.156247000 0 0
1484553717.159277000 0 0
1484553717.167863000 0 0
1484553717.319644000 0 0
1484553717.323919000 0 0
1484553695.775292000 564 0
1484553717.174379000 572 0
1484560071.104873000 0 0
1484560071.110895000 0 0
