1484557215.830779000 0 0
1484557215.851616000 0 0
1484557215.860957000 0 0
1484557215.869569000 0 0
1484557215.877862000 0 0
1484557217.389464000 0 0
1484557217.392131000 0 0
1484557217.400507000 0 0
1484557217.192987000 111 0
1484557217.350818000 282 0
1484557218.290754000 0 0
1484557218.293198000 0 0
1484557218.315945000 0 0
1484557218.341338000 0 0
1484557218.344513000 0 0
1484557218.378076000 0 0
1484557218.382279000 0 0
1484557218.390403000 0 0
1484557218.393419000 0 0
1484557218.327228000 0 0
1484557218.356325000 391 0
1484557218.366451000 578 0
1484557218.362667000 530 0
1484557218.382485000 432 0
1484557218.389482000 430 0
1484557218.394863000 721 0
1484557218.273376000 282 0
1484557218.415338000 504 0
1484557242.594673000 0 0
1484557243.305498000 0 0
1484557243.320418000 0 0
1484557243.341876000 0 0
1484557243.363749000 0 0
1484557243.433146000 0 0
1484557243.474736000 0 0
1484557243.489812000 0 0
1484557243.507655000 0 0
1484557243.534014000 0 0
1484557243.546244000 0 0
1484557243.791441000 0 0
1484557243.830808000 0 0
1484557243.881009000 0 0
1484557244.059686000 0 0
1484557244.212114000 0 0
1484557244.216639000 0 0
1484557244.220950000 0 0
1484557244.225698000 0 0
1484557244.229545000 0 0
1484557244.267609000 0 0
1484557244.313011000 0 0
1484557244.318121000 0 0
1484557244.462815000 0 0
1484557244.477214000 0 0
1484557244.563173000 0 0
1484557244.711853000 0 0
1484557244.856484000 0 0
1484557245.007624000 0 0
1484557245.153185000 0 0
1484557245.191603000 0 0
1484557245.195956000 0 18830
1484557245.394997000 0 0
1484557245.398466000 0 0
1484557245.178729000 18830 0
1484557245.185196000 0 0
1484557245.401379000 0 0
1484557245.532530000 0 0
1484557245.605458000 0 0
1484557245.751044000 0 0
1484557245.776611000 0 0
1484557245.856674000 0 0
1484557245.999990000 0 0
1484557246.193945000 0 0
1484557246.196843000 0 0
1484557246.478092000 0 0
1484557246.489461000 0 0
1484557246.501095000 0 0
1484557246.537360000 0 0
1484557246.499459000 0 0
1484557246.546493000 0 0
1484557246.555973000 0 0
1484557246.561224000 0 0
1484557246.566548000 0 0
1484557246.572764000 0 0
1484557246.553094000 0 0
1484557246.649093000 0 0
1484557246.656009000 0 0
1484557247.395457000 0 0
1484557247.432854000 0 0
1484557247.510193000 0 0
1484557247.522757000 0 0
1484557247.563761000 7168 0
1484557247.584422000 0 0
1484557247.742503000 0 0
1484557247.747503000 0 2
1484557247.757139000 0 0
1484557247.760310000 0 0
1484557247.529703000 2 0
1484557247.732177000 0 0
1484557247.763470000 0 0
1484557248.002058000 0 53
1484557245.530657000 204 0
1484557248.012860000 0 0
1484557248.812372000 0 0
1484557248.831413000 0 0
1484557253.930821000 0 0
1484557254.464921000 0 0
1484557254.483874000 0 0
1484557254.512432000 0 0
1484557254.648456000 0 0
1484557254.703868000 0 0
1484557247.418918000 16213 18811
1484557244.715404000 0 0
1484557243.292781000 282 0
1484557243.348137000 10 0
1484557243.369813000 10 0
1484557243.450495000 190 0
1484557243.573260000 208 0
1484557243.857995000 31592 0
1484557243.950379000 4431 0
1484557244.083538000 16384 0
1484557244.179454000 319 0
1484557244.521097000 497 0
1484557244.833818000 10793 0
1484557244.964908000 8435 0
1484557245.033208000 208620 0
1484557245.558837000 32768 0
1484557245.769235000 21911 0
1484557245.792695000 8 0
1484557245.872114000 504 0
1484557245.939295000 7636 0
1484557246.012132000 3929 0
1484557246.485996000 1106 0
1484557246.875286000 10 0
1484557247.402865000 360 0
1484557247.441554000 209 0
1484557248.037890000 9172 0
1484557246.034220000 25 0
1484557248.080348000 9833 0
1484557248.095971000 55 0
1484557276.478580000 0 3929
1484557276.488005000 0 0
1484557301.563281000 0 0
1484557301.569907000 0 0
1484557301.576864000 0 0
1484557301.581715000 0 0
1484557301.599081000 0 66
1484557301.593184000 66 0
1484557301.606939000 0 0
1484557304.639086000 0 0
1484557304.664363000 0 137
1484557304.672873000 0 0
1484557304.654126000 137 0
1484557304.672038000 0 0
1484557304.682922000 0 0
1484557304.698763000 0 7338
1484557304.707881000 0 0
1484557304.707049000 0 0
1484557304.719642000 51 0
1484557377.488536000 0 0
1484557470.277741000 0 0
1484557470.753806000 0 0
1484557470.770705000 0 0
1484557470.783600000 0 0
1484557470.804521000 0 0
1484557470.824121000 0 0
1484557470.835775000 0 0
1484557470.853587000 0 0
1484557470.865908000 0 0
1484557470.882602000 0 0
1484557470.995626000 0 0
1484557471.037880000 0 0
1484557471.083492000 0 0
1484557471.086759000 0 0
1484557471.090463000 0 0
1484557471.094713000 0 0
1484557471.097844000 0 0
1484557471.140753000 0 0
1484557471.182290000 0 0
1484557471.302983000 0 0
1484557471.309711000 0 0
1484557471.314768000 0 0
1484557471.357634000 0 0
1484557471.366711000 0 0
1484557471.441984000 0 0
1484557471.459306000 0 0
1484557471.463421000 0 0
1484557471.475114000 0 0
1484557471.520126000 0 0
1484557471.525773000 0 0
1484557471.531588000 0 0
1484557471.580645000 0 0
1484557471.861802000 0 0
1484557471.867745000 0 0
1484557471.875984000 0 0
1484557471.909986000 0 0
1484557471.950210000 0 0
1484557472.005573000 0 0
1484557472.259771000 0 0
1484557472.304879000 0 0
1484557472.311062000 0 18830
1484557472.579606000 0 0
1484557472.585997000 0 0
1484557472.290499000 18830 0
1484557472.296950000 0 0
1484557472.591681000 0 0
1484557472.667771000 0 0
1484557472.752457000 0 0
1484557472.883369000 0 0
1484557472.887693000 0 2
1484557472.896877000 0 0
1484557472.900592000 0 0
1484557471.874209000 2 0
1484557472.865978000 0 0
1484557472.904179000 0 0
1484557473.181097000 524288 0
1484557473.272382000 0 0
1484557473.369630000 0 0
1484557473.457587000 0 53
1484557472.712307000 288 0
1484557473.466355000 0 0
1484557473.575120000 0 0
1484557473.611195000 0 0
1484557473.634669000 0 0
1484557473.653441000 0 0
1484557473.652274000 0 90
1484557473.659821000 0 0
1484557473.671388000 0 0
1484557473.640539000 0 0
1484557473.633230000 0 0
1484557473.668743000 0 0
1484557473.722836000 0 0
1484557473.735967000 0 0
1484557473.715830000 0 4096
1484557473.745218000 0 0
1484557473.712350000 0 0
1484557473.756103000 0 0
1484557473.773439000 0 0
1484557474.097652000 0 0
1484557474.127146000 0 0
1484557474.134830000 0 0
1484557476.080936000 0 0
1484557473.490613000 44400 0
1484557476.080283000 0 0
1484557476.097689000 0 0
1484557476.103653000 0 0
1484557476.102512000 0 0
1484557476.116689000 0 45588
1484557476.134609000 0 0
1484557485.509725000 0 7636
1484557485.519547000 0 0
1484557485.518509000 0 0
1484557485.780200000 0 0
1484557473.768597000 0 4096
1484557485.790221000 0 0
1484557485.797367000 0 0
1484557473.765373000 0 0
1484557485.807048000 0 0
1484557473.373566000 0 0
1484557491.164000000 0 45588
1484557491.181161000 0 0
1484557491.193377000 0 0
1484557470.740822000 282 0
1484557470.791044000 10 0
1484557470.810679000 111 0
1484557494.957644000 0 0
1484557470.911095000 208 0
1484557471.065749000 25852 0
1484557471.199647000 16384 0
1484557471.311111000 1263 0
1484557471.542531000 185 0
1484557471.972069000 8435 0
1484557472.041991000 237211 0
1484557472.714521000 116 0
1484557472.853834000 1990 0
1484557472.874949000 4806 0
1484557472.890529000 309 0
1484557473.383173000 5189 0
1484557473.605252000 1251 0
1484557473.622491000 29 0
1484557473.630973000 35089 0
1484557472.939414000 25 0
1484557474.747896000 657 0
1484557503.357228000 0 0
1484557503.380340000 0 0
1484557503.386585000 0 25935
1484557503.411757000 0 0
1484557503.419232000 0 0
1484557503.425346000 0 0
1484557503.364402000 0 0
1484557503.430797000 0 0
1484557503.951291000 0 3608
1484557503.966170000 0 0
1484557506.254939000 0 46304
1484557506.271962000 0 0
1484557506.282727000 0 0
1484557473.708203000 40960 0
1484557521.345583000 0 46584
1484557521.361679000 0 0
1484557521.370499000 0 0
1484557528.050273000 0 3608
1484557528.067741000 0 0
1484557528.593088000 0 0
1484557528.616254000 0 0
1484557528.624045000 0 0
1484557528.628384000 0 0
1484557528.642840000 0 66
1484557528.637437000 66 0
1484557528.650861000 0 0
1484557531.777730000 0 0
1484557531.820987000 0 137
1484557531.832964000 0 0
1484557531.787392000 137 0
1484557531.831309000 0 0
1484557531.860318000 0 0
1484557531.875175000 0 0
1484557531.906019000 0 0
1484557531.913054000 0 14865
1484557531.924811000 0 0
1484557531.923367000 0 0
1484557531.934693000 0 0
1484557531.977010000 0 0
1484557531.985712000 0 0
1484557532.016863000 0 0
1484557532.060583000 0 0
1484557532.104049000 0 0
1484557532.131576000 0 0
1484557532.171272000 0 0
1484557532.206310000 0 0
1484557532.230138000 0 0
1484557532.241156000 0 0
1484557532.249112000 0 0
1484557532.256148000 0 0
1484557532.266752000 0 0
1484557532.274859000 0 0
1484557532.287840000 0 0
1484557532.305978000 0 0
1484557532.312832000 0 0
1484557532.320416000 0 0
1484557532.328325000 0 0
1484557532.340072000 0 0
1484557532.346750000 0 0
1484557532.353803000 0 0
1484557532.362849000 0 0
1484557532.369744000 0 0
1484557532.386294000 0 0
1484557532.394602000 0 0
1484557532.403529000 0 0
1484557532.417116000 0 0
1484557532.430022000 0 0
1484557532.445263000 0 0
1484557532.458899000 0 0
1484557532.467442000 0 0
1484557532.490032000 0 0
1484557532.498346000 0 0
1484557532.520981000 0 0
1484557532.533197000 0 0
1484557532.542414000 0 0
1484557532.558733000 0 0
1484557532.567703000 0 0
1484557532.587172000 0 0
1484557532.621633000 0 0
1484557532.639991000 0 0
1484557532.648530000 0 0
1484557532.671571000 0 0
1484557532.692146000 0 0
1484557532.700477000 0 0
1484557532.714575000 0 0
1484557532.723109000 0 0
1484557532.731463000 0 0
1484557532.744172000 0 0
1484557532.752432000 0 0
1484557532.761112000 0 0
1484557532.770186000 0 0
1484557532.778970000 0 0
1484557532.797175000 0 0
1484557532.805606000 0 0
1484557532.819294000 0 0
1484557532.827908000 0 0
1484557532.841207000 0 0
1484557532.848764000 0 0
1484557532.856814000 0 0
1484557532.865447000 0 0
1484557532.873906000 0 0
1484557532.881316000 0 0
1484557532.903199000 0 0
1484557532.910540000 0 0
1484557532.917702000 0 0
1484557532.928253000 0 0
1484557532.946666000 0 0
1484557532.957491000 0 0
1484557532.968819000 0 0
1484557532.979053000 0 0
1484557532.987200000 0 0
1484557532.994161000 0 0
1484557533.002396000 0 0
1484557533.010004000 0 0
1484557533.019596000 0 0
1484557533.035348000 0 0
1484557533.042191000 0 0
1484557533.048654000 0 0
1484557533.053822000 0 0
1484557533.070677000 0 0
1484557533.076117000 0 0
1484557533.083348000 0 0
1484557533.091574000 0 0
1484557533.100220000 0 0
1484557536.419279000 0 46941
1484557536.434316000 0 0
1484557536.443138000 0 0
1484557545.712780000 0 0
1484557546.067060000 0 0
1484557546.082030000 4637 637
1484557546.096982000 0 0
1484557546.130848000 333359 1681
1484557547.423473000 0 360
1484557547.439822000 0 0
1484557547.437556000 0 0
1484557548.814941000 0 319
1484557551.473097000 0 47612
1484557551.491394000 0 0
1484557551.489667000 0 0
1484557551.503699000 0 0
1484557551.502180000 0 0
1484557531.961090000 51 0
1484557546.055790000 9062 0
1484557704.100662000 0 0
1484557704.111497000 0 0
1484557704.115767000 0 25936
1484557704.131661000 0 0
1484557704.133300000 0 0
1484557704.139093000 0 0
1484557704.141995000 0 0
1484557704.104197000 0 0
1484557704.145235000 0 0
1484557704.250210000 0 0
1484557704.253887000 0 0
1484557704.254144000 0 0
1484557704.256678000 0 0
1484557704.262958000 0 0
1484557704.267421000 0 0
1484557704.270420000 0 0
1484557704.259856000 0 0
1484557704.279569000 0 0
1484557704.283065000 0 0
1484557704.255467000 0 31472
1484557704.296527000 0 0
1484557704.322349000 0 0
1484557704.325671000 0 0
1484557704.332139000 0 0
1484557704.343482000 0 0
1484557704.347892000 0 31531
1484557704.368232000 0 0
1484557704.372857000 0 0
1484557704.375823000 0 0
1484557704.335841000 0 0
1484557704.379040000 0 0
1484557704.628136000 0 0
1484557704.652872000 0 0
1484557716.315266000 0 0
1484557704.272099000 0 4096
1484557716.324726000 0 0
1484557716.329373000 0 0
1484557704.268065000 0 0
1484557716.337549000 0 0
1484557704.274297000 29 0
1484557704.259116000 45056 0
1484557773.463737000 0 1263
1484557377.505866000 14175 14772
1484557846.225769000 0 0
1484557847.098976000 0 208787
1484557847.126445000 0 0
1484557847.125547000 0 0
1484557846.231157000 9062 0
1484557904.788048000 0 8765
1484557904.801275000 0 0
1484557904.799503000 0 0
1484557953.458203000 0 237378
1484557953.488269000 0 0
1484557953.487384000 0 0
1484557977.412349000 0 0
1484557977.501695000 0 0
1484557977.507574000 0 0
1484557977.520567000 0 0
1484557977.614481000 0 0
1484557977.618629000 0 0
1484557956.287209000 564 0
1484557977.528996000 578 0
1484558003.996816000 0 0
1484558004.048962000 0 0
1484558004.052426000 0 0
1484558004.052520000 0 0
1484558004.059964000 0 0
1484558004.065544000 0 0
1484558004.063425000 0 0
1484558004.072173000 282 0
1484558071.933411000 0 0
1484558071.963205000 0 0
1484558072.020210000 0 0
1484558072.149377000 0 0
1484558072.317565000 0 4806
1484558072.408625000 0 0
1484558072.219664000 20591 0
1484558132.055877000 0 16626
1484558132.384135000 0 0
1484558132.382025000 0 0
1484558146.273763000 0 0
1484558146.316307000 9062 0
1484558252.310305000 0 1263
1484558312.907179000 0 1251
1484558312.921930000 0 0
1484558312.919604000 0 0
1484558322.455042000 0 0
1484558322.465743000 0 0
1484558322.469682000 0 0
1484558322.473480000 0 0
1484558322.477114000 0 0
1484558322.480593000 0 0
1484558322.484397000 0 0
1484558322.488186000 0 0
1484558322.499272000 0 0
1484558322.503369000 0 0
1484558322.507525000 0 0
1484558322.512002000 0 0
1484558322.516333000 0 0
1484558322.520393000 0 0
1484558322.524108000 0 0
1484558322.532718000 0 0
1484558322.463421000 0 0
1484558322.543002000 0 0
1484558439.660641000 0 8768
1484558439.672060000 0 0
1484558439.670496000 0 0
1484558442.960902000 0 16641
1484558442.977309000 0 0
1484558442.974967000 0 0
1484558446.434935000 0 0
1484558446.440410000 9062 0
1484558612.393667000 0 1263
1484558742.995984000 0 16644
1484558743.010517000 0 0
1484558743.008163000 0 0
1484558746.474772000 0 0
1484558746.479759000 9062 0
1484558790.862705000 0 47973
1484558790.882691000 0 0
1484558790.880727000 0 0
1484558790.897131000 0 0
1484558790.894767000 0 0
1484558805.930817000 0 50351
1484558805.946738000 0 0
1484558805.945524000 0 0
1484558805.957852000 0 0
1484558805.956808000 0 0
1484558820.995422000 0 50380
1484558821.016186000 0 0
1484558821.013831000 0 0
1484558821.029036000 0 0
1484558821.026938000 0 0
1484558836.008511000 0 50380
1484558836.028104000 0 0
1484558836.025868000 0 0
1484558836.041259000 0 0
1484558836.038988000 0 0
1484558867.100600000 0 50380
1484558867.123211000 0 0
1484558867.120841000 0 0
1484558867.137512000 0 0
1484558867.135242000 0 0
1484558882.171475000 0 50351
1484558882.190198000 0 0
1484558882.188636000 0 0
1484558882.201896000 0 0
1484558882.200525000 0 0
1484558897.236599000 0 50380
1484558897.256418000 0 0
1484558897.254173000 0 0
1484558897.269951000 0 0
1484558897.267998000 0 0
1484558912.310301000 0 50379
1484558912.330097000 0 0
1484558912.327796000 0 0
1484558912.343082000 0 0
1484558912.340819000 0 0
1484558927.365317000 0 50351
1484558927.383030000 0 0
1484558927.381415000 0 0
1484558927.395684000 0 0
1484558927.394124000 0 0
1484558942.437748000 0 51075
1484558942.456947000 0 0
1484558942.455028000 0 0
1484558942.469706000 0 0
1484558942.467782000 0 0
1484558957.516439000 0 50387
1484558957.536400000 0 0
1484558957.534078000 0 0
1484558957.549805000 0 0
1484558957.547533000 0 0
1484558972.571162000 0 50360
1484558972.586550000 0 0
1484558972.585690000 0 0
1484558972.596826000 0 0
1484558972.595549000 0 0
1484558987.665844000 0 50360
1484558987.684820000 0 0
1484558987.683781000 0 0
1484558987.696551000 0 0
1484558987.695221000 0 0
1484558996.895251000 0 0
1484558997.025637000 0 0
1484558997.119220000 0 0
1484558997.169970000 0 0
1484558997.168817000 0 0
1484558997.187624000 0 0
1484558997.191599000 0 0
1484558997.204063000 0 0
1484558997.243154000 0 0
1484558997.246018000 0 0
1484558997.253877000 0 0
1484558997.540802000 0 0
1484558997.543726000 0 0
1484558998.554136000 0 0
1484558998.557126000 0 0
1484558998.587631000 0 0
1484559000.675285000 0 0
1484559002.464407000 0 0
1484559002.469217000 0 0
1484559002.473978000 0 0
1484559002.478230000 0 0
1484559002.733031000 0 50421
1484559002.748663000 0 0
1484559002.747520000 0 0
1484559002.759158000 0 0
1484559002.757954000 0 0
1484559007.117569000 0 0
1484559007.121120000 0 0
1484559007.125221000 0 0
1484559007.149159000 0 0
1484558997.240494000 226 0
1484558997.275866000 302 0
1484558997.159800000 398 0
1484558997.164793000 282 0
1484558997.184413000 80 0
1484558998.653764000 638 0
1484558998.865508000 197 0
1484558998.891950000 119 0
1484559000.932450000 309 0
1484559000.945616000 369 0
1484559000.978461000 1008 0
1484559000.990349000 113 0
1484559027.217615000 0 0
1484559000.898009000 5722 0
1484559001.000309000 2680 0
1484559001.027414000 8260 0
1484559000.962945000 260 0
1484559039.734835000 0 8768
1484559039.749676000 0 0
1484559039.747661000 0 0
1484559043.038538000 0 16644
1484559043.060161000 0 0
1484559043.059003000 0 0
1484559046.507183000 0 0
1484558998.590014000 0 0
1484559000.681265000 0 0
1484558997.111758000 0 0
1484559046.512875000 9062 0
1484559000.153721000 0 0
1484558997.023419000 0 0
1484559131.371261000 0 0
1484559131.387110000 0 0
1484559131.395636000 0 0
1484559131.455633000 0 0
1484559131.503147000 0 0
1484559131.514222000 0 0
1484559131.517723000 0 0
1484559131.532281000 0 0
1484559131.535866000 0 0
1484559131.385990000 0 0
1484559131.541320000 0 0
1484559131.547523000 0 0
1484559131.551295000 0 0
1484559131.554828000 0 0
1484559131.511324000 0 0
1484559131.375108000 0 0
1484559131.353312000 0 0
1484559131.374126000 0 0
1484558997.273702000 0 0
1484559131.354279000 0 0
1484559131.406707000 485 0
1484559131.422892000 351 0
1484559131.434974000 349 0
1484559131.439346000 242 0
1484559131.452466000 229 0
1484559131.474964000 349 0
1484559131.479943000 217 0
1484559131.486757000 19237 0
1484559131.494320000 252 0
1484559131.499752000 170 0
1484559131.521088000 190 0
1484559131.525622000 58 0
1484559131.538365000 68 0
1484559131.543141000 117 0
1484559131.548021000 239 0
1484559131.553157000 219 0
1484559131.564724000 113 0
1484559131.570626000 260 0
1484559131.572389000 5722 0
1484559131.575805000 309 0
1484559131.577947000 369 0
1484559131.580124000 1008 0
1484559131.591232000 321 0
1484559131.595559000 321 0
1484559131.600224000 165 0
1484559131.607957000 225 0
1484559131.612678000 1452 0
1484559131.618256000 1525 0
1484559131.623450000 1571 0
1484559131.638431000 238 0
1484559131.643733000 1870 0
1484559131.648757000 1772 0
1484559131.653900000 1716 0
1484559131.656088000 113 0
1484559131.657770000 2680 0
1484559131.660262000 8260 0
1484559131.667384000 197 0
1484559131.671156000 226 0
1484559131.673019000 302 0
1484559131.683229000 134 0
1484559131.687672000 134 0
1484559131.692647000 134 0
1484559131.709561000 144 0
1484559131.714046000 134 0
1484559131.718788000 134 0
1484559131.723547000 134 0
1484559131.728435000 127 0
1484559131.733034000 122 0
1484559131.737675000 122 0
1484559131.742296000 60 0
1484559131.747031000 61 0
1484559131.760671000 60 0
1484559131.765101000 57 0
1484559131.766913000 119 0
1484559131.771625000 133 0
1484559131.776215000 133 0
1484559131.780775000 134 0
1484559131.787028000 133 0
1484559131.791938000 133 0
1484559164.231123000 0 0
1484559164.264729000 0 0
1484559164.311345000 0 0
1484559164.316214000 0 0
1484559164.320778000 0 0
1484559164.324706000 0 0
1484559164.331274000 0 0
1484559164.336918000 0 0
1484559164.345237000 0 0
1484559164.346919000 0 0
1484559164.344214000 0 0
1484559164.348251000 0 0
1484559164.351405000 0 0
1484559164.308984000 2198 0
1484559164.357272000 578 0
1484559164.328826000 282 0
1484559275.508390000 0 0
1484559275.521891000 0 0
1484559275.558072000 0 0
1484559275.562506000 0 0
1484559275.566029000 0 0
1484559275.574937000 0 0
1484559275.580815000 0 0
1484559275.583977000 0 0
1484559275.585523000 0 0
1484559275.587207000 0 0
1484559275.550313000 983 0
1484559275.591089000 578 0
1484559275.578729000 282 0
1484559339.746421000 0 8768
1484559339.759789000 0 0
1484559339.758048000 0 0
1484559343.076024000 0 16644
1484559343.089041000 0 0
1484559343.087433000 0 0
1484559346.540282000 0 0
1484559346.545903000 9062 0
1484559568.224930000 0 0
1484559568.743981000 0 0
1484559568.789740000 0 0
1484559568.793480000 0 0
1484559568.801955000 0 0
1484559568.808493000 0 0
1484559568.832735000 0 0
1484559568.836218000 0 0
1484559568.844996000 0 0
1484559568.848583000 0 0
1484559568.852135000 0 0
1484559568.855664000 0 0
1484559568.741742000 282 0
1484559568.806406000 578 0
1484559568.823860000 504 0
1484559568.861477000 504 0
1484559571.451984000 0 0
1484559571.826946000 0 0
1484559568.213827000 432 0
1484559581.337827000 0 0
1484559581.340799000 0 0
1484559581.343987000 0 0
1484559585.764863000 0 0
1484559585.807675000 0 0
1484559585.810836000 0 0
1484559585.819439000 0 0
1484559585.827003000 282 0
1484559571.442003000 430 0
1484559646.573194000 0 0
1484559646.578460000 9062 0
1484559939.785933000 0 8768
1484559939.798571000 0 0
1484559939.796892000 0 0
1484559943.126180000 0 16644
1484559943.137388000 0 0
1484559943.136211000 0 0
1484559946.618097000 0 0
1484559946.623001000 9062 0
1484559982.697989000 0 0
1484559982.793869000 0 0
1484559982.797623000 0 0
1484559982.808666000 0 0
1484559982.831958000 0 0
1484559982.710867000 430 0
1484559996.128460000 0 0
1484557218.310386000 0 0
1484559996.185762000 0 0
1484559996.187889000 0 0
1484559996.186842000 0 0
1484559996.189008000 0 0
1484559996.272752000 12288 0
1484559996.155058000 0 24064
1484559998.083820000 0 0
1484559998.094724000 0 0
1484559998.103553000 0 0
1484559998.175091000 0 0
1484559998.178132000 0 0
1484559998.181241000 0 0
1484559998.194989000 0 0
1484559998.198059000 0 0
1484559998.200758000 0 0
1484559998.206944000 0 0
1484559998.212965000 0 0
1484559998.211302000 0 0
1484559998.220977000 0 0
1484559998.218185000 0 0
1484559996.318552000 12288 0
1484559982.811967000 564 0
1484559998.235535000 0 0
1484559998.232878000 0 0
1484559998.239768000 0 0
1484559998.327202000 0 0
1484559998.324230000 0 0
1484559998.332651000 0 0
1484559998.414759000 0 0
1484559998.412883000 0 0
1484559998.481540000 0 0
1484559998.489211000 0 0
1484559998.492080000 0 0
1484559998.494542000 0 0
1484559998.498746000 0 0
1484559998.508928000 0 0
1484559998.511786000 0 0
1484559998.514464000 0 0
1484559998.520305000 0 0
1484559998.530615000 0 0
1484559998.533218000 0 0
1484559998.535904000 0 0
1484559998.540641000 0 0
1484559998.619732000 0 0
1484559998.618018000 0 0
1484559998.625310000 0 0
1484559998.708477000 0 0
1484559998.705639000 0 0
1484559999.511686000 0 0
1484559999.510207000 0 0
1484559999.513297000 0 0
1484559981.722053000 12148 0
1484559982.720821000 0 0
1484559996.370603000 17968 0
1484559998.134476000 2048 0
1484559998.148994000 24064 0
1484560239.823682000 0 8768
1484560239.836348000 0 0
1484560239.834692000 0 0
1484560243.150065000 0 16644
1484560243.160920000 0 0
1484560243.159847000 0 0
1484560246.655127000 0 0
1484560264.338089000 0 0
1484560264.432664000 0 0
1484560264.448537000 0 0
1484560264.452125000 0 0
1484559998.136077000 18344 15316
1484560264.438254000 0 28160
1484560264.475871000 0 0
1484560264.495366000 0 0
1484560264.462309000 0 0
1484560264.501227000 0 0
1484560264.469868000 0 0
1484560265.460390000 0 0
1484560265.461850000 0 0
1484560265.458913000 0 0
1484560267.467018000 0 0
1484560267.470148000 0 0
1484560267.471429000 0 0
1484560269.483689000 0 0
1484560269.480830000 0 0
1484560269.482383000 0 0
1484560246.660940000 9062 0
1484560264.515057000 48 0
1484560264.518752000 2048 0
1484560265.454577000 282 0
1484560308.559432000 0 0
1484560313.558343000 0 0
1484560313.562866000 0 0
1484560313.567087000 0 0
1484560329.991237000 0 0
1484560329.996240000 0 0
1484560330.006675000 0 0
1484560330.016062000 0 0
1484560330.028951000 0 0
1484560330.025713000 0 0
1484560330.044119000 0 0
1484560330.048131000 0 0
1484560345.689865000 0 0
1484560349.766521000 0 0
1484557977.623240000 0 0
1484560349.785242000 0 0
1484560330.012053000 282 0
1484560361.236414000 0 0
1484560361.241438000 0 0
1484560361.249393000 0 0
1484560385.002781000 0 0
1484560385.061999000 0 0
1484560385.100868000 0 0
1484560385.113910000 0 0
1484560385.136566000 0 0
1484560385.139838000 0 0
1484560385.144097000 0 0
1484560385.147666000 0 0
1484560385.256895000 0 0
1484560385.260122000 0 0
1484560385.268766000 0 0
1484560386.298320000 0 0
1484560386.301110000 0 0
1484560386.329727000 0 0
1484560387.408964000 0 0
1484560388.715379000 0 0
1484560388.719275000 0 0
1484560388.722876000 0 0
1484560388.726679000 0 0
1484560395.097328000 0 0
1484560395.102230000 0 0
1484560395.108479000 0 0
1484560395.132548000 0 0
1484560386.339663000 0 0
1484560387.427258000 0 0
1484560385.104327000 0 0
1484560388.759808000 0 0
1484560385.059506000 0 0
1484560406.696044000 0 0
1484560406.702923000 0 0
1484560406.730297000 0 0
1484560406.759466000 0 0
1484560406.769539000 0 0
1484560406.773261000 0 0
1484560406.777495000 0 0
1484560406.781979000 0 0
1484560406.786749000 0 0
1484560406.790044000 0 0
1484560406.793316000 0 0
1484560406.796822000 0 0
1484560406.766915000 0 0
1484560406.700466000 0 0
1484560406.699377000 0 0
1484560406.678271000 0 0
1484560406.679479000 0 0
1484560385.166622000 0 0
1484560385.108855000 398 0
1484560378.242817000 282 0
1484560385.121500000 80 0
1484560386.334052000 638 0
1484560406.712533000 485 0
1484560406.718763000 351 0
1484560406.721317000 349 0
1484560406.723579000 242 0
1484560406.728071000 229 0
1484560406.735100000 349 0
1484560406.737652000 217 0
1484560406.744549000 19237 0
1484560406.751609000 252 0
1484560406.755993000 170 0
1484560406.771111000 190 0
1484560406.777420000 58 0
1484560406.783571000 68 0
1484560406.788572000 117 0
1484560406.793579000 239 0
1484560406.796052000 219 0
1484560406.800534000 113 0
1484560387.644573000 520 0
1484560387.599473000 11444 0
1484560387.616935000 618 0
1484560387.632711000 738 0
1484560387.657122000 2016 0
1484560406.811318000 321 0
1484560406.815484000 321 0
1484560406.819882000 165 0
1484560406.824064000 225 0
1484560406.828873000 1452 0
1484560406.833808000 1525 0
1484560406.836272000 1571 0
1484560406.841219000 238 0
1484560406.846336000 1870 0
1484560406.848849000 1772 0
1484560406.851486000 1716 0
1484560387.669394000 226 0
1484560387.680025000 5360 0
1484560387.693437000 16520 0
1484560386.622782000 394 0
1484560385.161565000 452 0
1484560385.169799000 604 0
1484560406.862116000 134 0
1484560406.864537000 134 0
1484560406.868928000 134 0
1484560406.873106000 144 0
1484560406.874951000 134 0
1484560406.879410000 134 0
1484560406.881744000 134 0
1484560406.887284000 127 0
1484560406.889509000 122 0
1484560406.892644000 122 0
1484560406.896137000 60 0
1484560406.899168000 61 0
1484560406.905411000 60 0
1484560406.907947000 57 0
1484560386.673309000 238 0
1484560406.915844000 133 0
1484560406.919054000 133 0
1484560406.922335000 134 0
1484560406.928723000 133 0
1484560406.932599000 133 0
1484560539.862173000 0 8768
1484560539.875100000 0 0
1484560539.873865000 0 0
1484560543.179958000 0 16644
1484560543.191760000 0 0
1484560543.190520000 0 0
1484560546.694983000 0 0
1484560546.700436000 9062 0
1484560589.154427000 0 0
1484560589.598631000 0 0
1484560589.144473000 430 0
1484560611.204215000 0 0
1484560589.596215000 282 0
1484560774.886036000 0 0
1484560774.972956000 0 0
1484560774.988855000 0 0
1484560774.992296000 0 0
1484560264.521384000 2048 0
1484560774.979159000 0 29184
1484560775.014493000 0 0
1484560775.031236000 0 0
1484560775.001367000 0 0
1484560775.035572000 0 0
1484560775.008103000 0 0
1484560776.019347000 0 0
1484560776.023842000 0 0
1484560776.034620000 0 0
1484560776.054297000 0 0
1484560776.066811000 0 0
1484560776.059063000 0 0
1484560776.063145000 0 0
1484560776.065419000 0 0
1484560777.999118000 0 0
1484560778.002604000 0 0
1484560778.006072000 0 0
1484560778.007404000 0 0
1484560778.008635000 0 0
1484560780.011954000 0 0
1484560780.015126000 0 0
1484560780.026807000 0 0
1484560780.022842000 0 0
1484560780.024883000 0 0
1484560775.045865000 48 0
1484560775.048236000 2048 0
1484560776.040855000 282 0
1484560802.090321000 0 0
1484560802.170239000 0 0
1484560802.186463000 0 0
1484560802.189408000 0 0
1484560775.049932000 2048 0
1484560802.176485000 0 29184
1484560802.210764000 0 0
1484560802.227053000 0 0
1484560802.198697000 0 0
1484560802.231479000 0 0
1484560802.205635000 0 0
1484560803.196694000 0 0
1484560803.193836000 0 0
1484560803.195353000 0 0
1484560803.198000000 0 0
1484560803.199280000 0 0
1484560805.205992000 0 0
1484560805.210514000 0 0
1484560805.217221000 0 0
1484560805.209000000 0 0
1484560805.215805000 0 0
1484560807.219849000 0 0
1484560807.218489000 0 0
1484560807.222822000 0 0
1484560807.221305000 0 0
1484560807.224295000 0 0
1484560802.244243000 48 0
1484560802.248317000 2048 0
1484560833.337736000 0 0
1484560833.446693000 0 0
1484560833.462733000 0 0
1484560833.467923000 0 0
1484560802.250788000 2048 0
1484560833.452908000 0 29184
1484560833.493922000 0 0
1484560833.514990000 0 0
1484560833.480403000 0 0
1484560833.520766000 0 0
1484560833.488347000 0 0
1484560834.456451000 0 0
1484560834.457937000 0 0
1484560834.461284000 0 0
1484560834.464028000 0 0
1484560834.462686000 0 0
1484560836.469078000 0 0
1484560836.477002000 0 0
1484560836.474314000 0 0
1484560836.475646000 0 0
1484560836.478338000 0 0
1484560838.482379000 0 0
1484560838.484979000 0 0
1484560838.486979000 0 0
1484560838.490220000 0 0
1484560838.488720000 0 0
1484560836.471637000 282 0
1484560839.919570000 0 8768
1484560839.931131000 0 0
1484560839.929370000 0 0
1484560843.219796000 0 16644
1484560843.232020000 0 0
1484560843.230311000 0 0
1484560846.732504000 0 0
1484560833.536304000 48 0
1484560833.542025000 2048 0
1484560846.737899000 9062 0
1484560864.123529000 0 0
1484560864.212490000 0 0
1484560864.227397000 0 0
1484560864.231284000 0 0
1484560833.545207000 2048 0
1484560864.218019000 0 29184
1484560864.255461000 0 0
1484560864.275585000 0 0
1484560864.241121000 0 0
1484560864.280786000 0 0
1484560864.247346000 0 0
1484560865.238643000 0 0
1484560865.235784000 0 0
1484560865.237196000 0 0
1484560867.250411000 0 0
1484560867.247867000 0 0
1484560867.249351000 0 0
1484560869.263006000 0 0
1484560869.260159000 0 0
1484560869.261615000 0 0
1484560864.291875000 48 0
1484560864.294864000 2048 0
1484560887.547614000 0 0
1484560887.635114000 0 0
1484560887.655210000 0 0
1484560887.660318000 0 0
1484560864.296582000 2048 0
1484560887.642021000 0 29184
1484560887.690881000 0 0
1484560887.713329000 0 0
1484560887.674399000 0 0
1484560887.718668000 0 0
1484560887.682473000 0 0
1484560888.655153000 0 0
1484560888.652306000 0 0
1484560888.653682000 0 0
1484560890.663043000 0 0
1484560890.666867000 0 0
1484560890.665596000 0 0
1484560892.679368000 0 0
1484560892.676407000 0 0
1484560892.678126000 0 0
1484560894.488832000 0 0
1484560894.491945000 0 0
1484560887.735454000 2048 0
1484560887.737757000 2048 0
1484560894.480420000 0 29184
1484560894.512391000 0 0
1484560887.732191000 48 0
1484560894.528734000 0 0
1484560894.501414000 0 0
1484560894.534066000 0 0
1484560894.507770000 0 0
1484560894.688991000 0 0
1484560894.687554000 0 0
1484560894.690638000 0 0
1484560897.501564000 0 0
1484560897.496701000 0 0
1484560897.498228000 0 0
1484560899.511930000 0 0
1484560899.509191000 0 0
1484560899.510658000 0 0
1484560894.548531000 48 0
1484560894.551793000 2048 0
1484560923.285151000 0 0
1484560923.366608000 0 0
1484560923.381605000 0 0
1484560923.384895000 0 0
1484560894.554303000 2048 0
1484560923.371934000 0 29184
1484560923.404195000 0 0
1484560923.416198000 0 0
1484560923.393854000 0 0
1484560923.420211000 0 0
1484560923.399947000 0 0
1484560924.375267000 0 0
1484560924.379494000 0 0
1484560924.378159000 0 0
1484560897.498146000 282 0
1484560926.391397000 0 0
1484560926.388530000 0 0
1484560926.390132000 0 0
1484560928.401637000 0 0
1484560928.399428000 0 0
1484560928.400681000 0 0
1484560923.432239000 48 0
1484560923.436173000 2048 0
1484560937.591796000 0 0
1484560937.622863000 0 0
1484560937.626633000 0 0
1484560937.635800000 0 0
1484560937.641214000 0 0
1484560937.649159000 0 0
1484560937.651858000 0 0
1484560937.654356000 0 0
1484560937.659672000 0 0
1484560937.700925000 0 0
1484560937.698648000 0 0
1484560937.639072000 282 0
1484560937.722912000 12288 0
1484560937.752548000 0 0
1484560937.749636000 0 0
1484560937.739940000 12288 0
1484560937.846305000 0 0
1484560937.843417000 0 0
1484560923.438532000 2048 0
1484560937.760359000 17920 0
1484561139.939166000 0 8768
1484561139.953750000 0 0
1484561139.951994000 0 0
1484561143.256843000 0 16644
1484561143.269912000 0 0
1484561143.268188000 0 0
1484561146.768959000 0 0
1484561146.774679000 9062 0
1484561188.842660000 0 0
1484561189.159744000 0 0
1484561192.015076000 0 0
1484561199.390735000 0 0
1484561199.394090000 0 0
1484561199.397494000 0 0
1484561188.833027000 432 0
1484561191.872626000 430 0
1484561191.881934000 0 0
1484561189.157439000 282 0
1484561299.456314000 0 50393
1484561299.473244000 0 0
1484561299.472077000 0 0
1484561299.482859000 0 0
1484561299.481497000 0 0
1484561307.517988000 0 4640
1484561307.535511000 0 0
1484561314.517498000 0 51804
1484561314.537648000 0 0
1484561314.535371000 0 0
1484561314.552332000 0 0
1484561314.550016000 0 0
1484561329.593638000 0 52949
1484561329.612370000 0 0
1484561329.610594000 0 0
1484561329.624335000 0 0
1484561329.622567000 0 0
1484561406.858524000 0 52949
1484561406.878978000 0 0
1484561406.876649000 0 0
1484561406.892510000 0 0
1484561406.890174000 0 0
1484561421.932303000 0 53368
1484561421.953598000 0 0
1484561421.951287000 0 0
1484561421.965116000 0 0
1484561421.962797000 0 0
1484561439.974627000 0 8768
1484561439.987554000 0 0
1484561439.986253000 0 0
1484561443.288435000 0 16644
1484561443.303007000 0 0
1484561443.300649000 0 0
1484561446.808937000 0 0
1484561446.814318000 9062 0
1484561475.418770000 0 0
1484561475.459080000 0 0
1484561475.468040000 0 0
1484561475.476053000 0 0
1484561475.486032000 0 0
1484561475.488614000 0 0
1484561475.493209000 0 0
1484561475.505703000 0 0
1484561475.508082000 0 0
1484561475.510743000 0 0
1484561475.516455000 0 0
1484561475.528678000 0 0
1484561475.526915000 0 0
1484561475.491607000 282 0
1484561475.587741000 0 0
1484561475.584748000 0 0
1484561475.596024000 0 0
1484561475.598795000 0 0
1484561475.602603000 0 0
1484561475.683907000 0 0
1484561475.681792000 0 0
1484561475.704138000 0 0
1484561475.711948000 0 0
1484561475.718108000 0 0
1484561475.720378000 0 0
1484561475.722413000 0 0
1484561475.730661000 0 0
1484561475.733173000 0 0
1484561475.735626000 0 0
1484561475.740955000 0 0
1484561475.798773000 0 0
1484561475.801506000 0 0
1484561475.804260000 0 0
1484561475.809681000 0 0
1484561475.845473000 0 0
1484561475.843923000 0 0
1484561475.852057000 0 0
1484561475.935201000 0 0
1484561475.932823000 0 0
1484561476.015522000 0 0
1484561476.020529000 0 0
1484561476.021938000 0 0
1484561476.019180000 0 0
1484561474.536323000 8728 0
1484561475.426190000 2048 0
1484561475.432126000 29184 0
1484561511.609567000 0 0
1484561511.705214000 0 0
1484561511.723063000 0 0
1484561511.726911000 0 0
1484561475.427465000 16384 17408
1484561511.712184000 0 29184
1484561511.750778000 0 0
1484561511.769161000 0 0
1484561511.737983000 0 0
1484561511.774164000 0 0
1484561511.745073000 0 0
1484561512.753295000 0 0
1484561512.757127000 0 0
1484561512.767624000 0 0
1484561512.777887000 0 0
1484561512.786175000 0 0
1484561512.787902000 0 0
1484561512.785129000 0 0
1484561514.740281000 0 0
1484561514.743222000 0 0
1484561514.745796000 0 0
1484561514.744653000 0 0
1484561514.961657000 0 0
1484561514.965375000 0 0
1484561514.968525000 0 0
1484561514.976100000 0 0
1484561514.978582000 0 0
1484561514.981110000 0 0
1484561514.986437000 0 0
1484561515.088967000 0 0
1484561515.087369000 0 0
1484561515.094425000 0 0
1484561515.177387000 0 0
1484561515.174450000 0 0
1484561516.752463000 0 0
1484561516.758487000 0 0
1484561516.757101000 0 0
1484561516.755765000 0 0
1484561511.786117000 48 0
1484561511.790566000 2048 0
1484561511.792974000 2048 0
1484561740.004407000 0 8768
1484561740.017067000 0 0
1484561740.015416000 0 0
1484561743.322999000 0 16645
1484561743.336094000 0 0
1484561743.334368000 0 0
1484561746.855743000 0 0
1484561746.861456000 9062 0
1484562007.012053000 0 54146
1484562007.033217000 0 0
1484562007.030899000 0 0
1484562007.046911000 0 0
1484562007.044625000 0 0
1484562020.933262000 0 0
1484562020.940320000 0 0
1484562020.950762000 0 0
1484562021.068837000 0 0
1484562021.078978000 0 0
1484562021.085391000 0 0
1484562021.088176000 0 0
1484562021.105259000 0 0
1484562021.129489000 0 0
1484562021.132502000 0 0
1484562021.135073000 0 0
1484562021.142837000 0 0
1484562021.157450000 0 0
1484562021.159929000 0 0
1484562021.163829000 0 0
1484562021.166670000 0 0
1484562021.169307000 0 0
1484562021.175396000 0 0
1484562021.176848000 0 0
1484562021.178250000 0 0
1484562021.181306000 0 0
1484562021.184241000 0 0
1484562021.188017000 0 0
1484562020.959058000 282 0
1484562021.093969000 398 0
1484562021.108844000 530 0
1484562021.112560000 432 0
1484562021.115145000 430 0
1484562021.120122000 721 0
1484562021.140530000 578 0
1484562021.149228000 504 0
1484562021.176261000 0 0
1484562021.184236000 12288 0
1484562021.189838000 504 0
1484562021.443137000 0 0
1484562021.447808000 0 0
1484562021.452498000 0 0
1484562021.457729000 0 0
1484562021.477220000 0 0
1484562022.092607000 0 54214
1484562022.110293000 0 0
1484562022.108601000 0 0
1484562022.120894000 0 0
1484562022.119280000 0 0
1484562021.102600000 391 0
1484562022.845085000 530 0
1484562021.246700000 16384 0
1484562022.954576000 0 0
1484562022.958521000 0 0
1484562022.878272000 0 0
1484562022.992997000 18432 0
1484562023.020078000 0 0
1484562023.024701000 0 0
1484562022.863108000 16384 0
1484562023.209141000 721 0
1484562023.121130000 12288 0
1484562031.872112000 0 0
1484562031.877846000 0 0
1484562031.883857000 0 0
1484562031.889125000 0 0
1484562031.894550000 0 0
1484562032.106433000 0 0
1484562032.111262000 0 0
1484562032.137055000 0 0
1484562032.141399000 0 0
1484562032.151708000 0 0
1484562032.159359000 0 0
1484562032.172208000 0 3608
1484562032.184492000 0 0
1484562032.186568000 0 0
1484562032.183751000 0 0
1484562021.252129000 391 0
1484562022.875433000 530 0
1484562023.010398000 432 0
1484562023.010228000 430 0
1484562023.225468000 721 0
1484562023.229233000 0 0
1484562037.165234000 0 54504
1484562037.186276000 0 0
1484562037.183952000 0 0
1484562037.200633000 0 0
1484562037.198331000 0 0
1484562040.030491000 0 8768
1484562040.048480000 0 0
1484562040.046188000 0 0
1484562041.992243000 0 0
1484562042.016133000 0 5672
1484562042.034844000 0 0
1484562043.383132000 0 16645
1484562043.394219000 0 0
1484562043.393141000 0 0
1484562046.896950000 0 0
1484562031.918552000 0 0
1484562032.076851000 0 0
1484562023.220526000 16384 0
1484562052.223822000 0 53807
1484562052.242071000 0 0
1484562052.240524000 0 0
1484562052.252858000 0 0
1484562052.251266000 0 0
1484562032.156663000 282 0
1484562023.239149000 29184 0
1484562046.902569000 9062 0
1484562204.052866000 0 0
1484562297.432386000 0 0
1484562297.465015000 0 0
1484562297.468610000 0 0
1484562297.478333000 0 0
1484562297.483509000 282 0
1484562340.063282000 0 8768
1484562340.080092000 0 0
1484562340.077821000 0 0
1484562343.403853000 0 16645
1484562343.415811000 0 0
1484562343.414227000 0 0
1484562346.943257000 0 0
1484562346.948602000 9062 0
1484562640.151572000 0 8768
1484562640.168553000 0 0
1484562640.166273000 0 0
1484562643.443485000 0 16645
1484562643.455282000 0 0
1484562643.454115000 0 0
1484562646.982140000 0 0
1484562646.987746000 9062 0
1484562758.941493000 0 0
1484562759.010486000 0 0
1484562759.018765000 0 0
1484562759.018577000 0 0
1484562759.022492000 0 0
1484562759.029925000 0 0
1484562759.042734000 0 0
1484562759.045423000 0 0
1484562759.047963000 0 0
1484562759.053688000 0 0
1484562759.065373000 0 0
1484562759.063882000 0 0
1484562757.024052000 0 0
1484562757.032574000 0 0
1484562757.038163000 18432 0
1484562757.050313000 0 0
1484562757.055543000 0 0
1484562757.067099000 0 0
1484562757.005608000 16384 0
1484562759.028004000 282 0
1484562759.155416000 0 0
1484562759.153180000 0 0
1484562759.163918000 0 0
1484562759.166597000 0 0
1484562759.170204000 0 0
1484562759.246109000 0 0
1484562759.249289000 0 0
1484562759.251574000 0 0
1484562759.254122000 0 0
1484562759.257480000 0 0
1484562759.252465000 0 0
1484562759.263134000 0 0
1484562759.265542000 0 0
1484562759.268062000 0 0
1484562759.273113000 0 0
1484562759.336407000 0 0
1484562759.338925000 0 0
1484562759.341698000 0 0
1484562759.347262000 0 0
1484562759.374284000 0 0
1484562759.372778000 0 0
1484562759.379716000 0 0
1484562759.467547000 0 0
1484562759.465525000 0 0
1484562759.566285000 0 0
1484562759.573697000 0 0
1484562759.570428000 0 0
1484562759.569280000 0 0
1484562757.021840000 391 0
1484562757.030163000 530 0
1484562757.048032000 432 0
1484562757.053711000 430 0
1484562757.063348000 721 0
1484562757.074587000 16920 0
1484562758.947794000 2048 0
1484562758.953509000 29184 0
1484562795.249437000 0 0
1484562795.359946000 0 0
1484562795.381024000 0 0
1484562795.384759000 0 0
1484562758.949205000 16384 17408
1484562795.368137000 0 29184
1484562795.412804000 0 0
1484562795.433097000 0 0
1484562795.395681000 0 0
1484562795.437585000 0 0
1484562795.403975000 0 0
1484562796.383907000 0 0
1484562796.387466000 0 0
1484562796.388679000 0 0
1484562796.389824000 0 0
1484562798.395699000 0 0
1484562798.397180000 0 0
1484562798.400376000 0 0
1484562798.401605000 0 0
1484562800.407957000 0 0
1484562800.413424000 0 0
1484562800.414754000 0 0
1484562800.411966000 0 0
1484562795.451100000 48 0
1484562795.454920000 2048 0
1484562920.320446000 12288 0
1484562922.701840000 0 0
1484562922.716081000 0 0
1484562922.722662000 0 0
1484562922.804508000 0 0
1484562922.831377000 0 0
1484562922.842672000 0 0
1484562922.863874000 0 0
1484562922.875448000 0 0
1484562922.885483000 0 0
1484562922.891623000 0 0
1484562922.915336000 0 0
1484562922.921345000 0 0
1484562922.926196000 0 0
1484562922.931785000 0 0
1484562922.938037000 0 0
1484562923.028800000 0 0
1484562923.044877000 0 0
1484562924.966025000 0 0
1484562928.381760000 0 0
1484562920.363200000 17920 0
1484562940.145505000 0 8768
1484562940.161533000 0 0
1484562940.159192000 0 0
1484562943.470224000 0 16645
1484562943.482280000 0 0
1484562943.480742000 0 0
1484562947.021868000 0 0
1484562920.337068000 12288 0
1484562924.963865000 282 0
1484562947.030005000 9062 0
1484562988.538179000 0 0
1484562988.567033000 0 0
1484562988.571290000 0 0
1484562988.579875000 0 0
1484562988.587072000 578 0
1484563136.396625000 0 0
1484563142.054289000 0 0
1484563142.094516000 0 0
1484563142.097470000 0 0
1484563142.106123000 0 0
1484563142.114733000 0 0
1484563142.130343000 0 0
1484563142.133143000 0 0
1484563142.135997000 0 0
1484563142.141920000 0 0
1484563142.153758000 0 0
1484563142.152023000 0 0
1484563142.112692000 282 0
1484563142.206926000 0 0
1484563142.204704000 0 0
1484563142.212385000 0 0
1484563142.292400000 0 0
1484563142.290617000 0 0
1484563152.902357000 0 0
1484563152.907239000 0 0
1484563152.916277000 0 0
1484562795.457108000 2048 0
1484563240.175332000 0 8769
1484563240.190862000 0 0
1484563240.189098000 0 0
1484563243.504186000 0 16645
1484563243.518541000 0 0
1484563243.516584000 0 0
1484563247.059200000 0 0
1484563247.064767000 9062 0
1484563540.198962000 0 8769
1484563540.214376000 0 0
1484563540.212089000 0 0
1484563543.539071000 0 16646
1484563543.551067000 0 0
1484563543.549389000 0 0
1484563547.098564000 0 0
1484563547.104553000 9062 0
1484563585.927490000 0 0
1484563585.934018000 0 0
1484563680.252745000 0 0
1484563840.237229000 0 8769
1484563840.252274000 0 0
1484563840.249977000 0 0
1484563843.579508000 0 16646
1484563843.591564000 0 0
1484563843.589959000 0 0
1484563847.131065000 0 0
1484563847.136390000 9062 0
1484563872.916803000 0 0
1484563872.965605000 0 0
1484563872.968475000 0 0
1484563872.977182000 0 0
1484563872.983793000 282 0
1484564140.261421000 0 8769
1484564140.276545000 0 0
1484564140.274342000 0 0
1484564143.607144000 0 16646
1484564143.628049000 0 0
1484564143.625710000 0 0
1484564147.161420000 0 0
1484564147.166779000 9062 0
1484564440.329434000 0 8769
1484564440.345173000 0 0
1484564440.342894000 0 0
1484564443.641659000 0 16646
1484564443.655167000 0 0
1484564443.653805000 0 0
1484564447.202577000 0 0
1484564447.208784000 9062 0
1484564618.133470000 0 0
1484564619.162955000 0 0
1484564619.204358000 0 0
1484564619.209393000 0 0
1484564619.219651000 0 0
1484564619.228007000 282 0
1484564740.319511000 0 8769
1484564740.334270000 0 0
1484564740.332023000 0 0
1484564743.668587000 0 16646
1484564743.683469000 0 0
1484564743.681122000 0 0
1484564747.246556000 0 0
1484564747.254586000 9062 0
1484564985.091793000 0 0
1484564987.235185000 0 0
1484564987.347483000 0 0
1484564987.351828000 0 0
1484564987.361465000 0 0
1484564987.409247000 0 0
1484559585.677476000 0 0
1484564987.638508000 0 0
1484564987.645228000 0 0
1484564987.652327000 0 0
1484564987.654586000 0 0
1484564987.654964000 0 0
1484564987.657457000 0 0
1484564987.660153000 0 0
1484564987.662656000 0 0
1484564987.676457000 0 0
1484564987.679410000 0 0
1484564987.688406000 0 0
1484564987.690818000 0 0
1484564987.693657000 0 0
1484564987.696165000 0 0
1484564987.370485000 578 0
1484564987.636283000 282 0
1484564987.660894000 398 0
1484564987.668786000 504 0
1484564987.702388000 504 0
1484565040.347500000 0 8769
1484565040.363016000 0 0
1484565040.360778000 0 0
1484565043.703205000 0 16646
1484565043.718091000 0 0
1484565043.715734000 0 0
1484565047.295110000 0 0
1484565049.512827000 0 0
1484565049.568382000 0 0
1484565049.615411000 0 0
1484565049.618614000 0 0
1484565049.626789000 0 0
1484565047.300620000 9062 0
1484565049.631761000 282 0
1484565049.516651000 0 0
1484565228.213640000 0 0
1484565228.267333000 0 0
1484565228.317668000 0 0
1484565228.323204000 0 0
1484565228.332836000 0 0
1484565228.343961000 282 0
1484565228.216419000 0 0
1484565340.378385000 0 8769
1484565340.392844000 0 0
1484565340.390565000 0 0
1484565340.708743000 0 0
1484559164.280161000 0 0
1484565343.714983000 0 16646
1484565343.726407000 0 0
1484565343.725542000 0 0
1484565347.328257000 0 0
1484557254.815154000 0 69974
1484565347.334043000 9062 0
1484565418.023929000 0 3608
1484565418.040700000 0 0
1484565419.226406000 0 53807
1484565419.244668000 0 0
1484565419.243199000 0 0
1484565419.256643000 0 0
1484565419.255173000 0 0
1484565434.296237000 0 54907
1484565434.314608000 0 0
1484565434.312977000 0 0
1484565434.326268000 0 0
1484565434.324562000 0 0
1484565434.882633000 0 0
1484565434.896303000 0 0
1484565434.950001000 0 0
1484565434.953183000 0 0
1484565434.961560000 0 0
1484565434.964977000 0 0
1484565434.967855000 0 0
1484565434.973098000 0 0
1484565434.988292000 0 0
1484565434.991205000 0 0
1484565439.915849000 0 0
1484565439.920607000 0 0
1484565434.959328000 2198 0
1484565434.994780000 578 0
1484565434.965412000 282 0
1484565640.424380000 0 8769
1484565640.439368000 0 0
1484565640.437103000 0 0
1484565643.761695000 0 16646
1484565643.778666000 0 0
1484565643.776730000 0 0
1484565647.373774000 0 0
1484565664.954014000 0 0
1484565665.019492000 0 0
1484565665.062097000 0 0
1484565665.078044000 0 0
1484565665.409390000 0 0
1484565665.413388000 0 0
1484565665.418273000 0 0
1484565665.440043000 0 0
1484565665.564016000 0 0
1484565665.567131000 0 0
1484565665.577076000 0 0
1484565666.821644000 0 0
1484565666.825284000 0 0
1484565666.851735000 0 0
1484565667.840681000 0 0
1484565669.363153000 0 0
1484565669.368429000 0 0
1484565669.373195000 0 0
1484565669.377476000 0 0
1484565647.382190000 9062 0
1484565675.080881000 0 0
1484565675.085623000 0 0
1484565675.092557000 0 0
1484565675.119456000 0 0
1484565669.453611000 0 0
1484565685.615328000 0 0
1484565686.619599000 0 0
1484565662.322884000 430 0
1484565665.476148000 226 0
1484565665.484235000 302 0
1484565665.068594000 398 0
1484565665.073476000 282 0
1484565665.085030000 80 0
1484565666.856139000 638 0
1484565667.156622000 197 0
1484565667.224421000 119 0
1484565668.070542000 309 0
1484565668.085265000 369 0
1484565668.103777000 1008 0
1484565668.112987000 113 0
1484565668.053211000 5722 0
1484565668.121399000 2680 0
1484565668.132369000 8260 0
1484565668.093493000 260 0
1484565701.828928000 0 0
1484565666.862530000 0 0
1484565667.856529000 0 0
1484565665.096629000 0 0
1484565774.369833000 0 0
1484565800.800994000 0 0
1484565856.394067000 0 0
1484565877.142213000 0 0
1484565686.571330000 0 0
1484565665.017180000 0 0
1484565938.300830000 0 0
1484565938.308795000 0 0
1484565938.307416000 0 0
1484565938.341915000 0 0
1484565938.385532000 0 0
1484565938.392434000 0 0
1484565938.397429000 0 0
1484565938.402768000 0 0
1484565938.408539000 0 0
1484565938.306291000 0 0
1484565938.415637000 0 0
1484565938.418878000 0 0
1484565938.423618000 0 0
1484565938.427764000 0 0
1484565938.388002000 0 0
1484565938.435230000 0 0
1484565938.304879000 0 0
1484565938.303814000 0 0
1484565665.461140000 0 0
1484565938.284945000 0 0
1484565938.286090000 0 0
1484565938.314205000 485 0
1484565938.320977000 351 0
1484565938.325835000 349 0
1484565938.331957000 242 0
1484565938.337775000 229 0
1484565938.347266000 349 0
1484565938.352752000 217 0
1484565938.361126000 19237 0
1484565938.372142000 252 0
1484565938.379742000 170 0
1484565938.393855000 190 0
1484565938.400095000 58 0
1484565938.406195000 68 0
1484565938.418244000 239 0
1484565938.411936000 117 0
1484565938.424476000 219 0
1484565938.430241000 113 0
1484565938.437666000 260 0
1484565938.449730000 5722 0
1484565938.460270000 309 0
1484565938.472568000 369 0
1484565938.484315000 1008 0
1484565938.497434000 321 0
1484565938.503366000 321 0
1484565938.510382000 165 0
1484565938.517740000 225 0
1484565938.524102000 1452 0
1484565938.530696000 1525 0
1484565938.537502000 1571 0
1484565938.544242000 238 0
1484565938.550138000 1870 0
1484565938.555778000 1772 0
1484565938.561263000 1716 0
1484565938.564162000 113 0
1484565938.566455000 2680 0
1484565938.569728000 8260 0
1484565938.578121000 197 0
1484565938.582255000 226 0
1484565938.584477000 302 0
1484565938.590134000 134 0
1484565938.594864000 134 0
1484565938.599171000 134 0
1484565938.603466000 144 0
1484565938.608251000 134 0
1484565938.613450000 134 0
1484565938.618616000 134 0
1484565938.623082000 127 0
1484565938.627557000 122 0
1484565938.637143000 60 0
1484565938.632064000 122 0
1484565938.641334000 61 0
1484565938.645691000 60 0
1484565938.650016000 57 0
1484565938.433084000 119 0
1484565938.443475000 133 0
1484565938.456787000 133 0
1484565938.466797000 134 0
1484565938.479415000 133 0
1484565938.491155000 133 0
1484565940.157236000 0 0
1484565940.456447000 0 8769
1484565940.472087000 0 0
1484565940.469979000 0 0
1484565940.610225000 0 0
1484565943.281581000 0 0
1484565943.285555000 0 0
1484565943.289222000 0 0
1484565943.769717000 0 16646
1484565943.783168000 0 0
1484565943.782080000 0 0
1484565947.254571000 0 0
1484565947.260802000 0 0
1484565947.271199000 0 0
1484565947.420964000 0 0
1484565940.607500000 282 0
1484565947.424099000 9062 0
1484565940.146403000 430 0
1484565959.588442000 0 0
1484565959.593210000 0 0
1484566214.522194000 0 0
1484566214.697790000 0 0
1484566214.703791000 0 0
1484566214.714665000 0 0
1484566240.551015000 0 8769
1484566240.567863000 0 0
1484566240.565577000 0 0
1484566214.722181000 282 0
1484566243.812454000 0 16646
1484566243.826421000 0 0
1484566243.824597000 0 0
1484566247.441282000 0 0
1484566247.447023000 9062 0
1484566540.502490000 0 8769
1484566540.512359000 0 0
1484566540.511468000 0 0
1484566543.842814000 0 16646
1484566543.857008000 0 0
1484566543.854662000 0 0
1484566547.484524000 0 0
1484566548.817615000 0 55268
1484566548.837998000 0 0
1484566548.835688000 0 0
1484566548.851367000 0 0
1484566548.848979000 0 0
1484566555.228727000 0 4640
1484566555.247680000 0 0
1484566563.902526000 0 56358
1484566563.922593000 0 0
1484566563.920677000 0 0
1484566563.935050000 0 0
1484566563.933154000 0 0
1484566547.492136000 9062 0
1484566578.972745000 0 57470
1484566578.993404000 0 0
1484566578.991634000 0 0
1484566579.005039000 0 0
1484566579.003349000 0 0
1484566594.049377000 0 57914
1484566594.071710000 0 0
1484566594.069474000 0 0
1484566594.085046000 0 0
1484566594.082714000 0 0
1484566840.555416000 0 8769
1484566840.566545000 0 0
1484566840.565383000 0 0
1484566843.876558000 0 16646
1484566843.889121000 0 0
1484566843.887875000 0 0
1484566847.525278000 0 0
1484566847.530525000 9062 0
1484567140.585095000 0 8769
1484567140.597690000 0 0
1484567140.596153000 0 0
1484567143.914032000 0 16646
1484567143.928474000 0 0
1484567143.926831000 0 0
1484567147.562637000 0 0
1484567147.569012000 9062 0
1484567440.616898000 0 8772
1484567440.629119000 0 0
1484567440.627560000 0 0
1484567441.764594000 0 58498
1484567441.785880000 0 0
1484567441.783877000 0 0
1484567441.798371000 0 0
1484567441.796278000 0 0
1484567443.942306000 0 16646
1484567443.954811000 0 0
1484567443.953213000 0 0
1484567447.605553000 0 0
1484567456.843997000 0 58753
1484567456.864539000 0 0
1484567456.862229000 0 0
1484567456.877615000 0 0
1484567456.875287000 0 0
1484567447.615090000 9062 0
1484567471.899135000 0 58758
1484567471.915491000 0 0
1484567471.914622000 0 0
1484567471.924454000 0 0
1484567471.923627000 0 0
1484567472.384568000 0 5672
1484567472.403054000 0 0
1484567486.970944000 0 58349
1484567486.991950000 0 0
1484567486.989625000 0 0
1484567487.006223000 0 0
1484567487.003950000 0 0
1484567518.193151000 0 0
1484567518.287211000 0 0
1484567518.290572000 0 0
1484567518.299186000 0 0
1484567518.216720000 0 0
1484567518.306471000 282 0
1484567518.704285000 0 0
1484567521.540566000 0 0
1484567521.544750000 0 0
1484567521.548676000 0 0
1484567518.205980000 430 0
1484567538.183572000 0 0
1484567538.260135000 0 0
1484567538.306421000 0 0
1484567538.309459000 0 0
1484567538.318304000 0 0
1484567538.322926000 282 0
1484567560.238405000 0 59342
1484567560.258820000 0 0
1484567560.256498000 0 0
1484567560.273816000 0 0
1484567560.271774000 0 0
1484567566.915796000 0 3608
1484567566.939959000 0 0
1484567568.421524000 0 657
1484567568.435085000 0 0
1484567568.432853000 0 0
1484567575.320085000 0 69663
1484567575.340153000 0 0
1484567575.338783000 0 0
1484567575.351222000 0 0
1484567575.349833000 0 0
1484567590.393828000 0 71860
1484567590.415855000 0 0
1484567590.413555000 0 0
1484567590.429946000 0 0
1484567590.427643000 0 0
1484567563.769228000 1068 0
1484567610.268491000 0 71609
1484567610.287924000 0 0
1484567610.286415000 0 0
1484567610.299707000 0 0
1484567610.298012000 0 0
1484567625.340117000 0 71539
1484567625.359558000 0 0
1484567625.357278000 0 0
1484567625.372700000 0 0
1484567625.370343000 0 0
1484567538.186371000 0 0
1484567740.657646000 0 8772
1484567740.670873000 0 0
1484567740.669309000 0 0
1484567743.980180000 0 16653
1484567743.993251000 0 0
1484567743.991586000 0 0
1484567747.642934000 0 0
1484567747.647082000 9062 0
1484567857.579428000 0 1263
1484568040.759988000 0 8772
1484568040.775056000 0 0
1484568040.772828000 0 0
1484568044.022885000 0 16653
1484568044.036175000 0 0
1484568044.034556000 0 0
1484568047.673383000 0 0
1484568047.682863000 9062 0
1484568202.277335000 0 71844
1484568202.299924000 0 0
1484568202.297580000 0 0
1484568202.313094000 0 0
1484568202.311094000 0 0
1484568204.942418000 0 8768
1484568204.965571000 0 0
1484568217.364490000 0 71966
1484568217.386374000 0 0
1484568217.384019000 0 0
1484568217.400978000 0 0
1484568217.398582000 0 0
1484568232.448769000 0 71966
1484568232.469401000 0 0
1484568232.467792000 0 0
1484568232.481728000 0 0
1484568232.480047000 0 0
1484568247.528272000 0 71966
1484568247.550195000 0 0
1484568247.547888000 0 0
1484568247.564531000 0 0
1484568247.562224000 0 0
1484568340.723255000 0 8772
1484568340.735274000 0 0
1484568340.733728000 0 0
1484568344.060611000 0 16653
1484568344.073290000 0 0
1484568344.071973000 0 0
1484568347.709139000 0 0
1484568347.714996000 9062 0
1484568647.748644000 0 0
1484568651.559842000 0 16653
1484568651.569878000 0 0
1484568651.568977000 0 0
1484568647.754375000 9062 0
1484568947.782370000 0 0
1484568951.576296000 0 16653
1484568951.588143000 0 0
1484568951.587121000 0 0
1484568947.790322000 9062 0
1484569115.504960000 0 0
1484569115.509863000 0 0
1484569247.824551000 0 0
1484569247.828632000 9062 0
1484569339.951010000 0 16653
1484569339.963855000 0 0
1484569339.962226000 0 0
1484569342.834461000 0 8772
1484569342.846521000 0 0
1484569342.844940000 0 0
1484569344.465173000 0 0
1484569344.486265000 0 0
1484569344.522683000 0 0
1484569344.539722000 0 0
1484569344.556006000 0 0
1484569344.558597000 0 0
1484569344.562604000 0 0
1484569344.566936000 0 0
1484569344.604013000 0 0
1484569344.607280000 0 0
1484569344.615645000 0 0
1484569344.650709000 0 0
1484569344.653483000 0 0
1484569348.527771000 0 0
1484569348.531843000 0 0
1484569348.565759000 0 0
1484569349.956492000 0 0
1484569351.423574000 0 0
1484569351.428078000 0 0
1484569351.432070000 0 0
1484569351.435507000 0 0
1484569348.577191000 0 0
1484569349.961309000 0 0
1484569354.523105000 0 0
1484569354.529764000 0 0
1484569354.536652000 0 0
1484569354.561835000 0 0
1484569344.580051000 226 0
1484569344.588160000 302 0
1484569344.532805000 398 0
1484569344.535383000 282 0
1484569344.546183000 80 0
1484569348.570307000 638 0
1484569348.772511000 197 0
1484569348.789035000 119 0
1484569350.171601000 309 0
1484569350.187422000 369 0
1484569350.208975000 1008 0
1484569350.220177000 113 0
1484569350.153949000 5722 0
1484569350.231682000 2680 0
1484569350.248163000 8260 0
1484569375.673545000 0 0
1484569350.197542000 260 0
1484569392.779413000 0 0
1484569344.531015000 0 0
1484569480.851301000 0 0
1484565351.328242000 0 43809
1484569547.849100000 0 0
1484569569.137815000 0 0
1484569569.304971000 0 0
1484569569.311277000 0 0
1484569569.322126000 0 0
1484569569.403773000 0 0
1484569569.407283000 0 0
1484569570.587910000 0 0
1484569570.592956000 0 0
1484569570.856847000 0 0
1484569570.865437000 24576 0
1484569570.891066000 0 0
1484569570.921391000 24576 0
1484569570.964075000 0 0
1484569570.968994000 57344 0
1484569571.029565000 0 0
1484569571.037528000 24576 0
1484569571.117976000 0 0
1484569571.123195000 49152 0
1484569547.856103000 9062 0
1484569571.199083000 0 0
1484569571.205538000 24576 0
1484569571.236456000 0 0
1484569571.244019000 24576 0
1484569351.476386000 0 0
1484569569.332588000 398 0
1484569569.337715000 282 0
1484569569.412402000 80 0
1484569569.414954000 638 0
1484569569.605159000 197 0
1484569569.623782000 119 0
1484569570.879581000 309 0
1484569570.953586000 369 0
1484569571.106334000 1008 0
1484569571.141764000 113 0
1484569570.807426000 5722 0
1484569571.184465000 2680 0
1484569571.220066000 8260 0
1484569639.970554000 0 16653
1484569639.982518000 0 0
1484569639.981172000 0 0
1484569642.861770000 0 8772
1484569642.873104000 0 0
1484569642.872060000 0 0
1484569591.492014000 0 0
1484569834.389836000 0 0
1484569847.910269000 0 0
1484569847.913634000 9062 0
1484569772.364396000 0 0
1484569880.207500000 0 0
1484569893.485746000 0 0
1484569916.024334000 0 0
1484569940.020306000 0 16653
1484569940.033739000 0 0
1484569940.032684000 0 0
1484569942.901600000 0 8772
1484569942.913954000 0 0
1484569942.912324000 0 0
1484569569.415135000 0 0
1484569570.594145000 0 0
1484569877.150935000 0 0
1484569344.483771000 0 0
1484570010.036766000 0 0
1484570010.045809000 0 0
1484570010.049310000 0 0
1484570010.052399000 0 0
1484570010.055202000 0 0
1484570010.059654000 0 0
1484570010.062948000 0 0
1484570010.042997000 0 0
1484570010.066929000 0 0
1484570010.069737000 0 0
1484570010.073030000 0 0
1484570010.076047000 0 0
1484570010.079198000 0 0
1484570010.041062000 0 0
1484570010.040024000 0 0
1484569344.622245000 0 0
1484570010.022676000 0 0
1484570010.025277000 0 0
1484570019.240255000 0 72959
1484570019.261445000 0 0
1484570019.259664000 0 0
1484570019.274539000 0 0
1484570019.272696000 0 0
1484570019.430750000 0 0
1484570019.437663000 0 0
1484570019.445885000 0 0
1484570010.049312000 485 0
1484570010.054168000 351 0
1484570010.059840000 349 0
1484570010.062073000 242 0
1484570010.066471000 229 0
1484570010.071814000 349 0
1484570010.076625000 217 0
1484570010.082609000 19237 0
1484570010.089668000 252 0
1484570010.093918000 170 0
1484570010.096337000 190 0
1484570010.100705000 58 0
1484570010.105205000 68 0
1484570010.109797000 117 0
1484570010.114477000 239 0
1484570010.119602000 219 0
1484570010.124111000 113 0
1484570010.128459000 260 0
1484570010.131641000 5722 0
1484570010.134779000 309 0
1484570010.136639000 369 0
1484570010.138785000 1008 0
1484570010.143082000 321 0
1484570010.147085000 321 0
1484570010.151315000 165 0
1484570010.155658000 225 0
1484570010.160644000 1452 0
1484570010.166596000 1525 0
1484570010.172079000 1571 0
1484570010.176868000 238 0
1484570010.181947000 1870 0
1484570010.187367000 1772 0
1484570010.192493000 1716 0
1484570010.194961000 113 0
1484570010.199677000 2680 0
1484570010.202244000 8260 0
1484570010.209533000 197 0
1484570010.213656000 226 0
1484570010.217942000 302 0
1484570010.224024000 134 0
1484570010.228830000 134 0
1484570010.233540000 134 0
1484570010.238019000 144 0
1484570010.239859000 134 0
1484570010.244820000 134 0
1484570010.249575000 134 0
1484570010.254258000 127 0
1484570010.259310000 122 0
1484570010.264473000 122 0
1484570010.270302000 60 0
1484570010.275194000 61 0
1484570010.280111000 60 0
1484570010.284488000 57 0
1484570010.289752000 119 0
1484570010.296200000 133 0
1484570010.302881000 133 0
1484570010.308891000 134 0
1484570010.316088000 133 0
1484570010.322163000 133 0
1484570034.308164000 0 319280
1484570034.347829000 0 0
1484570034.346713000 0 0
1484570034.358928000 0 0
1484570034.357410000 0 0
1484570049.401930000 0 319194
1484570049.442923000 0 0
1484570049.440933000 0 0
1484570049.455573000 0 0
1484570049.453470000 0 0
1484570064.508099000 0 319194
1484570064.547863000 0 0
1484570064.546866000 0 0
1484570064.557426000 0 0
1484570064.556566000 0 0
1484570099.189721000 0 74751
1484570099.207183000 0 0
1484570099.206301000 0 0
1484570099.216904000 0 0
1484570099.216085000 0 0
1484570114.270228000 0 432865
1484570114.322517000 0 0
1484570114.320140000 0 0
1484570114.337501000 0 0
1484570114.335107000 0 0
1484570129.392825000 0 432865
1484570129.442770000 0 0
1484570129.441220000 0 0
1484570129.455704000 0 0
1484570129.453398000 0 0
1484570144.502571000 0 433401
1484570144.554098000 0 0
1484570144.552409000 0 0
1484570144.566130000 0 0
1484570144.564638000 0 0
1484570147.938684000 0 0
1484570159.625674000 0 433372
1484570159.674835000 0 0
1484570159.673279000 0 0
1484570159.686841000 0 0
1484570159.685040000 0 0
1484570147.945141000 9062 0
1484570174.723079000 0 433414
1484570174.772949000 0 0
1484570174.771261000 0 0
1484570174.783906000 0 0
1484570174.782518000 0 0
1484570189.839790000 0 433437
1484570189.889926000 0 0
1484570189.888471000 0 0
1484570189.900871000 0 0
1484570189.899296000 0 0
1484570204.941030000 0 433437
1484570204.992228000 0 0
1484570204.990439000 0 0
1484570205.002918000 0 0
1484570205.001474000 0 0
1484570220.051608000 0 433437
1484570220.101653000 0 0
1484570220.099877000 0 0
1484570220.114717000 0 0
1484570220.112393000 0 0
1484570235.165194000 0 433437
1484570235.215937000 0 0
1484570235.214005000 0 0
1484570235.228853000 0 0
1484570235.226542000 0 0
1484570240.052038000 0 16684
1484570240.068460000 0 0
1484570240.066569000 0 0
1484570242.934948000 0 8772
1484570242.946459000 0 0
1484570242.944165000 0 0
1484570250.280021000 0 433437
1484570250.332836000 0 0
1484570250.330450000 0 0
1484570250.348159000 0 0
1484570250.345816000 0 0
1484570265.406590000 0 433408
1484570265.459051000 0 0
1484570265.456709000 0 0
1484570265.473973000 0 0
1484570265.471598000 0 0
1484570280.828686000 0 433436
1484570280.877240000 0 0
1484570280.876130000 0 0
1484570280.890500000 0 0
1484570280.888166000 0 0
1484570295.948917000 0 433416
1484570295.997094000 0 0
1484570295.996134000 0 0
1484570296.006440000 0 0
1484570296.005384000 0 0
1484570311.081047000 0 433416
1484570311.133667000 0 0
1484570311.131355000 0 0
1484570311.148647000 0 0
1484570311.146343000 0 0
1484570316.535829000 0 1312
1484570326.212403000 0 433763
1484570326.263998000 0 0
1484570326.261679000 0 0
1484570326.278355000 0 0
1484570326.276005000 0 0
1484570341.324524000 0 433763
1484570341.374858000 0 0
1484570341.372966000 0 0
1484570341.387351000 0 0
1484570341.385870000 0 0
1484570396.707914000 0 433763
1484570396.761604000 0 0
1484570396.759272000 0 0
1484570396.775787000 0 0
1484570396.773479000 0 0
1484570411.831669000 0 433763
1484570411.885253000 0 0
1484570411.882899000 0 0
1484570411.898489000 0 0
1484570411.896157000 0 0
1484570426.987723000 0 433763
1484570427.035282000 0 0
1484570427.034430000 0 0
1484570427.044514000 0 0
1484570427.043561000 0 0
1484570442.089219000 0 433770
1484570442.138877000 0 0
1484570442.137219000 0 0
1484570442.152252000 0 0
1484570442.149894000 0 0
1484570447.980570000 0 0
1484570447.986216000 9062 0
1484570474.779483000 0 433798
1484570474.832641000 0 0
1484570474.830229000 0 0
1484570474.845541000 0 0
1484570474.843797000 0 0
1484570489.904753000 0 433831
1484570489.953938000 0 0
1484570489.952543000 0 0
1484570489.964229000 0 0
1484570489.962752000 0 0
1484570530.228303000 0 433831
1484570530.281020000 0 0
1484570530.278668000 0 0
1484570530.293873000 0 0
1484570530.292104000 0 0
1484570540.091863000 0 16700
1484570540.105491000 0 0
1484570540.104367000 0 0
1484570542.979226000 0 8772
1484570542.992107000 0 0
1484570542.990821000 0 0
1484570545.322482000 0 433833
1484570545.371505000 0 0
1484570545.370539000 0 0
1484570545.384457000 0 0
1484570545.383181000 0 0
1484570560.418277000 0 433831
1484570560.468630000 0 0
1484570560.467481000 0 0
1484570560.478217000 0 0
1484570560.476885000 0 0
1484570575.529215000 0 433831
1484570575.578904000 0 0
1484570575.576718000 0 0
1484570575.592949000 0 0
1484570575.590564000 0 0
1484570620.234215000 0 433815
1484570620.285754000 0 0
1484570620.284041000 0 0
1484570620.299375000 0 0
1484570620.297003000 0 0
1484570635.265460000 0 763653
1484570635.343740000 0 0
1484570635.341946000 0 0
1484570635.355672000 0 0
1484570635.353356000 0 0
1484570650.412053000 0 347297
1484570650.457139000 0 0
1484570650.454809000 0 0
1484570650.470501000 0 0
1484570650.468406000 0 0
1484570665.500257000 0 347679
1484570665.542373000 0 0
1484570665.540868000 0 0
1484570665.555341000 0 0
1484570665.553452000 0 0
1484570680.607844000 0 348034
1484570680.656262000 0 0
1484570680.653904000 0 0
1484570680.673997000 0 0
1484570680.671919000 0 0
1484570695.743350000 0 348034
1484570695.788572000 0 0
1484570695.786205000 0 0
1484570695.802552000 0 0
1484570695.800238000 0 0
1484570710.838253000 0 348047
1484570710.880362000 0 0
1484570710.879260000 0 0
1484570710.890856000 0 0
1484570710.889746000 0 0
1484570725.919917000 0 844547
1484570726.006238000 0 0
1484570726.003926000 0 0
1484570726.019709000 0 0
1484570726.017255000 0 0
1484570740.946771000 0 464729
1484570741.001401000 0 0
1484570740.999284000 0 0
1484570741.014229000 0 0
1484570741.012380000 0 0
1484570748.023518000 0 0
1484570756.054087000 0 465134
1484570756.107053000 0 0
1484570756.105584000 0 0
1484570756.117577000 0 0
1484570756.116345000 0 0
1484570748.027088000 9062 0
1484570771.174562000 0 465120
1484570771.226124000 0 0
1484570771.225216000 0 0
1484570771.234839000 0 0
1484570771.234031000 0 0
1484570771.707393000 0 1312
1484570786.255341000 0 464739
1484570786.307754000 0 0
1484570786.306347000 0 0
1484570786.317705000 0 0
1484570786.316522000 0 0
1484570801.379274000 0 465093
1484570801.432871000 0 0
1484570801.430551000 0 0
1484570801.447144000 0 0
1484570801.444833000 0 0
1484570816.511101000 0 465095
1484570816.567377000 0 0
1484570816.566355000 0 0
1484570816.577333000 0 0
1484570816.576403000 0 0
1484570831.610884000 0 465108
1484570831.662544000 0 0
1484570831.661007000 0 0
1484570831.674820000 0 0
1484570831.673764000 0 0
1484570840.124037000 0 16706
1484570840.136982000 0 0
1484570840.135395000 0 0
1484570843.101902000 0 8772
1484570843.112787000 0 0
1484570843.111877000 0 0
1484570846.695743000 0 464747
1484570846.746565000 0 0
1484570846.745472000 0 0
1484570846.757006000 0 0
1484570846.755650000 0 0
1484570861.821834000 0 465172
1484570861.876604000 0 0
1484570861.874292000 0 0
1484570861.891027000 0 0
1484570861.888707000 0 0
1484570876.948859000 0 465172
1484570877.001466000 0 0
1484570876.999376000 0 0
1484570877.015519000 0 0
1484570877.013111000 0 0
1484570892.071429000 0 465172
1484570892.125266000 0 0
1484570892.122960000 0 0
1484570892.139786000 0 0
1484570892.137482000 0 0
1484570907.193529000 0 465172
1484570907.255615000 0 0
1484570907.253224000 0 0
1484570907.269508000 0 0
1484570907.267673000 0 0
1484570922.337132000 0 465172
1484570922.389437000 0 0
1484570922.387744000 0 0
1484570922.402238000 0 0
1484570922.399914000 0 0
1484570937.461217000 0 465143
1484570937.516799000 0 0
1484570937.514495000 0 0
1484570937.530894000 0 0
1484570937.528850000 0 0
1484570952.566961000 0 465174
1484570952.618117000 0 0
1484570952.616797000 0 0
1484570952.628872000 0 0
1484570952.627027000 0 0
1484570967.678573000 0 464755
1484570967.736396000 0 0
1484570967.733927000 0 0
1484570967.749341000 0 0
1484570967.747394000 0 0
1484570982.823426000 0 464857
1484570982.879446000 0 0
1484570982.877102000 0 0
1484570982.895303000 0 0
1484570982.892960000 0 0
1484559275.520664000 0 0
1484571048.049256000 0 0
1484571048.056834000 9062 0
1484571073.666107000 0 1312
1484571140.159379000 0 16707
1484571140.173919000 0 0
1484571140.171997000 0 0
1484571143.041577000 0 8772
1484571143.053667000 0 0
1484571143.052532000 0 0
1484571278.896634000 0 0
1484571280.455480000 0 0
1484571280.458750000 0 0
1484571280.467209000 0 0
1484571280.503295000 0 0
1484571280.506529000 0 0
1484571280.509123000 0 0
1484571280.474017000 282 0
1484571310.435930000 0 0
1484571310.486663000 0 0
1484571310.491535000 0 0
1484571310.500735000 0 0
1484571310.509033000 282 0
1484571316.753831000 0 0
1484571316.757590000 0 0
1484571322.386351000 0 0
1484571322.672359000 0 0
1484571322.664713000 0 0
1484571322.694453000 0 0
1484571322.696406000 0 0
1484571322.697470000 0 0
1484571322.705676000 0 0
1484571322.705864000 0 0
1484571322.710497000 0 0
1484571322.713833000 0 0
1484571322.730832000 0 0
1484571322.733348000 0 0
1484571322.737171000 0 0
1484571316.761924000 578 0
1484571343.230436000 0 0
1484571343.234422000 0 0
1484571322.392770000 0 0
1484571322.714027000 398 0
1484571322.720875000 504 0
1484571322.743612000 504 0
1484571348.095337000 0 0
1484571348.911917000 0 0
1484571348.958089000 0 0
1484571348.963155000 0 0
1484571348.973335000 0 0
1484571348.101184000 9062 0
1484571348.982679000 282 0
1484571407.388977000 0 0
1484571440.200202000 0 16707
1484571440.214115000 0 0
1484571440.212154000 0 0
1484571443.082978000 0 8773
1484571443.093349000 0 0
1484571443.092159000 0 0
1484571648.127509000 0 0
1484571648.133277000 9062 0
1484571740.224661000 0 16707
1484571740.242354000 0 0
1484571740.240141000 0 0
1484571743.114244000 0 8773
1484571743.126883000 0 0
1484571743.125591000 0 0
1484571948.167124000 0 0
1484569539.683610000 0 38139
1484571948.175320000 9062 0
1484572040.267807000 0 16707
1484572040.281684000 0 0
1484572040.280270000 0 0
1484572043.155582000 0 8773
1484572043.166483000 0 0
1484572043.165046000 0 0
1484572071.544892000 0 0
1484572071.635960000 0 0
1484572071.674693000 0 0
1484572071.694465000 0 0
1484572071.710461000 0 0
1484572071.713212000 0 0
1484572071.716841000 0 0
1484572071.721219000 0 0
1484572071.760941000 0 0
1484572071.764248000 0 0
1484572071.774501000 0 0
1484572071.808521000 0 0
1484572071.811220000 0 0
1484572074.560558000 0 0
1484572074.564350000 0 0
1484572074.609181000 0 0
1484572076.148793000 0 0
1484572077.927420000 0 0
1484572077.932206000 0 0
1484572077.937284000 0 0
1484572077.942346000 0 0
1484572081.693578000 0 0
1484572081.697834000 0 0
1484572081.702487000 0 0
1484572081.718392000 0 0
1484572094.138241000 0 0
1484572071.734523000 226 0
1484572071.742983000 302 0
1484572071.685005000 398 0
1484572071.689901000 282 0
1484572071.701119000 80 0
1484572074.679264000 638 0
1484572074.902143000 197 0
1484572074.923373000 119 0
1484572076.376124000 309 0
1484572076.391831000 369 0
1484572076.415624000 1008 0
1484572076.428834000 113 0
1484572076.361500000 5722 0
1484572076.440391000 2680 0
1484572076.453360000 8260 0
1484572076.402441000 260 0
1484572125.841121000 0 0
1484572074.619508000 0 0
1484572076.153753000 0 0
1484572071.684879000 0 0
1484572139.665227000 0 0
1484572191.485130000 0 0
1484572248.214376000 0 0
1484572253.490041000 0 0
1484572253.581252000 0 0
1484572253.583875000 0 0
1484572253.629496000 0 0
1484572253.631890000 0 0
1484572253.634823000 0 0
1484572253.635858000 0 0
1484572253.644914000 0 0
1484572253.646766000 0 0
1484572253.658380000 0 0
1484572253.684138000 0 0
1484572253.687575000 0 0
1484572253.699317000 0 0
1484572253.702003000 0 0
1484572253.704782000 0 0
1484572253.707392000 0 0
1484572257.067764000 0 0
1484572248.224523000 9062 0
1484572253.372030000 282 0
1484572253.654701000 578 0
1484572253.656795000 398 0
1484572253.664897000 504 0
1484572253.713087000 504 0
1484572257.078982000 391 0
1484572257.088670000 530 0
1484572257.107362000 721 0
1484572257.146271000 0 0
1484572257.146404000 0 0
1484572257.155651000 12288 0
1484572257.095368000 432 0
1484572257.203222000 12288 0
1484572257.075553000 0 0
1484572257.212926000 432 0
1484572257.101850000 430 0
1484572257.239351000 430 0
1484572276.694578000 0 0
1484572276.698820000 0 0
1484572277.455320000 0 0
1484572281.709551000 0 0
1484572281.712960000 0 0
1484572281.721779000 0 0
1484572257.234405000 8192 0
1484571354.681014000 0 0
1484572078.015598000 0 0
1484572071.633722000 0 0
1484572287.531097000 0 0
1484572287.536170000 0 0
1484572287.540106000 0 0
1484572287.544239000 0 0
1484572287.547413000 0 0
1484572287.550748000 0 0
1484572287.553678000 0 0
1484572287.528851000 0 0
1484572287.532718000 0 0
1484572287.558572000 0 0
1484572287.576147000 0 0
1484572287.653458000 0 0
1484572287.693854000 0 0
1484572287.756892000 0 0
1484572287.526677000 0 0
1484572287.526962000 0 0
1484572071.796058000 0 0
1484572287.511388000 0 0
1484572287.514675000 0 0
1484572290.228270000 0 0
1484572290.232291000 0 0
1484572296.671891000 0 0
1484572296.675852000 0 0
1484572296.685302000 0 0
1484572296.802985000 0 0
1484572296.804906000 0 0
1484572296.817447000 0 0
1484572296.820324000 0 0
1484572296.820226000 0 0
1484572296.823349000 0 0
1484572296.826285000 0 0
1484572296.843324000 0 0
1484572296.846579000 0 0
1484572296.854690000 0 0
1484572287.538735000 485 0
1484572287.544054000 351 0
1484572287.548558000 349 0
1484572287.552559000 242 0
1484572296.786474000 0 0
1484572287.556993000 229 0
1484572287.567785000 349 0
1484572287.577348000 217 0
1484572287.588907000 19237 0
1484572287.601725000 252 0
1484572287.610525000 170 0
1484572287.619826000 190 0
1484572287.629942000 58 0
1484572287.642075000 68 0
1484572287.655267000 117 0
1484572287.668596000 239 0
1484572287.681547000 219 0
1484572287.695595000 113 0
1484572287.707848000 260 0
1484572287.720914000 5722 0
1484572287.734028000 309 0
1484572287.746868000 369 0
1484572287.759419000 1008 0
1484572287.771724000 321 0
1484572287.783161000 321 0
1484572287.794777000 165 0
1484572287.807651000 225 0
1484572287.823087000 1452 0
1484572287.829979000 1525 0
1484572287.837949000 1571 0
1484572287.844887000 238 0
1484572287.851545000 1870 0
1484572287.858006000 1772 0
1484572287.864441000 1716 0
1484572287.870144000 113 0
1484572287.875342000 2680 0
1484572287.881821000 8260 0
1484572287.888682000 197 0
1484572287.562305000 226 0
1484572287.572261000 302 0
1484572287.582869000 134 0
1484572287.595799000 134 0
1484572287.606719000 134 0
1484572287.614902000 144 0
1484572287.624316000 134 0
1484572287.635946000 134 0
1484572287.648230000 134 0
1484572287.662201000 127 0
1484572287.675440000 122 0
1484572287.689081000 122 0
1484572287.701729000 60 0
1484572287.714415000 61 0
1484572287.728325000 60 0
1484572287.740028000 57 0
1484572287.753261000 119 0
1484572287.766273000 133 0
1484572287.777650000 133 0
1484572287.789444000 134 0
1484572287.801357000 133 0
1484572287.814924000 133 0
1484572290.236897000 578 0
1484572296.697866000 282 0
1484572296.814650000 129 0
1484572296.823158000 398 0
1484572296.826675000 290 0
1484572296.830551000 504 0
1484572296.844533000 70 0
1484572296.858839000 298 0
1484572296.858849000 504 0
1484572296.876301000 293 0
1484572296.893247000 504 0
1484572297.071643000 0 0
1484572297.090924000 0 0
1484572296.790992000 0 0
1484572299.188346000 0 0
1484572297.088661000 0 0
1484572299.205289000 391 0
1484572299.214522000 530 0
1484572299.236013000 721 0
1484572299.293700000 0 0
1484572299.293997000 0 0
1484572299.300733000 12288 0
1484572301.164442000 0 0
1484572301.169256000 0 0
1484572301.174168000 0 0
1484572301.179381000 0 0
1484572301.184594000 0 0
1484572301.386706000 0 0
1484572301.391207000 0 0
1484572301.395762000 0 0
1484572301.400505000 0 0
1484572299.228318000 430 0
1484572299.323548000 12288 0
1484572301.405088000 0 0
1484572299.221960000 432 0
1484572297.083439000 8806 0
1484572297.094055000 0 0
1484572308.339845000 0 0
1484572308.345303000 0 0
1484572299.329425000 432 0
1484572301.202399000 0 0
1484572299.334321000 430 0
1484572340.304761000 0 16707
1484572340.317804000 0 0
1484572340.316298000 0 0
1484572343.193129000 0 8773
1484572343.205855000 0 0
1484572343.204144000 0 0
1484572422.165629000 0 0
1484572512.049914000 0 0
1484572512.057245000 333457 5072
1484572548.262675000 0 0
1484572563.486979000 0 464857
1484572563.539685000 0 0
1484572563.537981000 0 0
1484572563.550767000 0 0
1484572563.549510000 0 0
1484572567.349077000 0 3608
1484572567.371182000 0 0
1484572548.271989000 9062 0
1484572578.510077000 0 465229
1484572578.562787000 0 0
1484572578.561120000 0 0
1484572578.576723000 0 0
1484572578.574424000 0 0
1484572640.337267000 0 16707
1484572640.352692000 0 0
1484572640.350393000 0 0
1484572643.221665000 0 8773
1484572643.233785000 0 0
1484572643.232125000 0 0
1484572720.886327000 0 465986
1484572720.942065000 0 0
1484572720.939966000 0 0
1484572720.955603000 0 0
1484572720.953291000 0 0
1484572731.555073000 0 0
1484572731.560826000 0 0
1484572731.571267000 0 0
1484572731.636795000 0 0
1484572731.640908000 0 0
1484572731.643385000 0 0
1484572731.649410000 0 0
1484572731.651823000 0 0
1484572731.663538000 0 0
1484572731.675053000 0 0
1484572731.677996000 0 0
1484572731.680631000 0 0
1484572731.685601000 0 0
1484572731.692916000 0 0
1484572731.695329000 0 0
1484572731.696708000 0 0
1484572731.698049000 0 0
1484572731.700525000 0 0
1484572731.703507000 0 0
1484572731.710572000 0 0
1484572731.713069000 0 0
1484572731.714853000 0 0
1484572731.715637000 0 0
1484572731.718320000 0 0
1484572731.577711000 282 0
1484572731.646647000 391 0
1484572731.649014000 530 0
1484572731.651167000 432 0
1484572731.653639000 430 0
1484572731.654059000 398 0
1484572731.658520000 721 0
1484572731.683516000 578 0
1484572731.689257000 504 0
1484572731.706402000 12288 0
1484572731.723686000 504 0
1484572731.831654000 0 0
1484572731.836518000 0 0
1484572731.841517000 0 0
1484572731.846215000 0 0
1484572731.859506000 0 0
1484572731.776792000 0 0
1484572733.460298000 0 0
1484572731.768617000 16384 0
1484572734.053366000 0 0
1484572734.056926000 0 0
1484572736.012231000 0 466081
1484572736.069052000 0 0
1484572736.066732000 0 0
1484572736.083055000 0 0
1484572736.080818000 0 0
1484572736.752982000 0 0
1484572736.758176000 0 0
1484572736.763369000 0 0
1484572736.769009000 0 0
1484572736.774957000 0 0
1484572731.774452000 391 0
1484572733.457004000 530 0
1484572745.930270000 0 0
1484572745.936172000 0 0
1484572746.009476000 0 3608
1484572746.021018000 0 0
1484572749.201781000 0 5672
1484572749.254932000 0 0
1484572751.134514000 0 465229
1484572751.186060000 0 0
1484572751.185106000 0 0
1484572751.195412000 0 0
1484572751.194598000 0 0
1484572736.744724000 430 0
1484572736.792892000 0 0
1484572734.066209000 18432 0
1484572734.032884000 12288 0
1484572766.246277000 0 465660
1484572766.300884000 0 0
1484572766.298528000 0 0
1484572766.314051000 0 0
1484572766.311744000 0 0
1484572848.310851000 0 0
1484572523.035273000 334790 7719
1484572848.316176000 9062 0
1484572940.375341000 0 16708
1484572940.389811000 0 0
1484572940.387431000 0 0
1484572943.263814000 0 8773
1484572943.278325000 0 0
1484572943.276064000 0 0
1484557786.572806000 0 48649
1484571951.659683000 0 57997
1484573117.961363000 0 3608
1484573117.979703000 0 0
1484573119.481576000 0 657
1484573119.496412000 0 0
1484573119.494106000 0 0
1484573119.602198000 0 470563
1484573119.655644000 0 0
1484573119.653962000 0 0
1484573119.668732000 0 0
1484573119.666754000 0 0
1484573134.721552000 0 476982
1484573134.777321000 0 0
1484573134.775413000 0 0
1484573134.789784000 0 0
1484573134.787442000 0 0
1484573148.350695000 0 0
1484573149.742509000 0 477242
1484573149.798108000 0 0
1484573149.795775000 0 0
1484573149.811327000 0 0
1484573149.809002000 0 0
1484573164.872447000 0 477053
1484573164.928857000 0 0
1484573164.926529000 0 0
1484573164.942203000 0 0
1484573164.939902000 0 0
1484573148.356677000 9062 0
1484573179.990135000 0 476799
1484573180.045070000 0 0
1484573180.043130000 0 0
1484573180.058736000 0 0
1484573180.056394000 0 0
1484573195.107489000 0 476827
1484573195.163694000 0 0
1484573195.161339000 0 0
1484573195.177417000 0 0
1484573195.175035000 0 0
1484573210.222282000 0 476799
1484573210.278931000 0 0
1484573210.277018000 0 0
1484573210.291845000 0 0
1484573210.289526000 0 0
1484573222.255007000 0 3608
1484573222.274616000 0 0
1484573225.344143000 0 477058
1484573225.401968000 0 0
1484573225.400082000 0 0
1484573225.415057000 0 0
1484573225.413171000 0 0
1484573240.410145000 0 16708
1484573240.423094000 0 0
1484573240.421772000 0 0
1484573240.451550000 0 477087
1484573240.504699000 0 0
1484573240.503287000 0 0
1484573240.516370000 0 0
1484573240.514634000 0 0
1484573243.297019000 0 8773
1484573243.308987000 0 0
1484573243.307786000 0 0
1484573255.573879000 0 477087
1484573255.630847000 0 0
1484573255.628507000 0 0
1484573255.645017000 0 0
1484573255.642690000 0 0
1484573270.669580000 0 477087
1484573270.726526000 0 0
1484573270.724141000 0 0
1484573270.741009000 0 0
1484573270.738812000 0 0
1484573285.698410000 0 477087
1484573285.753984000 0 0
1484573285.751683000 0 0
1484573285.767351000 0 0
1484573285.765028000 0 0
1484573300.814000000 0 477087
1484573300.871497000 0 0
1484573300.869082000 0 0
1484573300.885823000 0 0
1484573300.883477000 0 0
1484573315.937252000 0 477087
1484573315.992841000 0 0
1484573315.990490000 0 0
1484573316.006755000 0 0
1484573316.004522000 0 0
1484573331.040827000 0 477087
1484573331.093344000 0 0
1484573331.092441000 0 0
1484573331.103191000 0 0
1484573331.102270000 0 0
1484573350.354950000 0 477087
1484573350.406520000 0 0
1484573350.405529000 0 0
1484573350.415277000 0 0
1484573350.414399000 0 0
1484573366.012574000 0 477088
1484573366.067079000 0 0
1484573366.066155000 0 0
1484573366.078079000 0 0
1484573366.077076000 0 0
1484573381.122310000 0 477088
1484573381.177648000 0 0
1484573381.175863000 0 0
1484573381.190889000 0 0
1484573381.189009000 0 0
1484573396.243035000 0 477088
1484573396.299777000 0 0
1484573396.297405000 0 0
1484573396.314156000 0 0
1484573396.311818000 0 0
1484573411.367376000 0 477088
1484573411.423356000 0 0
1484573411.420998000 0 0
1484573411.436483000 0 0
1484573411.434501000 0 0
1484565434.941856000 0 0
1484573448.382727000 0 0
1484573460.254746000 0 477088
1484573460.308961000 0 0
1484573460.307192000 0 0
1484573460.321916000 0 0
1484573460.320114000 0 0
1484573448.388292000 9062 0
1484573475.270196000 0 477703
1484573475.326151000 0 0
1484573475.323895000 0 0
1484573475.338546000 0 0
1484573475.336825000 0 0
1484573490.399717000 0 478731
1484573490.455879000 0 0
1484573490.453606000 0 0
1484573490.469377000 0 0
1484573490.467047000 0 0
1484573540.450056000 0 16708
1484573540.463445000 0 0
1484573540.461674000 0 0
1484573543.338071000 0 8773
1484573543.353918000 0 0
1484573543.352357000 0 0
1484573744.039442000 0 467469
1484573744.088675000 0 0
1484573744.087623000 0 0
1484573744.100388000 0 0
1484573744.098477000 0 0
1484573748.417459000 0 0
1484573759.160515000 0 468554
1484573759.215106000 0 0
1484573759.213056000 0 0
1484573759.228775000 0 0
1484573759.226457000 0 0
1484573763.397419000 0 122
1484573763.402737000 0 20349
1484573763.406788000 0 0
1484573763.406068000 0 0
1484573763.415654000 0 0
1484573763.414630000 0 0
1484573763.423300000 0 0
1484573763.427835000 0 0
1484573763.467992000 0 146
1484573763.478512000 0 0
1484573763.478375000 0 0
1484557471.225892000 200704 839680
1484557473.262196000 0 32768
1484573763.477018000 0 0
1484573763.492668000 0 0
1484573763.493790000 0 1312
1484573763.494829000 0 181
1484557473.256515000 0 21041040
1484573763.504913000 0 0
1484573763.504663000 0 0
1484573763.504313000 0 0
1484573763.509702000 0 0
1484573763.514049000 0 212
1484557474.032908000 0 0
1484573763.522302000 0 0
1484573763.521112000 0 0
1484573763.532507000 0 259
1484573763.541396000 0 0
1484573763.540773000 0 0
1484573763.549885000 0 0
1484557471.901775000 0 32768
1484573763.553711000 0 1990
1484573763.557595000 0 0
1484557471.898629000 0 21226472
1484573763.564326000 0 0
1484573763.563406000 0 0
1484573763.570012000 0 0
1484573763.573118000 0 0
1484573763.574183000 0 288
1484557471.894911000 1875968 6647808
1484573763.582840000 0 0
1484573763.581903000 0 0
1484573763.616921000 0 0
1484557473.613865000 0 32768
1484573763.624747000 0 0
1484557473.610108000 0 189704
1484573763.634000000 0 0
1484573763.636857000 0 0
1484573763.641255000 0 0
1484573763.652330000 0 0
1484573763.656120000 0 25998
1484573763.672679000 0 0
1484573763.676098000 0 0
1484573763.679192000 0 0
1484573763.644568000 0 0
1484573763.682444000 0 0
1484573763.712383000 0 6942
1484573763.722629000 0 0
1484573763.721248000 0 0
1484573763.732505000 0 0
1484573748.425627000 9062 0
1484557473.620367000 0 0
1484557470.841339000 0 0
1484557495.242571000 153600 294912
1484557471.691449000 11264 0
1484557471.272457000 16384 4096
1484557473.241540000 163840 1638400
1484557473.603735000 58368 24576
1484557472.684009000 7168 14336
1484573828.842741000 0 0
1484573828.854690000 0 0
1484573828.858689000 0 1106
1484573828.866789000 0 0
1484573828.870354000 0 0
1484573828.874184000 0 0
1484573828.846511000 0 0
1484573828.877628000 0 0
1484573828.962178000 0 85
1484573828.970538000 0 0
1484573828.982775000 0 109
1484573828.990391000 0 0
1484573829.029194000 0 144
1484573829.036329000 0 0
1484557247.577453000 0 4096
1484573829.036548000 0 0
1484573829.045984000 0 0
1484573829.046078000 0 0
1484573829.050405000 0 0
1484557247.574512000 0 0
1484573829.056116000 0 0
1484573829.057281000 0 0
1484573829.068856000 0 0
1484573829.071689000 0 0
1484573829.059804000 0 10
1484573829.082022000 0 0
1484573829.084990000 0 0
1484573829.049347000 0 0
1484573829.087876000 0 0
1484557246.520802000 42006 269949
1484572975.711718000 0 20598
1484573829.107134000 0 42033
1484573829.138787000 0 319
1484573829.143636000 0 175
1484573829.152669000 0 0
1484573829.167371000 0 204
1484573829.177436000 0 0
1484557248.878272000 0 32768
1484573829.177291000 0 0
1484573829.189226000 0 0
1484557248.872510000 0 65648
1484573829.199087000 0 0
1484573829.204174000 0 0
1484573829.217823000 0 0
1484557248.838752000 0 4096
1484573829.229262000 0 0
1484573829.237104000 0 0
1484557248.833805000 0 0
1484573829.248804000 0 0
1484573829.256547000 0 0
1484573829.280612000 0 0
1484573829.287483000 0 31592
1484573829.322519000 0 0
1484573829.329225000 0 0
1484573829.264204000 0 0
1484573829.335079000 0 0
1484573829.390215000 0 0
1484557254.677811000 71236 1744
1484572969.414950000 0 28450
1484557245.625296000 327680 0
1484557246.202229000 163840 0
1484557247.568960000 7168 0
1484557704.321692000 65536 0
1484557244.574696000 4096 0
1484557244.121797000 69632 4096
1484557244.146080000 8192 4096
1484557248.855938000 557056 65536
1484557248.820748000 98304 0
1484572422.198738000 98304 0
1484557254.637347000 14447 0
1484557254.497904000 14886 0
1484557254.476827000 3941 0
1484573833.545821000 0 0
1484573833.636816000 0 0
1484573833.640628000 0 0
1484573833.650139000 0 0
1484573833.569707000 0 0
1484573833.654628000 282 0
1484573833.964284000 0 0
1484557248.899806000 0 0
1484557248.848138000 0 0
1484557243.496480000 0 0
1484573833.558688000 430 0
1484573861.801950000 0 0
1484573861.847612000 0 0
1484573861.866661000 29184 0
1484573868.465358000 0 0
1484573868.514324000 0 0
1484573868.524969000 0 0
1484573868.531237000 0 0
1484573868.548273000 0 0
1484573873.310304000 0 0
1484573873.323909000 0 0
1484573873.341252000 0 544
1484573873.351572000 0 0
1484573861.860900000 37888 0
1484573873.358963000 0 0
1484573873.384769000 0 0
1484573873.380985000 0 0
1484573873.406602000 0 0
1484573873.410564000 0 0
1484573873.415210000 0 0
1484573873.419979000 0 0
1484573873.426342000 0 0
1484573873.501971000 0 0
1484573876.384942000 0 0
1484573876.383096000 0 0
1484573868.585804000 129 0
1484573873.453636000 544 0
1484573873.477229000 544 0
1484573873.490815000 544 0
1484573873.507711000 544 0
1484573873.513228000 544 0
1484573873.518572000 544 0
1484573873.523835000 544 0
1484573873.540007000 544 0
1484573873.545066000 544 0
1484573873.549458000 544 0
1484573873.553837000 544 0
1484573873.569333000 544 0
1484573873.574720000 544 0
1484573873.589989000 544 0
1484573873.606505000 544 0
1484573873.611900000 544 0
1484573873.718395000 544 0
1484573873.724998000 544 0
1484573873.742326000 544 0
1484573873.761755000 544 0
1484573873.767909000 544 0
1484573873.919426000 544 0
1484573873.925949000 544 0
1484573873.932491000 544 0
1484573873.939345000 544 0
1484573873.945852000 544 0
1484573873.951913000 544 0
1484573873.958224000 544 0
1484573873.964721000 544 0
1484573873.973246000 544 0
1484573873.979687000 544 0
1484573873.984195000 544 0
1484573873.990726000 544 0
1484573873.997159000 544 0
1484573874.013746000 544 0
1484573874.020899000 544 0
1484573874.075014000 544 0
1484573874.081583000 544 0
1484573874.099919000 544 0
1484573874.106376000 544 0
1484573874.112864000 544 0
1484573874.119373000 544 0
1484573874.125714000 544 0
1484573874.132175000 544 0
1484573874.144414000 544 0
1484573874.150535000 544 0
1484573874.157266000 544 0
1484573874.163789000 544 0
1484573874.181887000 544 0
1484573874.188336000 544 0
1484573874.194891000 544 0
1484573874.207051000 544 0
1484573874.224106000 544 0
1484573874.238461000 544 0
1484573874.244955000 544 0
1484573874.252777000 544 0
1484573874.259317000 544 0
1484573874.265034000 544 0
1484573874.271668000 544 0
1484573874.277954000 544 0
1484573874.284486000 544 0
1484573874.298011000 544 0
1484573874.308476000 544 0
1484573874.375393000 544 0
1484573874.390400000 544 0
1484573874.397566000 544 0
1484573874.412285000 544 0
1484573874.418370000 544 0
1484573874.423620000 544 0
1484573874.443797000 544 0
1484573874.450249000 544 0
1484573874.463908000 544 0
1484573874.469716000 544 0
1484573874.499661000 544 0
1484573874.511208000 544 0
1484573874.517727000 544 0
1484573874.525173000 544 0
1484573874.542690000 544 0
1484573874.559952000 544 0
1484573876.432835000 16384 0
1484559996.184545000 0 0
1484573876.694746000 0 0
1484573876.725607000 0 0
1484573876.742384000 18432 0
1484573876.760106000 0 0
1484573876.767743000 0 0
1484573876.783805000 0 0
1484573876.680116000 16384 0
