1484603037.085191000 0 0
1484603037.111360000 0 0
1484603038.133817000 0 0
1484603038.137206000 0 0
1484603038.146277000 0 0
1484603038.242838000 0 0
1484603038.205825000 0 0
1484603038.196814000 282 0
1484603038.285979000 2285 0
1484603038.337277000 0 0
1484603038.363221000 0 0
1484603038.366582000 0 0
1484603038.382549000 0 0
1484603040.091281000 0 0
1484603040.089502000 0 0
1484603038.399501000 945 0
1484603038.316469000 16041 0
1484603040.122848000 2285 0
1484603040.140040000 945 0
1484603038.362887000 4096 0
