1484603062.243562000 0 0
1484603062.315784000 0 9784
1484603062.327737000 0 0
1484603062.325455000 0 0
1484603062.256377000 3988 0
1484603362.293249000 0 0
1484603362.298202000 3988 0
1484603662.327855000 0 0
1484603662.332829000 3988 0
1484603962.361822000 0 0
1484603962.366899000 3988 0
1484604262.519253000 0 0
1484604262.524216000 3988 0
1484604562.547378000 0 0
1484604576.241657000 0 0
1484604576.274873000 0 0
1484604576.293118000 0 0
1484604576.307648000 0 2290658
1484604577.032933000 0 0
1484604577.046637000 0 0
1484604577.051928000 0 0
1484604577.576862000 0 0
1484604577.613790000 0 0
1484604577.618658000 0 57697
1484604577.656197000 0 0
1484604577.662822000 0 0
1484604577.667703000 0 0
1484604577.583224000 0 0
1484604577.672005000 0 0
1484604577.059101000 0 2290658
1484604577.841327000 0 0
1484604562.552377000 3988 0
1484604862.580563000 0 0
1484604862.585414000 3988 0
1484605151.889119000 0 16743
1484605151.901519000 0 0
1484605151.899205000 0 0
1484605162.619264000 0 0
1484605162.624302000 3988 0
1484605462.652775000 0 0
1484605462.657686000 3988 0
1484605762.692308000 0 0
1484605762.697305000 3988 0
1484606062.842004000 0 0
1484606062.846997000 3988 0
1484606362.872878000 0 0
1484606362.877836000 3988 0
1484606662.901496000 0 0
1484606665.365816000 0 9784
1484606665.375222000 0 0
1484606665.373562000 0 0
1484606662.906502000 3988 0
1484606962.932728000 0 0
1484606962.937696000 3988 0
1484607172.035271000 0 0
1484607172.051124000 0 0
1484607262.958355000 0 0
1484607262.963297000 3988 0
1484607562.988610000 0 0
1484607562.993612000 3988 0
1484607600.124974000 0 137
1484607600.135241000 0 0
1484607600.133561000 0 0
1484607600.157727000 0 9784
1484607600.169170000 0 0
1484607600.166963000 0 0
1484607600.253262000 0 138
1484607600.262734000 0 0
1484607600.260710000 0 0
1484607600.291242000 0 7394
1484607600.300645000 0 0
1484607600.298679000 0 0
1484607600.311891000 0 16743
1484607600.322437000 0 0
1484607600.320543000 0 0
1484607863.136067000 0 0
1484607863.141074000 3988 0
1484608163.167248000 0 0
1484608176.412519000 0 0
1484608176.422917000 0 0
1484608176.431396000 0 0
1484608176.440016000 0 2290658
1484608177.095656000 0 0
1484608177.113782000 0 0
1484608177.122705000 0 0
1484608177.130550000 0 2290658
1484608177.653412000 0 0
1484608177.865437000 0 0
1484608177.882500000 0 0
1484608177.886612000 0 57697
1484608177.919831000 0 0
1484608177.923867000 0 0
1484608177.927010000 0 0
1484608177.870614000 0 0
1484608177.930026000 0 0
1484608163.170018000 3988 0
