1484577820.099621000 0 0
1484577820.119636000 0 0
1484577820.130039000 0 0
1484577820.140304000 0 0
1484577820.150904000 0 0
1484577821.160716000 282 0
1484577822.162720000 0 0
1484577822.165775000 0 0
1484577822.173932000 0 0
1484577822.280742000 0 0
1484577822.283020000 0 0
1484577822.344900000 0 0
1484577822.346597000 0 0
1484577822.197487000 0 0
1484577822.348850000 0 0
1484577822.351045000 0 0
1484577822.221994000 2879 0
1484577822.260416000 219 0
1484577822.267470000 256 0
1484577822.285089000 2603 0
1484577822.334059000 572 0
1484577822.300800000 2741 0
1484577822.367749000 504 0
1484577821.985076000 282 0
1484577822.244963000 1739 0
1484577822.343983000 1633 0
1484577822.756888000 0 0
1484577822.781710000 2603 0
1484577823.677828000 0 0
1484577823.680590000 0 0
1484577823.690223000 0 0
1484577822.982952000 2603 0
1484577823.041100000 16896 0
1484577823.122539000 0 0
1484577823.159212000 14848 0
1484577823.238782000 11776 0
1484577823.691753000 2879 0
1484577822.754071000 2879 0
1484577823.119379000 2741 0
1484577836.976487000 282 0
1484577897.971629000 0 0
1484577914.056072000 0 0
1484577914.122735000 0 0
1484577914.128383000 0 0
1484577914.138048000 0 0
1484577914.176818000 0 0
1484577926.137149000 0 0
1484577947.965151000 0 0
1484577947.970121000 0 0
1484577947.979072000 0 0
1484577947.986471000 0 0
1484577948.015015000 0 0
1484577948.018727000 0 0
1484577948.022339000 0 0
1484577948.038315000 0 0
1484577948.041018000 0 0
1484577948.051944000 0 0
1484577948.054969000 0 0
1484577948.127984000 0 0
1484577948.132020000 0 0
1484577923.534180000 564 0
1484577947.982958000 572 0
1484577948.000520000 504 0
1484577948.027979000 504 0
1484577948.098649000 398 0
1484578553.443014000 0 0
1484578553.497072000 0 0
1484578553.500418000 0 0
1484578553.508785000 0 0
1484578553.943585000 0 0
1484578553.948425000 0 0
1484578531.977911000 564 0
1484578553.514406000 572 0
1484578823.608965000 0 0
1484578828.669757000 0 0
1484578828.673280000 0 0
1484578828.682252000 0 0
1484578823.715276000 282 0
1484580158.998704000 0 0
1484580159.583109000 0 0
1484580161.219433000 0 0
1484580161.312017000 0 0
1484580161.546962000 0 0
1484580161.550179000 0 0
1484580161.554637000 0 0
1484580161.596844000 0 0
1484580161.746599000 0 0
1484580161.749772000 0 0
1484580161.758650000 0 0
1484580161.925357000 0 0
1484580161.930523000 135168 0
1484580163.948514000 0 0
1484580163.951657000 0 0
1484580171.223590000 0 0
1484580171.226849000 0 0
1484580171.245711000 0 0
1484580171.402795000 0 0
1484580161.243989000 398 0
1484580161.326148000 80 0
1484580161.246912000 282 0
1484580161.798022000 226 0
1484580161.878259000 302 0
1484580161.183600000 0 0
1484580330.159324000 0 0
1484580338.013953000 0 0
1484580338.554810000 0 0
1484580338.560084000 24576 0
1484580338.628279000 0 0
1484580338.633614000 24576 0
1484580338.678527000 0 0
1484580338.682612000 32768 0
1484580338.725906000 0 0
1484580338.729996000 98304 0
1484580338.794850000 0 0
1484580338.799307000 151552 0
1484580338.865529000 0 0
1484580338.870346000 24576 0
1484580338.890632000 0 0
1484580338.895192000 24576 0
1484580338.913705000 0 0
1484580338.917676000 24576 0
1484580338.936996000 0 0
1484580338.940890000 16384 0
1484580339.011475000 0 0
1484580339.015767000 24576 0
1484580339.049414000 0 0
1484580339.053954000 49152 0
1484580340.204766000 0 0
1484580340.264177000 0 0
1484580340.269199000 24576 0
1484580340.644471000 0 0
1484580340.650568000 36864 0
1484580340.724446000 0 0
1484580340.729232000 24576 0
1484580340.814212000 0 0
1484580340.818862000 24576 0
1484580340.930856000 0 0
1484580340.935354000 24576 0
1484580340.985715000 0 0
1484580340.990701000 167936 0
1484580341.096885000 0 0
1484580341.101029000 24576 0
1484580341.284627000 0 0
1484580341.290069000 24576 0
1484580341.439292000 0 0
1484580341.444352000 40960 0
1484580341.742735000 0 0
1484580341.748131000 24576 0
1484580342.639613000 0 0
1484580342.642950000 0 0
1484580342.652755000 0 0
1484580342.657924000 0 0
1484580342.661328000 0 0
1484580338.512003000 11192 0
1484580338.535435000 391 0
1484580338.618808000 965 0
1484580338.663859000 221 0
1484580338.842335000 1616 0
1484580338.933636000 0 0
1484580338.882645000 243 0
1484580338.950282000 0 0
1484580338.777324000 272 0
1484580338.910335000 0 0
1484580338.887277000 0 0
1484580338.861529000 0 0
1484580338.766603000 0 0
1484580338.711903000 339 0
1484580338.600510000 168 0
1484580340.762050000 186 0
1484580340.738215000 272 0
1484580340.707029000 266 0
1484580340.684396000 12819 0
1484580340.647628000 178 0
1484580340.555773000 346 0
1484580341.552337000 0 0
1484580341.730071000 0 0
1484580338.010775000 398 0
1484580338.071959000 80 0
1484580338.116039000 638 0
1484580338.160734000 84 0
1484580338.976482000 263 0
1484580338.734768000 256 0
1484580338.985630000 3485 0
1484580338.710436000 813 0
1484580339.006643000 264 0
1484580338.686441000 3553 0
1484580339.026051000 0 0
1484580339.036479000 250 0
1484580338.665509000 0 0
1484580339.091026000 292 0
1484580338.638980000 0 0
1484580339.138982000 0 0
1484580338.622896000 0 0
1484580338.609801000 0 0
1484580340.248559000 254 0
1484580340.522829000 172 0
1484580340.719258000 310 0
1484580340.763971000 0 0
1484580340.771641000 0 0
1484580340.776723000 0 0
1484580340.782999000 204 0
1484580340.792743000 347 0
1484580340.835541000 281 0
1484580340.840667000 0 0
1484580340.848807000 0 0
1484580340.854339000 226 0
1484580340.924581000 289 0
1484580340.959377000 198 0
1484580340.980351000 219 0
1484580341.056340000 244 0
1484580341.091408000 261 0
1484580341.122343000 0 0
1484580341.254910000 1008 0
1484580341.278370000 308 0
1484580341.308995000 265 0
1484580341.328439000 251 0
1484580341.495012000 250 0
1484580341.503404000 148 0
1484580341.579465000 302 0
1484580341.593421000 231 0
1484580341.626662000 316 0
1484580341.648276000 2942 0
1484580340.412594000 195 0
1484580330.876815000 0 0
1484581067.511782000 0 0
1484581067.556360000 0 0
1484581067.555054000 0 0
1484581067.559804000 0 0
1484581067.568037000 0 0
1484581067.569314000 0 0
1484581067.580479000 0 0
1484581067.582241000 0 0
1484581067.584929000 0 0
1484581067.587295000 0 0
1484581067.589386000 0 0
1484581067.595926000 0 0
1484581067.609934000 0 0
1484581067.611904000 0 0
1484581067.622465000 0 0
1484581067.624852000 0 0
1484581067.627905000 0 0
1484581067.630202000 0 0
1484581067.654948000 0 0
1484581067.657077000 0 0
1484581067.665340000 0 0
1484581067.667312000 0 0
1484581067.669206000 0 0
1484581067.679141000 0 0
1484581067.681018000 0 0
1484581067.683060000 0 0
1484581086.031267000 0 0
1484581087.061296000 0 0
1484581087.644726000 0 0
1484581087.957149000 0 0
1484581087.960167000 0 0
1484581087.968414000 0 0
1484581087.995153000 0 0
1484581087.998361000 0 0
1484581088.000691000 0 0
1484581088.003237000 0 0
1484581088.020615000 0 0
1484581088.022734000 0 0
1484581088.024897000 0 0
1484581067.584489000 398 0
1484581067.593314000 1144 0
1484581067.552900000 564 0
1484581067.634193000 1008 0
1484581067.601320000 1008 0
1484581136.815940000 0 0
1484581136.810744000 282 0
1484578553.953740000 0 0
1484581140.203703000 0 0
1484583046.093406000 0 0
1484583046.132855000 0 0
1484583056.961355000 0 0
1484583057.001359000 0 0
1484583057.004518000 0 0
1484583057.015585000 0 0
1484583057.149971000 0 0
1484583059.521610000 0 0
1484583059.525278000 0 0
1484583059.529107000 0 0
1484583077.519813000 0 0
1484583078.258317000 0 0
1484583078.329608000 0 0
1484583078.333284000 0 0
1484583078.341738000 0 0
1484583079.926478000 0 0
1484583079.932912000 0 0
1484583079.937004000 0 0
1484583079.942180000 0 0
1484583079.954717000 0 0
1484583079.956761000 0 0
1484583079.959937000 0 0
1484583079.962440000 0 0
1484583079.972978000 0 0
1484583079.975098000 0 0
1484583079.987887000 0 0
1484583079.989846000 0 0
1484583080.003652000 0 0
1484583080.005625000 0 0
1484583080.007505000 0 0
1484583080.014492000 0 0
1484583080.016828000 0 0
1484583080.018700000 0 0
1484583080.025643000 0 0
1484583080.028022000 0 0
1484583077.538208000 0 0
1484583057.036417000 564 0
1484583059.534651000 1144 0
1484583079.948048000 504 0
1484583079.966094000 504 0
1484583079.979174000 398 0
1484583787.885635000 0 0
1484583787.933572000 0 0
1484583787.937300000 0 0
1484583787.946825000 0 0
1484583789.556627000 0 0
1484583790.161817000 0 0
1484583790.164349000 0 0
1484583794.593577000 0 0
1484583794.602049000 0 0
1484583794.604693000 0 0
1484583814.437702000 0 0
1484583814.430136000 0 0
1484583814.470105000 0 0
1484583814.484612000 0 0
1484583814.494517000 0 0
1484583814.504353000 0 0
1484583814.513108000 0 0
1484583814.520758000 0 0
1484583814.528207000 0 0
1484583814.531368000 0 0
1484583814.536705000 0 0
1484583814.580709000 0 0
1484583814.586507000 0 0
1484583814.590509000 118784 0
1484583814.565288000 2879 0
1484583814.585216000 1633 0
1484583814.586724000 2741 0
1484583814.788388000 2603 0
1484583814.788651000 1739 0
1484583814.831184000 1739 0
1484583814.835944000 1633 0
1484583787.953598000 282 0
1484583816.135211000 0 0
1484583794.609383000 572 0
1484583919.399801000 0 0
1484583929.235797000 0 0
1484583929.494018000 0 0
1484583929.499375000 0 0
1484583929.508792000 0 0
1484583929.537427000 0 0
1484583929.541386000 0 0
1484583929.584730000 0 0
1484583929.588291000 0 0
1484583929.796929000 0 0
1484583929.799287000 0 0
1484583929.962847000 0 0
1484583929.785319000 0 0
1484583929.512854000 572 0
1484583929.814897000 129 0
1484583929.943258000 504 0
1484583929.973166000 504 0
1484583929.978180000 504 0
1484583930.007525000 81 0
1484583930.057720000 0 0
1484583930.071117000 0 0
1484583930.075077000 0 0
1484583930.074004000 0 0
1484583930.078301000 0 0
1484583930.077293000 0 0
1484583930.080472000 0 0
1484583930.088755000 0 0
1484583930.090610000 0 0
1484583930.092572000 0 0
1484583930.094492000 0 0
1484583929.807398000 0 0
1484583816.138543000 0 0
1484583930.055121000 282 0
1484583930.082973000 398 0
1484583963.534165000 0 0
1484583963.532233000 0 0
1484583963.535432000 0 0
1484583963.542273000 0 0
1484583963.540003000 0 0
1484583963.538974000 0 0
1484583963.548298000 0 0
1484583963.548160000 0 0
1484583963.537839000 0 0
1484583963.551568000 0 0
1484583963.553157000 0 0
1484583963.554792000 0 0
1484583963.551475000 0 0
1484583963.559213000 0 0
1484583963.558221000 0 0
1484583963.557107000 0 0
1484583968.784747000 0 0
1484583963.555591000 504 0
1484584272.149487000 0 0
1484584272.210110000 0 0
1484584272.207711000 282 0
1484584272.306148000 0 0
1484584272.306209000 0 0
1484584272.307814000 0 0
1484584272.306434000 0 0
1484584272.309394000 0 0
1484584281.145111000 0 0
1484584272.306062000 1284 0
1484584281.236726000 0 0
1484584281.240800000 0 0
1484584272.147312000 0 0
1484584272.168767000 1739 0
1484584272.217729000 1667 0
1484584272.225990000 1254 0
1484584272.259659000 1598 0
1484584272.233270000 1683 0
1484584284.661885000 0 0
1484584281.243948000 0 0
1484584284.670554000 1667 0
1484584284.673735000 1254 0
1484584284.679649000 1598 0
1484584272.187160000 2568 0
1484584285.111391000 0 0
1484584285.792172000 0 0
1484584285.813823000 0 0
1484584285.909291000 0 0
1484584285.926193000 0 0
1484584285.930079000 0 0
1484584285.933797000 0 0
1484584286.090555000 0 0
1484584284.654961000 0 0
1484584286.428442000 0 0
1484584286.431786000 0 0
1484584286.434822000 0 0
1484584286.433293000 0 0
1484584285.916319000 0 38400
1484584285.847606000 11005 0
1484584285.873190000 34577 0
1484584285.838652000 4096 0
1484584285.786285000 1739 0
1484584286.437530000 2879 0
1484584286.510866000 1739 0
1484584286.527732000 1633 0
1484584286.538328000 0 0
1484584286.551703000 219 0
1484584286.556349000 256 0
1484584286.563188000 2603 0
1484584286.976175000 0 0
1484584287.223094000 0 0
1484584289.791320000 0 0
1484584289.796143000 0 0
1484584289.800902000 0 0
1484584289.805093000 0 0
1484584289.809537000 0 0
1484584290.701890000 0 0
1484584290.742921000 0 0
1484584291.647319000 0 0
1484584293.907763000 0 0
1484584293.940209000 0 0
1484584286.090741000 0 0
1484584281.243812000 0 0
1484584284.676694000 1683 0
1484584296.000789000 0 0
1484584297.161717000 0 0
1484584297.308000000 0 0
1484584297.306620000 0 0
1484584297.528875000 0 0
1484584297.593422000 0 0
1484584297.597441000 0 0
1484584297.606939000 0 0
1484584297.711261000 0 0
1484584297.714633000 0 0
1484584297.716757000 0 0
1484584296.016410000 0 0
1484584297.813135000 0 0
1484584297.815346000 0 0
1484584297.817486000 0 0
1484584297.829506000 0 0
1484584297.831702000 0 0
1484584297.833759000 0 0
1484584297.838603000 0 0
1484584286.574810000 2603 0
1484584286.581042000 16896 0
1484584286.591129000 0 0
1484584286.596546000 14848 0
1484584286.607429000 11776 0
1484584286.978686000 2879 0
1484584290.755005000 10240 0
1484584290.788934000 16308 0
1484584293.919938000 9183 0
1484584293.952986000 6376 0
1484584295.362862000 14750 0
1484584297.615921000 282 0
1484584297.899385000 0 0
1484584297.897219000 0 0
1484584297.906909000 0 0
1484584297.904040000 0 0
1484584297.939804000 0 0
1484584297.937714000 0 0
1484584297.955271000 0 0
1484584297.943518000 0 0
1484584297.970456000 0 0
1484584297.966622000 0 0
1484584297.987004000 0 0
1484584297.987506000 0 0
1484584297.983963000 0 0
1484584297.995765000 0 0
1484584297.993927000 0 0
1484584298.022682000 0 0
1484584298.031245000 0 0
1484584298.050008000 0 0
1484584298.052330000 0 0
1484584298.076365000 0 0
1484584298.074341000 0 0
1484584298.785270000 0 0
1484584298.797404000 0 0
1484584298.797510000 0 0
1484584298.800950000 0 0
1484584298.803597000 0 0
1484584298.811514000 0 0
1484584298.813592000 0 0
1484584298.820982000 0 0
1484584298.826797000 0 0
1484584298.947562000 0 0
1484584298.945423000 0 0
1484584298.954842000 0 0
1484584298.966076000 0 0
1484584298.968428000 0 0
1484584298.970722000 0 0
1484584298.978490000 0 0
1484584299.058685000 0 0
1484584299.056712000 0 0
1484584299.069828000 0 0
1484584290.753089000 0 0
1484584301.044028000 0 0
1484584298.021526000 0 165
1484584301.138051000 0 0
1484584301.140365000 0 0
1484584301.143685000 0 0
1484584301.151926000 0 0
1484584301.154012000 0 0
1484584301.156744000 0 0
1484584301.168840000 0 0
1484584301.276521000 0 0
1484584301.274378000 0 0
1484584301.281618000 0 0
1484584301.373851000 0 0
1484584301.370908000 0 0
1484584284.666590000 1739 0
1484584286.535934000 2879 0
1484584286.588311000 2741 0
1484584297.310448000 0 0
1484584297.766959000 0 0
1484584301.039880000 0 0
1484584302.058938000 0 0
1484584303.253543000 0 0
1484584303.394615000 0 0
1484584303.482697000 0 0
1484584303.484916000 0 0
1484584303.536472000 0 0
1484584303.538442000 0 0
1484584303.541399000 0 0
1484584302.984800000 0 0
1484584303.580234000 0 0
1484584303.583177000 0 0
1484584303.585166000 0 0
1484584303.594848000 0 0
1484584303.600896000 0 0
1484584303.602914000 0 0
1484584303.611655000 0 0
1484584303.617748000 0 0
1484584303.616247000 0 0
1484584303.488125000 282 0
1484584303.624061000 0 0
1484584303.621538000 0 0
1484584303.626963000 0 0
1484584303.647993000 0 0
1484584303.645260000 0 0
1484584303.655918000 0 0
1484584303.654434000 0 0
1484584303.717686000 0 0
1484584303.713115000 0 0
1484584303.725284000 0 0
1484584303.728953000 0 0
1484584303.737554000 0 0
1484584303.739850000 0 0
1484584303.818390000 0 0
1484584303.816224000 0 0
1484584303.891019000 0 0
1484584303.901653000 0 0
1484584303.902455000 0 0
1484584303.904242000 0 0
1484584303.908301000 0 0
1484584303.916329000 0 0
1484584303.918853000 0 0
1484584303.920904000 0 0
1484584303.928376000 0 0
1484584304.051676000 0 0
1484584304.054231000 0 0
1484584304.056685000 0 0
1484584304.059937000 0 0
1484584304.055737000 0 0
1484584304.064571000 0 0
1484584304.158539000 0 0
1484584304.170097000 0 0
1484584304.166595000 0 0
1484584302.053608000 0 0
1484584306.771391000 0 0
1484584295.997398000 183459 0
1484584297.769924000 39985 0
1484584301.629118000 0 0
1484584302.975028000 181413 0
1484584303.568789000 29663 0
1484584352.284364000 0 0
1484584303.727731000 0 165
1484584439.818501000 0 0
1484584439.820729000 0 0
1484584439.846637000 0 0
1484584439.851452000 0 0
1484584439.855191000 0 0
1484584439.862555000 0 0
1484584439.864530000 0 0
1484584439.867034000 0 0
1484584439.873297000 0 0
1484584439.926815000 0 0
1484584439.923892000 0 0
1484584439.936672000 0 0
1484584439.934092000 0 0
1484584439.969685000 0 0
1484584439.965189000 0 0
1484584439.975010000 0 0
1484584440.061641000 0 0
1484584440.058918000 0 0
1484584303.396340000 0 0
1484584440.447909000 0 0
1484584303.565840000 0 0
1484584440.489728000 84055 0
1484584440.546292000 0 0
1484584508.904865000 0 0
1484584513.958660000 0 0
1484584513.962756000 0 0
1484584513.972154000 0 0
1484584513.976943000 282 0
1484586682.998279000 0 0
1484586688.049307000 0 0
1484586688.053162000 0 0
1484586688.062018000 0 0
1484586683.568623000 282 0
