1484548231.447082000 0 0
1484548231.452490000 0 0
1484548231.457771000 0 0
1484548231.462854000 0 0
1484548231.467433000 0 0
1484548232.766244000 282 0
1484548234.357320000 0 0
1484548234.360020000 0 0
1484548234.367429000 0 0
1484548240.453401000 0 0
1484548240.455558000 0 0
1484548240.621290000 0 0
1484548240.652638000 0 0
1484548240.654685000 0 0
1484548240.629363000 0 0
1484548240.741990000 0 0
1484548240.743994000 0 0
1484548240.746075000 0 0
1484548240.748226000 0 0
1484548233.435209000 111 0
1484548240.630698000 82 0
1484548240.649953000 432 0
1484548240.654322000 464 0
1484548240.667513000 554 0
1484548240.667577000 440 0
1484548240.685579000 321 0
1484548240.689515000 710 0
1484548240.702959000 821 0
1484548240.711168000 230 0
1484548240.761875000 504 0
1484548234.311600000 282 0
1484548241.347274000 0 0
1484548241.396804000 4096 0
1484548240.671678000 921 0
1484548241.422684000 4096 0
1484548282.384261000 0 0
1484548283.343424000 0 0
1484548283.347693000 0 0
1484548283.355621000 0 0
1484548283.360949000 0 0
1484548283.375649000 0 0
1484548283.389172000 0 0
1484548283.391702000 0 0
1484548283.398373000 0 0
1484548283.401031000 0 0
1484548283.408191000 0 0
1484548283.503361000 0 0
1484548283.531874000 0 0
1484548283.569302000 0 0
1484548283.593844000 0 0
1484548283.681178000 0 0
1484548283.685218000 0 0
1484548283.688692000 0 0
1484548283.691972000 0 0
1484548283.694357000 0 0
1484548283.725009000 0 0
1484548283.779518000 0 0
1484548283.783974000 0 0
1484548284.043542000 0 0
1484548284.052966000 0 0
1484548284.244973000 0 0
1484548284.609633000 0 0
1484548284.647446000 0 0
1484548284.798353000 0 0
1484548284.956463000 0 0
1484548285.000932000 0 0
1484548285.004281000 0 18830
1484548285.284521000 0 0
1484548285.289019000 0 0
1484548284.982450000 18830 0
1484548284.991692000 0 0
1484548285.292956000 0 0
1484548285.657474000 0 0
1484548285.763337000 0 0
1484548285.939666000 0 0
1484548285.959676000 0 0
1484548286.076054000 0 0
1484548286.267808000 0 0
1484548286.479565000 0 0
1484548286.481976000 0 0
1484548287.192972000 0 0
1484548287.205535000 0 0
1484548287.210864000 0 0
1484548287.230693000 0 0
1484548287.209100000 0 0
1484548287.235134000 0 0
1484548287.241942000 0 0
1484548287.245583000 0 0
1484548287.256925000 0 0
1484548287.261098000 0 0
1484548287.239494000 0 0
1484548287.266015000 0 0
1484548287.270403000 0 0
1484548287.273677000 0 0
1484548287.278298000 0 0
1484548287.282626000 0 0
1484548287.285553000 0 0
1484548287.421834000 0 0
1484548287.437300000 0 0
1484548287.441061000 0 0
1484548287.444855000 0 0
1484548288.152607000 0 0
1484548288.265089000 0 0
1484548288.403245000 0 0
1484548288.412810000 0 0
1484548288.443956000 524288 0
1484548288.530834000 0 0
1484548288.670661000 0 0
1484548288.686138000 0 0
1484548288.904173000 0 0
1484548288.906929000 0 2
1484548288.914053000 0 0
1484548288.916584000 0 0
1484548288.418170000 2 0
1484548288.893057000 0 0
1484548288.919355000 0 0
1484548288.979134000 0 53
1484548285.642759000 204 0
1484548288.986149000 0 0
1484548289.712833000 0 0
1484548289.729686000 0 0
1484548294.008579000 0 0
1484548294.011018000 0 0
1484548288.185862000 325837 17022
1484548284.613802000 0 0
1484548262.903857000 564 0
1484548283.359207000 10 0
1484548283.372245000 10 0
1484548283.387152000 111 0
1484548283.429120000 208 0
1484548283.561299000 34337 0
1484548283.603773000 16384 0
1484548283.674711000 307 0
1484548284.146013000 337 0
1484548284.634411000 12528 0
1484548284.660891000 8312 0
1484548284.821753000 208620 0
1484548285.670325000 3072 0
1484548285.951133000 34565 0
1484548285.969100000 8 0
1484548286.089750000 504 0
1484548286.165702000 7636 0
1484548286.275132000 5412 0
1484548287.201207000 1378 0
1484548311.248756000 0 0
1484548287.417896000 351 0
1484548288.158562000 365 0
1484548288.274826000 203 0
1484548289.002514000 9138 0
1484548286.309299000 25 0
1484548289.029606000 9833 0
1484548289.046612000 55 0
1484548317.201209000 0 5412
1484548317.211665000 0 0
1484548296.292540000 0 627992
1484548325.808218000 0 0
1484548287.432787000 2366 7374
1484548296.329853000 3304 0
1484548296.225226000 70946 0
1484548341.245077000 0 0
1484548341.259474000 0 0
1484548341.273438000 0 0
1484548341.282826000 0 0
1484548341.319482000 0 2553
1484548341.305586000 2553 0
1484548341.327123000 0 0
1484548344.417437000 0 0
1484548344.476431000 0 137
1484548344.487640000 0 0
1484548344.439209000 137 0
1484548344.485352000 0 0
1484548344.505675000 0 0
1484548344.518402000 0 0
1484548344.562179000 0 0
1484548344.572655000 0 6780
1484548344.584293000 0 0
1484548344.581964000 0 0
1484548344.595289000 0 0
1484548344.604922000 0 0
1484548311.354265000 0 0
1484548344.636801000 51 0
1484548382.405962000 0 0
1484548329.477974000 0 27805
1484548458.926903000 0 0
1484548459.635076000 0 0
1484548461.687251000 0 0
1484548461.691908000 0 0
1484548461.701592000 0 0
1484548431.374711000 0 0
1484548463.646464000 0 0
1484548471.385410000 0 0
1484548471.389542000 0 0
1484548471.393752000 0 0
1484548471.398242000 0 0
1484548471.402798000 0 0
1484548461.714020000 398 0
1484548461.717574000 282 0
1484548465.954259000 80 0
1484548465.965849000 638 0
1484548465.977969000 84 0
1484548466.182229000 368 0
1484548466.239600000 319 0
1484548466.254929000 445 0
1484548466.278365000 547 0
1484548466.313346000 291 0
1484548466.328008000 263 0
1484548466.347502000 182 0
1484548466.364113000 1220 0
1484548466.376122000 419 0
1484548466.385590000 182 0
1484548466.400309000 233 0
1484548466.416225000 134 0
1484548466.428047000 266 0
1484548466.438228000 270 0
1484548466.450799000 295 0
1484548466.469464000 119 0
1484548466.487802000 3693 0
1484548466.497024000 260 0
1484548466.507914000 772 0
1484548466.514141000 375 0
1484548466.522567000 260 0
1484548466.533524000 101 0
1484548466.538460000 230 0
1484548466.548438000 180 0
1484548466.559797000 281 0
1484548466.579068000 346 0
1484548466.589087000 321 0
1484548466.597417000 269 0
1484548525.533554000 0 7636
1484548525.541366000 0 0
1484548525.540239000 0 0
1484548585.906664000 0 0
1484548585.920841000 1942 2034
1484548585.934663000 0 0
1484548585.948645000 1876 1968
1484548585.958516000 0 0
1484548585.971060000 0 0
1484548585.974838000 70946 1410
1484548586.001504000 0 0
1484548586.017419000 1376 1464
1484548588.194750000 0 365
1484548588.204255000 0 0
1484548588.203061000 0 0
1484548589.727920000 0 307
1484548585.962052000 3304 0
1484548644.649846000 0 6784
1484548644.657438000 0 0
1484548644.656447000 0 0
1484548767.246346000 0 208787
1484548767.270458000 0 0
1484548767.269678000 0 0
1484548441.769123000 0 11484
1484548886.048516000 0 0
1484548886.051792000 3304 0
1484548944.675682000 0 7910
1484548944.683019000 0 0
1484548944.682217000 0 0
1484549186.076947000 0 0
1484549186.080402000 3304 0
1484549244.719061000 0 7910
1484549244.727952000 0 0
1484549244.726777000 0 0
1484548468.978456000 0 0
1484549357.786699000 0 0
1484549357.821726000 0 0
1484549357.839904000 0 0
1484549357.843052000 0 34276
1484549357.868295000 0 0
1484549357.874576000 0 0
1484549357.877547000 0 0
1484549357.826112000 0 0
1484549357.882066000 0 0
1484549357.936015000 0 0
1484549357.949934000 0 0
1484549247.962118000 0 0
1484549380.719627000 0 0
1484549486.107558000 0 0
1484549486.112637000 3304 0
1484549544.743198000 0 8211
1484549544.752042000 0 0
1484549544.751128000 0 0
1484549426.331614000 0 0
1484549552.804764000 0 0
1484549786.140387000 0 0
1484549701.718843000 0 0
1484549786.145350000 3304 0
1484549844.791132000 0 8211
1484549844.801672000 0 0
1484549844.799901000 0 0
1484550086.174022000 0 0
1484550086.195130000 3304 0
1484550144.835260000 0 8211
1484550144.846388000 0 0
1484550144.845065000 0 0
1484550386.234462000 0 0
1484550386.239169000 3304 0
1484550444.880147000 0 8211
1484550444.889204000 0 0
1484550444.888040000 0 0
1484548460.728413000 0 0
1484550527.292409000 263 0
1484550526.870141000 368 0
1484550526.914059000 319 0
1484550527.003418000 291 0
1484550527.934133000 0 0
1484549794.335564000 0 0
1484550597.944765000 0 0
1484550598.005856000 0 0
1484550598.012065000 0 0
1484550598.020693000 0 0
1484550598.026712000 282 0
1484550663.595938000 0 0
1484550686.281852000 0 0
1484550694.948293000 0 5412
1484550694.961190000 0 0
1484550694.959428000 0 0
1484550686.285219000 3304 0
1484548463.654926000 0 0
1484550528.926493000 0 0
1484548459.631439000 0 0
1484550744.790811000 0 0
1484550744.798125000 0 0
1484550744.802182000 0 0
1484550744.805953000 0 0
1484550744.810257000 0 0
1484550744.814139000 0 0
1484550744.794883000 0 0
1484550744.910585000 0 8211
1484550744.920532000 0 0
1484550744.918979000 0 0
1484550745.095417000 0 0
1484550744.743731000 0 0
1484550745.389253000 0 0
1484550745.394010000 0 0
1484550745.404297000 0 0
1484550744.745521000 0 0
1484550746.652925000 0 0
1484550744.800669000 368 0
1484550750.059529000 0 0
1484550744.804597000 319 0
1484550750.494284000 0 0
1484550744.878864000 226 0
1484550744.898677000 281 0
1484550744.904945000 134 0
1484550744.909257000 134 0
1484550744.923152000 134 0
1484550744.932801000 144 0
1484550744.937917000 134 0
1484550744.944094000 134 0
1484550744.956385000 134 0
1484550744.969747000 127 0
1484550744.974816000 122 0
1484550744.991947000 122 0
1484550745.031665000 133 0
1484550745.035699000 133 0
1484550745.039823000 134 0
1484550745.053069000 133 0
1484550745.073324000 133 0
1484550745.095214000 3524 0
1484550745.100319000 226 0
1484550745.110800000 113 0
1484550745.125743000 302 0
1484550745.414945000 398 0
1484550745.421329000 282 0
1484550747.174147000 80 0
1484550747.179456000 638 0
1484550747.184535000 84 0
1484550744.808772000 445 0
1484550744.812903000 547 0
1484550744.817384000 291 0
1484550744.819626000 263 0
1484550744.823447000 182 0
1484550744.836853000 1220 0
1484550744.827462000 419 0
1484550744.841798000 182 0
1484550744.845918000 233 0
1484550744.849904000 134 0
1484550744.858528000 266 0
1484550744.863841000 270 0
1484550744.868711000 295 0
1484550744.996618000 119 0
1484550745.001136000 3693 0
1484550745.005924000 260 0
1484550745.010386000 772 0
1484550745.014578000 375 0
1484550745.018631000 260 0
1484550745.022621000 101 0
1484550745.026743000 230 0
1484550745.076607000 180 0
1484550745.079723000 281 0
1484550745.129846000 346 0
1484550744.854180000 321 0
1484550744.831810000 269 0
1484550746.654608000 0 0
1484550745.227175000 0 0
1484550766.337331000 0 0
1484550745.152314000 0 0
1484550826.852050000 0 0
1484550826.933393000 0 0
1484550826.938588000 0 0
1484550826.942894000 0 0
1484550826.947037000 0 0
1484550826.950913000 0 0
1484550826.854596000 0 0
1484550826.935515000 0 0
1484550826.835738000 0 0
1484550826.836897000 0 0
1484550832.776526000 0 0
1484550829.102111000 0 825216
1484550842.503442000 0 0
1484550832.782983000 71042 5032
1484550826.858846000 368 0
1484550826.862825000 319 0
1484550826.866521000 445 0
1484550826.873377000 547 0
1484550826.875674000 291 0
1484550826.878113000 263 0
1484550826.880039000 182 0
1484550826.883339000 419 0
1484550826.886977000 269 0
1484550826.889330000 1220 0
1484550826.891839000 182 0
1484550826.893760000 233 0
1484550826.895752000 134 0
1484550826.897821000 321 0
1484550826.907539000 266 0
1484550826.910571000 270 0
1484550826.930109000 295 0
1484550826.956487000 226 0
1484550826.974802000 281 0
1484550826.978934000 134 0
1484550827.002543000 134 0
1484550827.004545000 134 0
1484550827.006773000 144 0
1484550827.008817000 134 0
1484550827.020479000 134 0
1484550827.022556000 134 0
1484550827.049504000 127 0
1484550827.053597000 122 0
1484550827.063610000 122 0
1484550827.070434000 119 0
1484550827.076846000 3693 0
1484550827.083013000 260 0
1484550827.088623000 772 0
1484550827.092828000 375 0
1484550827.096105000 260 0
1484550827.101078000 101 0
1484550827.105258000 230 0
1484550827.108531000 133 0
1484550827.114322000 133 0
1484550827.118336000 134 0
1484550827.122570000 133 0
1484550827.126430000 133 0
1484550827.131037000 180 0
1484550827.134683000 281 0
1484550827.139565000 3524 0
1484550827.143843000 226 0
1484550827.147169000 113 0
1484550827.157037000 302 0
1484550827.161451000 346 0
1484550856.969676000 0 0
1484550856.982551000 0 0
1484550869.512499000 0 0
1484550856.990084000 0 0
1484550870.380437000 0 234600
1484550874.163962000 0 0
1484550986.310816000 0 0
1484550986.317351000 3304 0
1484551044.987602000 0 8213
1484551044.999599000 0 0
1484551044.998033000 0 0
1484550856.976442000 2019 4286
1484550869.518060000 72175 7012
1484551195.871601000 0 0
1484551195.944991000 0 0
1484551196.211611000 0 0
1484551196.214165000 0 0
1484551196.221886000 0 0
1484551208.890585000 0 0
1484551196.225801000 398 0
1484551196.230420000 282 0
1484551222.303513000 0 0
1484551208.955678000 182 0
1484551209.394192000 0 0
1484551208.989834000 266 0
1484551209.440195000 0 0
1484551208.994396000 270 0
1484551209.448620000 0 0
1484551209.015209000 3693 0
1484551209.587937000 0 0
1484551209.029590000 772 0
1484551209.640641000 0 0
1484551209.063547000 281 0
1484551209.933895000 0 0
1484551208.896522000 80 0
1484551208.900943000 638 0
1484551208.905393000 84 0
1484551208.921990000 368 0
1484551208.927883000 319 0
1484551208.935399000 445 0
1484551208.939024000 547 0
1484551208.944135000 291 0
1484551208.949795000 263 0
1484551208.960180000 1220 0
1484551208.965711000 419 0
1484551208.971089000 182 0
1484551208.974747000 233 0
1484551208.980636000 134 0
1484551209.001856000 295 0
1484551209.008345000 119 0
1484551209.022963000 260 0
1484551209.036298000 375 0
1484551209.040823000 260 0
1484551209.047459000 101 0
1484551209.051911000 230 0
1484551209.058962000 180 0
1484551209.069849000 346 0
1484551209.073439000 321 0
1484551209.080134000 269 0
1484551247.369403000 0 0
1484551248.433394000 0 0
1484551249.901477000 282 0
1484551286.358054000 0 0
1484551286.365519000 3304 0
1484551246.275906000 0 0
1484551196.095171000 0 0
1484551385.770667000 263 0
1484551386.921299000 0 0
1484551404.292693000 0 0
1484551428.927085000 0 0
1484551465.759111000 0 0
1484551496.305924000 0 8213
1484551496.316502000 0 0
1484551496.314997000 0 0
1484551503.028402000 0 0
1484551518.624561000 0 0
1484551533.230574000 0 0
1484551546.081974000 0 0
1484551556.929548000 0 0
1484551569.139314000 0 0
1484551584.392517000 0 0
1484551586.403284000 0 0
1484551588.456260000 0 370
1484551588.471441000 0 0
1484551588.469178000 0 0
1484551586.410736000 3304 0
1484551661.977445000 0 0
1484551705.156523000 0 0
1484551735.242369000 0 0
1484551774.897719000 0 0
1484551796.365299000 0 8213
1484551796.375801000 0 0
1484551796.374256000 0 0
1484551801.658022000 0 0
1484551465.766116000 73159 9821
1484551208.889066000 0 0
1484551387.493265000 0 0
1484551195.942707000 0 0
1484551830.670733000 0 0
1484551830.675396000 0 0
1484551830.678410000 0 0
1484551830.681361000 0 0
1484551830.684250000 0 0
1484551830.686984000 0 0
1484551830.653922000 0 0
1484551830.673268000 0 0
1484551830.654924000 0 0
1484551830.677456000 368 0
1484551830.682204000 319 0
1484551830.685900000 445 0
1484551830.689807000 547 0
1484551830.693896000 291 0
1484551830.697719000 263 0
1484551830.701014000 182 0
1484551830.705055000 419 0
1484551830.709322000 269 0
1484551830.711169000 1220 0
1484551830.715532000 182 0
1484551830.719626000 233 0
1484551830.722223000 134 0
1484551830.726487000 321 0
1484551830.731214000 266 0
1484551830.735511000 270 0
1484551830.739902000 295 0
1484551830.743825000 226 0
1484551830.747297000 281 0
1484551830.753349000 134 0
1484551830.758472000 134 0
1484551830.762846000 134 0
1484551830.767188000 144 0
1484551830.771144000 134 0
1484551830.775043000 134 0
1484551830.779646000 134 0
1484551830.784457000 127 0
1484551830.788807000 122 0
1484551830.793366000 122 0
1484551830.798007000 119 0
1484551830.802999000 3693 0
1484551830.808605000 260 0
1484551830.815177000 772 0
1484551830.820526000 375 0
1484551830.826156000 260 0
1484551830.831602000 101 0
1484551830.837023000 230 0
1484551830.841859000 133 0
1484551830.846686000 133 0
1484551830.851444000 134 0
1484551830.856347000 133 0
1484551830.861040000 133 0
1484551830.865102000 180 0
1484551831.008888000 281 0
1484551831.016496000 3524 0
1484551831.025037000 226 0
1484551831.033800000 113 0
1484551831.039844000 302 0
1484551831.045047000 346 0
1484551843.123472000 0 0
1484551843.128008000 0 0
1484551843.138237000 0 0
1484551843.151365000 0 0
1484551843.275969000 0 0
1484551843.280657000 0 0
1484551843.285307000 0 0
1484551843.289915000 0 0
1484551843.310247000 0 0
1484551843.315154000 0 0
1484551843.335015000 0 0
1484551843.339258000 0 0
1484551843.361104000 0 0
1484551843.365294000 0 0
1484551843.516803000 0 0
1484551844.317237000 0 0
1484551844.319581000 0 0
1484551844.542135000 0 0
1484551844.751931000 0 0
1484551844.754409000 0 0
1484551844.757056000 0 0
1484551844.762666000 0 0
1484551844.765106000 0 0
1484551844.767309000 0 0
1484551844.774324000 0 0
1484551844.776607000 0 0
1484551844.783368000 0 0
1484551844.785637000 0 0
1484551846.132945000 0 535739
1484551846.191286000 0 0
1484551842.973325000 535227 0
1484551846.189023000 0 0
1484551824.271547000 0 791928
1484551859.155916000 0 0
1484551825.340325000 0 62700
1484551843.321517000 282 0
1484551843.146797000 554 0
1484551843.261726000 504 0
1484551843.296518000 504 0
1484551843.345991000 398 0
1484551886.449998000 0 0
1484551888.486446000 0 365
1484551888.501210000 0 0
1484551888.499011000 0 0
1484551886.457206000 3304 0
1484551844.246548000 0 0
1484551918.934072000 0 0
1484551918.972501000 0 0
1484551919.223363000 0 0
1484551919.226109000 0 0
1484551919.233940000 0 0
1484551919.262757000 0 0
1484551919.266227000 0 0
1484551920.339403000 0 0
1484551919.082398000 0 0
1484551920.603707000 291 0
1484551922.121786000 0 0
1484551919.239964000 398 0
1484551919.243227000 282 0
1484551920.557928000 80 0
1484551920.562159000 638 0
1484551920.567763000 84 0
1484551920.586917000 368 0
1484551920.590394000 319 0
1484551920.594800000 445 0
1484551920.598441000 547 0
1484551920.611341000 182 0
1484551920.614363000 1220 0
1484551920.617826000 419 0
1484551920.623003000 182 0
1484551920.629642000 233 0
1484551920.632813000 134 0
1484551920.639424000 266 0
1484551920.643203000 270 0
1484551920.648073000 295 0
1484551920.651696000 119 0
1484551920.655329000 3693 0
1484551920.664630000 260 0
1484551920.668065000 772 0
1484551920.671755000 375 0
1484551920.675525000 260 0
1484551920.678749000 101 0
1484551920.681889000 230 0
1484551920.687713000 180 0
1484551920.691655000 281 0
1484551920.695779000 346 0
1484551920.701293000 321 0
1484551920.705950000 269 0
1484551922.081106000 0 0
1484551920.607481000 263 0
1484551920.348748000 0 0
1484551923.236925000 0 0
1484551918.970196000 0 0
1484551975.999174000 0 0
1484551976.050495000 0 0
1484551976.056326000 0 0
1484551976.052551000 0 0
1484551976.060873000 0 0
1484551976.065997000 0 0
1484551976.070712000 0 0
1484551976.002149000 0 0
1484551975.982492000 0 0
1484551975.983429000 0 0
1484551981.774171000 0 0
1484551981.786987000 0 0
1484551981.794070000 0 0
1484551976.004764000 368 0
1484551976.008429000 319 0
1484551976.010812000 445 0
1484551976.013201000 547 0
1484551976.015600000 291 0
1484551976.020023000 263 0
1484551976.022346000 182 0
1484551976.024272000 419 0
1484551976.026472000 269 0
1484551976.028837000 1220 0
1484551976.033016000 182 0
1484551976.035022000 233 0
1484551976.036889000 134 0
1484551976.038964000 321 0
1484551976.042096000 266 0
1484551976.045362000 270 0
1484551976.048602000 295 0
1484551976.054673000 226 0
1484551976.057908000 281 0
1484551976.067012000 134 0
1484551976.070221000 134 0
1484551976.075914000 134 0
1484551976.078520000 144 0
1484551976.080979000 134 0
1484551976.083443000 134 0
1484551976.085978000 134 0
1484551976.091475000 127 0
1484551976.093909000 122 0
1484551976.096378000 122 0
1484551976.098934000 119 0
1484551976.104135000 3693 0
1484551976.107409000 260 0
1484551976.109536000 772 0
1484551976.113671000 375 0
1484551976.116234000 260 0
1484551976.118746000 101 0
1484551976.120717000 230 0
1484551976.123080000 133 0
1484551976.127683000 133 0
1484551976.130290000 134 0
1484551976.133015000 133 0
1484551976.135144000 133 0
1484551976.137182000 180 0
1484551976.139180000 281 0
1484551976.141806000 3524 0
1484551976.145047000 226 0
1484551976.147124000 113 0
1484551976.149088000 302 0
1484551976.151648000 346 0
1484552096.421773000 0 8214
1484552096.434153000 0 0
1484552096.432417000 0 0
1484552186.491353000 0 0
1484552186.496423000 3304 0
1484552232.610924000 0 0
1484552232.653458000 0 0
1484552232.852367000 0 0
1484552232.855538000 0 0
1484552232.863487000 0 0
1484552234.421898000 0 0
1484552247.222405000 0 0
1484552234.537774000 270 0
1484552235.670583000 0 0
1484552234.565780000 772 0
1484552235.701789000 0 0
1484552234.597159000 281 0
1484552235.778683000 0 0
1484552251.377551000 0 0
1484552251.546333000 0 0
1484552232.869511000 398 0
1484552232.874754000 282 0
1484552234.428650000 80 0
1484552234.432979000 638 0
1484552234.437888000 84 0
1484552234.456607000 368 0
1484552234.464040000 319 0
1484552234.470474000 445 0
1484552234.476470000 547 0
1484552234.482502000 291 0
1484552234.488754000 263 0
1484552234.495238000 182 0
1484552234.501229000 1220 0
1484552234.507836000 419 0
1484552234.513619000 182 0
1484552234.519341000 233 0
1484552234.525163000 134 0
1484552234.532036000 266 0
1484552234.544020000 295 0
1484552234.548268000 119 0
1484552234.554013000 3693 0
1484552234.561827000 260 0
1484552234.571275000 375 0
1484552234.575300000 260 0
1484552234.579140000 101 0
1484552234.583915000 230 0
1484552234.590348000 180 0
1484552234.604080000 346 0
1484552234.609464000 321 0
1484552234.616300000 269 0
1484552250.269129000 0 0
1484552396.470639000 0 8215
1484552396.482323000 0 0
1484552396.480731000 0 0
1484552486.530930000 0 0
1484552486.536707000 3304 0
1484551981.780727000 2154 4434
1484552696.521657000 0 8215
1484552696.534557000 0 0
1484552696.532826000 0 0
1484552786.568507000 0 0
1484552786.575748000 3304 0
1484552996.561064000 0 8215
1484552996.572153000 0 0
1484552996.570609000 0 0
1484553086.617638000 0 0
1484553086.623016000 3304 0
1484553214.164174000 0 0
1484553214.206409000 0 0
1484553214.210406000 0 0
1484553214.220837000 0 0
1484553214.229626000 398 0
1484553296.614139000 0 8215
1484553296.628113000 0 0
1484553296.625799000 0 0
1484553214.104084000 0 0
1484553386.666249000 0 0
1484553386.673649000 3304 0
1484553511.446184000 282 0
1484553596.656991000 0 8215
1484553596.668571000 0 0
1484553596.666936000 0 0
1484553633.659464000 0 0
1484553633.664296000 0 0
1484553686.824050000 0 0
1484553686.829537000 3304 0
1484553986.859651000 0 0
1484554005.626259000 0 8215
1484554005.637016000 0 0
1484554005.635694000 0 0
1484553986.866846000 3304 0
1484554030.615230000 0 0
1484554030.630262000 0 0
1484554030.639384000 0 0
1484554286.898460000 0 0
1484554305.628974000 0 8216
1484554305.640752000 0 0
1484554305.639252000 0 0
1484554286.905565000 3304 0
1484554315.125944000 0 0
1484554315.251436000 0 0
1484554315.255454000 0 0
1484554315.265976000 0 0
1484554315.278870000 0 0
1484554317.316533000 0 0
1484554317.319799000 0 0
1484554314.157237000 230 0
1484554315.147805000 0 0
1484554315.274866000 282 0
1484554315.139448000 0 0
1484554317.326135000 398 0
1484554408.665486000 0 0
1484554408.669584000 0 0
1484554408.678133000 0 0
1484554408.683664000 0 0
1484554408.727138000 0 0
1484554408.715707000 0 0
1484554427.295093000 0 0
1484554427.324507000 0 0
1484554427.357909000 0 0
1484554427.317716000 0 0
1484554408.682347000 282 0
1484554030.622969000 2228 4582
1484554586.939997000 0 0
1484554605.685418000 0 8216
1484554605.698759000 0 0
1484554605.697044000 0 0
1484554586.947806000 3304 0
1484554315.327407000 0 0
1484554886.978130000 0 0
1484554905.726581000 0 8216
1484554905.738190000 0 0
1484554905.736829000 0 0
1484554886.983372000 3304 0
1484555187.014558000 0 0
1484555205.784608000 0 8216
1484555205.796884000 0 0
1484555205.795342000 0 0
1484555187.019715000 3304 0
1484555432.241381000 0 0
1484555432.256761000 0 0
1484555432.266071000 0 0
1484555455.568764000 0 0
1484555455.582929000 0 0
1484555455.648661000 0 0
1484555455.653416000 0 0
1484555455.663854000 0 0
1484555455.677236000 0 0
1484555458.003503000 0 0
1484555458.007232000 0 0
1484555455.592176000 230 0
1484555455.672887000 282 0
1484555455.794737000 0 0
1484555458.013982000 398 0
1484555487.175450000 0 0
1484555505.822346000 0 8216
1484555505.834971000 0 0
1484555505.833418000 0 0
1484555487.180882000 3304 0
1484555787.222140000 0 0
1484555805.883141000 0 8216
1484555805.894961000 0 0
1484555805.893550000 0 0
1484555787.227509000 3304 0
1484556087.262336000 0 0
1484555432.249900000 2302 4730
1484556087.267235000 3304 0
1484556197.517168000 0 8216
1484556197.528108000 0 0
1484556197.526848000 0 0
1484556213.220612000 0 0
1484556213.282322000 0 0
1484556213.286804000 0 0
1484556213.297353000 0 0
1484556213.306270000 398 0
1484556302.861960000 0 0
1484556302.882735000 0 0
1484556302.910171000 0 0
1484556302.912745000 0 0
1484556302.912797000 0 0
1484556302.920682000 0 0
1484556302.921660000 0 0
1484556302.905127000 0 0
1484556302.929179000 282 0
1484556387.298607000 0 0
1484556387.306458000 3304 0
1484556497.566055000 0 8216
1484556497.578018000 0 0
1484556497.576536000 0 0
1484556687.349952000 0 0
1484556687.356313000 3304 0
1484556787.109414000 0 0
1484556787.196987000 0 0
1484556787.202214000 0 0
1484556787.213063000 0 0
1484556787.225930000 0 0
1484556797.609821000 0 8216
1484556797.620851000 0 0
1484556797.619309000 0 0
1484556787.118370000 230 0
1484556787.222345000 282 0
1484555455.729338000 0 0
1484556987.387952000 0 0
1484556987.393584000 3304 0
1484557097.647293000 0 8216
1484557097.657123000 0 0
1484557097.656300000 0 0
1484557287.820736000 0 0
1484557287.826334000 3304 0
1484557587.869335000 0 0
1484557587.874738000 3304 0
1484557887.912962000 0 0
1484557887.918652000 3304 0
1484558187.963956000 0 0
1484558188.042479000 3304 0
1484558488.092588000 0 0
1484558488.098460000 3304 0
1484558788.132655000 0 0
1484558788.138804000 3304 0
1484559088.574359000 0 0
1484559088.580407000 3304 0
1484559388.614078000 0 0
1484559388.619288000 3304 0
1484559396.068940000 0 0
1484559396.083353000 0 0
1484559688.655023000 0 0
1484559688.662763000 3304 0
1484559988.698378000 0 0
1484559988.706770000 3304 0
1484560186.051441000 0 8219
1484560186.064977000 0 0
1484560186.063245000 0 0
1484560288.750615000 0 0
1484560288.759119000 3304 0
1484560442.407897000 0 0
1484560442.422457000 0 0
1484560442.430415000 0 0
1484560486.019292000 0 0
1484560486.093097000 0 8219
1484560486.104483000 0 0
1484560486.102969000 0 0
1484560486.111503000 0 0
1484560486.114593000 0 0
1484560486.123699000 0 0
1484560486.133763000 0 0
1484560489.078626000 0 0
1484560489.083499000 0 0
1484560486.042926000 0 0
1484560486.131203000 282 0
1484560486.032849000 230 0
1484560489.091112000 398 0
1484560571.836775000 0 0
1484560571.840432000 0 0
1484560571.848491000 0 0
1484560571.870657000 0 0
1484560571.896304000 0 0
1484560571.889149000 0 0
1484560582.600487000 0 0
1484560582.625431000 0 0
1484560582.630902000 0 0
1484560582.637478000 0 0
1484560582.651683000 0 0
1484560582.670430000 0 0
1484560582.684824000 0 0
1484560582.694399000 0 0
1484560582.709434000 0 0
1484560582.719097000 0 0
1484560582.733659000 0 0
1484560582.743580000 0 0
1484560582.755191000 0 0
1484560582.776659000 0 0
1484560582.791380000 0 0
1484560582.807670000 0 0
1484560582.829923000 0 0
1484560582.851602000 0 0
1484560582.861424000 0 0
1484560582.871709000 0 0
1484560582.881970000 0 0
1484560582.893250000 0 0
1484560582.904264000 0 0
1484560582.915178000 0 0
1484560582.929616000 0 0
1484560582.939372000 0 0
1484560582.950462000 0 0
1484560582.957878000 0 0
1484560582.966355000 0 0
1484560588.802739000 0 0
1484560582.976167000 0 0
1484560589.583162000 0 0
1484560571.854476000 282 0
1484560605.378151000 0 0
1484560605.408359000 0 0
1484560605.446041000 0 0
1484560605.448767000 0 0
1484560605.400006000 0 0
1484560611.198973000 0 0
1484560612.020383000 0 0
1484560612.033457000 0 0
1484560612.052141000 0 0
1484560612.067424000 0 0
1484560612.077325000 0 0
1484560612.092118000 0 0
1484560612.101742000 0 0
1484560612.116861000 0 0
1484560612.126686000 0 0
1484560612.137942000 0 0
1484560612.158588000 0 0
1484560612.173147000 0 0
1484560612.189297000 0 0
1484560612.211512000 0 0
1484560612.233784000 0 0
1484560612.243896000 0 0
1484560612.254560000 0 0
1484560612.265077000 0 0
1484560612.276567000 0 0
1484560612.287999000 0 0
1484560612.299327000 0 0
1484560612.314750000 0 0
1484560612.325064000 0 0
1484560612.336453000 0 0
1484560612.346443000 0 0
1484560612.357194000 0 0
1484560588.807944000 3304 0
1484560612.372054000 0 0
1484560615.475477000 0 0
1484560615.478133000 0 0
1484560615.481006000 0 0
1484560786.143849000 0 8219
1484560786.158942000 0 0
1484560786.156694000 0 0
1484560442.415733000 2376 7410
1484560888.957177000 0 0
1484560888.965121000 3304 0
1484561086.190541000 0 8219
1484561086.202434000 0 0
1484561086.200815000 0 0
1484561188.996791000 0 0
1484561195.844982000 0 0
1484561195.931882000 0 0
1484561195.936704000 0 0
1484561189.001534000 3304 0
1484561195.854410000 230 0
1484561195.987830000 0 0
1484561196.001020000 0 0
1484561195.997059000 282 0
1484561218.755798000 0 0
1484561218.806623000 0 0
1484561218.810433000 0 0
1484561218.820551000 0 0
1484561218.829556000 398 0
1484561386.235863000 0 8219
1484561386.250880000 0 0
1484561386.248626000 0 0
1484561489.036878000 0 0
1484561489.042643000 3304 0
1484561759.850004000 0 8219
1484561759.865158000 0 0
1484561759.862908000 0 0
1484561789.074685000 0 0
1484561789.080632000 3304 0
1484561986.093149000 0 0
1484561986.152262000 0 0
1484561986.156916000 0 0
1484561986.167754000 0 0
1484561986.176727000 398 0
1484562059.891799000 0 8219
1484562059.905369000 0 0
1484562059.903549000 0 0
1484562089.111512000 0 0
1484562089.116972000 3304 0
1484562219.896381000 0 0
1484562219.906197000 0 0
1484562219.962432000 0 0
1484562219.966472000 0 0
1484562219.976097000 0 0
1484562219.988198000 0 0
1484562219.913319000 230 0
1484562219.984197000 282 0
1484560486.289010000 0 0
1484562359.940571000 0 8219
1484562359.953210000 0 0
1484562359.951691000 0 0
1484562389.150332000 0 0
1484562389.156522000 3304 0
1484562659.991289000 0 8219
1484562660.006283000 0 0
1484562660.004099000 0 0
1484562689.591359000 0 0
1484562689.599533000 3304 0
1484562918.346966000 0 0
1484562918.436386000 0 0
1484562918.441046000 0 0
1484562918.451774000 0 0
1484562918.464933000 0 0
1484562920.617653000 0 0
1484562920.622048000 0 0
1484562918.356204000 230 0
1484562918.460844000 282 0
1484562918.789974000 0 0
1484562920.626297000 398 0
1484562960.038255000 0 8219
1484562960.050665000 0 0
1484562960.048984000 0 0
1484562989.635080000 0 0
1484562989.642949000 3304 0
1484563260.093221000 0 8219
1484563260.107589000 0 0
1484563260.105288000 0 0
1484563289.676883000 0 0
1484563289.682545000 3304 0
1484562918.577269000 0 0
1484563560.137273000 0 8219
1484563560.150421000 0 0
1484563560.148925000 0 0
1484563589.717418000 0 0
1484563589.722584000 3304 0
1484563889.761035000 0 0
1484563889.766889000 3304 0
1484564027.199895000 0 8219
1484564027.210553000 0 0
1484564027.209434000 0 0
1484564189.800865000 0 0
1484564189.808829000 3304 0
1484564327.240805000 0 8219
1484564327.253720000 0 0
1484564327.252203000 0 0
1484564490.067455000 0 0
1484564490.075182000 3304 0
1484564499.073959000 282 0
1484564627.296607000 0 8219
1484564627.309469000 0 0
1484564627.307812000 0 0
1484564790.114964000 0 0
1484564764.415999000 564 0
1484564790.120895000 3304 0
1484564897.038661000 282 0
1484564927.358208000 0 8219
1484564927.372466000 0 0
1484564927.370727000 0 0
1484565009.985899000 282 0
1484565090.160231000 0 0
1484565090.164293000 3304 0
1484565095.300913000 282 0
1484565227.403958000 0 8219
1484565227.416640000 0 0
1484565227.414921000 0 0
1484565390.193628000 0 0
1484565390.200944000 3304 0
1484565527.437510000 0 8219
1484565527.449968000 0 0
1484565527.448248000 0 0
1484565532.316375000 282 0
1484565690.241909000 0 0
1484565690.245392000 3304 0
1484565827.479094000 0 8219
1484565827.493929000 0 0
1484565827.491776000 0 0
1484565866.995432000 282 0
1484565938.221978000 0 0
1484565938.227825000 0 0
1484565948.196764000 282 0
1484565990.288590000 0 0
1484565990.304526000 3304 0
1484566127.522451000 0 8219
1484566127.536478000 0 0
1484566127.534184000 0 0
1484566290.399711000 0 0
1484566290.404992000 3304 0
1484566299.859765000 282 0
1484566427.576405000 0 8219
1484566427.590483000 0 0
1484566427.588238000 0 0
1484566590.444562000 0 0
1484566590.452469000 3304 0
1484566657.830170000 282 0
1484566727.610672000 0 8219
1484566727.626057000 0 0
1484566727.623806000 0 0
1484566890.483067000 0 0
1484566890.490696000 3304 0
1484567027.651538000 0 8219
1484567027.664590000 0 0
1484567027.662863000 0 0
1484567190.530230000 0 0
1484567190.535670000 3304 0
1484567284.556523000 282 0
1484567327.694645000 0 8219
1484567327.708472000 0 0
1484567327.706717000 0 0
1484567382.939082000 282 0
1484567490.577854000 0 0
1484567489.081338000 282 0
1484567490.585937000 3304 0
1484567627.740475000 0 8219
1484567627.756015000 0 0
1484567627.753751000 0 0
1484567790.615421000 0 0
1484567775.515471000 282 0
1484567790.622543000 3304 0
1484567927.784340000 0 8219
1484567927.798726000 0 0
1484567927.796445000 0 0
1484567930.512029000 282 0
1484568043.997512000 282 0
1484568090.699790000 0 0
1484568090.706380000 3304 0
1484568147.137463000 0 0
1484568147.201307000 0 0
1484568147.205260000 0 0
1484568147.214799000 0 0
1484568147.219348000 282 0
1484568227.827502000 0 8219
1484568227.840170000 0 0
1484568227.838502000 0 0
1484568390.749663000 0 0
1484568390.755736000 3304 0
1484568527.868943000 0 8219
1484568527.883805000 0 0
1484568527.881542000 0 0
1484568690.790250000 0 0
1484568690.796682000 3304 0
1484568827.905908000 0 8219
1484568827.921417000 0 0
1484568827.919171000 0 0
1484568990.836707000 0 0
1484568990.842029000 3304 0
1484569127.944338000 0 8219
1484569127.959059000 0 0
1484569127.956818000 0 0
1484569235.827489000 282 0
1484569290.881204000 0 0
1484569290.886834000 3304 0
1484569316.969805000 282 0
1484569427.989738000 0 8219
1484569428.001828000 0 0
1484569428.000276000 0 0
1484569526.588208000 282 0
1484569590.930704000 0 0
1484569590.936465000 3304 0
1484569650.062443000 564 0
1484569728.037138000 0 8219
1484569728.051583000 0 0
1484569728.049283000 0 0
1484569783.923851000 0 0
1484569783.938778000 0 0
1484569783.931696000 2502 0
1484569783.946785000 0 0
1484569814.564885000 0 0
1484569891.010935000 0 0
1484569891.734181000 0 0
1484569906.419209000 0 536432
1484569906.478814000 0 0
1484569906.476981000 0 0
1484569891.015291000 3304 0
1484569911.481689000 282 0
1484569935.992287000 0 537067
1484569936.052498000 0 0
1484569936.050230000 0 0
1484569955.072914000 0 537702
1484569955.132263000 0 0
1484569955.130525000 0 0
1484569939.986424000 564 0
1484570028.094463000 0 8219
1484570028.103606000 0 0
1484570028.102041000 0 0
1484570191.047611000 0 0
1484570191.053649000 3304 0
1484569784.020735000 0 7230
1484570328.149112000 0 8219
1484570328.161376000 0 0
1484570328.159837000 0 0
1484570391.218366000 282 0
1484570491.094907000 0 0
1484570491.100824000 3304 0
1484570628.192731000 0 8219
1484570628.205064000 0 0
1484570628.203443000 0 0
1484570791.134719000 0 0
1484570791.142485000 3304 0
1484571052.475036000 0 8219
1484571052.489861000 0 0
1484571052.487602000 0 0
1484571091.172480000 0 0
1484571091.177789000 3304 0
1484552234.427363000 0 0
1484552232.718841000 0 0
1484552232.651273000 0 0
1484571133.763485000 0 0
1484571133.778089000 0 0
1484571133.782914000 0 0
1484571133.787851000 0 0
1484571133.792037000 0 0
1484571133.796923000 0 0
1484571133.770735000 0 0
1484571133.731153000 0 0
1484571133.732248000 0 0
1484551250.135360000 0 0
1484571133.787245000 368 0
1484571133.800104000 319 0
1484571133.815453000 445 0
1484571133.829056000 547 0
1484571133.844799000 291 0
1484571133.913304000 263 0
1484571133.931627000 182 0
1484571133.977082000 419 0
1484571133.988733000 269 0
1484571134.005607000 1220 0
1484571134.038098000 182 0
1484571134.065878000 233 0
1484571134.084030000 134 0
1484571134.098180000 321 0
1484571134.107505000 266 0
1484571134.132241000 270 0
1484571134.291573000 295 0
1484571134.308240000 226 0
1484571134.412171000 281 0
1484571134.442862000 134 0
1484571134.459546000 134 0
1484571134.474984000 134 0
1484571134.493160000 144 0
1484571134.518214000 134 0
1484571134.526268000 134 0
1484571134.543634000 134 0
1484571134.559259000 127 0
1484571134.566734000 122 0
1484571134.579936000 122 0
1484571134.610874000 119 0
1484571134.658682000 3693 0
1484571134.679095000 260 0
1484571134.693443000 772 0
1484571134.707814000 375 0
1484571134.722949000 260 0
1484571134.742760000 101 0
1484571134.749362000 230 0
1484571134.757180000 133 0
1484571134.763757000 133 0
1484571134.771397000 134 0
1484571134.785151000 133 0
1484571134.797656000 133 0
1484571134.857248000 180 0
1484571134.876869000 281 0
1484571134.897348000 3524 0
1484571134.913814000 226 0
1484571134.933831000 113 0
1484571134.946573000 302 0
1484571134.961620000 346 0
1484571352.516840000 0 8219
1484571352.529097000 0 0
1484571352.527548000 0 0
1484571391.211475000 0 0
1484571391.219326000 3304 0
1484571559.314523000 0 0
1484571559.408189000 0 0
1484571559.579969000 0 0
1484571559.583377000 0 0
1484571559.592261000 0 0
1484571559.620222000 0 0
1484571559.622835000 0 0
1484571564.716782000 0 0
1484571564.720678000 0 0
1484571564.726120000 0 0
1484571564.731272000 0 0
1484571564.736828000 0 0
1484571564.742905000 0 0
1484571562.786719000 0 0
1484571559.601454000 398 0
1484571559.606827000 282 0
1484571652.556057000 0 8219
1484571652.568841000 0 0
1484571652.567278000 0 0
1484571691.292454000 0 0
1484571691.296849000 3304 0
1484571760.150665000 0 0
1484571760.156498000 0 0
1484571952.578392000 0 8219
1484571952.588472000 0 0
1484571952.587539000 0 0
1484571991.323755000 0 0
1484571571.162251000 0 0
1484571991.924907000 0 0
1484571991.327022000 3304 0
1484572010.560360000 0 0
1484572252.612808000 0 8219
1484572252.643603000 0 0
1484572252.642944000 0 0
1484572291.354234000 0 0
1484572291.360314000 3304 0
1484572041.408348000 0 0
1484572496.494714000 0 0
1484572496.521796000 0 0
1484572496.551328000 0 0
1484572496.552845000 0 0
1484572496.556072000 0 0
1484572496.556075000 0 0
1484572496.651746000 0 0
1484572496.543658000 0 0
1484572496.664507000 282 0
1484572552.661841000 0 8219
1484572552.674440000 0 0
1484572552.672687000 0 0
1484572591.390592000 0 0
1484572591.415591000 0 470
1484572591.434446000 0 0
1484572591.432362000 0 0
1484572591.398608000 3304 0
1484572804.640810000 0 0
1484572804.817593000 0 0
1484572804.823337000 0 0
1484572804.834253000 0 0
1484572805.342750000 0 0
1484572805.347136000 0 0
1484572805.359617000 0 0
1484572805.364549000 0 0
1484572805.256822000 0 0
1484572805.443404000 0 0
1484572805.534751000 0 0
1484572805.539713000 0 0
1484572805.542582000 0 0
1484572804.843603000 282 0
1484572805.371551000 398 0
1484572805.427099000 82 0
1484572805.446483000 464 0
1484572805.518781000 440 0
1484572805.528436000 921 0
1484572805.591600000 0 0
1484572805.539208000 0 0
1484572805.549091000 321 0
1484572805.555001000 710 0
1484572805.573465000 4096 0
1484572805.589414000 554 0
1484572805.639332000 0 0
1484572805.643099000 0 0
1484572805.656627000 0 0
1484572805.660177000 0 0
1484572805.664287000 0 0
1484572805.668358000 0 0
1484572805.749086000 0 0
1484572805.618893000 504 0
1484572805.756771000 0 0
1484572805.421574000 432 0
1484572805.618946000 4096 0
1484572805.698863000 504 0
1484572805.696498000 821 0
1484572805.769618000 0 0
1484572805.727008000 230 0
1484572805.773041000 0 0
1484572805.760970000 554 0
1484572805.777324000 0 0
1484572805.764509000 432 0
1484572805.767229000 464 0
1484572805.780272000 504 0
1484572805.790461000 0 0
1484572805.793217000 0 0
1484572805.796296000 0 0
1484572805.798635000 0 0
1484572805.802024000 0 0
1484572805.806157000 0 0
1484572805.798821000 504 0
1484572805.838255000 481 0
1484572805.853093000 486 0
1484572805.942308000 473 0
1484572805.951328000 478 0
1484572805.627098000 432 0
1484572852.710110000 0 8219
1484572852.722071000 0 0
1484572852.720459000 0 0
1484572891.436684000 0 0
1484572891.460775000 0 365
1484572891.476167000 0 0
1484572891.474323000 0 0
1484572891.444398000 3304 0
1484573152.757628000 0 8219
1484573152.772092000 0 0
1484573152.769795000 0 0
1484573191.479884000 0 0
1484573191.485298000 3304 0
1484573452.773991000 0 8219
1484573452.783911000 0 0
1484573452.783056000 0 0
1484573491.554805000 0 0
1484573494.459866000 0 0
1484571559.469737000 0 0
1484572350.474949000 0 0
1484571559.405376000 0 0
1484573503.003821000 0 0
1484573503.088420000 0 0
1484573503.091916000 0 0
1484573503.095146000 0 0
1484573503.089620000 0 0
1484573503.112631000 0 0
1484573503.174927000 0 0
1484573503.007332000 0 0
1484573502.989937000 0 0
1484573502.993083000 0 0
1484573491.563193000 3304 0
1484573503.012272000 368 0
1484573503.018659000 319 0
1484573503.022981000 445 0
1484573503.027943000 547 0
1484573503.032946000 291 0
1484573503.037592000 263 0
1484573503.041823000 182 0
1484573503.046239000 419 0
1484573503.050825000 269 0
1484573503.056185000 1220 0
1484573503.060916000 182 0
1484573503.065016000 233 0
1484573503.069770000 134 0
1484573503.073765000 321 0
1484573503.077717000 266 0
1484573503.082535000 270 0
1484573503.086984000 295 0
1484573503.093040000 226 0
1484573503.096985000 281 0
1484573503.107063000 134 0
1484573503.115495000 134 0
1484573503.124411000 134 0
1484573503.133932000 144 0
1484573503.142364000 134 0
1484573503.150892000 134 0
1484573503.160181000 134 0
1484573503.169557000 127 0
1484573503.177825000 122 0
1484573503.189217000 122 0
1484573503.199418000 119 0
1484573503.209249000 3693 0
1484573503.219056000 260 0
1484573503.228115000 772 0
1484573503.232611000 375 0
1484573503.236787000 260 0
1484573503.102016000 101 0
1484573503.111149000 230 0
1484573503.120154000 133 0
1484573503.129257000 133 0
1484573503.138197000 134 0
1484573503.146707000 133 0
1484573503.155312000 133 0
1484573503.164506000 180 0
1484573503.173430000 281 0
1484573503.183308000 3524 0
1484573503.193853000 226 0
1484573503.204387000 113 0
1484573503.214496000 302 0
1484573503.223168000 346 0
1484573752.842597000 0 8219
1484573752.855552000 0 0
1484573752.853860000 0 0
1484573791.600297000 0 0
1484573791.605517000 3304 0
1484573880.113562000 0 0
1484573880.150599000 0 0
1484573880.305798000 0 0
1484573880.308797000 0 0
1484573880.316841000 0 0
1484573880.353732000 0 0
1484573880.356534000 0 0
1484573881.411119000 0 0
1484573883.853648000 0 0
1484573883.857913000 0 0
1484573892.687133000 0 0
1484573892.691850000 0 0
1484573892.694994000 0 0
1484573892.700158000 0 0
1484573892.704916000 0 0
1484573892.710613000 0 0
1484573880.327922000 398 0
1484573880.334237000 282 0
1484573881.506301000 80 0
1484573881.523077000 638 0
1484573881.543395000 84 0
1484573881.561560000 368 0
1484573881.565402000 319 0
1484573881.569763000 445 0
1484573881.573439000 547 0
1484573881.579346000 291 0
1484573881.584275000 263 0
1484573881.590563000 182 0
1484573881.596568000 1220 0
1484573881.602029000 419 0
1484573881.607842000 182 0
1484573881.610838000 233 0
1484573881.616546000 134 0
1484573881.621491000 266 0
1484573881.624988000 270 0
1484573881.631241000 295 0
1484573881.636918000 119 0
1484573881.643259000 3693 0
1484573881.648911000 260 0
1484573881.655449000 772 0
1484573881.661759000 375 0
1484573881.665395000 260 0
1484573881.671491000 101 0
1484573881.676787000 230 0
1484573881.683345000 180 0
1484573881.689600000 281 0
1484573881.695797000 346 0
1484573881.701950000 321 0
1484573881.706653000 269 0
1484573892.720641000 3524 0
1484573961.013973000 0 0
1484573961.018839000 0 0
1484573881.417655000 0 0
1484573880.195873000 0 0
1484573890.706763000 0 0
1484573880.147746000 0 0
1484573966.377641000 0 0
1484573966.428805000 0 0
1484573966.432289000 0 0
1484573966.430015000 0 0
1484573966.435503000 0 0
1484573966.515041000 0 0
1484573966.532576000 0 0
1484573966.380416000 0 0
1484573966.361934000 0 0
1484573966.362811000 0 0
1484573961.025767000 80 0
1484573966.383180000 368 0
1484573966.389332000 319 0
1484573966.393526000 445 0
1484573966.395906000 547 0
1484573966.398121000 291 0
1484573966.399970000 263 0
1484573966.401756000 182 0
1484573966.405583000 419 0
1484573966.407767000 269 0
1484573966.409685000 1220 0
1484573966.413919000 182 0
1484573966.415846000 233 0
1484573966.417663000 134 0
1484573966.421405000 321 0
1484573966.423355000 266 0
1484573966.425246000 270 0
1484573966.427325000 295 0
1484573966.433385000 226 0
1484573966.435400000 281 0
1484573966.444752000 134 0
1484573966.450815000 134 0
1484573966.459941000 134 0
1484573966.468742000 144 0
1484573966.473248000 134 0
1484573966.483711000 134 0
1484573966.495832000 134 0
1484573966.440170000 127 0
1484573966.446594000 122 0
1484573966.455668000 122 0
1484573966.464455000 119 0
1484573966.470662000 3693 0
1484573966.478137000 260 0
1484573966.489381000 772 0
1484573966.499909000 375 0
1484573966.505038000 260 0
1484573966.508690000 101 0
1484573966.512358000 230 0
1484573966.526680000 133 0
1484573966.535264000 133 0
1484573966.546953000 134 0
1484573966.554571000 133 0
1484573966.563989000 133 0
1484573966.521591000 180 0
1484573966.529914000 281 0
1484573966.540823000 3524 0
1484573966.552073000 226 0
1484573966.558916000 113 0
1484573966.569077000 302 0
1484573966.573473000 346 0
1484574052.881568000 0 8219
1484574052.893681000 0 0
1484574052.892143000 0 0
1484574091.647973000 0 0
1484574091.653404000 3304 0
1484574103.707594000 0 0
1484574103.861942000 0 0
1484574104.045865000 0 0
1484574104.050144000 0 0
1484574104.059889000 0 0
1484574107.487117000 0 0
1484574107.491439000 0 0
1484574107.496527000 0 0
1484574107.506162000 0 0
1484574107.511214000 0 0
1484574107.515813000 0 0
1484574104.069940000 398 0
1484574104.076332000 282 0
1484574234.854410000 0 0
1484574234.869805000 0 0
1484574234.874341000 0 1423
1484574234.883417000 0 0
1484574234.889168000 0 0
1484574234.894028000 0 0
1484574234.858431000 0 0
1484574234.898769000 0 0
1484574235.120114000 0 85
1484574235.136262000 0 0
1484574235.201874000 0 109
1484574235.213692000 0 0
1484574235.219875000 0 0
1484574235.219923000 0 0
1484548288.522190000 0 32768
1484574235.231034000 0 0
1484574235.232758000 0 0
1484548288.516346000 0 3208
1484574235.239508000 0 0
1484574235.240356000 0 0
1484574235.243525000 0 0
1484574235.244170000 0 0
1484574235.237860000 0 351
1484574235.262117000 0 0
1484574235.266894000 0 0
1484574235.224859000 0 0
1484574235.271487000 0 0
1484548287.221535000 21375 419622
1484548294.839533000 0 499588
1484574235.248949000 1863 1946
1484574235.291658000 0 21364
1484574235.477357000 0 307
1484574235.482864000 0 144
1484574235.504960000 0 0
1484574235.519457000 0 0
1484548289.768679000 0 32768
1484574235.526713000 0 175
1484574235.528563000 0 0
1484548289.764460000 28824 590448
1484574235.536250000 0 0
1484574235.542714000 0 0
1484574235.546279000 0 0
1484574235.549204000 0 204
1484574235.558573000 0 0
1484574235.570999000 0 0
1484548289.757024000 0 4096
1484574235.581437000 0 0
1484574235.587873000 0 0
1484548289.744354000 0 0
1484574235.598458000 0 0
1484574235.612169000 0 0
1484574235.636112000 0 0
1484574235.642429000 0 34337
1484574235.678102000 0 0
1484574235.683584000 0 0
1484574235.619451000 0 0
1484574235.687969000 0 0
1484574235.760035000 0 0
1484548288.712568000 48418 7162
1484548311.284090000 186725 142243
1484574238.074436000 0 0
1484574240.329839000 0 0
1484574240.339611000 0 0
1484574243.090706000 0 0
1484574103.902686000 0 0
1484574105.414165000 0 0
1484574103.859549000 0 0
1484574247.052413000 0 0
1484574247.061803000 0 0
1484574247.065956000 0 0
1484574247.069804000 0 0
1484574247.074588000 0 0
1484574247.063153000 0 0
1484574246.974217000 0 0
1484574246.975747000 0 0
1484548289.787447000 0 0
1484548289.766187000 0 0
1484548283.395813000 0 0
1484548285.787412000 1441792 2457600
1484548286.498412000 24576 0
1484548288.507231000 61440 4096
1484549357.809710000 65536 0
1484548284.265559000 4096 0
1484548283.636995000 69632 4096
1484548283.649355000 8192 4096
1484548289.753568000 1146880 524288
1484548289.731796000 98304 0
1484550663.622157000 131072 0
1484548288.680885000 6700 0
1484574240.335050000 398 0
1484574240.348833000 80 0
1484574246.991749000 368 0
1484574246.997774000 319 0
1484574247.002857000 445 0
1484574247.005290000 547 0
1484574247.009829000 291 0
1484574247.014069000 263 0
1484574247.016065000 182 0
1484574247.020603000 419 0
1484574247.024796000 269 0
1484574247.026757000 1220 0
1484574247.031065000 182 0
1484574247.034700000 233 0
1484574247.039654000 134 0
1484574247.043536000 321 0
1484574247.045859000 266 0
1484574247.048108000 270 0
1484574247.050020000 295 0
1484574247.056214000 226 0
1484574247.058217000 281 0
1484574247.064624000 134 0
1484574247.069701000 134 0
1484574247.074446000 134 0
1484574247.076868000 144 0
1484574247.081239000 134 0
1484574247.083278000 134 0
1484574247.088537000 134 0
1484574247.094488000 127 0
1484574247.099344000 122 0
1484574247.103648000 122 0
1484574247.105417000 119 0
1484574247.110621000 3693 0
1484574247.113394000 260 0
1484574247.115354000 772 0
1484574247.117516000 375 0
1484574247.121710000 260 0
1484574247.123841000 101 0
1484574247.125530000 230 0
1484574247.128330000 133 0
1484574247.130092000 133 0
1484574247.135039000 134 0
1484574247.137162000 133 0
1484574247.138860000 133 0
1484574247.142493000 180 0
1484574247.146747000 281 0
1484574247.152298000 3524 0
1484574247.155073000 226 0
1484574247.159931000 113 0
1484574247.165155000 302 0
1484574247.167038000 346 0
1484548240.475192000 0 0
