1484560436.053679000 0 0
1484560436.064373000 0 0
1484560436.072677000 0 0
1484560436.080705000 0 0
1484560436.087881000 0 0
1484560436.093606000 0 0
1484560436.105703000 0 0
1484560436.112652000 0 0
1484560436.120570000 0 0
1484560436.127763000 0 0
1484560436.137812000 0 0
1484560436.148403000 0 0
1484560436.165320000 0 0
1484560436.173800000 0 0
1484560436.182908000 0 0
1484560436.191773000 0 0
1484560436.201010000 0 0
1484560436.210061000 0 0
1484560436.217789000 0 0
1484560436.224639000 0 0
1484560436.241597000 0 0
1484560436.313585000 0 0
1484560436.322742000 0 0
1484560436.331673000 0 0
1484560436.349821000 0 0
1484560436.359187000 0 0
1484560436.368544000 0 0
1484560436.374910000 0 0
1484560436.383739000 0 0
1484560436.390661000 0 0
1484560436.397745000 0 0
1484560436.403697000 0 0
1484560436.410709000 0 0
1484560436.434094000 0 0
1484560436.441792000 0 0
1484560436.450965000 0 0
1484560436.460814000 0 0
1484560436.467747000 0 0
1484560436.474845000 0 0
1484560436.483710000 0 0
1484560436.490713000 0 0
1484560436.500931000 0 0
1484560436.508858000 0 0
1484560436.514750000 0 0
1484560436.524707000 0 0
1484560436.532847000 0 0
1484560436.543779000 0 0
1484560436.551818000 0 0
1484560436.560893000 0 0
1484560436.567952000 0 0
1484560436.574846000 0 0
1484560436.583897000 0 0
1484560436.591885000 0 0
1484560436.599887000 0 0
1484560436.607936000 0 0
1484560436.613828000 0 0
1484560436.621853000 0 0
1484560436.629840000 0 0
1484560436.637943000 0 0
1484560436.643842000 0 0
1484560436.651861000 0 0
1484560436.659837000 0 0
1484560436.667679000 0 0
1484560436.674909000 0 0
1484560436.681825000 0 0
1484560436.689808000 0 0
1484560436.697884000 0 0
1484560436.703881000 0 0
1484560436.719526000 0 0
1484560436.727777000 0 0
1484560436.734907000 0 0
1484560436.742622000 0 0
1484560436.752801000 0 0
1484560436.768099000 0 0
1484560436.773837000 0 0
1484560436.790437000 0 0
1484560436.797794000 0 0
1484560436.808070000 0 0
1484560436.818871000 0 0
1484560436.824829000 0 0
1484560436.832827000 0 0
1484560436.840812000 0 0
1484560436.850706000 0 0
1484560436.859746000 0 0
1484560516.854534000 0 0
1484560516.940395000 0 0
1484560516.949047000 0 0
1484560516.968109000 0 0
1484560525.080922000 0 0
1484560525.086980000 0 0
1484560516.979317000 402 0
1484560525.819181000 0 0
1484560525.839101000 0 0
1484560525.914399000 0 0
1484560525.969181000 0 0
1484560526.008277000 0 0
1484560526.499996000 0 0
1484560526.507156000 0 0
1484560526.514578000 402 0
1484560437.383409000 3576 0
