1484580723.122943000 0 0
1484580723.128419000 0 0
1484580723.133855000 0 0
1484580723.138763000 0 0
1484580723.143651000 0 0
1484580724.755556000 446 0
1484580725.307935000 0 0
1484580725.311559000 0 0
1484580725.320118000 0 0
1484580725.228589000 446 0
1484580736.270311000 0 0
1484580736.431786000 0 0
1484580736.434757000 0 0
1484580736.442688000 0 0
1484580736.451157000 0 0
1484580736.464033000 0 0
1484580736.466817000 0 0
1484580736.643959000 0 0
1484580737.005155000 0 0
1484580737.007580000 0 0
1484580737.093286000 0 0
1484580737.096226000 0 0
1484580737.098577000 0 0
1484580737.100593000 0 0
1484580737.232648000 0 0
1484580736.390702000 111 0
1484580736.711608000 454 0
1484580737.011929000 570 0
1484580737.105360000 504 0
1484580736.733707000 1351 0
1484580736.399793000 446 0
1484580736.716154000 970 0
1484580736.720179000 1680 0
1484580736.725285000 1708 0
1484580736.729418000 907 0
1484580739.830411000 454 0
1484580740.203913000 1351 0
1484580757.410736000 0 0
1484580761.820365000 0 0
1484580761.823838000 0 0
1484580761.830096000 0 0
1484580761.835444000 0 0
1484580761.843433000 0 0
1484580761.849393000 0 0
1484580761.851794000 0 0
1484580761.856279000 0 0
1484580761.858564000 0 0
1484580761.864132000 0 0
1484580761.935380000 0 0
1484580761.960651000 0 0
1484580761.976248000 0 0
1484580761.997746000 0 0
1484580762.031674000 0 0
1484580762.033968000 0 0
1484580762.036125000 0 0
1484580762.038462000 0 0
1484580762.040441000 0 0
1484580762.064755000 0 0
1484580762.103428000 0 0
1484580762.106216000 0 0
1484580762.108676000 0 0
1484580762.153748000 0 0
1484580762.224503000 0 0
1484580762.230002000 0 0
1484580762.331410000 0 0
1484580762.736076000 0 0
1484580762.750756000 0 0
1484580762.890109000 0 0
1484580762.973818000 0 0
1484580762.990228000 0 0
1484580763.141822000 0 0
1484580762.993018000 0 18830
1484580763.170412000 0 0
1484580763.173179000 0 0
1484580762.977651000 18830 0
1484580762.984025000 0 0
1484580763.175926000 0 0
1484580763.526145000 0 0
1484580763.606751000 0 0
1484580763.691108000 0 0
1484580763.881470000 0 0
1484580763.990720000 0 0
1484580764.157637000 0 0
1484580764.373750000 0 0
1484580764.376257000 0 0
1484580764.781828000 0 0
1484580764.790724000 0 0
1484580764.794928000 0 0
1484580764.811937000 0 0
1484580764.793592000 0 0
1484580764.815009000 0 0
1484580764.819538000 0 0
1484580764.822031000 0 0
1484580764.824648000 0 0
1484580764.827127000 0 0
1484580764.829626000 0 0
1484580764.832066000 0 0
1484580764.834488000 0 0
1484580764.817873000 0 0
1484580764.839000000 0 0
1484580764.841968000 0 0
1484580765.164111000 0 0
1484580765.169223000 0 0
1484580765.167536000 0 0
1484580765.172719000 0 0
1484580765.177791000 0 0
1484580765.180310000 0 0
1484580765.183260000 0 0
1484580765.185994000 0 0
1484580765.175841000 0 0
1484580765.190107000 0 0
1484580765.193036000 0 0
1484580765.236606000 0 0
1484580765.243542000 0 0
1484580765.245934000 0 0
1484580765.248498000 0 0
1484580765.250670000 0 0
1484580765.252791000 0 0
1484580765.859222000 0 0
1484580738.921827000 18432 0
1484580739.761318000 12288 0
1484580739.772257000 17408 0
1484580739.783184000 17408 0
1484580739.806284000 40960 0
1484580739.822140000 13824 0
1484580739.832755000 0 0
1484580740.048219000 9311 0
1484580765.985770000 0 0
1484580740.130316000 5613 0
1484580740.140684000 10752 0
1484580740.150325000 10619 0
1484580740.161507000 6228 0
1484580740.173025000 16846 0
1484580740.188124000 53248 0
1484580740.206255000 0 0
1484580740.213835000 53248 0
1484580740.232960000 8482 0
1484580740.244054000 7067 0
1484580738.670438000 4096 0
1484580766.146669000 0 0
1484580766.153607000 0 0
1484580766.180214000 196608 0
1484580766.223916000 0 0
1484580766.236267000 0 0
1484580766.306859000 0 0
1484580766.328086000 0 0
1484580766.345330000 0 0
1484580766.554339000 0 0
1484580766.557464000 0 2
1484580766.564689000 0 0
1484580766.567724000 0 0
1484580766.158346000 2 0
1484580766.544881000 0 0
1484580766.570556000 0 0
1484580766.657999000 0 53
1484580763.523140000 204 0
1484580766.664768000 0 0
1484580766.819273000 0 0
1484580766.828055000 0 0
1484580770.714765000 0 0
1484580770.717635000 0 0
1484580770.720256000 0 0
1484580771.004765000 26218 2591
1484580773.522632000 27167 3220
1484580762.739672000 0 0
1484580780.922140000 0 0
1484580760.495892000 1680 0
1484580761.833604000 10 0
1484580761.839032000 10 0
1484580761.847505000 111 0
1484580761.872652000 208 0
1484580761.968031000 36859 0
1484580761.980622000 4431 0
1484580762.001925000 16384 0
1484580762.021792000 828 0
1484580739.793255000 28672 0
1484580762.283763000 337 0
1484580739.481424000 892 0
1484580762.744975000 9467 0
1484580762.755514000 8205 0
1484580762.894793000 208787 0
1484580763.530200000 3072 0
1484580763.694796000 1906344 0
1484580763.884979000 8 0
1484580763.995634000 504 0
1484580764.068335000 9789 0
1484580764.162307000 7238 0
1484580764.785879000 5585 0
1484580765.234187000 259 0
1484580765.863082000 365 0
1484580765.990465000 876 0
1484580766.241293000 27 0
1484580766.677974000 9172 0
1484580764.177272000 25 0
1484580766.700652000 9833 0
1484580766.708974000 570 0
1484580794.797106000 0 7238
1484580794.807612000 0 0
1484580780.959544000 0 0
1484580819.355145000 0 0
1484580819.363868000 0 0
1484580819.372604000 0 0
1484580819.377487000 0 0
1484580819.394678000 0 66
1484580819.387881000 66 0
1484580819.400997000 0 0
1484580822.570558000 0 0
1484580822.601391000 0 137
1484580822.609518000 0 0
1484580822.579661000 137 0
1484580822.608211000 0 0
1484580822.619814000 0 0
1484580822.627794000 0 0
1484580822.644749000 0 0
1484580822.650080000 0 6842
1484580822.658246000 0 0
1484580822.657202000 0 0
1484580822.665649000 0 0
1484580826.480618000 0 0
1484580826.483046000 27796 4151
1484580832.246283000 0 0
1484580832.249556000 0 0
1484580832.259115000 0 0
1484580825.695720000 0 0
1484580822.685693000 51 0
1484580851.692160000 0 0
1484580854.681922000 0 0
1484580880.449507000 0 0
1484580902.602639000 0 0
1484580902.608023000 0 0
1484580902.617665000 0 0
1484580902.628298000 0 0
1484580902.647113000 0 0
1484580902.650554000 0 0
1484580902.653926000 0 0
1484580902.657365000 0 0
1484580902.672279000 0 0
1484580902.675880000 0 0
1484580902.696648000 0 0
1484580902.700128000 0 0
1484580902.703810000 0 0
1484580902.735550000 0 0
1484580902.739115000 0 0
1484580876.652733000 892 0
1484580902.624487000 570 0
1484580902.634897000 504 0
1484580902.660979000 504 0
1484580902.709004000 398 0
1484580939.078217000 0 0
1484580851.696729000 28727 1785
1484580939.082526000 1502960 5006
1484580780.927047000 160793 8159
1484580766.245694000 20632 0
1484581031.412076000 0 0
1484581031.416543000 30457 2808
1484581063.664480000 0 0
1484581063.689117000 0 0
1484581063.694121000 3089 3185
1484581063.710262000 0 0
1484581063.714917000 6558 2558
1484581063.726019000 0 0
1484581065.880550000 0 364
1484581065.893972000 0 0
1484581065.892152000 0 0
1484581066.825660000 0 828
1484581079.287931000 0 0
1484581079.290465000 0 0
1484581079.293711000 0 0
1484581079.303198000 0 0
1484581063.670259000 54505 0
1484581063.730577000 35928 0
1484581164.924049000 0 0
1484580765.240659000 3348 10341
1484581164.929810000 1306 0
1484581063.201644000 0 26098
1484580954.364336000 1504075 9021
1484581223.839458000 0 0
1484581237.892928000 0 0
1484581237.997125000 0 0
1484581238.027040000 0 0
1484581238.030804000 0 0
1484581238.038776000 0 0
1484581238.045846000 0 0
1484581239.655060000 0 0
1484581240.885106000 0 0
1484581237.994309000 446 0
1484581238.043726000 570 0
1484581238.049181000 504 0
1484581239.668641000 454 0
1484581241.988758000 0 0
1484581239.672848000 970 0
1484581239.676098000 1680 0
1484581239.681447000 1708 0
1484581239.684757000 907 0
1484581239.687724000 1351 0
1484581240.895651000 481 0
1484581240.900812000 481 0
1484581240.911239000 1664 0
1484581240.923505000 506 0
1484581240.927993000 509 0
1484581240.932357000 2181 0
1484581240.890570000 478 0
1484581240.881498000 0 0
1484581242.250974000 0 0
1484581242.256704000 0 0
1484581242.264424000 0 0
1484581242.269465000 0 0
1484581242.274703000 0 0
1484581242.281582000 0 0
1484581242.286633000 0 0
1484581242.291380000 0 0
1484581242.297372000 0 0
1484581242.303815000 0 0
1484581242.310004000 0 0
1484581242.315885000 0 0
1484581242.321264000 0 0
1484581242.326237000 0 0
1484581242.332018000 0 0
1484581242.337144000 0 0
1484581242.342081000 0 0
1484581242.347203000 0 0
1484581242.352380000 0 0
1484581242.357529000 0 0
1484581242.362787000 0 0
1484581242.373825000 0 0
1484581242.378854000 0 0
1484581242.383799000 0 0
1484581242.388920000 0 0
1484581242.394192000 0 0
1484581242.399422000 0 0
1484581242.404359000 0 0
1484581242.409288000 0 0
1484581242.414487000 0 0
1484581242.419391000 0 0
1484581242.424177000 0 0
1484581242.429068000 0 0
1484581242.434169000 0 0
1484581242.439262000 0 0
1484581242.444414000 0 0
1484581242.449951000 0 0
1484581242.455011000 0 0
1484581242.459844000 0 0
1484581242.466622000 0 0
1484581242.471481000 0 0
1484581242.476537000 0 0
1484581242.481484000 0 0
1484581242.486282000 0 0
1484581242.491017000 0 0
1484581242.496040000 0 0
1484581242.501317000 0 0
1484581242.506111000 0 0
1484581242.511061000 0 0
1484581242.516057000 0 0
1484581242.520598000 0 0
1484581242.525392000 0 0
1484581242.530238000 0 0
1484581242.535353000 0 0
1484581242.540044000 0 0
1484581242.544815000 0 0
1484581242.549609000 0 0
1484581242.554647000 0 0
1484581242.559429000 0 0
1484581242.564206000 0 0
1484581242.569083000 0 0
1484581242.574039000 0 0
1484581242.579069000 0 0
1484581242.583775000 0 0
1484581242.588655000 0 0
1484581242.593781000 0 0
1484581242.598661000 0 0
1484581242.603373000 0 0
1484581242.608516000 0 0
1484581242.613335000 0 0
1484581242.618266000 0 0
1484581242.623318000 0 0
1484581242.628130000 0 0
1484581242.633024000 0 0
1484581242.637867000 0 0
1484581242.642810000 0 0
1484581242.648104000 0 0
1484581242.652801000 0 0
1484581242.657657000 0 0
1484581242.662747000 0 0
1484581242.667908000 0 0
1484581242.672804000 0 0
1484581242.677520000 0 0
1484581242.682481000 0 0
1484581242.687822000 0 0
1484581242.692992000 0 0
1484581242.699281000 0 0
1484581242.704398000 0 0
1484581242.709050000 0 0
1484581242.713774000 0 0
1484581242.718494000 0 0
1484581242.723352000 0 0
1484581242.728163000 0 0
1484581242.733081000 0 0
1484581242.737427000 0 0
1484581242.741296000 0 0
1484581242.745322000 0 0
1484581242.749467000 0 0
1484581242.753399000 0 0
1484581242.758074000 0 0
1484581242.762964000 0 0
1484581242.766996000 0 0
1484581242.771864000 0 0
1484581242.776557000 0 0
1484581242.781283000 0 0
1484581242.786205000 0 0
1484581242.790833000 0 0
1484581242.795422000 0 0
1484581242.800238000 0 0
1484581242.804955000 0 0
1484581242.809511000 0 0
1484581242.814026000 0 0
1484581242.818567000 0 0
1484581242.823469000 0 0
1484581242.828287000 0 0
1484581242.833142000 0 0
1484581242.837065000 0 0
1484581242.841117000 0 0
1484581242.846857000 0 0
1484581242.851157000 0 0
1484581242.855872000 0 0
1484581242.860220000 0 0
1484581242.864185000 0 0
1484581242.867477000 0 0
1484581242.870808000 0 0
1484581242.874491000 0 0
1484581242.878356000 0 0
1484581242.882070000 0 0
1484581242.885742000 0 0
1484581242.889497000 0 0
1484581242.893364000 0 0
1484581242.897267000 0 0
1484581242.900748000 0 0
1484581242.904498000 0 0
1484581242.908049000 0 0
1484581242.911512000 0 0
1484581242.915213000 0 0
1484581242.918951000 0 0
1484581242.922830000 0 0
1484581242.925332000 0 0
1484581242.926118000 0 0
1484581242.929956000 0 0
1484581242.933059000 0 0
1484581242.936474000 0 0
1484581242.939570000 0 0
1484581242.942553000 0 0
1484581242.946097000 0 0
1484581242.949328000 0 0
1484581242.952827000 0 0
1484581242.955921000 0 0
1484581242.959196000 0 0
1484581242.971384000 0 0
1484581242.974493000 0 0
1484581242.977485000 0 0
1484581242.980789000 0 0
1484581242.984194000 0 0
1484581242.987639000 0 0
1484581242.991048000 0 0
1484581242.994285000 0 0
1484581242.997648000 0 0
1484581243.000860000 0 0
1484581243.004107000 0 0
1484581243.007515000 0 0
1484581243.010384000 0 0
1484581243.013227000 0 0
1484581243.016403000 0 0
1484581243.019845000 0 0
1484581243.023308000 0 0
1484581243.027059000 0 0
1484581243.030297000 0 0
1484581243.033665000 0 0
1484581243.036888000 0 0
1484581243.040328000 0 0
1484581243.043524000 0 0
1484581243.046903000 0 0
1484581243.050228000 0 0
1484581243.053635000 0 0
1484581243.057001000 0 0
1484581243.060270000 0 0
1484581243.063698000 0 0
1484581243.067028000 0 0
1484581243.070223000 0 0
1484581243.073614000 0 0
1484581243.076805000 0 0
1484581243.080505000 0 0
1484581243.083881000 0 0
1484581243.087110000 0 0
1484581243.090473000 0 0
1484581243.093945000 0 0
1484581243.097319000 0 0
1484581243.100749000 0 0
1484581243.103881000 0 0
1484581243.106687000 0 0
1484581243.109631000 0 0
1484581243.112654000 0 0
1484581243.116207000 0 0
1484581243.119064000 0 0
1484581243.122413000 0 0
1484581243.126362000 0 0
1484581243.129799000 0 0
1484581243.133140000 0 0
1484581243.136712000 0 0
1484581243.140406000 0 0
1484581243.143913000 0 0
1484581243.148117000 0 0
1484581243.151730000 0 0
1484581243.156118000 0 0
1484581243.159675000 0 0
1484581243.163298000 0 0
1484581243.166772000 0 0
1484581243.170143000 0 0
1484581243.173713000 0 0
1484581243.177102000 0 0
1484581243.181161000 0 0
1484581243.184373000 0 0
1484581243.187335000 0 0
1484581243.190507000 0 0
1484581243.193494000 0 0
1484581243.196625000 0 0
1484581243.199806000 0 0
1484581243.202828000 0 0
1484581243.205804000 0 0
1484581243.209042000 0 0
1484581243.212777000 0 0
1484581243.215893000 0 0
1484581243.219044000 0 0
1484581243.221984000 0 0
1484581243.225139000 0 0
1484581243.228169000 0 0
1484581243.231934000 0 0
1484581243.234923000 0 0
1484581243.237977000 0 0
1484581243.241218000 0 0
1484581243.245070000 0 0
1484581243.248864000 0 0
1484581243.254146000 0 0
1484581243.257954000 0 0
1484581243.261859000 0 0
1484581243.265743000 0 0
1484581243.269431000 0 0
1484581243.272991000 0 0
1484581243.276232000 0 0
1484581243.279519000 0 0
1484581243.282697000 0 0
1484581243.285961000 0 0
1484581243.289132000 0 0
1484581243.292371000 0 0
1484581243.295618000 0 0
1484581243.298801000 0 0
1484581243.301983000 0 0
1484581243.305795000 0 0
1484581243.308938000 0 0
1484581243.312158000 0 0
1484581243.315391000 0 0
1484581243.318537000 0 0
1484581243.321866000 0 0
1484581243.325030000 0 0
1484581243.328262000 0 0
1484581243.331577000 0 0
1484581243.334751000 0 0
1484581243.337974000 0 0
1484581243.341090000 0 0
1484581243.344388000 0 0
1484581243.347828000 0 0
1484581243.350936000 0 0
1484581243.354406000 0 0
1484581243.357494000 0 0
1484581243.360825000 0 0
1484581243.363970000 0 0
1484581243.367108000 0 0
1484581243.370997000 0 0
1484581243.374269000 0 0
1484581243.377403000 0 0
1484581243.380664000 0 0
1484581243.384501000 0 0
1484581243.387591000 0 0
1484581243.390803000 0 0
1484581243.393937000 0 0
1484581243.397220000 0 0
1484581243.400483000 0 0
1484581243.403546000 0 0
1484581243.406771000 0 0
1484581243.410090000 0 0
1484581243.413372000 0 0
1484581243.416607000 0 0
1484581243.419830000 0 0
1484581244.229054000 0 0
1484581242.026756000 0 0
1484581245.359128000 0 0
1484581242.924758000 0 0
1484581246.292714000 0 0
1484581244.233811000 0 0
1484581247.389886000 0 0
1484581246.285740000 0 0
1484581248.291880000 0 0
1484581248.294710000 0 0
1484581248.297366000 0 0
1484581248.301474000 0 0
1484581248.440463000 0 0
1484581247.412125000 0 0
1484581250.832569000 0 0
1484581251.090507000 0 0
1484581251.093971000 0 0
1484581251.097126000 0 0
1484581251.100009000 0 0
1484581251.102133000 0 0
1484581251.109106000 0 0
1484581251.116553000 0 0
1484581251.113475000 0 0
1484581251.497111000 0 0
1484581251.528844000 0 0
1484581251.531935000 0 0
1484581251.540604000 0 0
1484581251.569742000 0 0
1484581251.567614000 0 0
1484581251.656597000 0 0
1484581251.652193000 0 0
1484581251.679397000 0 0
1484581251.679602000 0 0
1484581251.676670000 0 0
1484581251.680944000 0 0
1484581251.682818000 0 0
1484581251.684817000 0 0
1484581251.687705000 0 0
1484581250.852645000 0 0
1484581251.741714000 0 162
1484581251.821852000 0 0
1484581251.976615000 0 0
1484581241.829412000 0 0
1484581251.978836000 0 0
1484581251.980901000 0 0
1484581251.983079000 0 0
1484581251.991396000 0 0
1484581251.997376000 0 0
1484581251.999512000 0 0
1484581252.001657000 0 0
1484581252.003619000 0 0
1484581252.005693000 0 0
1484581252.011456000 0 0
1484581248.328957000 4833 0
1484581248.374495000 7320 0
1484581251.545135000 446 0
1484581252.123717000 0 0
1484581252.121677000 0 0
1484581252.130547000 0 0
1484581252.227321000 0 0
1484581252.224256000 0 0
1484581252.757888000 0 0
1484581245.353566000 0 0
1484581254.770726000 0 0
1484581250.830497000 170946 0
1484581251.720062000 14328 0
1484581266.555567000 0 0
1484581266.576919000 0 0
1484581266.580167000 0 0
1484581266.583151000 0 0
1484581266.585975000 0 0
1484581266.588460000 0 0
1484581267.755677000 0 0
1484581267.778144000 0 0
1484581267.781860000 0 0
1484581267.789690000 0 0
1484581251.304136000 0 0
1484581269.208004000 0 0
1484581269.209887000 0 0
1484581269.211752000 0 0
1484581269.213568000 0 0
1484581269.427688000 0 0
1484581269.429696000 0 0
1484581269.431577000 0 0
1484581269.433406000 0 0
1484581269.513763000 0 0
1484581269.563922000 0 0
1484581269.559162000 0 0
1484581269.569941000 0 0
1484581269.572138000 0 0
1484581269.574699000 0 0
1484581269.577302000 0 0
1484581269.579296000 0 0
1484581269.581204000 0 0
1484581269.594396000 0 0
1484581269.596617000 0 0
1484581269.598718000 0 0
1484581276.814056000 0 0
1484581276.821275000 0 0
1484581276.824570000 0 0
1484581276.830745000 0 0
1484581276.835582000 0 0
1484581276.841965000 0 0
1484581276.848562000 0 0
1484581276.851845000 0 0
1484581276.943178000 0 0
1484581276.946617000 0 0
1484581276.949808000 0 0
1484581276.952765000 0 0
1484581276.955552000 0 0
1484581276.994209000 0 0
1484581276.996413000 0 0
1484581276.998589000 0 0
1484581277.000594000 0 0
1484581277.002446000 0 0
1484581277.039945000 0 0
1484581277.041948000 0 0
1484581277.043888000 0 0
1484581277.045819000 0 0
1484581277.047620000 0 0
1484581277.054553000 0 0
1484581277.056566000 0 0
1484581277.058633000 0 0
1484581277.060591000 0 0
1484581277.062384000 0 0
1484581277.069093000 0 0
1484581269.099294000 0 0
1484581277.120531000 0 0
1484581277.117797000 0 0
1484581277.627905000 0 0
1484581277.630334000 0 0
1484581277.070847000 0 0
1484581277.777441000 0 0
1484581277.779749000 0 0
1484581277.782006000 0 0
1484581277.784296000 0 0
1484581277.787385000 0 0
1484581278.251188000 0 0
1484581278.253866000 0 0
1484581278.225367000 0 0
1484581278.228406000 0 216625
1484581278.280482000 0 0
1484581278.294915000 0 0
1484581278.260723000 0 0
1484581278.299137000 0 0
1484581278.273562000 0 0
1484581279.871364000 0 0
1484581281.881117000 0 0
1484581286.190926000 0 0
1484581286.193327000 0 0
1484581286.195961000 0 0
1484581286.198434000 0 0
1484581286.201829000 0 0
1484581277.671343000 0 0
1484581290.384973000 0 0
1484581290.388510000 0 0
1484581290.391764000 0 0
1484581290.394964000 0 0
1484581290.434657000 0 0
1484581290.461980000 0 0
1484581278.314730000 48 0
1484581278.318222000 0 0
1484581277.637327000 234891 0
1484581267.794710000 570 0
1484581269.574358000 398 0
1484581269.584272000 504 0
1484581269.600780000 504 0
1484581301.802621000 0 0
1484581301.808356000 0 0
1484581301.812259000 0 0
1484581301.817656000 0 0
1484581301.822797000 0 0
1484581301.830481000 0 0
1484581301.838060000 0 0
1484581301.842723000 0 0
1484581301.943628000 0 0
1484581301.946583000 0 0
1484581301.949509000 0 0
1484581301.952363000 0 0
1484581301.955167000 0 0
1484581301.994119000 0 0
1484581301.996105000 0 0
1484581301.998090000 0 0
1484581302.000129000 0 0
1484581302.002273000 0 0
1484581302.039625000 0 0
1484581302.041913000 0 0
1484581302.044169000 0 0
1484581302.046490000 0 0
1484581302.048492000 0 0
1484581302.055394000 0 0
1484581302.057636000 0 0
1484581302.059621000 0 0
1484581302.061577000 0 0
1484581302.063498000 0 0
1484581297.169104000 0 0
1484581302.070760000 0 0
1484581302.116971000 0 0
1484581302.113915000 0 0
1484581302.117893000 0 0
1484581302.119924000 0 0
1484581302.122043000 0 0
1484581302.124025000 0 0
1484581302.126909000 0 0
1484581302.215071000 0 0
1484581302.217444000 0 0
1484581302.189031000 0 0
1484581302.191895000 0 216831
1484581302.243977000 0 0
1484581302.260363000 0 0
1484581302.223902000 0 0
1484581302.264598000 0 0
1484581302.236669000 0 0
1484581302.626272000 0 0
1484581304.849808000 0 0
1484581305.714757000 0 0
1484581305.718100000 0 0
1484581305.721388000 0 0
1484581305.724249000 0 0
1484581305.728188000 0 0
1484581305.740410000 0 0
1484581305.742662000 0 0
1484581305.744828000 0 0
1484581305.747181000 0 0
1484581305.749238000 0 0
1484581305.757575000 0 0
1484581305.772440000 0 0
1484581305.774911000 0 0
1484581305.775075000 0 0
1484581305.776743000 0 0
1484581305.778910000 0 0
1484581305.779136000 0 0
1484581305.780818000 0 0
1484581305.782525000 0 0
1484581305.789210000 0 0
1484581305.791168000 0 0
1484581305.788469000 0 0
1484581305.799950000 0 0
1484581305.798294000 0 0
1484581305.808464000 0 0
1484581305.810358000 0 0
1484581305.812277000 0 0
1484581305.814194000 0 0
1484581305.817103000 0 0
1484581305.823864000 0 0
1484581292.184428000 13025 0
1484581305.886782000 0 0
1484581305.883914000 0 0
1484581305.891436000 0 0
1484581251.717022000 0 0
1484581305.982102000 0 0
1484581305.979094000 0 0
1484581290.281992000 0 0
1484581306.315475000 0 0
1484581308.874559000 0 0
1484581309.130899000 0 0
1484581309.160585000 0 0
1484581309.162764000 0 0
1484581309.164908000 0 0
1484581309.167110000 0 0
1484581309.170032000 0 0
1484581309.175248000 0 0
1484581309.180380000 0 0
1484581309.178786000 0 0
1484581309.186112000 0 0
1484581309.183878000 0 0
1484581309.218989000 0 0
1484581309.215189000 0 0
1484581309.227089000 0 0
1484581309.225470000 0 0
1484581309.339617000 0 0
1484581309.373634000 0 0
1484581309.377518000 0 0
1484581309.386052000 0 0
1484581309.536461000 0 0
1484581309.538708000 0 0
1484581309.540861000 0 0
1484581309.543216000 0 0
1484581309.546640000 0 0
1484581309.151069000 0 0
1484581309.595368000 0 162
1484581309.651589000 0 0
1484581309.787638000 0 0
1484581309.787824000 0 0
1484581309.790064000 0 0
1484581309.792181000 0 0
1484581309.794106000 0 0
1484581309.797035000 0 0
1484581309.802837000 0 0
1484581309.804873000 0 0
1484581309.806880000 0 0
1484581309.808876000 0 0
1484581309.810835000 0 0
1484581309.816656000 0 0
1484581307.140796000 13025 0
1484581309.393439000 446 0
1484581309.927843000 0 0
1484581309.925712000 0 0
1484581309.934787000 0 0
1484581310.028842000 0 0
1484581310.025867000 0 0
1484581310.876566000 0 0
1484581254.762327000 0 0
1484581312.889826000 0 0
1484581302.280356000 48 0
1484581302.284482000 0 0
1484581319.216072000 0 0
1484581319.219504000 0 0
1484581319.222837000 0 0
1484581319.226044000 0 0
1484581319.229218000 0 0
1484581322.379872000 0 0
1484581309.157600000 0 0
1484581322.438213000 0 0
1484581322.440637000 0 0
1484581309.570302000 0 0
1484581322.431140000 0 13626
1484581322.454913000 0 0
1484581322.458972000 0 0
1484581309.573499000 11406 0
1484581309.120516000 133970 0
1484581322.464393000 0 0
1484581322.468503000 0 0
1484581322.446226000 0 0
1484581322.471284000 0 0
1484581322.450634000 0 0
1484581322.496065000 0 0
1484581322.502432000 0 0
1484581322.504404000 0 0
1484581322.506388000 0 0
1484581322.508352000 0 0
1484581322.596827000 0 0
1484581322.633999000 0 0
1484581322.655210000 0 0
1484581322.657193000 0 0
1484581322.657475000 0 0
1484581322.664107000 0 0
1484581322.666752000 0 0
1484581322.665993000 0 0
1484581322.673256000 0 0
1484581322.623683000 0 0
1484581322.685348000 0 0
1484581322.687332000 0 0
1484581322.696028000 0 0
1484581322.698187000 0 0
1484581322.700177000 0 0
1484581322.702284000 0 0
1484581323.451351000 0 0
1484581323.452396000 0 0
1484581302.638539000 313188 0
1484581305.946093000 0 0
1484581325.446354000 0 0
1484581325.447456000 0 0
1484581327.457438000 0 0
1484581327.458618000 0 0
1484581330.550106000 0 0
1484581330.553434000 0 0
1484581330.555696000 0 0
1484581330.558851000 0 0
1484581330.562650000 0 0
1484581330.584631000 0 0
1484581330.588240000 0 0
1484581330.591703000 0 0
1484581330.595098000 0 0
1484581330.598172000 0 0
1484581325.926809000 0 0
1484581330.603518000 0 0
1484581330.606166000 0 0
1484581330.607236000 0 0
1484581322.382156000 0 0
1484581330.633125000 0 0
1484581330.630482000 0 0
1484581331.138886000 0 0
1484581331.141593000 0 0
1484581331.928874000 0 60357
1484581331.959221000 0 0
1484581331.988072000 0 0
1484581331.990892000 0 0
1484581331.993332000 0 0
1484581331.995584000 0 0
1484581331.998824000 0 0
1484581332.004615000 0 0
1484581332.011073000 0 0
1484581332.011661000 0 0
1484581332.011709000 0 0
1484581332.013752000 0 0
1484581332.013996000 0 0
1484581332.013819000 0 0
1484581332.017804000 0 0
1484581332.019945000 0 0
1484581332.020183000 0 0
1484581332.026115000 0 0
1484581332.026446000 0 0
1484581332.029407000 0 0
1484581332.033341000 0 0
1484581332.048139000 0 0
1484581332.074208000 0 0
1484581332.044445000 0 0
1484581332.089760000 0 0
1484581332.086825000 0 0
1484581332.092396000 0 0
1484581332.100347000 0 0
1484581332.102259000 0 0
1484581332.104304000 0 0
1484581332.105035000 0 162
1484581332.105909000 0 0
1484581322.671329000 570 0
1484581332.111188000 0 0
1484581332.109001000 0 0
1484581322.671903000 398 0
1484581322.677739000 504 0
1484581322.705915000 504 0
1484581332.124258000 0 0
1484581332.129306000 0 0
1484581332.129550000 0 0
1484581332.125966000 0 0
1484581332.132269000 0 0
1484581332.150839000 0 0
1484581332.153125000 0 0
1484581332.155311000 0 0
1484581332.157337000 0 0
1484581332.159296000 0 0
1484581332.242253000 0 0
1484581332.239708000 0 0
1484581332.277892000 0 0
1484581332.284441000 0 0
1484581332.286807000 0 0
1484581332.289349000 0 0
1484581332.291970000 0 0
1484581332.292142000 0 0
1484581332.289132000 0 0
1484581332.294121000 0 0
1484581332.296761000 0 0
1484581332.301717000 0 0
1484581332.389058000 0 0
1484581332.386921000 0 0
1484581312.905144000 0 0
1484581332.592688000 0 0
1484581333.482917000 0 0
1484581333.486407000 0 0
1484581333.490404000 0 0
1484581333.495469000 0 0
1484581333.499816000 0 0
1484581333.503965000 0 0
1484581332.014906000 0 0
1484581332.594857000 0 0
1484581335.587233000 0 0
1484581335.838451000 0 0
1484581335.841089000 0 0
1484581335.843470000 0 0
1484581335.845779000 0 0
1484581335.849028000 0 0
1484581335.855088000 0 0
1484581335.857314000 0 0
1484581335.859314000 0 0
1484581335.861275000 0 0
1484581335.863177000 0 0
1484581335.868860000 0 0
1484581335.881764000 0 0
1484581335.883538000 0 0
1484581335.884189000 0 0
1484581335.886178000 0 0
1484581335.886324000 0 0
1484581335.888518000 0 0
1484581335.889876000 0 0
1484581335.890270000 0 0
1484581335.897337000 0 0
1484581335.899438000 0 0
1484581335.901527000 0 0
1484581335.903653000 0 0
1484581335.916221000 0 0
1484581335.931755000 0 0
1484581331.957037000 60357 0
1484581335.974747000 0 0
1484581335.971242000 0 0
1484581335.979716000 0 0
1484581336.074320000 0 0
1484581336.071284000 0 0
1484581330.659635000 0 0
1484581322.479436000 0 0
1484581335.601402000 0 0
1484581336.616697000 0 0
1484581337.971717000 0 0
1484581337.982707000 0 0
1484581337.989279000 0 0
1484581337.989098000 0 0
1484581337.521473000 1351 0
1484581337.969135000 446 0
1484581338.041304000 454 0
1484581338.094167000 0 0
1484581338.095934000 0 0
1484581338.105749000 0 0
1484581338.107560000 0 0
1484581338.017307000 4096 0
1484581338.141134000 0 0
1484581339.925607000 0 0
1484581344.685956000 0 0
1484581344.703313000 0 0
1484581344.706386000 0 0
1484581344.709209000 0 0
1484581344.712166000 0 0
1484581344.715119000 0 0
1484581345.599424000 0 0
1484581347.676709000 0 0
1484581347.681717000 0 0
1484581347.685071000 0 0
1484581347.693859000 0 0
1484581322.477181000 709505 0
1484581332.079548000 13626 0
1484581336.147364000 0 0
1484581350.429439000 0 0
1484581350.431811000 0 0
1484581350.434287000 0 0
1484581350.436573000 0 0
1484581350.438722000 0 0
1484581338.151268000 18432 0
1484581338.160562000 12288 0
1484581338.169181000 17408 0
1484581338.178199000 17408 0
1484581338.187282000 18432 0
1484581338.199374000 40960 0
1484581338.213610000 13824 0
1484581338.222739000 0 0
1484581338.227697000 9311 0
1484581338.236600000 5613 0
1484581338.244854000 10752 0
1484581338.252747000 10619 0
1484581338.264051000 6228 0
1484581338.276010000 16846 0
1484581338.290186000 53248 0
1484581338.305648000 0 0
1484581338.313119000 53248 0
1484581338.329842000 8482 0
1484581338.341340000 7067 0
1484581338.145498000 4096 0
1484581350.467423000 0 0
1484581350.469544000 0 0
1484581350.471612000 0 0
1484581350.473642000 0 0
1484581350.475632000 0 0
1484581350.550595000 0 0
1484581350.582510000 0 0
1484581350.965421000 0 0
1484581350.975493000 0 0
1484581351.006450000 0 0
1484581351.009470000 0 0
1484581351.011789000 0 0
1484581351.028438000 0 0
1484581351.030989000 0 0
1484581351.033462000 0 0
1484581351.035831000 0 0
1484581351.045450000 0 0
1484581351.047381000 0 0
1484581351.049429000 0 0
1484581351.057294000 0 0
1484581351.059289000 0 0
1484581351.066750000 0 0
1484581351.068725000 0 0
1484581338.037318000 970 0
1484581338.032517000 1680 0
1484581338.011007000 1708 0
1484581338.052977000 907 0
1484581338.220416000 454 0
1484581338.303106000 1351 0
1484581363.757497000 0 0
1484581363.772177000 0 0
1484581363.803592000 0 0
1484581350.553485000 60357 0
1484581350.585515000 216831 0
1484581351.016051000 570 0
1484581351.039226000 504 0
1484581351.051862000 504 0
1484581351.061274000 446 0
1484581351.070718000 398 0
1484581363.761422000 54505 0
1484581363.775840000 35928 0
1484581418.086156000 0 0
1484581418.088195000 0 0
1484581418.096515000 0 0
1484581422.721346000 0 6846
1484581422.731220000 0 0
1484581422.729821000 0 0
1484581363.807670000 20632 0
1484581561.870412000 0 0
1484581561.899052000 0 0
1484581561.899974000 0 0
1484581561.911143000 0 0
1484581561.911490000 0 0
1484581561.914558000 0 0
1484581561.913515000 0 0
1484581561.923351000 0 0
1484581561.922256000 0 0
1484581561.897804000 446 0
1484581561.927014000 398 0
1484581564.614741000 0 0
1484581565.832981000 0 0
1484581565.838607000 0 0
1484581565.841978000 0 0
1484581565.845531000 0 0
1484581565.848939000 0 0
1484581565.852827000 0 0
1484581565.866892000 0 0
1484581566.032203000 0 0
1484581564.642448000 907 0
1484581564.645295000 1351 0
1484581564.648057000 1680 0
1484581564.651454000 970 0
1484581564.710471000 0 0
1484581564.717898000 0 0
1484581566.081623000 0 0
1484581566.081839000 0 0
1484581566.082173000 0 0
1484581566.082405000 0 0
1484581566.082790000 0 0
1484581566.083085000 0 0
1484581566.039011000 478 0
1484581566.841899000 0 0
1484581566.034146000 0 0
1484581567.205051000 0 0
1484581567.211226000 0 0
1484581567.217423000 0 0
1484581567.223110000 0 0
1484581567.228523000 0 0
1484581567.233900000 0 0
1484581567.239122000 0 0
1484581567.244619000 0 0
1484581567.249906000 0 0
1484581567.255206000 0 0
1484581567.941275000 0 0
1484581568.339521000 0 0
1484581568.345306000 0 0
1484581568.348748000 0 0
1484581568.352370000 0 0
1484581568.355654000 0 0
1484581568.359183000 0 0
1484581568.371860000 0 0
1484581568.377738000 0 0
1484581568.380788000 0 0
1484581568.383901000 0 0
1484581568.386938000 0 0
1484581568.397452000 0 0
1484581568.525268000 0 0
1484581568.529269000 0 0
1484581568.533048000 0 0
1484581568.536727000 0 0
1484581568.546641000 0 0
1484581569.560967000 0 0
1484581569.566984000 0 0
1484581569.570562000 0 0
1484581569.574327000 0 0
1484581569.577769000 0 0
1484581569.581104000 0 0
1484581569.590403000 0 0
1484581569.774100000 0 0
1484581566.847914000 0 0
1484581569.803251000 0 0
1484581569.805965000 0 0
1484581569.808382000 0 0
1484581569.810862000 0 0
1484581569.813853000 0 0
1484581569.816454000 0 0
1484581569.821980000 0 0
1484581570.479810000 0 0
1484581570.483410000 0 0
1484581570.487147000 0 0
1484581570.490753000 0 0
1484581570.494333000 0 0
1484581570.497912000 0 0
1484581570.501770000 0 0
1484581570.506328000 0 0
1484581570.517500000 0 0
1484581570.680775000 0 0
1484581567.930303000 0 0
1484581570.704212000 0 0
1484581570.706803000 0 0
1484581570.709098000 0 0
1484581570.711792000 0 0
1484581570.714455000 0 0
1484581570.717018000 0 0
1484581570.719052000 0 0
1484581570.721196000 0 0
1484581570.726784000 0 0
1484581571.288641000 0 0
1484581571.294831000 0 0
1484581571.298642000 0 0
1484581571.302513000 0 0
1484581571.305912000 0 0
1484581571.309440000 0 0
1484581571.313336000 0 0
1484581571.317532000 0 0
1484581571.321337000 0 0
1484581571.325663000 0 0
1484581571.337044000 0 0
1484581571.479358000 0 0
1484581569.777253000 0 0
1484581571.502708000 0 0
1484581571.505115000 0 0
1484581571.507767000 0 0
1484581571.509991000 0 0
1484581571.513095000 0 0
1484581571.516228000 0 0
1484581571.518578000 0 0
1484581571.520938000 0 0
1484581571.523303000 0 0
1484581571.525783000 0 0
1484581571.531936000 0 0
1484581571.921323000 0 0
1484581571.926174000 0 0
1484581571.929798000 0 0
1484581571.933550000 0 0
1484581571.937082000 0 0
1484581571.940732000 0 0
1484581571.944865000 0 0
1484581571.949078000 0 0
1484581571.952955000 0 0
1484581571.957188000 0 0
1484581571.961051000 0 0
1484581571.965242000 0 0
1484581572.999180000 0 0
1484581573.004039000 0 0
1484581573.008845000 0 0
1484581573.013320000 0 0
1484581573.016172000 0 0
1484581571.487799000 0 0
1484581573.033077000 0 0
1484581573.030165000 0 0
1484581573.039732000 0 0
1484581573.037144000 0 0
1484581573.094040000 0 0
1484581573.090004000 0 0
1484581573.116236000 0 0
1484581573.112367000 0 0
1484581564.632686000 454 0
1484581564.639496000 1708 0
1484581566.043889000 481 0
1484581566.048212000 481 0
1484581566.052806000 1664 0
1484581566.057357000 506 0
1484581566.062024000 509 0
1484581566.066855000 2181 0
1484581566.081365000 0 0
1484581572.009177000 0 0
1484581572.967678000 0 0
1484581592.797469000 0 0
1484581592.801195000 167121 0
1484581663.799821000 0 0
1484581663.822908000 0 0
1484581665.913116000 0 370
1484581665.925652000 0 0
1484581665.923725000 0 0
1484581679.011840000 0 0
1484581248.441815000 0 0
1484581679.066552000 0 0
1484581679.975278000 0 0
1484581679.031166000 0 0
1484581681.149633000 0 0
1484581681.496890000 0 0
1484581681.501546000 0 0
1484581681.506672000 0 0
1484581681.512779000 0 0
1484581681.517387000 0 0
1484581681.532899000 0 0
1484581681.542228000 0 0
1484581681.538720000 0 0
1484581681.607138000 0 0
1484581681.603951000 0 0
1484581681.616973000 0 0
1484581681.615253000 0 0
1484581681.650085000 0 0
1484581681.653172000 0 0
1484581685.392551000 0 0
1484581685.396215000 0 0
1484581685.408619000 0 0
1484581685.413248000 0 0
1484581685.418234000 0 0
1484581685.424049000 0 0
1484581663.804489000 54505 0
1484581663.827211000 35928 0
1484581695.257373000 0 0
1484581699.782741000 0 0
1484581699.787628000 0 0
1484581699.792689000 0 0
1484581699.797407000 0 0
1484581699.867757000 0 0
1484581699.884158000 0 0
1484581699.904997000 0 0
1484581699.907625000 0 0
1484581699.910113000 0 0
1484581699.912756000 0 0
1484581699.915251000 0 0
1484581699.917809000 0 0
1484581699.920202000 0 0
1484581699.922806000 0 0
1484581699.925096000 0 0
1484581699.927402000 0 0
1484581699.932997000 0 0
1484581700.819655000 0 0
1484581700.823316000 0 0
1484581700.827295000 0 0
1484581700.830946000 0 0
1484581700.834722000 0 0
1484581700.838337000 0 0
1484581700.842441000 0 0
1484581700.845915000 0 0
1484581700.849873000 0 0
1484581700.853231000 0 0
1484581700.857106000 0 0
1484581701.856859000 0 0
1484581701.860164000 0 0
1484581701.863398000 0 0
1484581701.866106000 0 0
1484581701.868283000 0 0
1484581679.076586000 9530 0
1484581713.255653000 0 0
1484581700.866903000 0 0
1484581701.839405000 0 0
1484581713.321898000 0 0
1484581679.970678000 0 0
1484581336.628833000 0 0
1484581681.692450000 892 0
1484581749.888757000 0 0
1484581749.929131000 0 0
1484581749.933444000 0 0
1484581749.938287000 0 0
1484581749.948419000 0 0
1484581749.952927000 0 0
1484581749.956717000 0 0
1484581750.044129000 0 0
1484581750.053357000 0 0
1484581750.059742000 0 0
1484581750.064752000 0 0
1484581750.079241000 0 0
1484581750.092380000 0 0
1484581750.110475000 0 0
1484581750.114520000 0 0
1484581750.123648000 0 0
1484581750.127711000 0 0
1484581750.138293000 0 0
1484581750.146077000 0 0
1484581750.157590000 0 0
1484581750.161260000 0 0
1484581750.164841000 0 0
1484581750.170025000 0 0
1484581750.175057000 0 0
1484581750.187745000 0 0
1484581750.207912000 0 0
1484581750.212108000 0 0
1484581750.215590000 0 0
1484581750.219181000 0 0
1484581750.223324000 0 0
1484581750.226874000 0 0
1484581750.233220000 0 0
1484581750.236810000 0 0
1484581750.247424000 0 0
1484581750.250961000 0 0
1484581750.254770000 0 0
1484581750.258316000 0 0
1484581750.261834000 0 0
1484581750.269048000 0 0
1484581750.281152000 0 0
1484581750.296886000 0 0
1484581750.308772000 0 0
1484581750.313069000 0 0
1484581750.316936000 0 0
1484581750.320237000 0 0
1484581750.323607000 0 0
1484581750.326897000 0 0
1484581750.330106000 0 0
1484581750.333046000 0 0
1484581750.337041000 0 0
1484581750.340846000 0 0
1484581750.344285000 0 0
1484581750.347765000 0 0
1484581750.351340000 0 0
1484581750.355085000 0 0
1484581750.358683000 0 0
1484581750.363564000 0 0
1484581750.367070000 0 0
1484581750.371150000 0 0
1484581750.375482000 0 0
1484581750.379815000 0 0
1484581750.384814000 0 0
1484581750.390690000 0 0
1484581750.394386000 0 0
1484581750.398917000 0 0
1484581750.406385000 0 0
1484581750.410567000 0 0
1484581750.418775000 0 0
1484581750.422507000 0 0
1484581750.428398000 0 0
1484581750.435410000 0 0
1484581750.452570000 0 0
1484581750.467809000 0 0
1484581750.472116000 0 0
1484581750.476333000 0 0
1484581750.480070000 0 0
1484581750.483737000 0 0
1484581750.487742000 0 0
1484581750.491579000 0 0
1484581750.495209000 0 0
1484581750.499346000 0 0
1484581750.503374000 0 0
1484581750.507920000 0 0
1484581750.512296000 0 0
1484581750.516708000 0 0
1484581750.521184000 0 0
1484581750.525972000 0 0
1484581750.530486000 0 0
1484581750.534827000 0 0
1484581750.539145000 0 0
1484581750.543887000 0 0
1484581750.548634000 0 0
1484581750.554664000 0 0
1484581750.559011000 0 0
1484581750.563228000 0 0
1484581750.567517000 0 0
1484581750.572126000 0 0
1484581750.576454000 0 0
1484581750.580830000 0 0
1484581750.585147000 0 0
1484581750.589714000 0 0
1484581750.594429000 0 0
1484581750.603274000 0 0
1484581750.624064000 0 0
1484581750.628603000 0 0
1484581750.632922000 0 0
1484581750.644650000 0 0
1484581750.648466000 0 0
1484581750.652209000 0 0
1484581750.655966000 0 0
1484581750.659740000 0 0
1484581750.663481000 0 0
1484581750.667872000 0 0
1484581750.672274000 0 0
1484581750.676652000 0 0
1484581750.685283000 0 0
1484581750.689884000 0 0
1484581750.697863000 0 0
1484581750.701508000 0 0
1484581750.714429000 0 0
1484581750.738515000 0 0
1484581750.742797000 0 0
1484581750.748410000 0 0
1484581750.752784000 0 0
1484581750.757160000 0 0
1484581750.764248000 0 0
1484581750.774269000 0 0
1484581750.782066000 0 0
1484581750.785643000 0 0
1484581750.790080000 0 0
1484581750.804972000 0 0
1484581750.866693000 0 0
1484581750.871270000 0 0
1484581750.953373000 0 0
1484581750.987809000 0 0
1484581750.992256000 0 0
1484581750.996271000 0 0
1484581751.078667000 0 0
1484581751.082889000 0 0
1484581751.086956000 0 0
1484581751.090518000 0 0
1484581751.177932000 0 0
1484581749.680204000 1503763 0
1484581751.258553000 0 0
1484581751.265438000 0 0
1484581751.269495000 0 0
1484581751.273095000 0 0
1484581751.303842000 0 0
1484581751.358976000 0 0
1484581751.363185000 0 0
1484581751.370148000 0 0
1484581751.387687000 0 0
1484581751.393993000 0 0
1484581751.421876000 0 0
1484581751.456652000 0 0
1484581751.469951000 0 0
1484581751.495339000 0 0
1484581751.498804000 0 0
1484581751.502481000 0 0
1484581751.526873000 0 0
1484581751.538320000 0 0
1484581751.580530000 0 0
1484581751.613728000 0 0
1484581751.618105000 0 0
1484581751.628273000 0 0
1484581751.643606000 0 0
1484581751.660398000 0 0
1484581751.689131000 0 0
1484581751.711774000 0 0
1484581751.715874000 0 0
1484581751.719861000 0 0
1484581751.726168000 0 0
1484581751.745581000 0 0
1484581751.759211000 0 0
1484581751.763161000 0 0
1484581751.782367000 0 0
1484581751.792533000 0 0
1484581751.815252000 0 0
1484581751.819445000 0 0
1484581751.833123000 0 0
1484581751.837180000 0 0
1484581752.014178000 0 0
1484581752.028459000 0 0
1484581752.064936000 0 0
1484581752.070708000 0 0
1484581752.074884000 0 0
1484581752.078586000 0 0
1484581752.082043000 0 0
1484581752.085598000 0 0
1484581752.089067000 0 0
1484581752.092510000 0 0
1484581752.095967000 0 0
1484581752.109311000 0 0
1484581752.147078000 0 0
1484581752.157309000 0 0
1484581752.164639000 0 0
1484581752.168363000 0 0
1484581752.216447000 0 0
1484581752.227587000 0 0
1484581752.231768000 0 0
1484581752.235282000 0 0
1484581752.248452000 0 0
1484581752.256022000 0 0
1484581752.267438000 0 0
1484581752.281672000 0 0
1484581752.291103000 0 0
1484581752.295151000 0 0
1484581752.298848000 0 0
1484581752.317913000 0 0
1484581752.322032000 0 0
1484581752.327134000 0 0
1484581752.331126000 0 0
1484581752.339357000 0 0
1484581752.364036000 0 0
1484581752.368346000 0 0
1484581752.379800000 0 0
1484581752.470152000 0 0
1484581752.474455000 0 0
1484581752.670415000 0 0
1484581752.676037000 0 0
1484581752.680470000 0 0
1484581752.708603000 0 0
1484581752.717467000 0 0
1484581752.734121000 0 0
1484581752.809343000 0 0
1484581752.825795000 0 0
1484581752.848102000 0 0
1484581752.867142000 0 0
1484581752.963448000 0 0
1484581752.969667000 0 0
1484581752.973999000 0 0
1484581753.064527000 0 0
1484581753.120920000 0 0
1484581753.137255000 0 0
1484581753.180532000 0 0
1484581753.210740000 0 0
1484581753.239992000 0 0
1484581753.275992000 0 0
1484581753.280745000 0 0
1484581753.285023000 0 0
1484581753.289352000 0 0
1484581753.297211000 0 0
1484581753.308236000 0 0
1484581753.319426000 0 0
1484581753.323589000 0 0
1484581753.327235000 0 0
1484581753.330919000 0 0
1484581753.334633000 0 0
1484581753.338356000 0 0
1484581753.343023000 0 0
1484581753.369467000 0 0
1484581753.377098000 0 0
1484581753.401715000 0 0
1484581753.406363000 0 0
1484581753.421653000 0 0
1484581753.425279000 0 0
1484581753.428782000 0 0
1484581753.436674000 0 0
1484581753.517503000 0 0
1484581753.520986000 0 0
1484581753.545009000 0 0
1484581753.570023000 0 0
1484581753.573977000 0 0
1484581753.591715000 0 0
1484581753.603802000 0 0
1484581753.607542000 0 0
1484581753.611321000 0 0
1484581753.614911000 0 0
1484581753.618476000 0 0
1484581753.621990000 0 0
1484581753.625438000 0 0
1484581753.642103000 0 0
1484581753.661056000 0 0
1484581753.702205000 0 0
1484581753.761006000 0 0
1484581753.764741000 0 0
1484581753.768196000 0 0
1484581753.785572000 0 0
1484581753.789798000 0 0
1484581753.793701000 0 0
1484581753.802219000 0 0
1484581753.809972000 0 0
1484581753.830782000 0 0
1484581753.849003000 0 0
1484581753.853162000 0 0
1484581753.856916000 0 0
1484581753.860391000 0 0
1484581753.899676000 0 0
1484581753.905615000 0 0
1484581753.931430000 0 0
1484581753.954887000 0 0
1484581753.958438000 0 0
1484581753.965916000 0 0
1484581754.004130000 0 0
1484581754.028262000 0 0
1484581754.033388000 0 0
1484581754.037128000 0 0
1484581754.040576000 0 0
1484581754.043980000 0 0
1484581754.047448000 0 0
1484581754.050850000 0 0
1484581754.054317000 0 0
1484581754.057723000 0 0
1484581754.061249000 0 0
1484581754.065144000 0 0
1484581754.068661000 0 0
1484581754.072117000 0 0
1484581754.078941000 0 0
1484581754.082358000 0 0
1484581754.153073000 0 0
1484581754.157335000 0 0
1484581754.161386000 0 0
1484581754.166360000 0 0
1484581754.170047000 0 0
1484581754.188372000 0 0
1484581754.192653000 0 0
1484581754.201202000 0 0
1484581754.211957000 0 0
1484581754.240211000 0 0
1484581754.247044000 0 0
1484581754.259911000 0 0
1484581754.279609000 0 0
1484581754.283782000 0 0
1484581754.295486000 0 0
1484581754.304502000 0 0
1484581754.308523000 0 0
1484581754.329061000 0 0
1484581754.363179000 0 0
1484581754.383366000 0 0
1484581754.386771000 0 0
1484581754.391019000 0 0
1484581754.396417000 0 0
1484581754.404388000 0 0
1484581754.439056000 0 0
1484581754.446044000 0 0
1484581754.457965000 0 0
1484581754.462178000 0 0
1484581754.467208000 0 0
1484581754.473065000 0 0
1484581754.488956000 0 0
1484581754.493130000 0 0
1484581754.508674000 0 0
1484581754.514244000 0 0
1484581754.520215000 0 0
1484581754.535174000 0 0
1484581754.539299000 0 0
1484581754.543411000 0 0
1484581754.547012000 0 0
1484581754.552218000 0 0
1484581754.555937000 0 0
1484581754.559581000 0 0
1484581754.563099000 0 0
1484581754.581477000 0 0
1484581754.585831000 0 0
1484581754.593741000 0 0
1484581754.597027000 0 0
1484581754.600143000 0 0
1484581754.607098000 0 0
1484581754.610905000 0 0
1484581754.616238000 0 0
1484581754.619432000 0 0
1484581754.622358000 0 0
1484581754.629630000 0 0
1484581754.633016000 0 0
1484581754.641454000 0 0
1484581754.645317000 0 0
1484581754.648706000 0 0
1484581754.652103000 0 0
1484581754.655491000 0 0
1484581754.658973000 0 0
1484581754.662307000 0 0
1484581756.326309000 0 1504270
1484581756.464792000 0 0
1484581756.462844000 0 0
1484581824.858121000 0 0
1484581824.884210000 0 0
1484581826.326873000 0 1504820
1484581826.465641000 0 0
1484581826.463684000 0 0
1484581856.326768000 0 0
1484581856.334977000 23300 9194
1484581223.843370000 1506591 31098
1484581878.610212000 0 0
1484581963.815997000 0 0
1484581963.873249000 0 0
1484581963.891605000 0 0
1484581965.931649000 0 368
1484581965.942627000 0 0
1484581965.940974000 0 0
1484581963.877362000 54505 0
1484581963.894861000 35928 0
1484582022.780184000 0 6852
1484582022.791817000 0 0
1484582022.789854000 0 0
1484582263.918714000 0 0
1484582263.933188000 0 0
1484582265.949889000 0 365
1484582265.961997000 0 0
1484582265.960061000 0 0
1484582263.921687000 54505 0
1484582263.936181000 35928 0
1484582322.802118000 0 6852
1484582322.811134000 0 0
1484582322.809851000 0 0
1484582563.999292000 0 0
1484582564.014759000 0 0
1484581878.614419000 1518092 6495
1484582564.002523000 54505 0
1484582564.017585000 35928 0
1484582622.813748000 0 6852
1484582622.822326000 0 0
1484582622.821231000 0 0
1484582864.043420000 0 0
1484582864.063448000 0 0
1484582864.047501000 54505 0
1484582864.068552000 35928 0
1484583164.103001000 0 0
1484583164.116553000 0 0
1484583164.105743000 54505 0
1484583164.118996000 35928 0
1484583464.152292000 0 0
1484583464.166480000 0 0
1484583464.155277000 54505 0
1484583464.169073000 35928 0
1484583764.188163000 0 0
1484583764.203452000 0 0
1484583764.192419000 54505 0
1484583764.207322000 35928 0
1484583935.245612000 0 6852
1484583935.255275000 0 0
1484583935.253980000 0 0
1484584048.632521000 0 0
1484584064.237023000 0 0
1484584064.260367000 0 0
1484584064.241592000 54505 0
1484584064.264597000 35928 0
1484581963.820500000 20632 0
1484584104.847912000 0 0
1484584104.850160000 0 0
1484584104.853214000 0 0
1484584104.862471000 0 0
1484584218.369791000 0 0
1484584235.254523000 0 6853
1484584235.263338000 0 0
1484584235.262154000 0 0
1484584237.910199000 0 0
1484584237.923020000 0 0
1484584218.375707000 1306 0
1484584237.929193000 0 0
1484584048.637221000 23648 19924
1484584363.926015000 0 0
1484584364.653484000 0 0
1484584364.676358000 0 0
1484584365.849358000 0 0
1484584366.157745000 0 370
1484584366.165964000 0 0
1484584366.165104000 0 0
1484584364.659312000 54505 0
1484584364.681517000 35928 0
1484584403.800852000 0 7238
1484584403.813334000 0 0
1484584403.811379000 0 0
1484584535.283967000 0 6853
1484584535.292893000 0 0
1484584535.291652000 0 0
1484584237.916224000 3480 7092
1484584646.375484000 0 7238
1484584646.388252000 0 0
1484584646.386271000 0 0
1484584664.712300000 0 0
1484584664.725952000 0 0
1484584666.170081000 0 382
1484584666.181595000 0 0
1484584666.179878000 0 0
1484584664.714994000 54505 0
1484584664.728907000 35928 0
1484584363.930642000 20632 0
1484584820.772586000 0 0
1484584820.775091000 0 0
1484584820.778352000 0 0
1484584820.787495000 0 0
1484584835.320097000 0 6853
1484584835.329085000 0 0
1484584835.327803000 0 0
1484584365.854290000 1519039 9045
1484584963.912704000 0 0
1484584964.770481000 0 0
1484584964.793445000 0 0
1484584966.183415000 0 365
1484584966.196136000 0 0
1484584966.194172000 0 0
1484584964.775043000 54505 0
1484584964.797616000 35928 0
1484585133.740655000 0 0
1484585135.349920000 0 6853
1484585135.358777000 0 0
1484585135.357532000 0 0
1484585133.745169000 27164 3164
1484585264.830854000 0 0
1484585264.844671000 0 0
1484585286.095592000 0 0
1484585286.098300000 0 0
1484585286.101968000 0 0
1484585286.111892000 0 0
1484585264.833735000 54505 0
1484585264.847041000 35928 0
1484585301.180611000 0 0
1484585301.183216000 0 0
1484585301.186752000 0 0
1484585301.196607000 0 0
1484584963.917201000 20632 0
1484585435.364513000 0 6853
1484585435.372056000 0 0
1484585435.371205000 0 0
1484585467.995208000 0 0
1484585468.189971000 0 0
1484585468.460309000 0 0
1484585468.461713000 0 0
1484585468.463871000 0 0
1484585468.471352000 0 0
1484585468.474283000 0 0
1484585468.475924000 0 0
1484585468.524912000 0 0
1484585468.528292000 0 0
1484585468.531065000 0 0
1484585468.533972000 0 0
1484585468.549620000 0 0
1484585468.552229000 0 0
1484585468.575301000 0 0
1484585468.578146000 0 0
1484585468.581281000 0 0
1484585468.584135000 0 0
1484585469.611418000 0 0
1484585468.487168000 570 0
1484585468.187757000 446 0
1484585468.539688000 504 0
1484585468.588792000 504 0
1484585469.633509000 454 0
1484585469.637099000 970 0
1484585469.642099000 1680 0
1484585469.646742000 1708 0
1484585469.649801000 907 0
1484585469.654403000 1351 0
1484585469.748079000 0 0
1484585471.752122000 0 0
1484585471.791337000 0 0
1484585471.791975000 0 0
1484585471.791674000 0 0
1484585471.792655000 0 0
1484585471.792867000 0 0
1484585471.795612000 0 0
1484585472.787886000 0 0
1484585471.756621000 478 0
1484585471.731090000 0 0
1484585473.100604000 0 0
1484585473.106287000 0 0
1484585473.112224000 0 0
1484585473.117244000 0 0
1484585473.122225000 0 0
1484585473.127569000 0 0
1484585473.132201000 0 0
1484585473.136978000 0 0
1484585473.142256000 0 0
1484585473.147338000 0 0
1484585473.151730000 0 0
1484585473.156539000 0 0
1484585473.161247000 0 0
1484585473.165476000 0 0
1484585473.170301000 0 0
1484585473.175057000 0 0
1484585473.179690000 0 0
1484585473.184315000 0 0
1484585473.188773000 0 0
1484585473.193588000 0 0
1484585473.198236000 0 0
1484585473.202853000 0 0
1484585473.207693000 0 0
1484585473.212025000 0 0
1484585473.216344000 0 0
1484585473.220937000 0 0
1484585473.225789000 0 0
1484585473.229927000 0 0
1484585473.235481000 0 0
1484585473.239851000 0 0
1484585473.243908000 0 0
1484585473.248459000 0 0
1484585473.253045000 0 0
1484585473.256926000 0 0
1484585473.260914000 0 0
1484585473.265279000 0 0
1484585473.269793000 0 0
1484585473.273844000 0 0
1484585473.278587000 0 0
1484585473.284267000 0 0
1484585473.288228000 0 0
1484585473.292935000 0 0
1484585473.297232000 0 0
1484585473.301781000 0 0
1484585473.305998000 0 0
1484585473.310507000 0 0
1484585473.315347000 0 0
1484585473.319327000 0 0
1484585473.323584000 0 0
1484585473.328321000 0 0
1484585473.332405000 0 0
1484585473.336389000 0 0
1484585473.340929000 0 0
1484585473.345644000 0 0
1484585473.350511000 0 0
1484585473.355324000 0 0
1484585473.360002000 0 0
1484585473.365156000 0 0
1484585473.369818000 0 0
1484585473.374422000 0 0
1484585473.379198000 0 0
1484585473.383519000 0 0
1484585473.388421000 0 0
1484585473.392880000 0 0
1484585473.396935000 0 0
1484585473.402690000 0 0
1484585473.407517000 0 0
1484585473.411957000 0 0
1484585473.415973000 0 0
1484585473.420632000 0 0
1484585473.425173000 0 0
1484585473.429252000 0 0
1484585473.433715000 0 0
1484585473.438340000 0 0
1484585473.442828000 0 0
1484585473.446882000 0 0
1484585473.451438000 0 0
1484585473.456055000 0 0
1484585473.461671000 0 0
1484585473.466063000 0 0
1484585473.474009000 0 0
1484585473.479080000 0 0
1484585473.483593000 0 0
1484585473.489373000 0 0
1484585473.493244000 0 0
1484585473.498424000 0 0
1484585473.503203000 0 0
1484585473.507804000 0 0
1484585473.512478000 0 0
1484585473.517166000 0 0
1484585473.521896000 0 0
1484585473.526196000 0 0
1484585473.530540000 0 0
1484585473.535202000 0 0
1484585473.540581000 0 0
1484585473.545307000 0 0
1484585473.549573000 0 0
1484585473.554203000 0 0
1484585473.559957000 0 0
1484585473.564382000 0 0
1484585473.569071000 0 0
1484585473.573551000 0 0
1484585473.578203000 0 0
1484585473.582990000 0 0
1484585473.587728000 0 0
1484585473.592187000 0 0
1484585473.596556000 0 0
1484585473.601127000 0 0
1484585473.606447000 0 0
1484585473.611265000 0 0
1484585473.615458000 0 0
1484585473.620005000 0 0
1484585473.625868000 0 0
1484585473.630040000 0 0
1484585473.634423000 0 0
1484585473.638867000 0 0
1484585473.643642000 0 0
1484585473.648094000 0 0
1484585473.652915000 0 0
1484585473.657817000 0 0
1484585473.662423000 0 0
1484585473.666860000 0 0
1484585473.671416000 0 0
1484585473.676311000 0 0
1484585473.680488000 0 0
1484585473.685228000 0 0
1484585473.690070000 0 0
1484585473.696539000 0 0
1484585473.701228000 0 0
1484585473.706017000 0 0
1484585473.710487000 0 0
1484585473.715113000 0 0
1484585473.720123000 0 0
1484585473.724354000 0 0
1484585473.729002000 0 0
1484585473.733628000 0 0
1484585473.738030000 0 0
1484585473.742837000 0 0
1484585473.747226000 0 0
1484585473.751951000 0 0
1484585473.756369000 0 0
1484585473.761100000 0 0
1484585473.765285000 0 0
1484585473.769894000 0 0
1484585473.774175000 0 0
1484585473.778592000 0 0
1484585473.783034000 0 0
1484585473.787657000 0 0
1484585473.792414000 0 0
1484585473.796860000 0 0
1484585473.801633000 0 0
1484585473.805928000 0 0
1484585473.810526000 0 0
1484585473.815933000 0 0
1484585473.820666000 0 0
1484585473.825229000 0 0
1484585473.829592000 0 0
1484585473.834334000 0 0
1484585473.838728000 0 0
1484585473.844485000 0 0
1484585473.848999000 0 0
1484585473.854188000 0 0
1484585473.858941000 0 0
1484585473.863440000 0 0
1484585473.868193000 0 0
1484585473.872849000 0 0
1484585473.877300000 0 0
1484585473.881687000 0 0
1484585473.886180000 0 0
1484585473.890874000 0 0
1484585473.895086000 0 0
1484585473.899413000 0 0
1484585473.904109000 0 0
1484585473.908800000 0 0
1484585473.913336000 0 0
1484585473.919071000 0 0
1484585473.923505000 0 0
1484585473.928109000 0 0
1484585473.932669000 0 0
1484585473.937199000 0 0
1484585473.941441000 0 0
1484585473.945914000 0 0
1484585473.950608000 0 0
1484585473.955608000 0 0
1484585473.960062000 0 0
1484585473.964731000 0 0
1484585473.969394000 0 0
1484585473.973997000 0 0
1484585473.978965000 0 0
1484585473.984311000 0 0
1484585473.988643000 0 0
1484585473.993614000 0 0
1484585473.998657000 0 0
1484585474.003186000 0 0
1484585474.007763000 0 0
1484585474.012235000 0 0
1484585474.016892000 0 0
1484585474.021350000 0 0
1484585474.026175000 0 0
1484585474.030473000 0 0
1484585474.035212000 0 0
1484585474.039863000 0 0
1484585474.044738000 0 0
1484585474.050966000 0 0
1484585474.055605000 0 0
1484585474.060268000 0 0
1484585474.064606000 0 0
1484585474.068930000 0 0
1484585474.073405000 0 0
1484585474.078102000 0 0
1484585474.082872000 0 0
1484585474.087496000 0 0
1484585474.091923000 0 0
1484585474.096202000 0 0
1484585474.100982000 0 0
1484585474.105441000 0 0
1484585474.109922000 0 0
1484585474.114558000 0 0
1484585474.119009000 0 0
1484585474.123568000 0 0
1484585474.128280000 0 0
1484585474.132744000 0 0
1484585474.137367000 0 0
1484585474.143421000 0 0
1484585474.147651000 0 0
1484585474.152097000 0 0
1484585474.156581000 0 0
1484585474.161318000 0 0
1484585474.165940000 0 0
1484585474.170329000 0 0
1484585474.175181000 0 0
1484585474.179620000 0 0
1484585474.183993000 0 0
1484585474.189926000 0 0
1484585474.194319000 0 0
1484585474.198581000 0 0
1484585474.203024000 0 0
1484585474.207734000 0 0
1484585474.212571000 0 0
1484585474.217128000 0 0
1484585474.221692000 0 0
1484585474.226167000 0 0
1484585474.230693000 0 0
1484585474.235386000 0 0
1484585474.239719000 0 0
1484585474.244164000 0 0
1484585474.249334000 0 0
1484585474.253566000 0 0
1484585474.260105000 0 0
1484585474.267602000 0 0
1484585474.272958000 0 0
1484585474.278217000 0 0
1484585474.292232000 0 0
1484585474.297116000 0 0
1484585474.312414000 0 0
1484585474.316686000 0 0
1484585472.804539000 0 0
1484585474.320328000 0 0
1484585474.330197000 0 0
1484585474.345319000 0 0
1484585474.349870000 0 0
1484585474.363003000 0 0
1484585474.366753000 0 0
1484585474.377710000 0 0
1484585474.380810000 0 0
1484585474.386157000 0 0
1484585474.401056000 0 0
1484585474.418975000 0 0
1484585474.433731000 0 0
1484585474.446549000 0 0
1484585474.455500000 0 0
1484585474.469596000 0 0
1484585474.483393000 0 0
1484585474.488409000 0 0
1484585474.493430000 0 0
1484585474.505432000 0 0
1484585474.519505000 0 0
1484585474.524786000 0 0
1484585474.547821000 0 0
1484585474.553048000 0 0
1484585474.565185000 0 0
1484585474.575047000 0 0
1484585474.580095000 0 0
1484585474.600160000 0 0
1484585474.613859000 0 0
1484585474.629952000 0 0
1484585474.635408000 0 0
1484585474.640682000 0 0
1484585474.645694000 0 0
1484585474.650625000 0 0
1484585474.663417000 0 0
1484585474.676262000 0 0
1484585474.681334000 0 0
1484585474.689549000 0 0
1484585474.694804000 0 0
1484585474.710409000 0 0
1484585474.731026000 0 0
1484585474.747286000 0 0
1484585474.752388000 0 0
1484585474.757034000 0 0
1484585474.762515000 0 0
1484585474.787159000 0 0
1484585474.803320000 0 0
1484585474.808586000 0 0
1484585474.827979000 0 0
1484585474.839572000 0 0
1484585474.853534000 0 0
1484585474.875269000 0 0
1484585474.880401000 0 0
1484585474.889215000 0 0
1484585474.893463000 0 0
1484585474.897486000 0 0
1484585474.918702000 0 0
1484585474.923027000 0 0
1484585474.927164000 0 0
1484585474.934275000 0 0
1484585474.937879000 0 0
1484585474.951719000 0 0
1484585474.955818000 0 0
1484585474.969734000 0 0
1484585474.978478000 0 0
1484585474.984703000 0 0
1484585474.988981000 0 0
1484585474.993349000 0 0
1484585475.002757000 0 0
1484585475.026296000 0 0
1484585475.031616000 0 0
1484585475.056550000 0 0
1484585475.065222000 0 0
1484585475.070367000 0 0
1484585475.079930000 0 0
1484585475.088522000 0 0
1484585475.097511000 0 0
1484585475.112921000 0 0
1484585475.117338000 0 0
1484585475.121325000 0 0
1484585475.142449000 0 0
1484585475.154925000 0 0
1484585475.166896000 0 0
1484585475.170695000 0 0
1484585475.192164000 0 0
1484585475.206447000 0 0
1484585475.220828000 0 0
1484585475.225707000 0 0
1484585475.238304000 0 0
1484585475.243538000 0 0
1484585475.247870000 0 0
1484585475.256842000 0 0
1484585475.271382000 0 0
1484585481.867143000 0 0
1484585481.885421000 0 0
1484585471.761527000 481 0
1484585471.764126000 481 0
1484585471.768234000 1664 0
1484585471.776288000 509 0
1484585471.780608000 2181 0
1484585471.772321000 506 0
1484585484.963221000 0 0
1484585484.980765000 0 0
1484585484.985186000 0 0
1484585484.990357000 0 0
1484585484.995685000 0 0
1484585471.791040000 0 0
1484585472.655353000 0 0
1484581681.502160000 167121 0
1484585563.942015000 0 0
1484585564.877903000 0 0
1484585564.901151000 0 0
1484585564.882554000 54505 0
1484585564.905362000 35928 0
1484585735.399681000 0 6853
1484585735.408837000 0 0
1484585735.407553000 0 0
1484585864.943839000 0 0
1484585864.966990000 0 0
1484585864.948498000 54505 0
1484585864.971271000 35928 0
1484581681.172802000 0 0
1484585972.944210000 0 0
1484585972.991592000 0 0
1484585973.014811000 0 0
1484585973.021337000 0 0
1484585973.024365000 0 0
1484585973.030501000 0 0
1484585973.033088000 0 0
1484585973.039833000 0 0
1484585973.042717000 0 0
1484585973.046672000 0 0
1484585973.056916000 0 0
1484585973.062890000 0 0
1484585973.069676000 0 0
1484585973.077046000 0 0
1484585973.084303000 0 0
1484585973.086976000 0 0
1484585973.089466000 0 0
1484585973.092200000 0 0
1484585973.095450000 0 0
1484585973.098580000 0 0
1484585973.102054000 0 0
1484585973.106899000 0 0
1484585973.109489000 0 0
1484585973.112361000 0 0
1484585973.115094000 0 0
1484585973.117779000 0 0
1484585973.123152000 0 0
1484586035.438693000 0 6853
1484586035.448478000 0 0
1484586035.446966000 0 0
1484586165.030055000 0 0
1484586165.044818000 0 0
1484586165.032908000 54505 0
1484586165.047477000 35928 0
1484586220.366325000 0 0
1484585563.946298000 20632 0
1484586335.464908000 0 6853
1484586335.474236000 0 0
1484586335.472906000 0 0
1484586379.886482000 0 0
1484586379.897576000 0 0
1484586379.900362000 0 5585
1484586379.907073000 0 0
1484586379.910294000 0 0
1484586379.912795000 0 0
1484586379.889737000 0 0
1484586379.915184000 0 0
1484586380.017893000 0 85
1484586380.024698000 0 0
1484586380.047442000 0 109
1484586380.054084000 0 0
1484586380.071588000 0 144
1484586380.077510000 0 0
1484586380.138495000 0 175
1484586380.142548000 0 0
1484580766.216807000 0 4096
1484586380.144779000 0 0
1484586380.147410000 0 0
1484586380.151028000 0 0
1484580766.212536000 0 0
1484586380.155951000 0 0
1484586380.238661000 0 0
1484586380.256416000 0 0
1484586380.262498000 0 0
1484586380.268359000 0 0
1484586380.273800000 0 0
1484586380.260272000 0 259
1484586380.289249000 0 0
1484586380.292819000 0 0
1484586380.244329000 0 0
1484586380.295880000 0 0
1484580764.798893000 79411 232386
1484580765.869052000 1121376 111340
1484586220.369817000 1520299 6092
1484586380.312036000 0 79363
1484586380.382623000 0 828
1484586380.387793000 0 204
1484586380.394937000 0 0
1484586380.408581000 0 0
1484580766.848938000 0 4096
1484586380.414198000 0 0
1484586380.418063000 0 0
1484580766.843488000 0 0
1484586380.422964000 0 0
1484586380.429963000 0 0
1484580766.834569000 0 4096
1484586380.435221000 0 0
1484586380.439424000 0 0
1484580766.831825000 0 0
1484586380.444419000 0 0
1484586380.448574000 0 0
1484586380.458075000 0 0
1484586380.470076000 0 0
1484586380.473208000 0 37044
1484586380.499734000 0 0
1484586380.503401000 0 0
1484586380.452737000 0 0
1484586380.506816000 0 0
1484586380.560864000 0 0
1484580766.349255000 447017 8444
1484580954.358170000 0 158026
1484586384.188710000 0 0
1484580763.611198000 360448 0
1484580766.203608000 131072 0
1484580764.380324000 28672 0
1484586380.276659000 3557 0
1484580762.335133000 6144 0
1484580762.009378000 135168 4096
1484580762.015697000 16384 4096
1484580766.833753000 262144 0
1484580766.823142000 98304 0
1484580880.454094000 98304 0
1484580766.331932000 67079 0
1484580766.311064000 60807 0
1484585984.505921000 0 0
1484580736.468574000 0 0
1484580766.863254000 0 0
1484580766.839542000 0 0
1484580761.854656000 0 0
