1484558646.195817000 0 0
1484558646.198290000 0 0
1484558646.205813000 0 0
1484558646.231859000 0 0
1484558646.313530000 0 0
1484558647.077745000 0 0
1484558647.082572000 0 0
1484558647.106396000 0 0
1484558647.109053000 0 0
1484558647.125503000 0 0
1484558647.133807000 0 0
1484558647.136466000 0 0
1484558647.162325000 0 0
1484558647.206654000 0 0
1484558647.211126000 0 0
1484558648.224808000 0 0
1484558648.236949000 0 0
1484558648.239265000 0 0
1484558648.241941000 0 0
1484558648.245590000 0 0
1484558648.274885000 0 0
1484558648.276813000 0 0
1484558649.085351000 0 0
1484558649.086613000 0 0
1484558649.108850000 0 0
1484558649.111987000 0 0
1484558649.134608000 0 0
1484558649.138006000 0 0
1484558658.226300000 0 0
1484558658.231448000 0 0
1484558658.352012000 0 0
1484558658.356528000 0 0
1484558646.158329000 0 0
1484558646.230544000 282 0
1484558646.087502000 183 0
1484558647.100809000 226 0
1484558647.122738000 302 0
1484558647.141647000 182 0
1484558647.156183000 202 0
1484558647.160786000 80 0
1484558647.178074000 183 0
1484558647.195553000 182 0
1484558648.288648000 402 0
1484559088.293697000 0 0
1484559088.297810000 0 0
1484559088.306565000 0 0
1484559088.315505000 0 0
1484559088.326687000 0 0
1484559089.058328000 0 0
1484559089.094246000 0 0
1484559089.099721000 0 0
1484559089.105888000 0 0
1484559089.135275000 0 0
1484559089.153958000 0 0
1484559089.157868000 0 0
1484559089.181704000 0 0
1484559089.189907000 0 0
1484559089.196094000 0 0
1484559089.285328000 0 0
1484559089.309217000 0 0
1484559089.356648000 0 0
1484559089.418653000 0 0
1484559089.540070000 0 0
1484559089.543355000 0 0
1484559089.546469000 0 0
1484559089.549686000 0 0
1484559089.552805000 0 0
1484559089.583965000 0 0
1484559089.609613000 0 0
1484559089.612949000 0 0
1484559089.616558000 0 0
1484559089.642856000 0 0
1484559089.651877000 0 0
1484559089.785922000 0 0
1484559089.884332000 0 0
1484559089.900743000 0 0
1484559089.941462000 0 0
1484559090.144685000 0 0
1484559090.250226000 0 0
1484559090.255643000 0 18830
1484559090.515400000 0 0
1484559090.520483000 0 0
1484559090.228276000 18830 0
1484559090.238802000 0 0
1484559090.524763000 0 0
1484559090.647974000 0 0
1484559090.712038000 0 0
1484559090.924898000 0 0
1484559090.966192000 0 0
1484559091.071076000 0 0
1484559091.164335000 0 0
1484559091.214021000 0 0
1484559091.374298000 0 0
1484559091.376593000 0 0
1484559091.979173000 0 0
1484559091.987517000 0 0
1484559092.003931000 0 0
1484559092.007234000 0 0
1484559092.006067000 0 0
1484559092.011216000 0 0
1484559092.016852000 0 0
1484559092.020568000 0 0
1484559092.015172000 0 0
1484559092.025793000 0 0
1484559092.074457000 0 0
1484559092.094856000 0 0
1484559092.098051000 0 0
1484559092.100976000 0 0
1484559092.452423000 0 0
1484559092.520548000 0 0
1484559092.565988000 0 0
1484559092.573134000 0 0
1484559092.641343000 524288 0
1484559093.041465000 0 0
1484559093.225301000 0 0
1484559093.228825000 0 2
1484559093.237161000 0 0
1484559093.240094000 0 0
1484559092.578861000 2 0
1484559093.217623000 0 0
1484559093.242550000 0 0
1484559093.484748000 0 53
1484559090.646436000 204 0
1484559093.492314000 0 0
1484559093.682920000 0 0
1484559093.744221000 0 0
1484559095.482132000 0 0
1484559095.487773000 0 0
1484559095.491906000 0 0
1484559095.486072000 0 0
1484559095.525751000 0 0
1484559099.708242000 0 0
1484559099.710711000 0 0
1484559099.909577000 0 0
1484559099.935803000 0 0
1484559100.002918000 0 0
1484559088.184984000 1464 0
1484559088.197099000 0 0
1484559088.219171000 0 0
1484559089.887779000 0 0
1484559100.291692000 0 0
1484559092.484847000 101906 11054
1484559110.393924000 0 0
1484559088.312858000 282 0
1484559089.104093000 10 0
1484559089.121607000 10 0
1484559089.150710000 122 0
1484559089.213891000 208 0
1484559089.335992000 37121 0
1484559089.369982000 3947 0
1484559089.449620000 16384 0
1484559089.536697000 319 0
1484559089.672386000 674 0
1484559089.897449000 2562 0
1484559089.917937000 8416 0
1484559089.975388000 208620 0
1484559090.668012000 4096 0
1484559090.938560000 54051 0
1484559090.976399000 8 0
1484559091.083480000 504 0
1484559091.149966000 8792 0
1484559121.985129000 0 5344
1484559091.228475000 5344 0
1484559121.996472000 0 0
1484559091.984616000 485 0
1484559092.071858000 197 0
1484559092.457557000 696 0
1484559092.537805000 27 0
1484559093.513223000 9929 0
1484559091.191306000 25 0
1484559093.630953000 9833 0
1484559093.648230000 574 0
1484559095.497008000 7159 0
1484559095.537748000 196 0
1484559112.859555000 0 234600
1484559129.403296000 0 0
1484559135.265546000 0 234040
1484559143.572104000 0 0
1484559146.793048000 0 0
1484559146.810528000 0 0
1484559146.832979000 0 0
1484559146.841308000 0 0
1484559146.887931000 0 2875
1484559146.875397000 2875 0
1484559146.896625000 0 0
1484559149.846036000 0 0
1484559149.874470000 0 138
1484559149.883793000 0 0
1484559149.860200000 138 0
1484559149.882757000 0 0
1484559149.895245000 0 0
1484559149.919328000 0 7708
1484559149.928426000 0 0
1484559149.927501000 0 0
1484559149.940092000 51 0
1484559192.295007000 0 0
1484559192.303949000 0 0
1484559192.307371000 0 485
1484559192.314795000 0 0
1484559192.317541000 0 0
1484559192.319895000 0 0
1484559192.298237000 0 0
1484559192.322573000 0 0
1484559192.369558000 0 0
1484559192.378803000 0 696
1484559192.387983000 0 0
1484559192.430815000 0 85
1484559192.434089000 0 0
1484559093.032331000 0 4096
1484559192.438793000 0 0
1484559192.443810000 0 0
1484559192.444408000 0 0
1484559192.448772000 0 0
1484559093.027412000 0 0
1484559192.454890000 0 0
1484559192.455957000 0 0
1484559192.460582000 0 0
1484559192.459658000 0 197
1484559192.470431000 0 0
1484559192.472996000 0 0
1484559192.448591000 0 0
1484559192.476476000 0 0
1484559091.998662000 16663 9422
1484559101.641474000 0 94495
1484559110.421271000 3147809 4831
1484559092.092137000 1644 3526
1484559192.493624000 0 16673
1484559192.533305000 0 319
1484559192.537590000 0 109
1484559192.544499000 0 0
1484559192.548464000 0 0
1484559093.758255000 0 4096
1484559192.553691000 0 144
1484559192.555271000 0 0
1484559192.559806000 0 0
1484559093.756140000 0 0
1484559192.561845000 0 0
1484559192.566201000 0 0
1484559192.572730000 0 175
1484559192.579199000 0 0
1484559192.588864000 0 204
1484559192.595612000 0 0
1484559192.607664000 0 0
1484559093.720987000 0 4096
1484559192.615188000 0 0
1484559192.619890000 0 0
1484559093.718296000 0 0
1484559192.626986000 0 0
1484559192.631972000 0 0
1484559192.646272000 0 0
1484559192.650563000 0 37260
1484559192.679666000 0 0
1484559192.683651000 0 0
1484559192.636473000 0 0
1484559192.687132000 0 0
1484559192.723307000 0 0
1484559205.589362000 0 0
1484559093.768742000 0 0
1484559093.726904000 0 0
1484559089.163379000 0 0
1484559089.675249000 142706 0
1484559090.737958000 1605632 557056
1484559091.603454000 16384 0
1484559093.021017000 8192 0
1484559089.802255000 4096 0
1484559089.478997000 69632 4096
1484559089.497448000 8192 4096
1484559093.749186000 163840 0
1484559093.711126000 98304 0
1484559099.971259000 102576 0
1484559099.926508000 12333 0
1484559227.293407000 0 0
1484559205.592003000 182 0
1484559338.516183000 0 0
1484559343.309001000 0 0
1484559504.447650000 0 0
1484559504.451511000 0 0
1484559519.925380000 0 0
1484559520.075514000 0 0
1484559520.078434000 0 0
1484559520.082494000 0 0
1484559520.092558000 0 0
1484559520.094554000 0 0
1484559520.097155000 0 0
1484559520.108084000 0 0
1484559520.111466000 0 0
1484559520.113615000 0 0
1484559520.116155000 0 0
1484559520.151355000 0 0
1484559520.154409000 0 0
1484559520.162807000 0 0
1484559520.228836000 0 0
1484559520.232399000 0 0
1484559525.040841000 0 0
1484559524.941769000 0 0
1484559525.967909000 0 0
1484559525.971292000 0 0
1484559525.991897000 0 0
1484559525.995545000 0 0
1484559525.999830000 0 0
1484559530.092084000 0 0
1484559530.097457000 0 0
1484559530.105970000 0 0
1484559530.110333000 0 0
1484559520.088601000 80 0
1484559520.168792000 282 0
1484559520.237953000 402 0
1484559524.943785000 1464 0
1484559524.991087000 2741 0
1484559525.019200000 462 0
1484559525.034304000 441 0
1484559525.268788000 197 0
1484559525.303942000 304 0
1484559525.356681000 226 0
1484559525.989507000 134 0
1484559619.493252000 0 0
1484559619.495466000 0 0
1484559619.503516000 0 0
1484559619.511279000 0 0
1484559619.515688000 0 0
1484559619.573327000 0 0
1484559619.576074000 0 0
1484559619.580948000 0 0
1484559619.584313000 0 0
1484559619.591506000 0 0
1484559619.597659000 0 0
1484559619.599630000 0 0
1484559619.603231000 0 0
1484559619.605044000 0 0
1484559619.608752000 0 0
1484559619.645918000 0 0
1484559619.668552000 0 0
1484559619.684495000 0 0
1484559619.700257000 0 0
1484559619.728160000 0 0
1484559619.730474000 0 0
1484559619.732873000 0 0
1484559619.735055000 0 0
1484559619.736922000 0 0
1484559619.760829000 0 0
1484559619.796494000 0 0
1484559619.800552000 0 0
1484559619.803720000 0 0
1484559619.837923000 0 0
1484559619.841976000 0 0
1484559619.898398000 0 0
1484559619.968325000 0 0
1484559619.978929000 0 0
1484559619.992597000 0 0
1484559620.092745000 0 0
1484559620.200900000 0 0
1484559620.206164000 0 18830
1484559620.499885000 0 0
1484559620.505133000 0 0
1484559620.098224000 18830 0
1484559620.103500000 0 0
1484559620.509666000 0 0
1484559620.634061000 0 0
1484559620.666391000 0 0
1484559620.747822000 0 0
1484559620.759848000 0 0
1484559620.806554000 0 0
1484559620.881123000 0 0
1484559620.930166000 0 0
1484559621.091315000 0 0
1484559621.093410000 0 0
1484559621.472665000 0 0
1484559621.481505000 0 0
1484559621.489369000 0 0
1484559621.493376000 0 0
1484559621.492283000 0 0
1484559621.496950000 0 0
1484559621.500494000 0 0
1484559621.503046000 0 0
1484559621.499267000 0 0
1484559621.506483000 0 0
1484559621.527053000 0 0
1484559621.531248000 0 0
1484559621.533247000 0 0
1484559621.535418000 0 0
1484559621.861705000 0 0
1484559621.884075000 0 0
1484559621.904691000 0 0
1484559621.909869000 0 0
1484559621.930360000 524288 0
1484559622.003439000 0 0
1484559622.181792000 0 0
1484559622.185673000 0 2
1484559622.192920000 0 0
1484559622.195412000 0 0
1484559621.914904000 2 0
1484559622.175489000 0 0
1484559622.197779000 0 0
1484559622.391851000 0 0
1484559622.431522000 0 0
1484559622.529710000 0 53
1484559620.632494000 204 0
1484559622.538025000 0 0
1484559624.897430000 0 0
1484559624.903156000 0 0
1484559624.907460000 0 0
1484559624.901442000 0 0
1484559624.924857000 0 0
1484559630.456727000 0 0
1484559630.459086000 0 0
1484559619.408910000 1464 0
1484559619.418776000 0 0
1484559619.440451000 0 0
1484559619.971384000 0 0
1484559637.636413000 0 0
1484559637.646114000 0 0
1484559637.649596000 0 485
1484559637.656472000 0 0
1484559637.659149000 0 0
1484559637.661623000 0 0
1484559621.478582000 485 0
1484559637.639771000 0 0
1484559637.663910000 0 0
1484559637.717491000 0 0
1484559637.725143000 0 696
1484559621.866775000 696 0
1484559637.737878000 0 0
1484559631.029687000 0 595208
1484559637.826193000 0 0
1484559637.847080000 0 85
1484559637.854461000 0 0
1484559637.903744000 0 109
1484559637.907053000 0 0
1484559621.994138000 0 4096
1484559637.914858000 0 0
1484559637.911901000 0 0
1484559637.916802000 0 0
1484559637.919645000 0 0
1484559621.989175000 0 0
1484559637.925852000 0 0
1484559637.926180000 0 0
1484559637.931417000 0 0
1484559637.930388000 0 197
1484559637.940586000 0 0
1484559637.943376000 0 0
1484559621.525560000 197 0
1484559637.920747000 0 0
1484559637.946139000 0 0
1484559621.484089000 16673 989
1484559621.870227000 81624 11784
1484559637.961600000 0 16677
1484559619.720690000 319 0
1484559637.991226000 0 319
1484559637.995916000 0 144
1484559638.003068000 0 0
1484559638.009522000 0 0
1484559622.447726000 0 4096
1484559638.011908000 0 175
1484559638.017172000 0 0
1484559638.019659000 0 0
1484559638.023966000 0 0
1484559622.445105000 0 0
1484559638.030600000 0 0
1484559638.030213000 0 5344
1484559620.936235000 5344 0
1484559638.039691000 0 0
1484559638.051108000 0 204
1484559638.058318000 0 0
1484559638.068381000 0 0
1484559622.413553000 0 4096
1484559638.075611000 0 0
1484559638.080513000 0 0
1484559622.403237000 0 0
1484559638.088421000 0 0
1484559638.094386000 0 0
1484559638.110828000 0 0
1484559638.115911000 0 37396
1484559638.141719000 0 0
1484559638.145033000 0 0
1484559619.677117000 37260 0
1484559638.099063000 0 0
1484559638.148133000 0 0
1484559638.169086000 0 0
1484559638.179109000 0 0
1484559638.217356000 0 138
1484559638.225917000 0 0
1484559638.208434000 138 0
1484559638.224897000 0 0
1484559638.252845000 0 7751
1484559638.262836000 0 0
1484559638.261795000 0 0
1484559638.280918000 0 0
1484559619.509214000 282 0
1484559619.582960000 10 0
1484559619.588304000 10 0
1484559619.596315000 122 0
1484559619.615624000 208 0
1484559619.686561000 3947 0
1484559619.705346000 16384 0
1484559619.862248000 674 0
1484559619.976123000 2562 0
1484559619.984825000 8416 0
1484559619.997615000 208620 0
1484559620.638659000 4096 0
1484559620.751106000 54051 0
1484559620.761889000 8 0
1484559620.809032000 504 0
1484559620.851081000 8792 0
1484559622.458412000 0 0
1484559622.420461000 0 0
1484559619.602146000 0 0
1484559619.863986000 142706 0
1484559621.889555000 27 0
1484559622.547387000 9929 0
1484559620.891464000 25 0
1484559622.573179000 9833 0
1484559622.579929000 574 0
1484559624.911707000 7159 0
1484559624.937209000 196 0
1484559620.672285000 1179648 589824
1484559621.096060000 16384 0
1484559621.982580000 8192 0
1484559621.529228000 1774 0
1484559619.902866000 4096 0
1484559619.710457000 69632 4096
1484559619.714922000 8192 4096
1484559622.437079000 131072 0
1484559622.394713000 98304 0
1484559638.197345000 51 0
1484561111.964260000 0 0
1484561112.596367000 0 0
1484561112.655119000 0 0
1484561112.657889000 0 0
1484561112.728554000 0 0
1484561112.754891000 0 0
1484561139.838418000 0 0
1484561139.932250000 0 0
1484561139.934934000 0 0
1484561139.942832000 0 0
1484561139.950969000 0 0
1484561139.957009000 0 0
1484561140.019527000 0 0
1484561140.023123000 0 0
1484561140.029058000 0 0
1484561140.036069000 0 0
1484561140.045259000 0 0
1484561140.052279000 0 0
1484561140.054726000 0 0
1484561140.059248000 0 0
1484561140.061490000 0 0
1484561140.066385000 0 0
1484561140.107646000 0 0
1484561140.132378000 0 0
1484561140.148968000 0 0
1484561140.168751000 0 0
1484561140.201026000 0 0
1484561140.203274000 0 0
1484561140.206196000 0 0
1484561140.208653000 0 0
1484561140.211176000 0 0
1484561140.233110000 0 0
1484561140.246778000 0 0
1484561140.250068000 0 0
1484561140.252756000 0 0
1484561140.280204000 0 0
1484561140.285807000 0 0
1484561140.344318000 0 0
1484561140.416938000 0 0
1484561140.426944000 0 0
1484561140.440118000 0 0
1484561140.533274000 0 0
1484561140.548275000 0 0
1484561140.551833000 0 18830
1484561140.721671000 0 0
1484561140.725775000 0 0
1484561140.537907000 18830 0
1484561140.543361000 0 0
1484561140.729378000 0 0
1484561140.832073000 0 0
1484561140.865575000 0 0
1484561140.946440000 0 0
1484561140.959221000 0 0
1484561141.007338000 0 0
1484561141.078050000 0 0
1484561141.123219000 0 0
1484561141.271319000 0 0
1484561141.273516000 0 0
1484561141.641188000 0 0
1484561141.648864000 0 0
1484561141.658641000 0 0
1484561141.661905000 0 0
1484561141.660925000 0 0
1484561141.665709000 0 0
1484561141.669183000 0 0
1484561141.671299000 0 0
1484561141.668065000 0 0
1484561141.674455000 0 0
1484561141.694811000 0 0
1484561141.701592000 0 0
1484561141.703713000 0 0
1484561141.706195000 0 0
1484561142.018955000 0 0
1484561142.040677000 0 0
1484561142.060771000 0 0
1484561142.066470000 0 0
1484561142.087600000 524288 0
1484561142.159745000 0 0
1484561142.327812000 0 0
1484561142.331372000 0 2
1484561142.338928000 0 0
1484561142.341308000 0 0
1484561142.072330000 2 0
1484561142.320530000 0 0
1484561142.343870000 0 0
1484561142.588711000 0 53
1484561140.831045000 204 0
1484561142.597105000 0 0
1484561142.664742000 0 0
1484561142.718818000 0 0
1484561144.951457000 0 0
1484561144.955293000 0 0
1484561145.042536000 0 0
1484561145.047036000 0 0
1484561145.050705000 0 0
1484561145.045744000 0 0
1484561145.066453000 0 0
1484561149.071536000 0 0
1484561149.074689000 0 0
1484561139.845581000 1464 0
1484561139.856821000 0 0
1484561139.877867000 0 0
1484561140.419794000 0 0
1484561154.002219000 0 0
1484561154.005692000 0 485
1484561154.013152000 0 0
1484561154.015935000 0 0
1484561154.018202000 0 0
1484561141.645860000 485 0
1484561153.997322000 0 0
1484561154.020468000 0 0
1484561154.067005000 0 0
1484561154.076288000 0 696
1484561142.024021000 696 0
1484561154.085006000 0 0
1484561154.135851000 0 85
1484561154.139625000 0 0
1484561142.152267000 0 4096
1484561154.143602000 0 0
1484561154.148358000 0 0
1484561154.152569000 0 0
1484561142.147441000 0 0
1484561154.159057000 0 0
1484561154.180416000 0 0
1484561154.193734000 0 0
1484561154.199601000 0 0
1484561154.198028000 0 197
1484561154.213504000 0 0
1484561154.217512000 0 0
1484561141.693068000 197 0
1484561154.184140000 0 0
1484561154.220622000 0 0
1484561141.653561000 16677 374
1484561142.027469000 81784 8120
1484561154.238847000 0 16677
1484561140.192668000 319 0
1484561154.319485000 0 319
1484561154.328228000 0 109
1484561154.337045000 0 0
1484561154.356573000 0 0
1484561142.731859000 0 4096
1484561154.360163000 0 144
1484561154.364961000 0 0
1484561154.371380000 0 0
1484561142.729482000 0 0
1484561154.369105000 0 0
1484561154.380534000 0 0
1484561154.384664000 0 175
1484561154.394872000 0 0
1484561154.408283000 0 5344
1484561141.128980000 5344 0
1484561154.417891000 0 0
1484561154.433948000 0 204
1484561154.442884000 0 0
1484561154.458114000 0 0
1484561142.677165000 0 4096
1484561154.466441000 0 0
1484561154.471569000 0 0
1484561142.674743000 0 0
1484561154.479331000 0 0
1484561154.485120000 0 0
1484561154.503006000 0 0
1484561154.507921000 0 37532
1484561154.542247000 0 0
1484561154.547569000 0 0
1484561140.141164000 37396 0
1484561154.490177000 0 0
1484561154.552004000 0 0
1484561154.586061000 0 0
1484561154.599838000 0 0
1484561154.644655000 0 138
1484561154.654487000 0 0
1484561154.634109000 138 0
1484561154.653444000 0 0
1484561154.686941000 0 7749
1484561154.697250000 0 0
1484561154.696179000 0 0
1484561154.718801000 0 0
1484561139.949328000 282 0
1484561140.034188000 10 0
1484561140.040948000 10 0
1484561140.050283000 122 0
1484561140.071951000 208 0
1484561140.154560000 3947 0
1484561140.174254000 16384 0
1484561140.307574000 674 0
1484561140.424396000 2562 0
1484561140.432800000 8416 0
1484561140.444996000 208620 0
1484561140.837601000 4096 0
1484561140.950495000 54051 0
1484561140.963699000 8 0
1484561141.010003000 504 0
1484561141.053203000 8792 0
1484561142.742993000 0 0
1484561142.682570000 0 0
1484561140.057873000 0 0
1484561140.309408000 142706 0
1484561142.045619000 27 0
1484561142.609797000 9929 0
1484561141.090582000 25 0
1484561142.631292000 9833 0
1484561142.637458000 574 0
1484561145.055677000 7159 0
1484561145.082084000 196 0
1484561140.870539000 557056 0
1484561142.140804000 8192 0
1484561141.278615000 16384 0
1484561141.699507000 1774 0
1484561140.349338000 4096 0
1484561140.182367000 69632 4096
1484561140.186802000 8192 4096
1484561142.721726000 131072 0
1484561142.667241000 98304 0
1484561154.621450000 51 0
1484562613.390362000 0 0
1484562613.443632000 0 0
1484562613.447539000 0 0
1484562613.457179000 0 0
1484562613.490237000 0 0
1484562613.464530000 282 0
1484562616.778295000 1464 0
1484564130.072899000 0 0
1484564130.077013000 0 0
1484566056.124811000 0 0
1484566056.148915000 0 0
1484566056.150931000 0 0
1484566056.158246000 0 0
1484566078.013488000 0 0
1484566078.017606000 0 0
1484566078.027403000 0 0
1484566078.034556000 0 0
1484566078.240660000 0 0
1484566082.467443000 0 0
1484566082.471338000 0 0
1484566082.477537000 0 0
1484566082.510325000 0 0
1484566082.513762000 0 0
1484566082.517717000 0 0
1484566082.523133000 0 0
1484566082.526839000 0 0
1484566082.543495000 0 0
1484566082.547525000 0 0
1484566082.558705000 0 0
1484566082.618031000 0 0
1484566082.620537000 0 0
1484566077.948228000 0 0
1484566092.484764000 0 0
1484566092.490363000 0 0
1484566092.527752000 0 0
1484566092.534164000 0 0
1484566056.163468000 564 0
1484566077.935682000 183 0
1484566082.485245000 80 0
1484566082.535334000 226 0
1484566082.554512000 302 0
1484566082.626635000 402 0
1484566092.498129000 182 0
1484566092.505150000 202 0
1484566092.513248000 183 0
1484566092.520938000 182 0
1484566363.830695000 0 0
1484566363.834931000 0 0
1484566363.843880000 0 0
1484566363.846045000 0 0
1484566363.849357000 0 0
1484566363.854486000 0 0
1484566363.857435000 0 0
1484566363.861954000 0 0
1484566363.865328000 0 0
1484566363.868891000 0 0
1484566373.841292000 0 0
1484566373.844756000 0 0
1484566373.849713000 0 0
1484566373.857660000 0 0
1484566373.861811000 0 0
1484566363.841219000 80 0
