1484569969.940347000 0 0
1484569969.955292000 0 0
1484569970.989215000 0 0
1484569970.992724000 0 0
1484569971.002159000 0 0
1484569971.019786000 0 0
1484569971.017500000 0 0
1484569971.020779000 0 0
1484569971.025302000 0 0
1484569971.025559000 0 0
1484569971.035400000 0 0
1484569971.038762000 0 0
1484569971.047679000 0 0
1484569971.076220000 0 0
1484569971.084026000 0 0
1484569971.087521000 0 0
1484569971.089874000 0 0
1484569971.140108000 0 0
1484569971.143363000 0 0
1484569971.172109000 0 0
1484569971.175204000 0 0
1484569972.953585000 0 0
1484569972.951259000 0 0
1484569972.951754000 0 0
1484569972.953580000 0 0
1484569972.982498000 0 0
1484569972.986582000 0 0
1484569973.002111000 0 0
1484569973.001177000 0 0
1484569973.008672000 0 0
1484569973.009466000 0 0
1484569973.012572000 0 0
1484569973.013238000 0 0
1484569971.009924000 282 0
1484569971.082398000 80 0
1484570008.432581000 0 0
1484570020.866430000 0 0
1484570020.870748000 0 0
1484570026.649670000 0 0
1484570026.652310000 0 0
1484570026.661797000 0 0
1484570026.665682000 0 0
1484570026.674902000 0 0
1484570026.551523000 1464 0
1484570027.270053000 282 0
1484570027.535547000 0 0
1484570027.540904000 0 0
1484570027.556297000 0 0
1484570027.564154000 0 0
1484570027.580262000 0 0
1484570027.588743000 0 0
1484570027.591998000 0 0
1484570027.598649000 0 0
1484570027.601808000 0 0
1484570027.609522000 0 0
1484570027.683536000 0 0
1484570027.708760000 0 0
1484570027.720860000 0 0
1484570027.737815000 0 0
1484570027.765352000 0 0
1484570027.767042000 0 0
1484570027.768558000 0 0
1484570027.770340000 0 0
1484570027.771732000 0 0
1484570027.792850000 0 0
1484570027.805180000 0 0
1484570027.807291000 0 0
1484570027.808949000 0 0
1484570027.833434000 0 0
1484570027.836891000 0 0
1484570027.892909000 0 0
1484570027.964249000 0 0
1484570027.972633000 0 0
1484570027.983967000 0 0
1484570028.079713000 0 0
1484570028.091040000 0 0
1484570028.093166000 0 18830
1484570028.269235000 0 0
1484570028.274518000 0 0
1484570028.082613000 18830 0
1484570028.087362000 0 0
1484570028.278242000 0 0
1484570028.396219000 0 0
1484570028.431113000 0 0
1484570028.559236000 0 0
1484570028.581461000 0 0
1484570028.656197000 0 0
1484570028.736354000 0 0
1484570028.782093000 0 0
1484570028.934164000 0 0
1484570028.936446000 0 0
1484570029.336370000 0 0
1484570029.345228000 0 0
1484570029.361097000 0 0
1484570029.369236000 0 0
1484570029.367085000 0 0
1484570029.376475000 0 0
1484570029.384241000 0 0
1484570029.389745000 0 0
1484570029.382027000 0 0
1484570029.396029000 0 0
1484570029.451384000 0 0
1484570029.459029000 0 0
1484570029.461310000 0 0
1484570029.464072000 0 0
1484570029.788013000 0 0
1484570029.811701000 0 0
1484570029.834698000 0 0
1484570029.840190000 0 0
1484570029.861231000 524288 0
1484570029.935149000 0 0
1484570030.129377000 0 0
1484570030.133082000 0 2
1484570030.141568000 0 0
1484570030.144515000 0 0
1484570029.846119000 2 0
1484570030.121931000 0 0
1484570030.146925000 0 0
1484570030.375368000 0 53
1484570028.394950000 204 0
1484570030.383262000 0 0
1484570031.072475000 0 0
1484570031.098109000 0 0
1484570008.437583000 182 0
1484570032.842734000 0 0
1484570032.848844000 0 0
1484570032.853773000 0 0
1484570032.846863000 0 0
1484570032.878554000 0 0
1484570026.564567000 0 0
1484570026.586539000 0 0
1484570037.476903000 0 0
1484570037.480010000 0 0
1484570037.682557000 0 0
1484570037.696171000 0 0
1484570037.732324000 0 70160
1484570037.760321000 0 0
1484570037.764731000 0 0
1484570038.021268000 0 0
1484570038.245009000 0 693576
1484570042.790005000 0 0
1484570027.966725000 0 0
1484570027.561263000 10 0
1484570027.568850000 10 0
1484570027.585867000 122 0
1484570027.620453000 208 0
1484570027.713687000 37532 0
1484570027.723989000 3947 0
1484570027.741159000 16384 0
1484570027.756402000 319 0
1484570027.855485000 674 0
1484570027.970266000 2562 0
1484570027.976260000 8416 0
1484570027.987041000 208620 0
1484570028.401604000 4096 0
1484570028.571423000 54051 0
1484570028.586822000 8 0
1484570028.662080000 504 0
1484570028.708799000 8792 0
1484570057.253356000 0 0
1484570057.413964000 0 0
1484570059.324025000 0 5344
1484570028.788404000 5344 0
1484570059.343242000 0 0
1484570029.341749000 485 0
1484570029.449663000 197 0
1484570029.793053000 696 0
1484570029.817573000 27 0
1484570030.398352000 9929 0
1484570028.748669000 25 0
1484570030.422720000 9833 0
1484570030.429077000 574 0
1484570032.861114000 7159 0
1484570032.896076000 196 0
1484570084.907045000 0 0
1484570084.924104000 0 0
1484570084.946597000 0 0
1484570084.953572000 0 0
1484570084.983537000 0 2875
1484570084.972378000 2875 0
1484570084.991476000 0 0
1484570087.939994000 0 0
1484570087.977666000 0 138
1484570087.987787000 0 0
1484570087.947019000 138 0
1484570087.986775000 0 0
1484570088.000927000 0 0
1484570088.038866000 0 7708
1484570088.048968000 0 0
1484570088.048226000 0 0
1484570088.059172000 51 0
1484570125.473237000 0 0
1484570131.911225000 0 0
1484570125.717510000 0 562960
1484570140.406838000 0 0
1484570131.921166000 10609 7634
1484570148.629523000 0 234040
1484570148.687660000 0 0
1484570147.738486000 12037 6036
1484570174.055111000 0 234040
1484570174.116309000 0 0
1484570178.905845000 0 0
1484570176.327452000 0 234600
1484570183.429439000 0 0
1484570195.022172000 0 234600
1484570197.670280000 0 0
1484570242.133648000 0 135712
1484570242.464786000 0 0
1484570243.070564000 0 266816
1484570243.171364000 0 0
1484570243.304129000 0 431896
1484570265.525635000 0 0
1484570268.359867000 0 0
1484570268.437466000 0 8792
1484570268.449447000 0 0
1484570268.448207000 0 0
1484570277.420200000 0 0
1484570277.429749000 0 0
1484570277.433667000 0 485
1484570277.439946000 0 0
1484570277.443111000 0 0
1484570277.445421000 0 0
1484570277.423753000 0 0
1484570277.447678000 0 0
1484570277.517117000 0 696
1484570277.525548000 0 0
1484570277.541214000 0 85
1484570277.550038000 0 0
1484570277.596224000 0 109
1484570277.600820000 0 0
1484570029.925896000 0 4096
1484570277.604018000 0 0
1484570277.607942000 0 0
1484570277.612519000 0 0
1484570029.921057000 0 0
1484570277.615161000 0 0
1484570277.619273000 0 0
1484570277.623930000 0 0
1484570277.628396000 0 0
1484570277.627326000 0 197
1484570277.638050000 0 0
1484570277.640684000 0 0
1484570277.618438000 0 0
1484570277.643541000 0 0
1484570029.350923000 16677 57929
1484570029.798301000 81896 73435
1484570178.913226000 3150283 19682
1484570029.456599000 1774 9864
1484570277.660171000 0 16665
1484570277.704917000 0 319
1484570277.710443000 0 144
1484570277.718646000 0 0
1484570277.723202000 0 0
1484570031.123776000 0 4096
1484570277.729408000 0 175
1484570277.731111000 0 0
1484570277.736872000 0 0
1484570031.120195000 0 0
1484570277.738927000 0 0
1484570277.744273000 0 0
1484570277.750388000 0 204
1484570277.758376000 0 0
1484570277.775544000 0 0
1484570031.095533000 0 4096
1484570277.784590000 0 0
1484570277.789902000 0 0
1484570031.090514000 0 0
1484570277.798137000 0 0
1484570277.803377000 0 0
1484570277.815772000 0 0
1484570277.820025000 0 37671
1484570277.846196000 0 0
1484570277.849817000 0 0
1484570277.807364000 0 0
1484570277.855442000 0 0
1484570277.910933000 0 0
1484570037.689699000 12333 518
1484570031.139384000 0 0
1484570031.103790000 0 0
1484570027.595648000 0 0
1484570027.858420000 142706 0
1484570028.436622000 1638400 3047424
1484570028.941463000 16384 0
1484570029.914528000 8192 0
1484570027.895794000 4096 0
1484570027.746982000 69632 4096
1484570027.752037000 16384 4096
1484570031.104692000 262144 0
1484570031.078838000 98304 0
1484570057.622157000 98304 0
1484570037.701850000 102576 0
1484571810.611354000 0 0
1484571810.611304000 0 0
1484571810.614621000 0 0
1484571810.627253000 0 0
1484571810.665121000 0 0
1484571810.668065000 0 0
1484571810.671008000 0 0
1484571810.674920000 0 0
1484571810.677308000 0 0
1484571810.682678000 0 0
1484571810.685513000 0 0
1484571810.689054000 0 0
1484571810.727840000 0 0
1484571810.730275000 0 0
1484571810.738027000 0 0
1484571810.858114000 0 0
1484571810.860123000 0 0
1484571816.511312000 0 0
1484571816.515748000 0 0
1484571816.525714000 0 0
1484571816.529872000 0 0
1484571816.534247000 0 0
1484571820.632505000 0 0
1484571820.638871000 0 0
1484571820.646348000 0 0
1484571820.651110000 0 0
1484571810.634822000 80 0
1484571810.744117000 282 0
1484571810.864698000 402 0
1484571815.596614000 197 0
1484571815.602333000 304 0
1484571815.608367000 226 0
1484571816.523148000 134 0
1484572886.004797000 0 0
1484572886.114940000 0 0
1484572886.117400000 0 0
1484572886.125411000 0 0
1484572886.133115000 0 0
1484572886.138681000 0 0
1484572886.185366000 0 0
1484572886.189246000 0 0
1484572886.194279000 0 0
1484572886.200361000 0 0
1484572886.207741000 0 0
1484572886.213896000 0 0
1484572886.215936000 0 0
1484572886.219703000 0 0
1484572886.221505000 0 0
1484572886.225119000 0 0
1484572886.271547000 0 0
1484572886.295559000 0 0
1484572886.311969000 0 0
1484572886.332233000 0 0
1484572886.366679000 0 0
1484572886.369082000 0 0
1484572886.371223000 0 0
1484572886.373580000 0 0
1484572886.375918000 0 0
1484572886.409353000 0 0
1484572886.443174000 0 0
1484572886.446894000 0 0
1484572886.449715000 0 0
1484572886.481703000 0 0
1484572886.486665000 0 0
1484572886.546605000 0 0
1484572886.619312000 0 0
1484572886.629071000 0 0
1484572886.642338000 0 0
1484572886.747129000 0 0
1484572886.760626000 0 0
1484572886.763859000 0 18830
1484572886.953980000 0 0
1484572886.959638000 0 0
1484572886.751367000 18830 0
1484572886.756379000 0 0
1484572886.965714000 0 0
1484572887.096948000 0 0
1484572887.130472000 0 0
1484572887.215004000 0 0
1484572887.230587000 0 0
1484572887.282801000 0 0
1484572887.362006000 0 0
1484572887.408886000 0 0
1484572887.570289000 0 0
1484572887.573500000 0 0
1484572887.946610000 0 0
1484572887.955420000 0 0
1484572887.965020000 0 0
1484572887.968511000 0 0
1484572887.967413000 0 0
1484572887.971589000 0 0
1484572887.975441000 0 0
1484572887.979088000 0 0
1484572887.973838000 0 0
1484572887.984071000 0 0
1484572888.004844000 0 0
1484572888.013683000 0 0
1484572888.016666000 0 0
1484572888.019640000 0 0
1484572888.344214000 0 0
1484572888.371158000 0 0
1484572888.390929000 0 0
1484572888.397231000 0 0
1484572888.419303000 524288 0
1484572888.490321000 0 0
1484572888.679279000 0 0
1484572888.695641000 0 2
1484572888.735905000 0 0
1484572888.741694000 0 0
1484572888.402230000 2 0
1484572888.661583000 0 0
1484572888.744985000 0 0
1484572888.939611000 0 53
1484572887.095450000 204 0
1484572888.947952000 0 0
1484572889.065082000 0 0
1484572889.073510000 0 0
1484572891.159676000 0 0
1484572891.163685000 0 0
1484572891.389831000 0 0
1484572891.395337000 0 0
1484572891.399855000 0 0
1484572891.393601000 0 0
1484572891.421773000 0 0
1484572895.124556000 0 0
1484572895.126798000 0 0
1484572895.217107000 0 0
1484572895.245261000 0 0
1484572886.011581000 1464 0
1484572886.023066000 0 0
1484572886.043960000 0 0
1484572886.622129000 0 0
1484572895.879877000 0 595816
1484572904.490630000 0 0
1484572886.131286000 282 0
1484572886.198979000 10 0
1484572886.204460000 10 0
1484572886.212556000 122 0
1484572886.231977000 208 0
1484572886.304194000 37671 0
1484572886.317776000 3947 0
1484572886.337627000 16384 0
1484572886.358355000 319 0
1484572886.507641000 674 0
1484572886.626554000 2562 0
1484572886.634762000 8416 0
1484572886.647016000 208620 0
1484572887.101682000 4096 0
1484572887.221265000 54051 0
1484572887.235679000 8 0
1484572887.288771000 504 0
1484572887.335940000 8792 0
1484572915.682746000 0 0
1484572915.794639000 0 0
1484572887.414985000 5344 0
1484572887.952743000 485 0
1484572888.002863000 197 0
1484572888.349147000 696 0
1484572888.376423000 27 0
1484572888.960191000 9929 0
1484572887.377713000 25 0
1484572888.985509000 9833 0
1484572888.991757000 574 0
1484572891.406462000 7159 0
1484572891.537006000 196 0
1484572917.952588000 0 5344
1484572917.964274000 0 0
1484572929.774190000 0 0
1484572897.644575000 13204 0
1484572936.700336000 0 0
1484572943.550256000 0 0
1484572943.567963000 0 0
1484572943.586759000 0 0
1484572943.594741000 0 0
1484572943.620566000 0 2875
1484572943.611305000 2875 0
1484572943.629053000 0 0
1484572946.587179000 0 0
1484572946.629135000 0 138
1484572946.639740000 0 0
1484572946.599600000 138 0
1484572946.638530000 0 0
1484572946.652409000 0 0
1484572946.685443000 0 7699
1484572946.695031000 0 0
1484572946.694169000 0 0
1484572948.650580000 0 0
1484572888.011053000 2120 0
1484572965.974120000 0 0
1484572965.978077000 0 0
1484572966.062074000 0 0
1484572966.097456000 0 0
1484572966.128758000 0 0
1484572966.088308000 0 0
1484572946.707154000 51 0
1484572972.211976000 0 0
1484572930.019487000 0 562960
1484572973.100493000 0 0
1484572936.704400000 13204 4966
1484573008.601179000 0 208787
1484573008.626312000 0 0
1484573188.372542000 0 805
1484573188.382508000 0 0
1484573188.381972000 0 0
1484573189.086948000 0 319
1484573246.762615000 0 7702
1484573246.775581000 0 0
1484573246.773850000 0 0
1484572973.111212000 0 11483
1484573357.081281000 0 0
1484573357.091608000 0 0
1484573357.098395000 0 485
1484573357.107749000 0 0
1484573357.110362000 0 0
1484573357.113113000 0 0
1484573357.085470000 0 0
1484573357.115989000 0 0
1484573357.181835000 0 0
1484573357.202019000 0 805
1484573357.213592000 0 0
1484573357.228276000 0 85
1484573357.236527000 0 0
1484572949.380168000 0 2948
1484573357.279929000 0 109
1484573357.287447000 0 0
1484572888.482226000 0 4096
1484573357.289512000 0 0
1484573357.297532000 0 0
1484573357.297576000 0 0
1484573357.302683000 0 0
1484572888.477261000 0 0
1484573357.308066000 0 0
1484573357.311344000 0 0
1484573357.314620000 0 0
1484573357.317576000 0 0
1484573357.313690000 0 197
1484573357.331379000 0 0
1484573357.334615000 0 0
1484573357.301646000 0 0
1484573357.337412000 0 0
1484572887.960036000 16665 15044
1484572888.355144000 100066 22119
1484573357.320392000 1485 1568
1484573357.356523000 0 16678
1484573357.385905000 0 319
1484573357.388956000 0 144
1484573357.397769000 0 0
1484573357.434849000 0 175
1484573357.448525000 0 0
1484573357.456282000 0 0
1484572889.092158000 0 32768
1484573357.467291000 0 0
1484573357.468373000 0 204
1484572889.087394000 0 459152
1484573357.482374000 0 0
1484573357.480387000 0 0
1484573357.488201000 0 0
1484573357.499846000 0 0
1484572889.080119000 0 4096
1484573357.509723000 0 0
1484573357.515627000 0 0
1484572889.077256000 0 0
1484573357.525663000 0 0
1484573357.531883000 0 0
1484573357.551045000 0 0
1484573357.555671000 0 37809
1484573357.581489000 0 0
1484573357.585283000 0 0
1484573357.537936000 0 0
1484573357.588276000 0 0
1484573357.616737000 0 0
1484572895.227057000 12806 991
1484572948.657433000 3157600 5851
1484573360.539145000 0 0
1484572889.106109000 0 0
1484572889.086271000 0 0
1484572886.218588000 0 0
1484572886.512281000 142706 0
1484572887.136245000 1245184 1146880
1484572887.578732000 16384 0
1484572888.471248000 8192 0
1484572886.551109000 4096 0
1484572886.345364000 69632 4096
1484572886.352076000 16384 4096
1484572889.080374000 688128 458752
1484572889.069768000 98304 0
1484572915.800387000 98304 0
1484572895.251329000 102576 0
1484573386.442716000 0 0
1484573386.446714000 0 0
1484574795.654075000 0 0
1484574797.346557000 0 0
1484574797.349313000 0 0
1484574797.357303000 0 0
1484574797.363056000 282 0
1484575107.829207000 0 0
1484575107.831374000 0 0
1484575107.839447000 0 0
1484575107.847227000 0 0
1484575107.852357000 0 0
1484575107.923119000 0 0
1484575107.926465000 0 0
1484575107.932069000 0 0
1484575107.938183000 0 0
1484575107.946781000 0 0
1484575107.953149000 0 0
1484575107.955452000 0 0
1484575107.960097000 0 0
1484575107.962377000 0 0
1484575107.967282000 0 0
1484575108.013709000 0 0
1484575108.038347000 0 0
1484575108.054166000 0 0
1484575108.073593000 0 0
1484575108.107121000 0 0
1484575108.109378000 0 0
1484575108.111341000 0 0
1484575108.113552000 0 0
1484575108.115652000 0 0
1484575108.143606000 0 0
1484575108.156697000 0 0
1484575108.159738000 0 0
1484575108.162404000 0 0
1484575108.189387000 0 0
1484575108.195017000 0 0
1484575108.255599000 0 0
1484575108.330598000 0 0
1484575108.342069000 0 0
1484575108.355155000 0 0
1484575108.430238000 0 0
1484575108.443992000 0 0
1484575108.446945000 0 18830
1484575108.621179000 0 0
1484575108.626192000 0 0
1484575108.434344000 18830 0
1484575108.439488000 0 0
1484575108.630326000 0 0
1484575108.747792000 0 0
1484575108.779779000 0 0
1484575108.881639000 0 0
1484575108.894146000 0 0
1484575108.941286000 0 0
1484575109.015218000 0 0
1484575109.059327000 0 0
1484575109.204889000 0 0
1484575109.207678000 0 0
1484575109.565839000 0 0
1484575109.574626000 0 0
1484575109.585137000 0 0
1484575109.588932000 0 0
1484575109.587991000 0 0
1484575109.592623000 0 0
1484575109.596439000 0 0
1484575109.598981000 0 0
1484575109.595108000 0 0
1484575109.602572000 0 0
1484575109.623169000 0 0
1484575109.630672000 0 0
1484575109.633009000 0 0
1484575109.635723000 0 0
1484575109.948742000 0 0
1484575109.975972000 0 0
1484575109.998379000 0 0
1484575110.003889000 0 0
1484575110.023828000 524288 0
1484575110.089777000 0 0
1484575110.178153000 0 0
1484575110.188997000 0 0
1484575110.304297000 0 0
1484575110.307729000 0 2
1484575110.314834000 0 0
1484575110.317581000 0 0
1484575110.008848000 2 0
1484575110.297494000 0 0
1484575110.319759000 0 0
1484575110.562097000 0 53
1484575108.746130000 204 0
1484575110.569174000 0 0
1484575110.644761000 0 0
1484575110.702085000 0 0
1484575112.992065000 0 0
1484575112.997774000 0 0
1484575113.002979000 0 0
1484575112.995911000 0 0
1484575113.025254000 0 0
1484575107.717881000 1464 0
1484575107.730596000 0 0
1484575107.752633000 0 0
1484575108.334442000 0 0
1484575130.754567000 0 0
1484575107.845327000 282 0
1484575107.936475000 10 0
1484575107.942748000 10 0
1484575107.951407000 122 0
1484575107.975648000 208 0
1484575108.046426000 37809 0
1484575108.059240000 3947 0
1484575108.078499000 16384 0
1484575108.098736000 319 0
1484575108.215063000 674 0
1484575108.339095000 2562 0
1484575108.347336000 8416 0
1484575108.359185000 208787 0
1484575108.752046000 4096 0
1484575108.885426000 54051 0
1484575108.898381000 8 0
1484575108.946593000 504 0
1484575108.989465000 8792 0
1484575119.133592000 11483 3365
1484575109.064413000 5344 0
1484575109.571372000 485 0
1484575109.621046000 197 0
1484575109.952806000 805 0
1484575109.980932000 27 0
1484575110.584283000 9929 0
1484575109.027662000 25 0
1484575110.608260000 9833 0
1484575110.619266000 574 0
1484575113.008342000 7159 0
1484575113.042820000 196 0
1484575139.573903000 0 5344
1484575139.585037000 0 0
1484575119.177342000 0 70680
1484575143.760648000 0 0
1484575149.092843000 0 0
1484575149.105205000 0 0
1484575149.109129000 0 485
1484575149.115397000 0 0
1484575149.118374000 0 0
1484575149.120764000 0 0
1484575149.097217000 0 0
1484575149.123279000 0 0
1484575149.182743000 0 0
1484575149.191024000 0 805
1484575149.201696000 0 0
1484575143.997980000 0 332952
1484575149.236688000 0 0
1484575149.259983000 0 85
1484575149.266218000 0 0
1484575149.319385000 0 109
1484575149.325798000 0 0
1484575149.338729000 0 144
1484575149.344393000 0 0
1484575149.351791000 0 175
1484575149.358160000 0 0
1484575152.025283000 0 0
1484575110.080747000 0 4096
1484575152.033772000 0 0
1484575152.038257000 0 0
1484575152.038753000 0 0
1484575110.077280000 0 0
1484575152.046277000 0 0
1484575152.052940000 0 0
1484575152.058605000 0 0
1484575152.056928000 0 197
1484575152.072063000 0 0
1484575152.075977000 0 0
1484575152.043565000 0 0
1484575152.079345000 0 0
1484575109.580186000 16678 2006
1484575109.958712000 105443 15959
1484575152.096486000 0 16678
1484575152.125442000 0 319
1484575152.129858000 0 204
1484575152.138234000 0 0
1484575152.152427000 0 0
1484575110.716503000 0 4096
1484575152.160662000 0 0
1484575152.164675000 0 0
1484575110.714214000 0 0
1484575152.171512000 0 0
1484575152.178504000 0 0
1484575110.658518000 0 4096
1484575152.186290000 0 0
1484575152.190565000 0 0
1484575110.656183000 0 0
1484575152.197294000 0 0
1484575152.201751000 0 0
1484575152.212641000 0 0
1484575152.216898000 0 37946
1484575152.242496000 0 0
1484575152.245449000 0 0
1484575152.205875000 0 0
1484575152.248396000 0 0
1484575152.268467000 0 0
1484575152.276906000 0 0
1484575152.311955000 0 138
1484575152.320398000 0 0
1484575152.303581000 138 0
1484575152.319503000 0 0
1484575152.346298000 0 7750
1484575152.355417000 0 0
1484575152.354658000 0 0
1484575152.373072000 0 0
1484575153.549868000 0 0
1484575153.551600000 0 0
1484575153.559085000 0 0
1484575153.561746000 0 0
1484575153.568032000 0 0
1484575153.614983000 0 0
1484575153.617586000 0 0
1484575153.621729000 0 0
1484575153.624764000 0 0
1484575153.629525000 0 0
1484575153.635270000 0 0
1484575107.958666000 0 0
1484575153.641355000 0 0
1484575153.642919000 0 0
1484575153.646330000 0 0
1484575153.683819000 0 0
1484575153.707373000 0 0
1484575153.723791000 0 0
1484575153.740064000 0 0
1484575153.760732000 0 0
1484575153.763124000 0 0
1484575153.765724000 0 0
1484575153.768071000 0 0
1484575153.770116000 0 0
1484575153.796533000 0 0
1484575153.810176000 0 0
1484575154.043070000 0 0
1484575154.057038000 0 0
1484575154.060147000 0 18830
1484575154.257589000 0 0
1484575154.262469000 0 0
1484575154.047367000 18830 0
1484575154.052666000 0 0
1484575154.266595000 0 0
1484575154.387784000 0 0
1484575154.418696000 0 0
1484575154.447557000 0 0
1484575154.458110000 0 0
1484575154.502664000 0 0
1484575154.575940000 0 0
1484575154.620695000 0 0
1484575154.768758000 0 0
1484575155.128211000 0 0
1484575155.141252000 0 0
1484575155.143863000 0 0
1484575155.146570000 0 0
1484575155.168215000 0 0
1484575155.171593000 0 0
1484575155.174327000 0 0
1484575155.486267000 0 0
1484575155.529030000 0 0
1484575110.073848000 8192 0
1484575155.549286000 524288 0
1484575155.620407000 0 0
1484575155.801527000 0 0
1484575155.805358000 0 2
1484575155.813392000 0 0
1484575155.815888000 0 0
1484575155.533237000 2 0
1484575155.794501000 0 0
1484575155.818474000 0 0
1484575156.126470000 0 53
1484575154.386932000 204 0
1484575156.134114000 0 0
1484575158.539191000 0 0
1484575158.546419000 0 0
1484575158.542699000 0 0
1484575161.027270000 0 0
1484575161.029463000 0 0
1484575165.031449000 0 0
1484575165.601598000 0 0
1484575165.604365000 0 485
1484575165.610921000 0 0
1484575165.613777000 0 0
1484575155.132407000 485 0
1484575165.596088000 0 0
1484575165.615877000 0 0
1484575165.665094000 0 0
1484575165.672464000 0 805
1484575155.490224000 805 0
1484575165.686752000 0 0
1484575165.049530000 0 365736
1484575165.720668000 0 0
1484575165.742999000 0 85
1484575165.750488000 0 0
1484575165.807429000 0 109
1484575165.810798000 0 0
1484575155.612718000 0 4096
1484575165.815228000 0 0
1484575165.819538000 0 0
1484575165.818566000 0 0
1484575165.823683000 0 0
1484575155.608677000 0 0
1484575165.828444000 0 0
1484575165.829427000 0 0
1484575165.832490000 0 0
1484575165.831475000 0 197
1484575165.841273000 0 0
1484575165.843922000 0 0
1484575155.166010000 197 0
1484575165.822567000 0 0
1484575165.846544000 0 0
1484575155.135943000 16678 999
1484575155.493231000 106951 1789
1484575165.861205000 0 16682
1484575153.750494000 319 0
1484575165.884184000 0 319
1484575165.887913000 0 144
1484575165.894838000 0 0
1484575165.905602000 0 0
1484575156.057297000 0 4096
1484575165.907359000 0 175
1484575165.913487000 0 0
1484575165.915070000 0 0
1484575156.054973000 0 0
1484575165.924378000 0 0
1484575165.926618000 0 5344
1484575154.625759000 5344 0
1484575165.935165000 0 0
1484575165.946785000 0 204
1484575165.953498000 0 0
1484575165.964891000 0 0
1484575156.041841000 0 4096
1484575165.971818000 0 0
1484575156.039120000 0 0
1484575165.979829000 0 0
1484575165.984468000 0 0
1484575165.996323000 0 0
1484575165.999999000 0 38082
1484575166.025984000 0 0
1484575166.029332000 0 0
1484575153.715876000 37946 0
1484575165.987812000 0 0
1484575166.032368000 0 0
1484575166.054391000 0 0
1484575166.065871000 0 0
1484575166.096466000 0 138
1484575166.104032000 0 0
1484575166.088509000 138 0
1484575166.103222000 0 0
1484575166.126327000 0 7749
1484575166.134884000 0 0
1484575166.134083000 0 0
1484575166.149938000 0 0
1484575153.460094000 1464 0
1484575153.469134000 0 0
1484575153.489018000 0 0
1484575153.954137000 0 0
1484575110.727323000 0 0
1484575110.664069000 0 0
1484575153.640298000 0 0
1484575153.613173000 282 0
1484575153.623504000 10 0
1484575153.626555000 10 0
1484575153.633702000 122 0
1484575153.650439000 208 0
1484575153.726228000 3947 0
1484575153.743284000 16384 0
1484575153.854866000 674 0
1484575153.958561000 2562 0
1484575153.961577000 8416 0
1484575153.971191000 208787 0
1484575154.390166000 4096 0
1484575154.449911000 54051 0
1484575154.459934000 8 0
1484575154.507879000 504 0
1484575154.551364000 8792 0
1484575108.218229000 285412 0
1484575155.510809000 27 0
1484575156.143891000 9929 0
1484575154.585813000 25 0
1484575156.168497000 9833 0
1484575156.174687000 574 0
1484575158.550131000 7159 0
1484575158.566453000 196 0
1484575108.785342000 819200 753664
1484575109.211815000 16384 0
1484575155.601646000 8192 0
1484575109.628003000 1568 0
1484575108.260453000 4096 0
1484575108.086204000 69632 8192
1484575108.092736000 8192 8192
1484575110.706856000 131072 0
1484575110.648975000 98304 0
1484575152.293878000 51 0
1484575110.193420000 102576 0
1484575110.184630000 13279 0
1484575208.395531000 0 0
1484575208.436672000 0 0
1484575208.438673000 0 0
1484575208.441324000 0 0
1484575208.504234000 0 0
1484575208.506419000 0 0
1484575208.509263000 0 0
1484575208.511589000 0 0
1484575208.513815000 0 0
1484575208.521954000 0 0
1484575208.524183000 0 0
1484575208.530530000 0 0
1484575208.813233000 0 0
1484575208.815336000 0 0
1484575208.822439000 0 0
1484575211.915329000 0 0
1484575211.919617000 0 0
1484575211.923926000 0 0
1484575211.927330000 0 0
1484575211.930666000 0 0
1484575218.441925000 0 0
1484575218.445711000 0 0
1484575218.449273000 0 0
1484575218.451506000 0 0
1484575208.475765000 0 0
1484575208.446912000 80 0
1484575208.519133000 226 0
1484575208.528492000 302 0
1484575208.577534000 182 0
1484575208.585224000 202 0
1484575208.590929000 183 0
1484575208.608107000 182 0
1484575208.826993000 402 0
1484569972.974673000 0 0
1484571810.759881000 0 0
