1484550611.870082000 111 0
1484550613.352713000 0 0
1484550613.358632000 0 0
1484550613.367515000 0 0
1484550613.377762000 0 0
1484550613.376106000 0 0
1484550613.386853000 0 0
1484550613.405898000 0 0
1484550613.409930000 0 0
1484550613.436063000 0 0
1484550613.440611000 0 0
1484550613.358682000 0 0
1484550613.455784000 0 0
1484550613.459582000 0 0
1484550613.465882000 0 0
1484550613.483028000 0 0
1484550613.537185000 0 0
1484550613.541555000 0 0
1484550613.537015000 0 0
1484550613.549667000 0 0
1484550613.556004000 0 0
1484550613.410549000 357 0
1484550613.428698000 129 0
1484550613.432839000 213 0
1484550613.460039000 129 0
1484550613.491620000 570 0
1484550613.514863000 129 0
1484550613.540549000 544 0
1484550613.584795000 504 0
1484550613.298823000 564 0
1484551144.391332000 0 0
1484551144.655297000 0 0
1484551144.954472000 0 0
1484551144.964562000 0 0
1484551144.983343000 0 0
1484551148.508936000 0 0
1484551148.532413000 0 0
1484551148.564677000 0 0
1484551148.588458000 0 0
1484551147.089688000 0 0
1484551145.135856000 398 0
1484551145.148524000 282 0
1484551144.756283000 0 0
1484551322.228722000 0 0
1484551322.236934000 0 0
1484551322.244646000 0 0
1484551322.257638000 0 0
1484551322.464732000 0 0
1484551322.455762000 134 0
1484551324.144284000 144 0
1484551324.154638000 297 0
1484551324.164218000 478 0
1484551153.506238000 0 0
1484551354.869353000 0 0
1484552383.017311000 0 0
1484552383.119562000 0 0
1484552383.133111000 0 0
1484552383.153117000 0 0
1484552384.532960000 0 0
1484552385.064558000 0 0
1484552385.099009000 0 0
1484552385.126574000 0 0
1484552385.146604000 0 0
1484552385.173187000 0 0
1484552385.312274000 0 0
1484552385.405622000 0 0
1484552385.419433000 0 0
1484552385.437593000 0 0
1484552385.476115000 0 0
1484552385.638490000 0 0
1484552385.679527000 0 0
1484552385.769411000 0 0
1484552386.076641000 0 0
1484552386.083265000 0 0
1484552386.088574000 0 0
1484552386.096576000 0 0
1484552386.103130000 0 0
1484552386.473158000 0 0
1484552386.554730000 0 0
1484552386.592568000 0 0
1484552386.666649000 0 0
1484552386.856575000 0 0
1484552386.888648000 0 0
1484552386.939498000 0 0
1484552387.121772000 0 0
1484552387.186206000 0 0
1484552387.198132000 0 18830
1484552388.562984000 0 0
1484552388.568368000 0 0
1484552387.143116000 18830 0
1484552387.163154000 0 0
1484552388.576566000 0 0
1484552388.693148000 0 0
1484552389.085550000 0 0
1484552389.249102000 0 0
1484552389.348258000 0 0
1484552389.418314000 0 0
1484552389.766558000 0 0
1484552390.014477000 0 0
1484552390.024473000 0 0
1484552390.647183000 0 0
1484552390.674508000 0 0
1484552390.785593000 0 0
1484552390.826747000 0 0
1484552390.780500000 0 0
1484552390.850959000 0 0
1484552390.879820000 0 0
1484552390.907294000 0 0
1484552390.926510000 0 0
1484552390.870645000 0 0
1484552390.938726000 0 0
1484552390.946513000 0 0
1484552390.957426000 0 0
1484552390.973679000 0 0
1484552391.505403000 0 0
1484552391.968636000 0 0
1484552392.007471000 0 0
1484552392.036299000 0 0
1484552392.107116000 196608 0
1484552392.218355000 0 0
1484552392.350598000 0 0
1484552392.376481000 0 0
1484552392.586999000 0 0
1484552392.594889000 0 2
1484552392.612967000 0 0
1484552392.618584000 0 0
1484552392.047115000 2 0
1484552392.623936000 0 53
1484552392.559692000 0 0
1484552392.626724000 0 0
1484552388.675391000 204 0
1484552392.644673000 0 0
1484552393.635412000 0 0
1484552393.657543000 0 0
1484552386.864047000 0 0
1484552407.325494000 0 0
1484552407.336274000 0 0
1484552383.165518000 282 0
1484552385.137437000 10 0
1484552385.166864000 10 0
1484552385.193855000 122 0
1484552385.532477000 208 0
1484552385.710877000 26169 0
1484552385.870877000 16384 0
1484552386.045550000 319 0
1484552386.635702000 497 0
1484552386.875238000 5674 0
1484552386.908005000 8416 0
1484552386.977308000 208620 0
1484552400.310131000 0 70680
1484552410.699378000 0 0
1484552389.124765000 29893 0
1484552389.261432000 8 0
1484552389.358559000 504 0
1484552389.439089000 7646 0
1484552389.640835000 32768 0
1484552389.845750000 2803 0
1484552390.656368000 686 0
1484552391.039286000 10 0
1484552391.525624000 1036 0
1484552391.979231000 27 0
1484552392.682201000 4971 0
1484552389.880046000 29 0
1484552392.757875000 9833 0
1484552392.775064000 562 0
1484552399.603410000 1185568 0
1484552420.914713000 0 2803
1484552420.932438000 0 0
1484552410.853924000 0 825368
1484552426.195494000 0 0
1484552443.674038000 0 0
1484552443.701638000 0 0
1484552443.726042000 0 0
1484552443.741762000 0 0
1484552443.792055000 0 2749
1484552443.774358000 2749 0
1484552443.803098000 0 0
1484552446.801373000 0 0
1484552446.921842000 0 137
1484552446.937443000 0 0
1484552446.877664000 137 0
1484552446.934032000 0 0
1484552446.966887000 0 0
1484552446.994460000 0 0
1484552447.021899000 0 0
1484552447.031747000 0 7281
1484552447.050893000 0 0
1484552447.047023000 0 0
1484552447.071473000 0 0
1484552447.095007000 0 0
1484552447.111684000 0 0
1484552447.123031000 0 0
1484552462.350201000 0 0
1484552447.159207000 51 0
1484552540.781977000 0 0
1484552542.083473000 0 70160
1484552542.138665000 0 0
1484552542.689485000 0 923032
1484552552.482057000 0 0
1484552555.819935000 0 300168
1484552559.508236000 0 0
1484552540.790237000 1185568 16046
1484552630.313878000 0 208787
1484552630.351695000 0 0
1484552630.348676000 0 0
1484552688.974356000 0 0
1484552689.001657000 1685 1777
1484552689.026663000 0 0
1484552689.041698000 1692 1784
1484552689.066847000 0 0
1484552689.100493000 0 0
1484552689.110707000 1188901 1159
1484552691.579287000 0 1480
1484552691.603650000 0 0
1484552691.598725000 0 0
1484552693.654943000 0 319
1484552689.082971000 10934 0
1484552719.075184000 0 0
1484552719.083123000 0 0
1484552719.089077000 0 0
1484552728.956064000 0 0
1484552728.965468000 0 0
1484552728.975088000 0 0
1484552728.986103000 0 0
1484552728.998039000 0 0
1484551840.131608000 0 0
1484552731.935026000 0 0
1484552742.835040000 0 0
1484552742.845342000 0 0
1484552742.855007000 0 0
1484552742.866253000 0 0
1484552742.876976000 0 0
1484552747.133569000 0 7284
1484552747.185607000 0 0
1484552747.182743000 0 0
1484552748.743214000 0 7646
1484552748.757553000 0 0
1484552748.755474000 0 0
1484552740.812549000 0 0
1484551144.649872000 0 0
1484552792.785579000 0 0
1484552792.796481000 0 0
1484552792.805564000 0 0
1484552792.815565000 0 0
1484552792.792868000 0 0
1484552792.757432000 0 0
1484552792.762513000 0 0
1484552793.624590000 0 0
1484552793.886606000 0 0
1484552793.897340000 0 0
1484552793.914406000 0 0
1484552792.798788000 144 0
1484552792.808714000 297 0
1484552792.817666000 478 0
1484552792.853064000 358 0
1484552792.868724000 237 0
1484552792.878418000 197 0
1484552792.887120000 225 0
1484552792.897397000 164 0
1484552792.924793000 219 0
1484552792.937387000 254 0
1484552792.952079000 226 0
1484552792.958601000 302 0
1484552792.973541000 134 0
1484552792.980238000 134 0
1484552792.987827000 134 0
1484552792.998341000 144 0
1484552793.008068000 134 0
1484552793.018031000 134 0
1484552793.034241000 134 0
1484552793.044148000 119 0
1484552793.054641000 188 0
1484552793.075486000 330 0
1484552793.085206000 215 0
1484552793.108515000 346 0
1484552793.119099000 333 0
1484552793.129995000 144 0
1484552793.139227000 208 0
1484552793.147965000 251 0
1484552793.179518000 164 0
1484552793.929807000 398 0
1484552793.937766000 282 0
1484552793.707300000 0 0
1484552795.454388000 0 0
1484552957.238261000 0 0
1484552957.450492000 0 0
1484552957.492929000 0 0
1484552957.503411000 0 24194
1484552957.546422000 0 0
1484552957.556323000 0 0
1484552957.562899000 0 0
1484552957.463221000 0 0
1484552957.573224000 0 0
1484552957.661019000 0 0
1484552957.702092000 0 0
1484552990.145430000 0 0
1484552990.175268000 0 0
1484552990.157258000 10934 0
1484553047.184554000 0 7581
1484553047.204706000 0 0
1484553047.200293000 0 0
1484553290.246526000 0 0
1484553290.258906000 10934 0
1484553347.240867000 0 7581
1484553347.260822000 0 0
1484553347.258611000 0 0
1484553452.453154000 0 0
1484553452.458313000 0 0
1484553452.474096000 0 0
1484553452.581635000 0 0
1484553452.591617000 0 0
1484552796.950859000 0 0
1484553461.264963000 0 0
1484553452.467467000 358 0
1484553452.565253000 254 0
1484553546.450301000 0 0
1484553546.459173000 0 0
1484553546.468782000 0 0
1484553546.480250000 0 0
1484553546.490266000 0 0
1484553472.212877000 0 0
1484553559.474010000 0 0
1484553547.927320000 144 0
1484553547.933474000 297 0
1484553547.944594000 478 0
1484553566.523982000 0 0
1484553590.307617000 0 0
1484553590.315076000 10934 0
1484553647.251905000 0 7584
1484553647.268966000 0 0
1484553647.267679000 0 0
1484553581.149956000 0 0
1484553675.954786000 0 0
1484552793.670859000 0 0
1484553676.001041000 0 0
1484553676.107862000 0 0
1484553676.116971000 0 0
1484553676.125848000 0 0
1484553676.034952000 0 0
1484553676.110008000 0 0
1484553676.490430000 0 0
1484553676.505012000 0 0
1484553676.008071000 0 0
1484553676.530040000 0 0
1484553676.601076000 0 0
1484553676.615128000 0 0
1484553676.005943000 0 0
1484553684.107841000 0 0
1484553689.925808000 0 0
1484553676.071001000 358 0
1484553676.079065000 237 0
1484553676.086099000 197 0
1484553676.092624000 225 0
1484553676.101009000 164 0
1484553676.115065000 219 0
1484553676.119125000 254 0
1484553676.127928000 226 0
1484553676.135017000 302 0
1484553676.147754000 134 0
1484553676.154995000 134 0
1484553676.161386000 134 0
1484553676.170359000 144 0
1484553676.179841000 134 0
1484553676.187389000 134 0
1484553676.193406000 134 0
1484553676.216370000 119 0
1484553676.222798000 188 0
1484553676.231876000 330 0
1484553676.240951000 215 0
1484553676.249165000 346 0
1484553676.258757000 333 0
1484553676.269477000 144 0
1484553676.278584000 208 0
1484553676.288548000 251 0
1484553676.296155000 164 0
1484553676.547490000 398 0
1484553676.557779000 282 0
1484553676.040797000 144 0
1484553676.054895000 297 0
1484553676.064943000 478 0
1484553678.800858000 0 0
1484553676.047025000 0 0
1484553692.356815000 0 0
1484553675.995962000 0 0
1484553711.107616000 0 0
1484553711.169563000 0 0
1484553711.200612000 0 0
1484553711.200764000 0 0
1484553711.279694000 0 0
1484553711.283907000 0 0
1484553711.113901000 0 0
1484553711.085534000 0 0
1484553711.083735000 0 0
1484553711.120090000 144 0
1484553711.127867000 297 0
1484553711.133998000 478 0
1484553711.138806000 358 0
1484553711.145742000 237 0
1484553711.150774000 197 0
1484553711.157821000 225 0
1484553711.165771000 164 0
1484553711.175729000 219 0
1484553711.179746000 254 0
1484553711.188124000 226 0
1484553711.193847000 302 0
1484553711.209834000 134 0
1484553711.216753000 134 0
1484553711.224262000 134 0
1484553711.229817000 144 0
1484553711.236882000 134 0
1484553711.240848000 134 0
1484553711.246999000 134 0
1484553711.254852000 119 0
1484553711.262000000 188 0
1484553711.268825000 330 0
1484553711.275816000 215 0
1484553711.285880000 346 0
1484553711.295777000 333 0
1484553711.302856000 144 0
1484553711.306778000 208 0
1484553711.310806000 251 0
1484553711.316747000 164 0
1484552990.189478000 1578 3312
1484553890.361228000 0 0
1484553891.719912000 0 1608
1484553891.742584000 0 0
1484553891.740146000 0 0
1484553890.374864000 10934 0
1484553947.324422000 0 7584
1484553947.343032000 0 0
1484553947.340828000 0 0
1484554026.155931000 0 0
1484554026.179320000 0 0
1484554026.187315000 0 686
1484554026.206735000 0 0
1484554026.215801000 0 0
1484554026.224625000 0 0
1484554026.161101000 0 0
1484554026.233603000 0 0
1484554026.360338000 0 1591
1484554026.375908000 0 0
1484554026.434196000 0 85
1484554026.437821000 0 0
1484552392.200268000 0 4096
1484554026.445634000 0 0
1484554026.445029000 0 0
1484554026.450849000 0 0
1484554026.459662000 0 0
1484552392.189357000 0 0
1484554026.469143000 0 0
1484554026.470805000 0 0
1484554026.477512000 0 10
1484554026.496746000 0 0
1484554026.504788000 0 0
1484554026.453625000 0 0
1484554026.513708000 0 0
1484552390.810795000 10524 49204
1484552391.564190000 1681841 80013
1484554026.547532000 0 10604
1484554026.607324000 0 319
1484554026.614025000 0 109
1484554026.625964000 0 0
1484554026.647568000 0 144
1484554026.666994000 0 0
1484554026.678619000 0 0
1484552393.738899000 0 32768
1484554026.689118000 0 175
1484554026.693541000 0 0
1484552393.728046000 0 65648
1484554026.706978000 0 0
1484554026.715636000 0 0
1484554026.723771000 0 0
1484554026.727468000 0 204
1484554026.743826000 0 0
1484554026.767852000 0 0
1484552393.697015000 0 4096
1484554026.786006000 0 0
1484554026.798835000 0 0
1484552393.686116000 0 0
1484554026.815082000 0 0
1484554026.826938000 0 0
1484554026.860195000 0 0
1484554026.871299000 0 24253
1484554026.920687000 0 0
1484554026.933449000 0 0
1484554026.835070000 0 0
1484554026.941020000 0 0
1484554027.004212000 0 0
1484552392.405147000 66356 1070
1484552393.785035000 0 0
1484552393.715311000 0 0
1484552385.414824000 0 0
1484552388.729145000 2785280 2162688
1484552390.156840000 163840 0
1484552392.163430000 98304 0
1484552957.419581000 65536 0
1484552386.726451000 65536 0
1484552385.910546000 53248 4096
1484552386.024445000 16384 4096
1484552393.699935000 557056 65536
1484552393.664373000 98304 0
1484552462.474401000 98304 0
1484552392.368130000 1402 0
1484554129.841518000 0 0
1484554129.945646000 0 0
1484554129.954747000 0 0
1484554129.973727000 0 0
1484554129.991564000 0 0
1484554130.014737000 0 0
1484554130.036693000 0 0
1484554130.044777000 0 0
1484554130.061603000 0 0
1484554130.067729000 0 0
1484554130.093698000 0 0
1484554130.206594000 0 0
1484554130.241620000 0 0
1484554130.281748000 0 0
1484554130.367805000 0 0
1484554130.375995000 0 0
1484554130.383743000 0 0
1484554130.391612000 0 0
1484554130.396504000 0 0
1484554130.771437000 0 0
1484554130.865809000 0 0
1484554130.882876000 0 0
1484554130.973866000 0 0
1484554131.075778000 0 0
1484554131.105732000 0 0
1484554131.147641000 0 0
1484554131.284798000 0 0
1484554131.324437000 0 0
1484554131.333273000 0 18830
1484554132.831435000 0 0
1484554132.841590000 0 0
1484554131.293717000 18830 0
1484554131.307829000 0 0
1484554132.851686000 0 0
1484554132.981339000 0 0
1484554133.033845000 0 0
1484554133.245780000 0 0
1484554133.275781000 0 0
1484554133.375716000 0 0
1484554133.502765000 0 0
1484554133.687725000 0 0
1484554133.694806000 0 0
1484554134.127843000 0 0
1484554134.144545000 0 0
1484554134.171440000 0 0
1484554134.197732000 0 0
1484554134.165779000 0 0
1484554134.211308000 0 0
1484554134.233833000 0 0
1484554134.243822000 0 0
1484554134.251372000 0 0
1484554134.229601000 0 0
1484554134.264698000 0 0
1484554134.273613000 0 0
1484554134.285825000 0 0
1484554134.293791000 0 0
1484554134.807820000 0 0
1484554135.193923000 0 0
1484554135.256609000 0 0
1484554135.275778000 0 0
1484554135.317797000 196608 0
1484554135.417582000 0 0
1484554135.645284000 0 0
1484554135.653132000 0 2
1484554135.671358000 0 0
1484554135.677700000 0 0
1484554135.288433000 2 0
1484554135.621585000 0 0
1484554135.688462000 0 53
1484554135.686251000 0 0
1484554132.977668000 204 0
1484554135.705807000 0 0
1484554135.856732000 0 0
1484554135.916787000 0 0
1484554142.842976000 0 0
1484554142.851239000 0 0
1484554143.051170000 0 0
1484554143.104483000 0 0
1484554143.114686000 0 0
1484554131.084991000 0 0
1484554129.938166000 282 0
1484554129.983508000 10 0
1484554129.999573000 10 0
1484554130.029237000 122 0
1484554130.120153000 208 0
1484554130.253112000 24253 0
1484554130.294051000 16384 0
1484554130.341564000 319 0
1484554130.938410000 497 0
1484554131.091623000 5674 0
1484554131.119074000 8416 0
1484554131.159895000 208787 0
1484554132.988025000 32768 0
1484554133.256092000 29893 0
1484554133.285826000 8 0
1484554133.385444000 504 0
1484554133.437012000 7646 0
1484554133.511073000 2803 0
1484554144.412414000 0 70680
1484554160.114718000 0 0
1484554134.136922000 686 0
1484554134.365616000 10 0
1484554134.818067000 1591 0
1484554135.204325000 27 0
1484554135.730546000 4971 0
1484554133.533689000 29 0
1484554135.774925000 9833 0
1484554135.834828000 562 0
1484554164.145044000 0 2803
1484554164.162547000 0 0
1484554143.554192000 1188999 0
1484554180.041407000 0 0
1484554187.986169000 0 0
1484554188.021312000 0 0
1484554188.052169000 0 0
1484554188.066110000 0 0
1484554188.120333000 0 2749
1484554188.098424000 2749 0
1484554188.136325000 0 0
1484554191.049657000 0 0
1484554191.116624000 0 137
1484554191.134694000 0 0
1484554191.068650000 137 0
1484554191.132362000 0 0
1484554191.161143000 0 0
1484554191.184109000 0 0
1484554191.204220000 0 0
1484554191.215661000 0 7277
1484554191.233693000 0 0
1484554191.231260000 0 0
1484554191.249836000 0 0
1484554191.262228000 0 0
1484554191.283398000 0 0
1484554191.299740000 0 0
1484554203.722929000 0 0
1484554203.733871000 0 0
1484554203.752889000 0 0
1484554203.774873000 0 0
1484554203.829138000 0 0
1484554203.834789000 0 0
1484554203.842846000 0 0
1484554203.851945000 0 0
1484554203.882874000 0 0
1484554203.890855000 0 0
1484554203.922814000 0 0
1484554203.930773000 0 0
1484554203.939248000 0 0
1484554203.972787000 0 0
1484554203.980895000 0 0
1484554205.596918000 0 16212
1484554205.618931000 0 0
1484554203.563830000 15632 0
1484554205.615349000 0 0
1484554191.368517000 51 0
1484554203.766611000 570 0
1484554203.809847000 504 0
1484554203.861853000 504 0
1484554203.899433000 282 0
1484554203.945018000 398 0
1484554238.622450000 0 0
1484554238.722729000 0 0
1484554238.732493000 0 0
1484554238.750646000 0 0
1484554239.190506000 0 0
1484554239.199484000 0 0
1484554239.204510000 0 0
1484554239.219490000 0 0
1484554239.243440000 0 0
1484554239.250959000 0 0
1484554239.254540000 0 0
1484554239.280442000 0 0
1484554239.284542000 0 0
1484554239.308171000 0 0
1484554239.312506000 0 0
1484554238.771527000 282 0
1484554239.212345000 570 0
1484554239.230374000 504 0
1484554239.262706000 504 0
1484554239.292647000 398 0
1484554239.654916000 0 16819
1484554239.674225000 0 0
1484554239.672789000 0 0
1484554255.237772000 0 0
1484554267.510937000 0 0
1484554267.538601000 0 0
1484554267.547827000 0 686
1484554267.564347000 0 0
1484554267.578003000 0 0
1484554267.587685000 0 0
1484554267.520398000 0 0
1484554267.594775000 0 0
1484554267.702402000 0 1839
1484554267.719768000 0 0
1484554267.755435000 0 85
1484554267.760403000 0 0
1484554135.398194000 0 4096
1484554267.767564000 0 0
1484554267.774706000 0 0
1484554267.769273000 0 0
1484554267.787794000 0 0
1484554135.388589000 0 0
1484554267.799891000 0 0
1484554267.803072000 0 0
1484554267.812830000 0 10
1484554267.830772000 0 0
1484554267.837841000 0 0
1484554267.779891000 0 0
1484554267.847597000 0 0
1484554134.181519000 10604 23591
1484554134.826968000 1728055 10459
1484554267.881084000 0 10604
1484554267.948233000 0 319
1484554267.958181000 0 109
1484554267.972744000 0 0
1484554267.992460000 0 0
1484554135.955273000 0 4096
1484554267.991841000 0 144
1484554268.009645000 0 0
1484554268.009759000 0 0
1484554268.020431000 0 0
1484554135.947390000 0 0
1484554268.033117000 0 175
1484554268.034558000 0 0
1484554268.049605000 0 0
1484554268.071844000 0 204
1484554268.090567000 0 0
1484554268.120327000 0 0
1484554135.893284000 0 4096
1484554268.137864000 0 0
1484554268.149477000 0 0
1484554135.884160000 0 0
1484554268.167579000 0 0
1484554268.180484000 0 0
1484554268.210905000 0 0
1484554268.220300000 0 24391
1484554268.263366000 0 0
1484554268.272335000 0 0
1484554268.187758000 0 0
1484554268.281734000 0 0
1484554268.331971000 0 0
1484554180.050304000 1188999 16428
1484554269.099424000 0 0
1484554269.219503000 0 0
1484554269.227210000 0 0
1484554269.242316000 0 0
1484554269.257381000 0 0
1484554269.268265000 0 0
1484554269.280257000 0 0
1484554269.274527000 0 0
1484554269.301305000 0 0
1484554269.297498000 0 0
1484554269.324249000 0 0
1484554269.330351000 0 0
1484554269.317408000 0 0
1484554269.367408000 0 0
1484554269.371235000 0 0
1484554269.378247000 0 0
1484554269.514308000 0 0
1484554269.522249000 0 0
1484554269.528331000 0 0
1484554269.532339000 0 0
1484554269.627895000 0 162
1484554269.996610000 0 0
1484554270.152315000 0 0
1484554270.158414000 0 0
1484554270.163350000 0 0
1484554270.180261000 0 0
1484554133.041807000 720896 65536
1484554270.187440000 0 0
1484554133.701909000 163840 0
1484554270.192568000 0 0
1484554135.361726000 98304 0
1484554130.982037000 65536 0
1484554130.311782000 53248 4096
1484554270.209201000 0 0
1484554130.325036000 8192 4096
1484554135.926873000 98304 0
1484554135.865013000 98304 0
1484554143.123478000 66606 0
1484554143.056747000 1402 0
1484554269.251427000 282 0
1484554270.333429000 0 0
1484554270.329561000 0 0
1484554270.347568000 0 0
1484554270.441388000 0 0
1484554270.433493000 0 0
1484554270.648222000 0 0
1484554270.644227000 0 0
1484554272.661286000 0 0
1484554272.658278000 0 0
1484554274.214263000 0 0
1484554274.223255000 0 0
1484554274.230141000 0 0
1484554274.247022000 0 0
1484554274.251236000 0 0
1484554274.257368000 0 0
1484554274.267345000 0 0
1484554274.277497000 0 0
1484554274.282279000 0 0
1484554274.282540000 0 0
1484554274.289393000 0 0
1484554274.293296000 0 0
1484554274.293884000 0 0
1484554274.309324000 0 0
1484554274.317376000 0 0
1484554274.321221000 0 0
1484554274.328273000 0 0
1484554274.341179000 0 0
1484554274.371179000 0 0
1484554274.367242000 0 0
1484554274.381226000 0 0
1484554274.479314000 0 0
1484554274.471536000 0 0
1484554269.123482000 0 0
1484554274.674302000 0 0
1484554274.671289000 0 0
1484554276.439257000 0 0
1484554276.443241000 0 0
1484554276.450224000 0 0
1484554276.457038000 0 0
1484554276.471174000 0 0
1484554276.467245000 0 0
1484554276.493207000 0 0
1484554276.482185000 0 0
1484554276.518209000 0 0
1484554276.507126000 0 0
1484554276.643206000 0 0
1484554276.651257000 0 0
1484554276.793239000 0 0
1484554276.807036000 0 0
1484554276.813141000 0 0
1484554276.821148000 0 0
1484554276.970992000 0 162
1484554277.193629000 0 0
1484554277.322112000 0 0
1484554277.321184000 0 0
1484554277.323164000 0 0
1484554277.329277000 0 0
1484554277.342273000 0 0
1484554276.662433000 282 0
1484554277.407106000 0 0
1484554277.412340000 0 0
1484554277.419395000 0 0
1484554277.427161000 0 0
1484554277.463262000 0 0
1484554277.459643000 0 0
1484554277.479443000 0 0
1484554277.573395000 0 0
1484554277.567418000 0 0
1484554279.990155000 0 0
1484554279.988245000 0 0
1484554135.988388000 0 0
1484554135.907915000 0 0
1484554130.054194000 0 0
1484554268.563644000 11288 0
1484554269.563457000 2048 0
1484554269.567820000 0 0
1484554269.574622000 35840 0
1484554275.889454000 7704 0
1484554276.897344000 2048 0
1484554276.904625000 36352 0
1484554307.526351000 0 0
1484554276.430142000 0 0
1484554422.604247000 0 0
1484554422.645925000 0 0
1484554422.652658000 0 0
1484554422.666774000 0 0
1484554422.678724000 0 0
1484554422.674953000 282 0
1484554453.432644000 0 0
1484554453.436493000 0 0
1484554453.476902000 0 0
1484554453.485515000 0 0
1484554453.501939000 0 0
1484554453.511935000 0 0
1484554453.527437000 0 0
1484554453.534600000 0 0
1484554453.546554000 0 0
1484554453.556481000 0 0
1484554453.542044000 282 0
1484554453.576542000 0 0
1484554453.571985000 0 0
1484554453.595506000 0 0
1484554453.585481000 0 0
1484554453.606527000 0 0
1484554453.712096000 0 0
1484554453.702054000 0 0
1484554531.469786000 0 0
1484554531.479588000 0 0
1484554531.485787000 0 0
1484554531.532953000 0 0
1484554531.541801000 0 0
1484554531.555811000 0 0
1484554531.571792000 0 0
1484554531.592762000 0 0
1484554531.599617000 0 0
1484554531.604853000 0 0
1484554531.615852000 0 0
1484554531.633948000 0 0
1484554531.629882000 0 0
1484554531.564982000 282 0
1484554531.649820000 0 0
1484554531.661874000 0 0
1484554531.661821000 0 0
1484554531.651900000 0 0
1484554531.703826000 0 0
1484554531.712823000 0 0
1484554276.899426000 0 0
1484554531.684532000 0 36352
1484554531.762766000 0 0
1484554531.760677000 0 0
1484554531.752841000 0 0
1484554531.809761000 0 0
1484554531.729971000 0 0
1484554531.821930000 0 0
1484554531.740975000 0 0
1484554531.994862000 0 0
1484554532.001678000 0 0
1484554532.005695000 0 0
1484554532.012707000 0 0
1484554532.032633000 0 0
1484554532.040735000 0 0
1484554532.045683000 0 0
1484554532.051819000 0 0
1484554532.052704000 0 0
1484554532.059460000 0 0
1484554532.060688000 0 0
1484554532.063216000 0 0
1484554532.065660000 0 0
1484554532.070971000 0 0
1484554532.084603000 0 0
1484554532.091736000 0 0
1484554532.095662000 0 0
1484554532.105664000 0 0
1484554532.123698000 0 0
1484554532.119809000 0 0
1484554532.134823000 0 0
1484554532.234680000 0 0
1484554532.225799000 0 0
1484554307.531945000 0 0
1484554532.714996000 0 0
1484554532.723062000 0 0
1484554532.735943000 0 0
1484554532.744735000 0 0
1484554533.004058000 4096 0
1484554534.719449000 0 0
1484554534.713843000 0 0
1484554535.319888000 0 0
1484554535.403712000 0 0
1484554535.773712000 0 0
1484554535.780711000 0 0
1484554536.732759000 0 0
1484554536.729413000 0 0
1484554537.799661000 0 0
1484554537.803620000 0 0
1484554537.813737000 0 0
1484554537.823725000 0 0
1484554531.846428000 25648 0
1484554531.854753000 2048 0
1484554531.860057000 2048 0
1484554539.275726000 0 0
1484554533.029854000 4096 0
1484554535.785935000 398 0
1484554535.792941000 282 0
1484554547.820520000 0 0
1484554535.581713000 0 0
1484554612.087300000 0 0
1484554612.094309000 0 0
1484554612.101888000 0 0
1484554612.113984000 0 0
1484554612.127153000 0 0
1484554579.921297000 0 0
1484554537.729393000 0 0
1484554618.070845000 0 0
1484554855.548691000 134 0
1484554956.238677000 0 0
1484554956.247098000 0 0
1484554956.256878000 0 0
1484554956.269597000 0 0
1484554956.280568000 0 0
1484554774.369348000 0 0
1484555159.094687000 0 0
1484554535.396150000 0 0
1484555452.593959000 0 0
1484555452.672905000 0 0
1484555452.678849000 0 0
1484555452.687924000 0 0
1484555452.598031000 0 0
1484555452.674938000 0 0
1484555452.572247000 0 0
1484555452.567933000 0 0
1484555458.809008000 0 0
1484555459.388155000 0 0
1484555459.402696000 0 0
1484555459.425980000 0 0
1484555459.488962000 0 0
1484555459.495966000 0 0
1484555452.605118000 144 0
1484555452.615109000 297 0
1484555452.621045000 478 0
1484555452.629052000 358 0
1484555452.636996000 237 0
1484555452.646595000 197 0
1484555452.656568000 225 0
1484555452.666561000 164 0
1484555452.686219000 219 0
1484555452.694436000 254 0
1484555452.700155000 226 0
1484555452.708227000 302 0
1484555452.718580000 134 0
1484555452.726062000 134 0
1484555452.735554000 134 0
1484555452.745047000 144 0
1484555452.752526000 134 0
1484555452.760190000 134 0
1484555452.768539000 134 0
1484555452.776900000 119 0
1484555452.786924000 188 0
1484555452.795982000 330 0
1484555452.805255000 215 0
1484555452.814426000 346 0
1484555452.820540000 333 0
1484555452.828626000 144 0
1484555452.837482000 208 0
1484555452.846530000 251 0
1484555452.856187000 164 0
1484555481.081445000 0 0
1484555481.091707000 0 0
1484555481.101495000 0 0
1484555481.111479000 0 0
1484555481.123742000 0 0
1484555459.438690000 398 0
1484555459.448751000 282 0
1484555458.907970000 0 0
1484555480.934764000 0 0
1484555482.264688000 0 0
1484555458.862200000 0 0
1484555742.598305000 0 0
1484555742.610178000 0 0
1484555742.623715000 0 0
1484555742.630611000 0 0
1484555742.606344000 0 0
1484555742.579120000 0 0
1484555742.577126000 0 0
1484555743.883856000 0 0
1484555744.134006000 0 0
1484555744.143884000 0 0
1484555744.160307000 0 0
1484555742.610368000 144 0
1484555742.618351000 297 0
1484555742.629559000 478 0
1484555742.636393000 358 0
1484555742.643973000 237 0
1484555742.649308000 197 0
1484555742.656379000 225 0
1484555742.666032000 164 0
1484555742.673939000 219 0
1484555742.678319000 254 0
1484555742.685340000 226 0
1484555742.689313000 302 0
1484555742.699206000 134 0
1484555742.709334000 134 0
1484555742.715334000 144 0
1484555742.721811000 134 0
1484555742.727319000 134 0
1484555742.734027000 134 0
1484555742.738336000 119 0
1484555742.748085000 188 0
1484555742.757231000 330 0
1484555742.764012000 215 0
1484555742.768364000 346 0
1484555742.775392000 333 0
1484555742.782118000 144 0
1484555742.788344000 208 0
1484555742.799854000 251 0
1484555742.810351000 164 0
1484555744.177073000 398 0
1484555744.189393000 282 0
1484555742.705322000 134 0
1484555743.963864000 0 0
1484555746.233604000 0 0
1484556013.886114000 0 0
1484556013.890610000 0 0
1484556013.899589000 0 0
1484556013.908599000 0 0
1484555748.940063000 0 0
1484556020.556606000 0 0
1484556022.560434000 0 0
1484556043.300438000 0 0
1484556074.176088000 0 0
1484556103.185724000 0 0
1484556350.349469000 0 0
1484556351.440363000 0 0
1484556365.020268000 0 0
1484556366.207217000 0 0
1484556398.740917000 0 0
1484556400.695890000 0 0
1484555743.924141000 0 0
1484556426.018719000 0 0
1484556426.094640000 0 0
1484556426.132875000 0 0
1484556426.238702000 0 0
1484556426.242843000 0 0
1484556426.026044000 0 0
1484556425.998600000 0 0
1484556425.996919000 0 0
1484556439.785738000 0 0
1484556439.832241000 0 0
1484556440.027707000 0 0
1484556440.036852000 0 0
1484556440.052361000 0 0
1484556440.116580000 0 0
1484556440.122112000 0 0
1484556439.873506000 0 0
1484556439.825519000 0 0
1484556442.403749000 0 0
1484556442.403815000 0 0
1484556442.419660000 0 0
1484556442.453744000 0 0
1484556442.376862000 0 0
1484556442.453574000 0 0
1484556442.354539000 0 0
1484556442.356475000 0 0
1484556451.004517000 0 0
1484556451.047454000 0 0
1484556451.197607000 0 0
1484556451.207428000 0 0
1484556451.223835000 0 0
1484556451.073452000 0 0
1484556451.041676000 0 0
1484556456.598415000 0 0
1484556456.598581000 0 0
1484556456.615459000 0 0
1484556456.649404000 0 0
1484556456.572030000 0 0
1484556456.549949000 0 0
1484556456.553334000 0 0
1484556440.067550000 398 0
1484556440.078835000 282 0
1484556426.032544000 432 0
1484556426.042443000 891 0
1484556426.051022000 1434 0
1484556426.058281000 1074 0
1484556426.063911000 711 0
1484556426.072192000 591 0
1484556426.079399000 675 0
1484556426.088601000 492 0
1484556426.101184000 657 0
1484556426.108635000 762 0
1484556426.117710000 678 0
1484556426.123911000 906 0
1484556426.141828000 402 0
1484556426.146037000 402 0
1484556426.149906000 402 0
1484556426.155985000 432 0
1484556426.159935000 402 0
1484556426.173196000 402 0
1484556426.185958000 402 0
1484556426.197916000 357 0
1484556426.209883000 564 0
1484556426.222452000 990 0
1484556426.233225000 645 0
1484556426.246973000 1038 0
1484556426.261293000 999 0
1484556426.270891000 432 0
1484556426.280808000 624 0
1484556426.293112000 753 0
1484556426.297935000 492 0
1484556666.166554000 0 0
1484556666.266611000 0 0
1484556666.272580000 0 0
1484556666.288574000 0 0
1484556666.300596000 0 0
1484556666.316645000 0 0
1484556666.331442000 0 0
1484556666.339648000 0 0
1484556666.354101000 0 0
1484556666.362446000 0 0
1484556666.383474000 0 0
1484556666.506583000 0 0
1484556666.539608000 0 0
1484556666.576897000 0 0
1484556666.660643000 0 0
1484556666.669599000 0 0
1484556666.676612000 0 0
1484556666.683541000 0 0
1484556666.690452000 0 0
1484556666.752732000 0 0
1484556666.842558000 0 0
1484556666.858604000 0 0
1484556666.936654000 0 0
1484556667.036624000 0 0
1484556667.063529000 0 0
1484556667.103568000 0 0
1484556667.240719000 0 0
1484556667.283171000 0 0
1484556667.292241000 0 18830
1484556668.720609000 0 0
1484556668.727770000 0 0
1484556667.251115000 18830 0
1484556667.266996000 0 0
1484556668.736921000 0 0
1484556668.866824000 0 0
1484556668.936668000 0 0
1484556669.118589000 0 0
1484556669.146688000 0 0
1484556669.216772000 0 0
1484556669.340096000 0 0
1484556669.532729000 0 0
1484556669.539565000 0 0
1484556669.991619000 0 0
1484556670.006571000 0 0
1484556670.012541000 0 0
1484556670.049741000 0 0
1484556670.010794000 0 0
1484556670.060601000 0 0
1484556670.076698000 0 0
1484556670.086719000 0 0
1484556670.096632000 0 0
1484556670.070778000 0 0
1484556670.108555000 0 0
1484556670.116594000 0 0
1484556670.123596000 0 0
1484556670.132600000 0 0
1484556670.603710000 0 0
1484556671.410623000 0 0
1484556671.429641000 0 0
1484556671.475758000 196608 0
1484556671.567442000 0 0
1484556672.756486000 0 0
1484556672.879937000 0 0
1484556672.887953000 0 2
1484556672.906420000 0 0
1484556672.903977000 0 53
1484556672.912438000 0 0
1484556668.863407000 204 0
1484556672.917741000 0 0
1484556671.439242000 2 0
1484556672.856586000 0 0
1484556672.927703000 0 0
1484556677.906340000 0 0
1484556677.912543000 0 0
1484556678.042502000 0 0
1484556678.106385000 0 0
1484556678.130406000 0 0
1484556678.183520000 0 0
1484556678.336248000 0 0
1484556667.043355000 0 0
1484556666.260564000 282 0
1484556666.295150000 10 0
1484556666.308625000 10 0
1484556666.325351000 122 0
1484556666.412464000 208 0
1484556666.551123000 24391 0
1484556666.585535000 16384 0
1484556666.630990000 319 0
1484556666.905338000 497 0
1484556667.052138000 5674 0
1484556667.076729000 8416 0
1484556667.115751000 208787 0
1484556668.874355000 32768 0
1484556669.128127000 29893 0
1484556669.154843000 8 0
1484556669.227272000 504 0
1484556669.273788000 7646 0
1484556669.351285000 2803 0
1484556669.999937000 686 0
1484556670.195011000 10 0
1484556670.612968000 1839 0
1484556672.764363000 27 0
1484556672.950001000 4971 0
1484556669.373192000 29 0
1484556672.991218000 9833 0
1484556673.008526000 562 0
1484556699.996606000 0 2803
1484556700.010509000 0 0
1484556723.939065000 0 0
1484556723.964989000 0 0
1484556723.996000000 0 0
1484556724.010003000 0 0
1484556724.052540000 0 2749
1484556724.033318000 2749 0
1484556724.067219000 0 0
1484556726.990851000 0 0
1484556727.045386000 0 137
1484556727.064434000 0 0
1484556727.007087000 137 0
1484556727.059199000 0 0
1484556727.087127000 0 0
1484556727.114890000 0 0
1484556727.141144000 0 0
1484556727.155457000 0 7267
1484556727.177598000 0 0
1484556727.175205000 0 0
1484556727.198157000 0 0
1484556727.209093000 0 0
1484556727.224958000 0 0
1484556727.237228000 0 0
1484556745.404207000 0 0
1484556745.517950000 0 0
1484556745.614168000 0 0
1484556745.625641000 0 0
1484556745.644218000 0 0
1484556745.666743000 0 0
1484556745.714148000 0 0
1484556745.719709000 0 0
1484556745.744140000 0 0
1484556745.749680000 0 0
1484556745.757737000 0 0
1484556745.765715000 0 0
1484556745.398494000 0 0
1484556727.281432000 51 0
1484556745.510695000 282 0
1484556745.659748000 570 0
1484556745.682398000 504 0
1484556745.773405000 504 0
1484556788.369353000 0 0
1484556788.395407000 0 0
1484556788.352986000 0 0
1484556814.168176000 0 0
1484556814.179155000 0 0
1484556814.197238000 0 0
1484556814.218189000 0 0
1484556814.259104000 0 0
1484556814.268484000 0 0
1484556814.276085000 0 0
1484556814.303156000 0 0
1484556814.312486000 0 0
1484556814.345141000 0 0
1484556814.354994000 0 0
1484556814.364559000 0 0
1484556814.397010000 0 0
1484556814.406060000 0 0
1484556814.884974000 0 0
1484556814.892176000 0 0
1484556815.436972000 0 0
1484556815.443097000 0 0
1484556815.447075000 0 0
1484556815.462173000 0 0
1484556815.467136000 0 0
1484556815.473536000 0 0
1484556815.485969000 0 0
1484556815.493070000 0 0
1484556815.507067000 0 0
1484556815.513058000 0 0
1484556816.033380000 0 17353
1484556816.054796000 0 0
1484556813.972093000 16819 0
1484556816.052592000 0 0
1484556827.481993000 0 0
1484556814.323202000 282 0
1484556814.209396000 570 0
1484556814.236208000 504 0
1484556814.284231000 504 0
1484556814.372533000 398 0
1484556848.961226000 0 0
1484556848.976709000 0 0
1484556849.138145000 0 0
1484556969.088959000 0 0
1484556970.661566000 0 849
1484556970.687205000 0 0
1484556970.683278000 0 0
1484556969.101109000 10934 0
1484557027.257889000 0 7270
1484557027.278813000 0 0
1484557027.276151000 0 0
1484557149.072549000 0 0
1484557149.566767000 0 70160
1484557149.632638000 0 0
1484557149.933532000 0 1220240
1484557172.147129000 0 0
1484557149.085069000 10934 14257
1484557269.155982000 0 0
1484557270.692244000 0 849
1484557270.714496000 0 0
1484557270.712031000 0 0
1484557327.317942000 0 7271
1484557327.339962000 0 0
1484557327.337553000 0 0
1484559895.103979000 0 7274
1484559895.125798000 0 0
1484559895.122054000 0 0
1484557269.165175000 14361 21798
1484559908.604016000 0 0
1484559908.645932000 0 0
1484559908.655835000 0 0
1484559909.701884000 0 17821
1484559909.720925000 0 0
1484559909.716245000 0 0
1484559914.466088000 0 0
1484559914.472991000 0 0
1484559914.785163000 0 0
1484559944.780222000 0 0
1484559945.004734000 0 0
1484559945.345717000 0 0
1484559945.356567000 0 0
1484559945.374586000 0 0
1484559945.444536000 0 0
1484559945.452669000 0 0
1484559947.346114000 0 0
1484559947.354495000 0 0
1484559947.364642000 0 0
1484559947.373488000 0 0
1484559948.756621000 0 0
1484559962.962414000 0 0
1484559962.966547000 0 0
1484559962.975523000 0 0
1484559962.985475000 0 0
1484559963.004424000 0 0
1484559945.385774000 398 0
1484559945.395316000 282 0
1484559970.991092000 0 940
1484559971.015051000 0 0
1484559971.012128000 0 0
1484559962.998725000 134 0
1484559945.082682000 0 0
1484559947.321625000 0 0
1484560104.370212000 0 0
1484560104.379456000 0 0
1484560104.389165000 0 0
1484560104.401155000 0 0
1484560104.412076000 0 0
1484560195.133479000 0 7274
1484560195.146917000 0 0
1484560195.145551000 0 0
1484559954.163617000 0 0
1484559944.996660000 0 0
1484560457.008831000 0 0
1484560457.104922000 0 0
1484560457.114882000 0 0
1484560457.124899000 0 0
1484560457.107772000 0 0
1484560457.015190000 0 0
1484560456.984876000 0 0
1484560456.987000000 0 0
1484560457.022151000 144 0
1484560457.033902000 297 0
1484560457.041607000 478 0
1484560457.052269000 358 0
1484560457.063213000 237 0
1484560457.074550000 197 0
1484560457.085307000 225 0
1484560457.097207000 164 0
1484560457.113100000 219 0
1484560457.122160000 254 0
1484560457.131914000 226 0
1484560457.141858000 302 0
1484560479.958437000 0 0
1484560457.157907000 134 0
1484560457.167985000 134 0
1484560457.177719000 134 0
1484560457.184796000 144 0
1484560457.192706000 134 0
1484560457.203215000 134 0
1484560457.211772000 134 0
1484560457.221756000 119 0
1484560457.231752000 188 0
1484560457.240608000 330 0
1484560457.250141000 215 0
1484560457.259606000 346 0
1484560457.270047000 333 0
1484560457.280266000 144 0
1484560480.034372000 0 0
1484560457.289807000 208 0
1484560457.299449000 251 0
1484560480.047555000 0 0
1484560457.309396000 164 0
1484560481.301198000 0 18348
1484560481.318186000 0 0
1484560481.316774000 0 0
1484560485.934301000 0 0
1484560485.939588000 0 0
1484559914.792354000 14798 0
1484560495.191380000 0 7274
1484560495.208055000 0 0
1484560495.205719000 0 0
1484560508.066339000 0 0
1484560508.078193000 0 0
1484560508.086344000 0 18867
1484560508.095207000 0 0
1484560508.113170000 0 0
1484560508.107835000 0 0
1484560508.119195000 0 0
1484560508.147224000 0 0
1484560508.153332000 0 0
1484560508.157301000 0 0
1484560508.163438000 0 0
1484560508.188249000 0 0
1484560508.195336000 0 0
1484560508.215357000 0 0
1484560508.220285000 0 0
1484560508.243622000 0 0
1484560508.248332000 0 0
1484560529.038203000 0 0
1484560529.046000000 0 0
1484560529.062927000 0 0
1484560508.108277000 570 0
1484560508.131829000 504 0
1484560508.169940000 504 0
1484560508.200536000 282 0
1484560508.227543000 398 0
1484560569.612797000 0 0
1484560571.068581000 0 1313
1484560571.094338000 0 0
1484560571.092090000 0 0
1484560569.621833000 14798 0
1484560610.071989000 0 824712
1484560633.423392000 0 0
1484560741.318853000 0 988600
1484560747.796863000 0 0
1484560755.432052000 0 234040
1484560755.560314000 0 0
1484560782.688823000 0 0
1484560782.717364000 0 0
1484560782.727351000 0 686
1484560782.745489000 0 0
1484560782.755720000 0 0
1484560782.761775000 0 0
1484560782.698087000 0 0
1484560782.771077000 0 0
1484560782.866159000 0 1414
1484560782.885698000 0 0
1484556670.623055000 1192808 53192
1484560782.946242000 0 85
1484560782.949869000 0 0
1484556671.551609000 0 4096
1484560782.958025000 0 0
1484560782.965754000 0 0
1484560782.976792000 0 0
1484556671.541132000 0 0
1484560782.987934000 0 0
1484560788.045671000 0 0
1484560788.081129000 0 0
1484560788.090058000 0 10
1484560788.107629000 0 0
1484560788.115289000 0 0
1484560788.055749000 0 0
1484560788.120857000 0 0
1484556670.023260000 10604 111039
1484556671.790055000 1729462 38968
1484560788.147170000 0 10590
1484560788.189757000 0 319
1484560788.196435000 0 109
1484560788.207302000 0 0
1484560788.216722000 0 0
1484556678.372644000 0 4096
1484560788.226226000 0 144
1484560788.227991000 0 0
1484560788.236662000 0 0
1484556678.366850000 0 0
1484560788.237034000 0 0
1484560788.256825000 0 0
1484560788.256230000 0 175
1484560788.266985000 0 0
1484560788.285844000 0 204
1484560788.297992000 0 0
1484560788.318982000 0 0
1484556678.082051000 0 4096
1484560788.332047000 0 0
1484560788.345390000 0 0
1484556678.076807000 0 0
1484560788.356878000 0 0
1484560788.366780000 0 0
1484560788.391513000 0 0
1484560788.400093000 0 24530
1484560788.437713000 0 0
1484560788.445412000 0 0
1484560788.375639000 0 0
1484556827.492156000 0 0
1484560788.450973000 0 0
1484560788.486956000 0 0
1484556678.143294000 66606 4515
1484560790.600417000 0 0
1484560790.650382000 0 0
1484560790.880565000 0 0
1484560790.891648000 0 0
1484560790.908500000 0 0
1484560790.979440000 0 0
1484560790.987512000 0 0
1484560793.455453000 0 0
1484560793.474967000 0 0
1484560793.525007000 0 0
1484560793.538435000 0 0
1484556678.412164000 0 0
1484556678.101332000 0 0
1484556666.348425000 0 0
1484560795.209427000 0 0
1484556668.945836000 3112960 3309568
1484556671.516651000 98304 0
1484556669.546944000 163840 0
1484556666.946011000 65536 0
1484556666.600134000 53248 4096
1484556666.613161000 16384 4096
1484556678.346664000 131072 0
1484556678.052761000 98304 0
1484556849.148150000 98304 0
1484556678.122374000 1402 0
1484560790.919774000 398 0
1484560790.931388000 282 0
1484560793.467576000 358 0
1484560793.516735000 254 0
1484560793.076526000 0 0
1484560790.698356000 0 0
1484560804.610350000 0 0
1484560790.646369000 0 0
1484560830.509247000 0 0
1484560830.520188000 0 0
1484560830.530141000 0 0
1484560830.638317000 0 0
1484560830.516475000 0 0
1484560830.487288000 0 0
1484560830.489216000 0 0
1484560830.520559000 144 0
1484560830.531067000 297 0
1484560830.550430000 478 0
1484560830.567339000 358 0
1484560830.584080000 237 0
1484560830.595272000 197 0
1484560830.609967000 225 0
1484560830.627411000 164 0
1484560830.638424000 219 0
1484560830.649428000 254 0
1484560830.666361000 226 0
1484560830.679488000 302 0
1484560830.698954000 134 0
1484560830.718889000 134 0
1484560830.730353000 134 0
1484560830.738291000 144 0
1484560830.539987000 134 0
1484560830.559928000 134 0
1484560830.576886000 134 0
1484560830.588271000 119 0
1484560830.601831000 188 0
1484560830.619916000 330 0
1484560830.634179000 215 0
1484560830.645461000 346 0
1484560830.659118000 333 0
1484560830.672977000 144 0
1484560830.689657000 208 0
1484560830.709649000 251 0
1484560830.726327000 164 0
