1484560759.287309000 0 0
1484560759.293446000 0 0
1484560759.299188000 0 0
1484560759.304714000 0 0
1484560759.310108000 0 0
1484560760.590743000 282 0
1484560763.005684000 0 0
1484560763.008983000 0 0
1484560763.017469000 0 0
1484560764.607466000 0 0
1484560764.610693000 0 0
1484560764.617341000 0 0
1484560764.620046000 0 0
1484560764.665266000 0 0
1484560764.863765000 0 0
1484560764.878471000 0 0
1484560764.881202000 0 0
1484560764.881912000 0 0
1484560764.884288000 0 0
1484560764.900667000 0 0
1484560764.902896000 0 0
1484560764.902948000 0 0
1484560764.905135000 0 0
1484560764.905665000 0 0
1484560764.908508000 0 0
1484560764.920068000 0 0
1484560764.922385000 0 0
1484560764.938243000 0 0
1484560764.940565000 0 0
1484560764.961264000 0 0
1484560764.719453000 0 0
1484560780.150033000 0 0
1484560781.088566000 0 0
1484560783.616683000 0 0
1484560783.620654000 0 0
1484560783.629013000 0 0
1484560761.372436000 111 0
1484560764.792296000 923 0
1484560764.874405000 129 0
1484560764.886815000 576 0
1484560764.900891000 129 0
1484560764.906765000 2845 0
1484560764.914213000 504 0
1484560764.917385000 129 0
1484560764.934491000 1087 0
1484560764.935180000 129 0
1484560764.945262000 2809 0
1484560764.959299000 129 0
1484560764.961666000 2911 0
1484560782.602427000 0 0
1484560781.086038000 0 0
1484560807.007199000 0 0
1484560807.013058000 0 0
1484560807.016811000 0 0
1484560807.020748000 0 0
1484560807.024741000 0 0
1484560807.028149000 0 0
1484560807.032064000 0 0
1484560807.035257000 0 0
1484560807.038816000 0 0
1484560807.041765000 0 0
1484560807.045167000 0 0
1484560807.064533000 0 0
1484560807.083160000 0 0
1484560807.048794000 0 0
1484560807.171914000 0 0
1484560807.401453000 0 0
1484560807.010782000 0 0
1484560806.974016000 0 0
1484560806.972867000 0 0
1484560809.164990000 0 0
1484560809.169307000 0 0
1484560809.176257000 0 0
1484560809.183096000 0 0
1484560809.193036000 0 0
1484560809.198180000 0 0
1484560809.200843000 0 0
1484560809.205859000 0 0
1484560809.208322000 0 0
1484560809.213942000 0 0
1484560809.380545000 0 0
1484560809.478644000 0 0
1484560809.516857000 0 0
1484560809.519953000 0 0
1484560809.522825000 0 0
1484560809.525854000 0 0
1484560809.528344000 0 0
1484560809.560630000 0 0
1484560809.707149000 0 0
1484560809.890671000 0 0
1484560809.894593000 0 0
1484560809.897911000 0 0
1484560809.901521000 0 0
1484560809.905025000 0 0
1484560809.908352000 0 0
1484560809.943389000 0 0
1484560809.949045000 0 0
1484560809.953142000 0 0
1484560809.956622000 0 0
1484560809.947629000 0 0
1484560809.961873000 0 0
1484560809.965361000 0 0
1484560809.942058000 0 0
1484560809.975014000 0 0
1484560809.980490000 0 0
1484560809.983577000 0 0
1484560809.986965000 0 0
1484560809.990379000 0 0
1484560809.993789000 0 0
1484560809.997205000 0 0
1484560810.000630000 0 0
1484560809.979185000 0 0
1484560810.005459000 0 0
1484560810.008729000 0 0
1484560810.014135000 0 0
1484560810.017501000 0 0
1484560810.021021000 0 0
1484560810.012831000 0 0
1484560809.973813000 0 0
1484560810.028872000 0 0
1484560810.032645000 0 0
1484560810.066218000 0 0
1484560810.072692000 0 0
1484560810.167781000 0 0
1484560783.636637000 398 0
1484560810.339297000 0 0
1484560810.342712000 0 0
1484560810.345859000 0 0
1484560810.356503000 0 0
1484560810.365193000 0 0
1484560810.368660000 0 0
1484560810.371487000 0 0
1484560810.418350000 0 0
1484560810.831996000 0 0
1484560810.838578000 0 0
1484560810.851729000 0 0
1484560810.876534000 0 0
1484560810.918108000 0 0
1484560811.108257000 0 0
1484560811.251979000 0 0
1484560811.271513000 0 0
1484560811.275384000 0 18830
1484560811.457666000 0 0
1484560811.461187000 0 0
1484560811.257256000 18830 0
1484560811.263515000 0 0
1484560811.464282000 0 0
1484560811.582910000 0 0
1484560811.970329000 0 0
1484560812.397868000 0 0
1484560812.401995000 0 2
1484560812.417992000 0 0
1484560812.421982000 0 0
1484560810.845027000 2 0
1484560812.387507000 0 0
1484560812.425558000 0 0
1484560812.846815000 524288 0
1484560812.920745000 0 0
1484560813.417458000 0 0
1484560813.627993000 0 53
1484560811.723928000 288 0
1484560813.638170000 0 0
1484560813.716292000 0 0
1484560813.735493000 0 0
1484560813.739225000 0 0
1484560813.743569000 0 0
1484560813.758145000 0 0
1484560813.762950000 0 0
1484560813.765992000 0 0
1484560813.761748000 0 0
1484560813.757053000 0 0
1484560813.782992000 0 90
1484560813.786477000 0 0
1484560813.790675000 0 0
1484560813.791317000 0 0
1484560813.798375000 0 0
1484560813.813328000 0 0
1484560813.862032000 0 0
1484560813.804949000 0 4096
1484560813.889123000 0 0
1484560813.801593000 0 0
1484560813.907220000 0 0
1484560813.829318000 0 0
1484560813.929852000 0 0
1484560814.141551000 0 0
1484560814.318134000 0 0
1484560814.375903000 0 0
1484560815.836908000 0 0
1484560813.653534000 967 0
1484560815.836039000 0 0
1484560815.846811000 0 0
1484560815.853559000 0 0
1484560815.852279000 0 0
1484560815.861726000 0 1867
1484560815.870886000 0 0
1484560809.881628000 0 0
1484560825.934870000 0 0
1484560813.923196000 0 4096
1484560825.944097000 0 0
1484560825.948853000 0 0
1484560813.918323000 0 0
1484560825.957516000 0 0
1484560813.423147000 0 0
1484560830.885551000 0 2236
1484560830.895818000 0 0
1484560830.905163000 0 0
1484560807.016756000 112 0
1484560807.024828000 218 0
1484560807.029684000 168 0
1484560807.033852000 214 0
1484560807.039242000 115 0
1484560807.044091000 151 0
1484560807.049139000 112 0
1484560807.058940000 154 0
1484560807.067334000 133 0
1484560807.076106000 127 0
1484560807.085556000 140 0
1484560807.094576000 117 0
1484560807.101455000 143 0
1484560807.110294000 137 0
1484560807.119307000 114 0
1484560807.129073000 139 0
1484560807.138918000 116 0
1484560807.148426000 112 0
1484560807.155290000 116 0
1484560807.164654000 116 0
1484560807.169514000 118 0
1484560807.174893000 222 0
1484560807.180807000 136 0
1484560807.186333000 145 0
1484560807.191192000 113 0
1484560807.196056000 184 0
1484560807.201170000 114 0
1484560807.206023000 115 0
1484560807.210914000 114 0
1484560807.216166000 163 0
1484560807.221145000 147 0
1484560807.226009000 107 0
1484560807.230853000 182 0
1484560807.235665000 165 0
1484560807.240480000 111 0
1484560807.245162000 109 0
1484560807.250211000 146 0
1484560807.254997000 144 0
1484560807.259322000 140 0
1484560807.265428000 154 0
1484560807.270247000 136 0
1484560807.275138000 197 0
1484560807.280629000 294 0
1484560807.285101000 132 0
1484560807.289897000 168 0
1484560807.295958000 136 0
1484560807.298890000 223 0
1484560807.304477000 198 0
1484560807.307594000 186 0
1484560807.314465000 182 0
1484560807.321156000 196 0
1484560807.326732000 150 0
1484560807.331845000 118 0
1484560807.337602000 168 0
1484560807.343775000 170 0
1484560807.348257000 148 0
1484560807.353522000 242 0
1484560807.358570000 136 0
1484560807.364080000 132 0
1484560807.368626000 124 0
1484560807.382152000 122 0
1484560807.390293000 491 0
1484560807.396082000 162 0
1484560807.404396000 164 0
1484560807.409115000 138 0
1484560807.414048000 132 0
1484560807.419725000 138 0
1484560807.425449000 557 0
1484560807.431236000 212 0
1484560807.437267000 226 0
1484560807.442626000 236 0
1484560807.448650000 134 0
1484560807.455018000 134 0
1484560807.460205000 134 0
1484560807.466993000 144 0
1484560807.472171000 134 0
1484560807.477313000 134 0
1484560807.483553000 134 0
1484560807.491271000 127 0
1484560807.497704000 122 0
1484560807.503164000 122 0
1484560807.509083000 138 0
1484560807.516966000 137 0
1484560807.522625000 142 0
1484560807.527775000 142 0
1484560807.536143000 119 0
1484560807.541736000 116 0
1484560807.546779000 124 0
1484560807.556137000 133 0
1484560807.561007000 134 0
1484560807.566214000 133 0
1484560807.572028000 172 0
1484560807.576912000 126 0
1484560807.053850000 140 0
1484560807.062880000 130 0
1484560807.071630000 148 0
1484560807.080147000 138 0
1484560807.089719000 114 0
1484560807.096672000 148 0
1484560807.105604000 130 0
1484560807.114402000 140 0
1484560807.124133000 154 0
1484560807.133854000 130 0
1484560807.143150000 140 0
1484560807.152641000 1456 0
1484560807.159359000 132 0
1484560807.167241000 122 0
1484560807.590035000 226 0
1484560807.595101000 113 0
1484560807.599921000 302 0
1484560762.953241000 564 0
1484560809.181281000 10 0
1484560809.187851000 10 0
1484560809.196244000 111 0
1484560809.223088000 208 0
1484560809.487923000 35520 0
1484560809.713341000 16384 0
1484560810.173437000 364 0
1484560810.378867000 185 0
1484560810.925982000 11329 0
1484560811.115182000 237378 0
1484560811.724511000 116 0
1484560811.976477000 4056 0
1484560811.985248000 9685 0
1484560812.391373000 309 0
1484560813.433959000 42408 0
1484560813.721231000 9344 0
1484560812.425268000 25 0
1484560813.753925000 29 0
1484560813.769876000 35057 0
1484560815.448691000 55 0
1484560842.818120000 0 4056
1484560842.827634000 0 0
1484560843.325487000 0 0
1484560843.338859000 0 0
1484560843.343181000 0 35604
1484560843.363915000 0 0
1484560843.368659000 0 0
1484560843.372447000 0 0
1484560843.329988000 0 0
1484560843.375873000 0 0
1484560813.784407000 40960 0
1484560854.364229000 0 0
1484560854.370675000 0 0
1484560854.581312000 0 0
1484560856.110004000 0 2512
1484560856.136635000 0 0
1484560856.145171000 0 0
1484560861.621012000 0 0
1484560861.625804000 0 0
1484560861.658479000 0 0
1484560867.418472000 0 0
1484560867.425511000 0 0
1484560867.433019000 0 0
1484560867.440217000 0 0
1484560867.462973000 0 3890
1484560867.452943000 3890 0
1484560867.471218000 0 0
1484560870.649888000 0 0
1484560870.672148000 0 137
1484560870.681853000 0 0
1484560870.657450000 137 0
1484560870.680798000 0 0
1484560870.694148000 0 0
1484560870.700504000 0 0
1484560870.723149000 0 14068
1484560870.733865000 0 0
1484560870.732920000 0 0
1484560870.760418000 0 0
1484560870.764858000 0 0
1484560870.782154000 0 0
1484560870.797020000 0 0
1484560870.812476000 0 0
1484560870.824138000 0 0
1484560870.835096000 0 0
1484560870.845811000 0 0
1484560870.864255000 0 0
1484560870.870658000 0 0
1484560870.875089000 0 0
1484560870.879787000 0 0
1484560870.884637000 0 0
1484560870.891328000 0 0
1484560870.895569000 0 0
1484560870.900021000 0 0
1484560870.904782000 0 0
1484560870.909888000 0 0
1484560870.914020000 0 0
1484560870.920395000 0 0
1484560870.924572000 0 0
1484560870.928957000 0 0
1484560870.933577000 0 0
1484560870.938814000 0 0
1484560870.942870000 0 0
1484560870.946861000 0 0
1484560870.953986000 0 0
1484560870.958253000 0 0
1484560870.963182000 0 0
1484560870.967606000 0 0
1484560870.972005000 0 0
1484560870.976131000 0 0
1484560870.980841000 0 0
1484560870.987870000 0 0
1484560870.991974000 0 0
1484560870.996023000 0 0
1484560871.001111000 0 0
1484560871.005469000 0 0
1484560871.010133000 0 0
1484560871.014056000 0 0
1484560871.020480000 0 0
1484560871.024950000 0 0
1484560871.029707000 0 0
1484560871.034577000 0 0
1484560871.041202000 0 0
1484560871.045565000 0 0
1484560871.049679000 0 0
1484560871.053971000 0 0
1484560871.058142000 0 0
1484560871.062114000 0 0
1484560871.065792000 0 0
1484560871.074118000 0 0
1484560871.078180000 0 0
1484560871.082126000 0 0
1484560871.087104000 0 0
1484560871.091171000 0 0
1484560871.095151000 0 0
1484560871.099070000 0 0
1484560871.103762000 0 0
1484560871.108242000 0 0
1484560871.112454000 0 0
1484560871.118238000 0 0
1484560871.122746000 0 0
1484560871.126931000 0 0
1484560871.131065000 0 0
1484560871.137152000 0 0
1484560871.142017000 0 0
1484560871.146576000 0 0
1484560871.154088000 0 0
1484560871.168881000 0 38417
1484560871.186324000 0 0
1484560871.186980000 0 0
1484560871.195004000 0 0
1484560871.203525000 0 0
1484560871.262434000 0 0
1484560871.268274000 0 0
1484560871.283308000 0 0
1484560871.299134000 0 0
1484560871.320759000 0 0
1484560871.337095000 0 0
1484560871.356988000 0 0
1484560871.362729000 0 0
1484560871.371479000 0 0
1484560871.377755000 0 0
1484560871.382866000 0 0
1484560871.388084000 0 0
1484560871.393591000 0 0
1484560871.398355000 0 0
1484560871.406153000 0 0
1484560871.410918000 0 0
1484560871.414989000 0 0
1484560871.420559000 0 0
1484560871.424752000 0 0
1484560871.428778000 0 0
1484560871.432919000 0 0
1484560871.437168000 0 0
1484560871.441282000 0 0
1484560871.445711000 0 0
1484560871.450084000 0 0
1484560871.454436000 0 0
1484560871.458551000 0 0
1484560871.462560000 0 0
1484560871.466827000 0 0
1484560871.471111000 0 0
1484560871.475249000 0 0
1484560871.479469000 0 0
1484560871.483481000 0 0
1484560871.487901000 0 0
1484560871.492101000 0 0
1484560871.499027000 0 0
1484560871.503876000 0 0
1484560871.516619000 0 0
1484560871.521426000 0 0
1484560871.526172000 0 0
1484560871.530488000 0 0
1484560871.537129000 0 0
1484560871.542128000 0 0
1484560871.546509000 0 0
1484560871.554495000 0 0
1484560871.558641000 0 0
1484560871.562679000 0 0
1484560871.567036000 0 0
1484560871.571802000 0 0
1484560871.575987000 0 0
1484560871.579974000 0 0
1484560871.584070000 0 0
1484560871.588329000 0 0
1484560871.592513000 0 0
1484560871.596582000 0 0
1484560871.603977000 0 0
1484560871.608932000 0 0
1484560871.612954000 0 0
1484560871.619263000 0 0
1484560871.623802000 0 0
1484560871.628265000 0 0
1484560871.632352000 0 0
1484560871.636911000 0 0
1484560871.642426000 0 0
1484560871.647049000 0 0
1484560871.655641000 0 0
1484560871.661165000 0 0
1484560871.665790000 0 0
1484560871.670813000 0 0
1484560871.675484000 0 0
1484560871.680327000 0 0
1484560871.686997000 0 0
1484560871.691639000 0 0
1484560871.695617000 0 0
1484560871.699737000 0 0
1484560871.703957000 0 0
1484560871.708429000 0 0
1484560871.712345000 0 0
1484560871.716353000 0 0
1484560871.720559000 0 0
1484560871.724525000 0 0
1484560871.728438000 0 0
1484560871.732259000 0 0
1484560871.736638000 0 0
1484560871.740880000 0 0
1484560871.744776000 0 0
1484560871.748576000 0 0
1484560871.753647000 0 0
1484560871.757554000 0 0
1484560871.761477000 0 0
1484560871.765420000 0 0
1484560871.770459000 0 0
1484560871.774688000 0 0
1484560871.778630000 0 0
1484560871.784844000 0 0
1484560871.789552000 0 0
1484560871.794091000 0 0
1484560871.798069000 0 0
1484560871.803541000 0 0
1484560871.807904000 0 0
1484560871.811938000 0 0
1484560871.815881000 0 0
1484560871.820359000 0 0
1484560871.825226000 0 0
1484560871.829226000 0 0
1484560871.833404000 0 0
1484560871.837645000 0 0
1484560871.841824000 0 0
1484560871.845785000 0 0
1484560871.849873000 0 0
1484560871.854620000 0 0
1484560871.859214000 0 0
1484560871.863194000 0 0
1484560871.870405000 0 0
1484560871.874396000 0 0
1484560871.878352000 0 0
1484560871.882275000 0 0
1484560871.887044000 0 0
1484560871.891021000 0 0
1484560871.894934000 0 0
1484560854.602833000 282 0
1484560864.884457000 637 0
1484560870.755534000 51 0
1484561115.329606000 0 214
1484561470.789271000 0 14391
1484561470.802514000 0 0
1484561470.801434000 0 0
1484561502.043931000 0 0
1484561502.098339000 0 0
1484561502.100936000 0 0
1484561502.108934000 0 0
1484561502.309899000 0 0
1484561502.313660000 0 0
1484561480.767124000 564 0
1484561502.112351000 576 0
1484562924.797095000 0 214
1484562957.822192000 0 14394
1484562957.832342000 0 0
1484562957.831256000 0 0
1484562962.418821000 0 0
1484562962.422594000 0 0
1484562962.431498000 0 0
1484562962.448458000 0 0
1484562962.451342000 0 0
1484562962.439970000 576 0
1484562962.457503000 282 0
1484563156.798854000 0 0
1484563158.124485000 0 0
1484563163.891151000 0 0
1484563163.894763000 0 0
1484563163.902780000 0 0
1484563163.910377000 398 0
1484563163.912641000 282 0
1484563257.823969000 0 14394
1484563257.835164000 0 0
1484563257.834204000 0 0
1484563325.625872000 0 38503
1484563325.642017000 0 0
1484563325.640006000 0 0
1484563325.650908000 0 0
1484563325.650140000 0 0
1484563340.671559000 0 4509
1484563340.682965000 0 0
1484563340.681798000 0 0
1484563340.693947000 0 0
1484563340.692873000 0 0
1484563355.714471000 0 6447
1484563355.725564000 0 0
1484563355.724500000 0 0
1484563355.739876000 0 0
1484563355.738912000 0 0
1484563370.772159000 0 6476
1484563370.782268000 0 0
1484563370.781233000 0 0
1484563370.791607000 0 0
1484563370.790550000 0 0
1484563386.606817000 0 9162
1484563386.616760000 0 0
1484563386.615767000 0 0
1484563386.626793000 0 0
1484563386.625726000 0 0
1484563401.613374000 0 8213
1484563401.623840000 0 0
1484563401.622790000 0 0
1484563401.633350000 0 0
1484563401.632303000 0 0
1484563416.654515000 0 9738
1484563416.665373000 0 0
1484563416.664417000 0 0
1484563416.676467000 0 0
1484563416.675425000 0 0
1484563431.708324000 0 9738
1484563431.720723000 0 0
1484563431.719774000 0 0
1484563431.729631000 0 0
1484563431.728735000 0 0
1484563446.750602000 0 11268
1484563446.760420000 0 0
1484563446.759320000 0 0
1484563446.786432000 0 0
1484563446.769285000 0 0
1484563461.809892000 0 11269
1484563461.821072000 0 0
1484563461.820153000 0 0
1484563461.832361000 0 0
1484563461.831033000 0 0
1484563476.869011000 0 12796
1484563476.879840000 0 0
1484563476.878755000 0 0
1484563476.888906000 0 0
1484563476.887829000 0 0
1484563520.907706000 0 12796
1484563520.918581000 0 0
1484563520.917501000 0 0
1484563520.927395000 0 0
1484563520.926330000 0 0
1484563535.947895000 0 12463
1484563535.962484000 0 0
1484563535.961483000 0 0
1484563535.973022000 0 0
1484563535.972041000 0 0
1484563557.841841000 0 14408
1484563557.852337000 0 0
1484563557.851226000 0 0
1484563629.237162000 0 326
1484564724.889146000 0 326
1484564816.364121000 0 14408
1484564816.374699000 0 0
1484564816.373723000 0 0
1484564826.889457000 0 12739
1484564826.904542000 0 0
1484564826.901937000 0 0
1484564826.915997000 0 0
1484564826.914910000 0 0
1484564841.940989000 0 235975
1484564841.971249000 0 0
1484564841.970166000 0 0
1484564841.981149000 0 0
1484564841.980097000 0 0
1484564848.817084000 0 0
1484564848.833295000 0 0
1484564848.847082000 0 0
1484564848.853481000 0 0
1484564848.860224000 0 0
1484564848.851674000 0 0
1484564848.870045000 0 0
1484564848.845602000 0 0
1484564848.881836000 0 0
1484564848.891501000 0 0
1484564848.896479000 0 0
1484564848.899213000 0 0
1484564848.895301000 0 0
1484564848.907941000 0 0
1484564848.890428000 0 0
1484564848.911643000 0 0
1484564848.920059000 0 0
1484564848.925000000 0 0
1484564848.927618000 0 0
1484564848.923877000 0 0
1484564848.951116000 0 0
1484564848.918982000 0 0
1484564848.959144000 0 0
1484564848.969079000 0 0
1484564848.980651000 0 0
1484564848.983870000 0 0
1484564848.979423000 0 0
1484564848.992744000 0 0
1484564848.967942000 0 0
1484564848.996624000 0 0
1484564849.007374000 0 0
1484564849.014407000 0 0
1484564849.017093000 0 0
1484564849.013087000 0 0
1484564849.025107000 0 0
1484564849.006256000 0 0
1484564849.029507000 0 0
1484564849.039970000 0 0
1484564849.043393000 0 0
1484564849.039035000 0 0
1484564849.047210000 0 0
1484564849.056170000 0 0
1484564849.061078000 0 0
1484564849.063728000 0 0
1484564849.059391000 0 0
1484564849.072014000 0 0
1484564849.054774000 0 0
1484564849.075731000 0 0
1484564849.084777000 0 0
1484564849.091502000 0 0
1484564849.094069000 0 0
1484564849.089803000 0 0
1484564849.101501000 0 0
1484564849.083847000 0 0
1484564849.105147000 0 0
1484564849.115616000 0 0
1484564849.120427000 0 0
1484564849.126754000 0 0
1484564849.119101000 0 0
1484564849.134603000 0 0
1484564849.114371000 0 0
1484564849.142001000 0 0
1484564849.153540000 0 0
1484564849.159195000 0 0
1484564849.162126000 0 0
1484564849.158024000 0 0
1484564849.169665000 0 0
1484564849.152476000 0 0
1484564849.173668000 0 0
1484564849.182314000 0 0
1484564849.186978000 0 0
1484564849.189845000 0 0
1484564849.192381000 0 0
1484564849.195063000 0 0
1484564849.185771000 0 0
1484564849.203391000 0 0
1484564849.214645000 0 0
1484564849.181226000 0 0
1484564849.231283000 0 0
1484564849.249052000 0 0
1484564849.255415000 0 0
1484564849.258821000 0 0
1484564849.253274000 0 0
1484564849.267344000 0 0
1484564849.247831000 0 0
1484564849.275315000 0 0
1484564849.284762000 0 0
1484564849.291370000 0 0
1484564849.294229000 0 0
1484564849.289982000 0 0
1484564849.305742000 0 0
1484564849.283592000 0 0
1484564849.311097000 0 0
1484564849.327429000 0 0
1484564849.363138000 0 0
1484564849.366463000 0 0
1484564849.331385000 0 0
1484564849.377269000 0 0
1484564849.326225000 0 0
1484564849.381297000 0 0
1484564849.391555000 0 0
1484564849.396375000 0 0
1484564849.399195000 0 0
1484564849.395080000 0 0
1484564849.407009000 0 0
1484564849.390408000 0 0
1484564849.410908000 0 0
1484564849.420044000 0 0
1484564849.425521000 0 0
1484564849.428289000 0 0
1484564849.423799000 0 0
1484564849.435989000 0 0
1484564849.418853000 0 0
1484564849.441632000 0 0
1484564849.450678000 0 0
1484564849.455666000 0 0
1484564849.454312000 0 0
1484564849.449424000 0 0
1484564849.462830000 0 0
1484564849.471616000 0 0
1484564849.476383000 0 0
1484564849.479200000 0 0
1484564849.475224000 0 0
1484564849.487049000 0 0
1484564849.470420000 0 0
1484564849.491045000 0 0
1484564849.499800000 0 0
1484564849.504594000 0 0
1484564849.507319000 0 0
1484564849.503279000 0 0
1484564849.514887000 0 0
1484564849.498625000 0 0
1484564849.519143000 0 0
1484564849.527816000 0 0
1484564849.532339000 0 0
1484564849.535056000 0 0
1484564849.531147000 0 0
1484564849.542740000 0 0
1484564849.526667000 0 0
1484564849.546525000 0 0
1484564849.555015000 0 0
1484564849.560203000 0 0
1484564849.562958000 0 0
1484564849.559026000 0 0
1484564849.570729000 0 0
1484564849.553932000 0 0
1484564849.574575000 0 0
1484564849.583181000 0 0
1484564849.587686000 0 0
1484564849.590401000 0 0
1484564849.586513000 0 0
1484564849.598137000 0 0
1484564849.582059000 0 0
1484564849.619882000 0 0
1484564849.638312000 0 0
1484564849.643106000 0 0
1484564849.645764000 0 0
1484564849.641913000 0 0
1484564849.653510000 0 0
1484564849.636873000 0 0
1484564849.657323000 0 0
1484564849.665741000 0 0
1484564849.670253000 0 0
1484564849.673018000 0 0
1484564849.669048000 0 0
1484564849.680391000 0 0
1484564849.664626000 0 0
1484564849.684098000 0 0
1484564849.692607000 0 0
1484564849.697059000 0 0
1484564849.699753000 0 0
1484564849.695917000 0 0
1484564849.712551000 0 0
1484564849.691539000 0 0
1484564849.716311000 0 0
1484564849.725036000 0 0
1484564849.732000000 0 0
1484564849.734658000 0 0
1484564849.728566000 0 0
1484564849.742308000 0 0
1484564849.723886000 0 0
1484564849.746078000 0 0
1484564849.756204000 0 0
1484564849.760609000 0 0
1484564849.763291000 0 0
1484564849.759480000 0 0
1484564849.770756000 0 0
1484564849.754903000 0 0
1484564849.774704000 0 0
1484564849.783269000 0 0
1484564849.787906000 0 0
1484564849.790662000 0 0
1484564849.786695000 0 0
1484564849.798116000 0 0
1484564849.782169000 0 0
1484564849.801970000 0 0
1484564849.810602000 0 0
1484564849.815106000 0 0
1484564849.817810000 0 0
1484564849.813900000 0 0
1484564849.826792000 0 0
1484564849.809469000 0 0
1484564849.830640000 0 0
1484564849.840761000 0 0
1484564849.845481000 0 0
1484564849.848276000 0 0
1484564849.844490000 0 0
1484564849.856529000 0 0
1484564849.839769000 0 0
1484564849.860539000 0 0
1484564849.869414000 0 0
1484564849.873937000 0 0
1484564849.876628000 0 0
1484564849.872793000 0 0
1484564849.886887000 0 0
1484564849.868144000 0 0
1484564848.830881000 0 0
1484564849.898825000 0 0
1484564849.910695000 0 0
1484564849.919238000 0 0
1484564849.922706000 0 0
1484564849.918072000 0 0
1484564849.926514000 0 0
1484564849.943021000 0 0
1484564849.977876000 0 0
1484564849.941829000 0 0
1484564849.982084000 0 0
1484564849.992039000 0 0
1484564849.995379000 0 0
1484564849.990755000 0 0
1484564849.999197000 0 0
1484564850.009263000 0 0
1484564850.012730000 0 0
1484564850.008274000 0 0
1484564850.016580000 0 0
1484564850.025766000 0 0
1484564850.029211000 0 0
1484564850.024607000 0 0
1484564850.033434000 0 0
1484564850.051977000 0 0
1484564850.063212000 0 0
1484564850.067543000 0 0
1484564850.077265000 0 0
1484564850.080027000 0 0
1484564850.082973000 0 0
1484564850.085615000 0 0
1484564850.093548000 0 0
1484564850.061901000 0 0
1484564850.050892000 0 0
1484564850.099316000 0 0
1484564850.109456000 0 0
1484564850.114559000 0 0
1484564850.117283000 0 0
1484564850.119985000 0 0
1484564850.122772000 0 0
1484564850.125574000 0 0
1484564850.128238000 0 0
1484564850.130916000 0 0
1484564850.133609000 0 0
1484564850.136278000 0 0
1484564850.139239000 0 0
1484564850.142060000 0 0
1484564850.144716000 0 0
1484564850.147550000 0 0
1484564850.150503000 0 0
1484564850.153393000 0 0
1484564850.156020000 0 0
1484564850.159008000 0 0
1484564850.113267000 0 0
1484564850.108357000 0 0
1484564849.909432000 0 0
1484564850.165873000 0 0
1484564850.168831000 0 0
1484564850.214768000 0 0
1484564850.226362000 0 0
1484564850.208910000 0 4096
1484564850.238511000 0 0
1484564850.205225000 0 0
1484564850.247667000 0 0
1484564857.006803000 0 16051
1484564857.017491000 0 0
1484564857.016533000 0 0
1484564857.026866000 0 0
1484564857.025964000 0 0
1484564849.245044000 60 0
1484564872.054603000 0 16894
1484564872.075117000 0 0
1484564872.066654000 0 0
1484564872.091884000 0 0
1484564872.090639000 0 0
1484564848.838480000 42 0
1484564848.887862000 48 0
1484564848.916382000 50 0
1484564848.965136000 54 0
1484564849.002064000 44 0
1484564849.034816000 44 0
1484564849.052031000 54 0
1484564849.081566000 70 0
1484564849.110284000 53 0
1484564849.149979000 50 0
1484564849.178597000 54 0
1484564849.280431000 58 0
1484564849.323311000 52 0
1484564849.386512000 56 0
1484564849.416126000 44 0
1484564849.447036000 58 0
1484564849.467834000 48 0
1484564849.495991000 46 0
1484564849.524079000 58 0
1484564849.551311000 39 0
1484564849.579519000 63 0
1484564849.624789000 45 0
1484564849.662125000 39 0
1484564849.689069000 57 0
1484564849.721258000 43 0
1484564849.751471000 55 0
1484564849.779671000 53 0
1484564849.806944000 53 0
1484564849.835761000 49 0
1484564849.865623000 59 0
1484564849.915517000 48 0
1484564849.931634000 70 0
1484564849.987203000 50 0
1484564850.004148000 48 0
1484564850.021422000 67 0
1484564850.038484000 45 0
1484564850.104904000 39 0
1484564850.196839000 40960 0
1484564854.780452000 0 60
1484564887.134459000 0 16894
1484564887.147663000 0 0
1484564887.146562000 0 0
1484564887.157529000 0 0
1484564887.156454000 0 0
1484564890.816263000 0 0
1484564890.898630000 0 0
1484564890.909161000 0 0
1484564890.912378000 0 0
1484564890.935688000 0 0
1484564890.945300000 0 0
1484564890.929420000 0 4096
1484564890.985195000 0 0
1484564890.925440000 0 0
1484564890.998278000 0 0
1484564900.375725000 0 0
1484564902.176987000 0 52579
1484564902.195855000 0 0
1484564902.194167000 0 0
1484564902.206455000 0 0
1484564902.205079000 0 0
1484564890.918331000 40960 0
1484564917.292717000 0 18098
1484564917.306468000 0 0
1484564917.305400000 0 0
1484564917.344717000 0 0
1484564917.343603000 0 0
1484564890.822516000 60 120
1484564932.422148000 0 18885
1484564932.436639000 0 0
1484564932.435397000 0 0
1484564932.447519000 0 0
1484564932.446439000 0 0
1484564947.509382000 0 18941
1484564947.522336000 0 0
1484564947.521248000 0 0
1484564947.531663000 0 0
1484564947.530608000 0 0
1484564962.557905000 0 19242
1484564962.571938000 0 0
1484564962.570328000 0 0
1484564962.581225000 0 0
1484564962.580233000 0 0
1484564977.606534000 0 22293
1484564977.620974000 0 0
1484564977.619767000 0 0
1484564977.630816000 0 0
1484564977.629512000 0 0
1484564992.652412000 0 22322
1484564992.666632000 0 0
1484564992.665576000 0 0
1484564992.676693000 0 0
1484564992.675030000 0 0
1484565007.702744000 0 22322
1484565007.717708000 0 0
1484565007.716481000 0 0
1484565007.728154000 0 0
1484565007.726905000 0 0
1484565022.750584000 0 22322
1484565022.764911000 0 0
1484565022.763686000 0 0
1484565022.773945000 0 0
1484565022.772750000 0 0
1484565037.797144000 0 22322
1484565037.810616000 0 0
1484565037.809472000 0 0
1484565037.820947000 0 0
1484565037.819865000 0 0
1484565052.849158000 0 22321
1484565052.868797000 0 0
1484565052.867667000 0 0
1484565052.885472000 0 0
1484565052.884391000 0 0
1484565067.918527000 0 244175
1484565067.955291000 0 0
1484565067.954343000 0 0
1484565067.965706000 0 0
1484565067.964736000 0 0
1484565083.013129000 0 325165
1484565083.060216000 0 0
1484565083.058062000 0 0
1484565083.069741000 0 0
1484565083.068833000 0 0
1484565098.122116000 0 22864
1484565098.164427000 0 0
1484565098.163506000 0 0
1484565098.174722000 0 0
1484565098.173966000 0 0
1484565113.194788000 0 22691
1484565113.205586000 0 0
1484565113.204549000 0 0
1484565113.214848000 0 0
1484565113.213697000 0 0
1484565116.366260000 0 14464
1484565116.376666000 0 0
1484565116.375592000 0 0
1484565127.988198000 0 794
1484565128.245929000 0 22691
1484565128.257151000 0 0
1484565128.256190000 0 0
1484565128.266282000 0 0
1484565128.265319000 0 0
1484565143.295199000 0 360042
1484565143.336087000 0 0
1484565143.334985000 0 0
1484565143.345963000 0 0
1484565143.344905000 0 0
1484565158.604949000 0 23042
1484565158.732460000 0 0
1484565158.710534000 0 0
1484565158.796665000 0 0
1484565158.783342000 0 0
1484565174.462718000 0 23251
1484565174.575557000 0 0
1484565174.535428000 0 0
1484565174.624672000 0 0
1484565174.612012000 0 0
1484565189.826652000 0 28615
1484565190.051983000 0 0
1484565190.027827000 0 0
1484565190.064991000 0 0
1484565190.063899000 0 0
1484565205.087997000 0 29822
1484565205.102351000 0 0
1484565205.101337000 0 0
1484565205.111198000 0 0
1484565205.110195000 0 0
1484565208.629201000 0 0
1484565220.138951000 0 30687
1484565220.153738000 0 0
1484565220.152635000 0 0
1484565220.163578000 0 0
1484565220.162542000 0 0
1484565220.523146000 0 5672
1484565220.556094000 0 0
1484565232.289317000 0 4087
1484565232.301643000 0 0
1484565232.300001000 0 0
1484565235.191816000 0 31072
1484565235.206066000 0 0
1484565235.205120000 0 0
1484565235.217698000 0 0
1484565235.215311000 0 0
1484565245.648654000 0 3608
1484565245.662803000 0 0
1484565250.241911000 0 31439
1484565250.256977000 0 0
1484565250.255908000 0 0
1484565250.266938000 0 0
1484565250.265873000 0 0
1484565265.291094000 0 31439
1484565265.308173000 0 0
1484565265.307098000 0 0
1484565265.322564000 0 0
1484565265.321505000 0 0
1484565280.379339000 0 32041
1484565280.393658000 0 0
1484565280.392539000 0 0
1484565280.404332000 0 0
1484565280.403231000 0 0
1484565295.445065000 0 32667
1484565295.461788000 0 0
1484565295.460707000 0 0
1484565295.471710000 0 0
1484565295.470654000 0 0
1484565310.045413000 0 0
1484565310.051342000 2 0
1484565310.056232000 0 0
1484565310.063241000 0 2
1484565311.788089000 0 31598
1484565311.802999000 0 0
1484565311.802048000 0 0
1484565311.812477000 0 0
1484565311.811498000 0 0
1484565312.144615000 0 0
1484565312.168262000 0 0
1484565312.197359000 0 0
1484565312.200640000 0 0
1484565312.213484000 0 0
1484565312.221053000 0 0
1484565312.168091000 0 0
1484565312.227999000 0 0
1484565312.232226000 0 0
1484565320.073169000 0 0
1484565320.077622000 0 1719
1484565320.086221000 0 0
1484565335.102252000 0 1773
1484565335.112094000 0 0
1484565335.120016000 0 0
1484565356.003301000 0 4085
1484565356.013522000 0 0
1484565435.346372000 0 794
1484565630.866790000 0 14526
1484565630.877791000 0 0
1484565630.876741000 0 0
1484566524.808792000 0 794
1484566926.116186000 0 14527
1484566926.133624000 0 0
1484566926.132693000 0 0
1484566999.022430000 0 0
1484566999.068246000 0 0
1484566999.071083000 0 0
1484566999.079389000 0 0
1484566999.085973000 398 0
1484567226.130696000 0 14527
1484567226.141178000 0 0
1484567226.140192000 0 0
1484567526.149656000 0 14527
1484567526.160023000 0 0
1484567526.158963000 0 0
1484567749.726265000 0 1801
1484567749.736416000 0 0
1484567749.735388000 0 0
1484567749.746084000 0 0
1484567749.745136000 0 0
1484567758.884680000 0 5672
1484567758.909332000 0 0
1484567764.776812000 0 3663
1484567764.787289000 0 0
1484567764.786239000 0 0
1484567764.797753000 0 0
1484567764.796722000 0 0
1484567781.676215000 0 0
1484567781.683095000 0 0
1484568044.599075000 0 14529
1484568044.609712000 0 0
1484568044.608626000 0 0
1484568363.186291000 0 3663
1484568363.196621000 0 0
1484568363.195567000 0 0
1484568363.206436000 0 0
1484568363.205402000 0 0
1484568963.696531000 0 3663
1484568963.707743000 0 0
1484568963.706688000 0 0
1484568963.717066000 0 0
1484568963.716032000 0 0
1484569028.060058000 0 14529
1484569028.070733000 0 0
1484569028.069713000 0 0
1484569028.925991000 0 0
1484569028.967814000 0 0
1484569028.970402000 0 0
1484569028.978411000 0 0
1484569039.901256000 0 0
1484569039.970270000 0 0
1484569039.973664000 0 0
1484569039.981624000 0 0
1484569039.991553000 0 0
1484569040.014172000 0 0
1484569040.016802000 0 0
1484569040.034193000 0 0
1484569040.037223000 0 0
1484569040.040014000 0 0
1484569040.042584000 0 0
1484569028.985066000 282 0
1484569061.166552000 0 0
1484569064.360827000 0 0
1484569064.366116000 0 0
1484569064.375372000 0 0
1484569039.988521000 576 0
1484569039.998024000 504 0
1484569040.048315000 504 0
1484569061.043035000 923 0
1484569064.382916000 398 0
1484569108.348349000 0 0
1484569108.352025000 0 0
1484569108.360129000 0 0
1484569108.365523000 0 0
1484569108.376476000 0 0
1484569108.379056000 0 0
1484569108.381720000 0 0
1484569108.391195000 0 0
1484569108.393836000 0 0
1484569108.402028000 0 0
1484569108.404597000 0 0
1484569108.417257000 0 0
1484569108.419885000 0 0
1484569116.817417000 0 0
1484569116.820360000 0 0
1484569116.823477000 0 0
1484569116.832202000 0 0
1484569116.835034000 0 0
1484569116.837837000 0 0
1484569116.840553000 0 0
1484569116.849745000 0 0
1484569116.852611000 0 0
1484569116.862036000 0 0
1484569116.864726000 0 0
1484569116.874314000 0 0
1484569116.877083000 0 0
1484569127.615225000 0 0
1484569127.619651000 0 0
1484569127.628079000 0 0
1484569127.632230000 0 0
1484569127.642451000 0 0
1484569127.645326000 0 0
1484569127.648002000 0 0
1484569127.657543000 0 0
1484569127.660304000 0 0
1484569127.669569000 0 0
1484569127.672291000 0 0
1484569127.682272000 0 0
1484569127.685149000 0 0
1484569096.057972000 564 0
1484569108.363669000 576 0
1484569108.369164000 504 0
1484569108.384387000 504 0
1484569108.409928000 398 0
1484569166.860155000 282 0
1484569204.509455000 0 0
1484569204.513861000 0 0
1484569204.522204000 0 0
1484569204.527826000 0 0
1484569204.542049000 0 0
1484569204.544975000 0 0
1484569204.548143000 0 0
1484569204.550916000 0 0
1484569204.563257000 0 0
1484569204.565906000 0 0
1484569204.573776000 0 0
1484569204.576260000 0 0
1484569204.578839000 0 0
1484569204.588945000 0 0
1484569204.591565000 0 0
1484569204.453315000 282 0
1484569204.525910000 576 0
1484569204.534571000 504 0
1484569204.556243000 504 0
1484569204.581607000 398 0
1484569246.687570000 0 3663
1484569246.699805000 0 0
1484569246.698587000 0 0
1484569246.710087000 0 0
1484569246.709041000 0 0
1484569257.319742000 0 0
1484569261.715959000 0 6103
1484569261.726956000 0 0
1484569261.725897000 0 0
1484569261.736989000 0 0
1484569261.735929000 0 0
1484569276.758723000 0 41205
1484569276.774543000 0 0
1484569276.773365000 0 0
1484569276.784291000 0 0
1484569276.783218000 0 0
1484569257.352579000 282 0
1484569295.647237000 0 41290
1484569295.663648000 0 0
1484569295.662580000 0 0
1484569295.672688000 0 0
1484569295.671624000 0 0
1484569310.717933000 0 7509
1484569310.732232000 0 0
1484569310.731218000 0 0
1484569310.743179000 0 0
1484569310.742245000 0 0
1484569325.783255000 0 7510
1484569325.795649000 0 0
1484569325.794556000 0 0
1484569325.807918000 0 0
1484569325.804452000 0 0
1484569328.071384000 0 14530
1484569328.086824000 0 0
1484569328.085847000 0 0
1484569341.588144000 0 8593
1484569341.600732000 0 0
1484569341.599657000 0 0
1484569341.628870000 0 0
1484569341.610396000 0 0
1484569356.610171000 0 9102
1484569356.621628000 0 0
1484569356.620704000 0 0
1484569356.632102000 0 0
1484569356.631032000 0 0
1484569371.656313000 0 10649
1484569371.672462000 0 0
1484569371.671505000 0 0
1484569371.681805000 0 0
1484569371.680849000 0 0
1484569386.708375000 0 10649
1484569386.719536000 0 0
1484569386.718289000 0 0
1484569386.729981000 0 0
1484569386.728900000 0 0
1484569401.768886000 0 10650
1484569401.781975000 0 0
1484569401.779844000 0 0
1484569401.791955000 0 0
1484569401.790890000 0 0
1484569416.820914000 0 12221
1484569416.834689000 0 0
1484569416.833509000 0 0
1484569416.851034000 0 0
1484569416.842985000 0 0
1484569431.870456000 0 12222
1484569431.882732000 0 0
1484569431.881763000 0 0
1484569431.893022000 0 0
1484569431.892074000 0 0
1484569446.913073000 0 14180
1484569446.925019000 0 0
1484569446.923952000 0 0
1484569446.934794000 0 0
1484569446.933731000 0 0
1484569461.949486000 0 14154
1484569461.965908000 0 0
1484569461.964304000 0 0
1484569461.975153000 0 0
1484569461.974202000 0 0
1484569477.015965000 0 14257
1484569477.027553000 0 0
1484569477.026522000 0 0
1484569477.037234000 0 0
1484569477.036259000 0 0
1484569492.055250000 0 16120
1484569492.067483000 0 0
1484569492.066255000 0 0
1484569492.078811000 0 0
1484569492.077756000 0 0
1484569507.099123000 0 16097
1484569507.113271000 0 0
1484569507.111400000 0 0
1484569507.122290000 0 0
1484569507.121350000 0 0
1484569522.147400000 0 14541
1484569522.164658000 0 0
1484569522.163355000 0 0
1484569522.178830000 0 0
1484569522.173442000 0 0
1484569537.201108000 0 14513
1484569537.214600000 0 0
1484569537.213525000 0 0
1484569537.224303000 0 0
1484569537.223138000 0 0
1484569552.252078000 0 14513
1484569552.264345000 0 0
1484569552.263118000 0 0
1484569552.273685000 0 0
1484569552.272589000 0 0
1484569559.745925000 0 853
1484569567.306541000 0 14792
1484569567.320141000 0 0
1484569567.319080000 0 0
1484569567.330425000 0 0
1484569567.329379000 0 0
1484569572.113409000 0 5672
1484569572.133106000 0 0
1484569582.400159000 0 16531
1484569582.464711000 0 0
1484569582.458877000 0 0
1484569582.565537000 0 0
1484569582.524728000 0 0
1484569597.636052000 0 16598
1484569597.647890000 0 0
1484569597.646809000 0 0
1484569597.657311000 0 0
1484569597.656253000 0 0
1484569612.688150000 0 353242
1484569612.730968000 0 0
1484569612.729877000 0 0
1484569612.742156000 0 0
1484569612.740950000 0 0
1484569627.758490000 0 16713
1484569627.770981000 0 0
1484569627.769881000 0 0
1484569627.780754000 0 0
1484569627.779715000 0 0
1484569628.077149000 0 14991
1484569628.086862000 0 0
1484569628.085864000 0 0
1484569642.811657000 0 17650
1484569642.824269000 0 0
1484569642.823214000 0 0
1484569642.833747000 0 0
1484569642.832712000 0 0
1484569657.870491000 0 17710
1484569657.882658000 0 0
1484569657.881593000 0 0
1484569657.892729000 0 0
1484569657.891694000 0 0
1484569672.923779000 0 17397
1484569672.949927000 0 0
1484569672.938396000 0 0
1484569672.970413000 0 0
1484569672.969399000 0 0
1484569687.988601000 0 17397
1484569688.002393000 0 0
1484569688.001264000 0 0
1484569688.011282000 0 0
1484569688.010337000 0 0
1484569703.043352000 0 18031
1484569703.057113000 0 0
1484569703.056131000 0 0
1484569703.067963000 0 0
1484569703.066710000 0 0
1484569718.103373000 0 53234
1484569718.119851000 0 0
1484569718.118763000 0 0
1484569718.129222000 0 0
1484569718.128134000 0 0
1484569733.156249000 0 183939
1484569733.185050000 0 0
1484569733.182991000 0 0
1484569733.195558000 0 0
1484569733.194485000 0 0
1484569748.228021000 0 19242
1484569748.238253000 0 0
1484569748.237158000 0 0
1484569748.246503000 0 0
1484569748.245349000 0 0
1484569763.273864000 0 19242
1484569763.287975000 0 0
1484569763.286919000 0 0
1484569763.297400000 0 0
1484569763.296340000 0 0
1484569845.891482000 0 19242
1484569845.904039000 0 0
1484569845.902983000 0 0
1484569845.913414000 0 0
1484569845.912363000 0 0
1484569871.191569000 0 899
1484569921.178473000 0 19270
1484569921.191395000 0 0
1484569921.190319000 0 0
1484569921.200884000 0 0
1484569921.199838000 0 0
1484569928.083569000 0 15000
1484569928.096587000 0 0
1484569928.095624000 0 0
1484569936.235690000 0 19270
1484569936.248365000 0 0
1484569936.247328000 0 0
1484569936.258154000 0 0
1484569936.257109000 0 0
1484569961.879650000 0 19133
1484569961.891621000 0 0
1484569961.890557000 0 0
1484569961.901695000 0 0
1484569961.900582000 0 0
1484570228.092838000 0 15001
1484570228.102856000 0 0
1484570228.101760000 0 0
1484571421.445616000 0 15004
1484571421.455706000 0 0
1484571421.454723000 0 0
1484563160.761368000 0 0
1484563158.121363000 0 0
1484571471.344078000 0 0
1484571471.357208000 0 0
1484571471.374476000 0 0
1484571471.559106000 0 0
1484571471.571709000 0 0
1484571471.588893000 0 0
1484571471.710607000 0 0
1484571471.722426000 0 0
1484571471.760102000 0 0
1484571471.778021000 0 0
1484571471.782154000 0 0
1484571471.787345000 0 0
1484571471.790635000 0 0
1484571471.785558000 0 0
1484571471.795361000 0 0
1484571471.348772000 0 0
1484571471.321209000 0 0
1484571471.326527000 0 0
1484571480.332571000 0 54315
1484571480.349600000 0 0
1484571480.348605000 0 0
1484571480.358800000 0 0
1484571480.357843000 0 0
1484571471.354611000 112 0
1484571471.362439000 218 0
1484571471.366777000 168 0
1484571471.371124000 214 0
1484571471.380484000 115 0
1484571471.385174000 151 0
1484571471.390085000 112 0
1484571471.395403000 154 0
1484571471.400352000 133 0
1484571471.405481000 127 0
1484571471.410780000 140 0
1484571471.416430000 117 0
1484571471.422640000 143 0
1484571471.428427000 137 0
1484571471.434568000 114 0
1484571471.440363000 139 0
1484571471.446052000 116 0
1484571471.451688000 112 0
1484571471.457356000 116 0
1484571471.462675000 116 0
1484571471.467729000 118 0
1484571471.473321000 222 0
1484571471.478861000 136 0
1484571471.483847000 145 0
1484571471.488980000 113 0
1484571471.494548000 184 0
1484571471.499626000 114 0
1484571471.505097000 115 0
1484571471.510174000 114 0
1484571471.515776000 163 0
1484571471.521604000 147 0
1484571471.527222000 107 0
1484571471.532783000 182 0
1484571471.539256000 165 0
1484571471.544940000 111 0
1484571471.550946000 109 0
1484571471.557482000 146 0
1484571471.563803000 144 0
1484571471.568547000 140 0
1484571471.576592000 154 0
1484571471.581082000 136 0
1484571471.587316000 197 0
1484571471.593791000 294 0
1484571471.597748000 132 0
1484571471.602093000 168 0
1484571471.606399000 136 0
1484571471.611101000 223 0
1484571471.615416000 198 0
1484571471.619751000 186 0
1484571471.624513000 182 0
1484571471.629227000 196 0
1484571471.633480000 150 0
1484571471.638253000 118 0
1484571471.642443000 168 0
1484571471.647117000 170 0
1484571471.651330000 148 0
1484571471.655455000 242 0
1484571471.659625000 136 0
1484571471.664188000 132 0
1484571471.668347000 124 0
1484571471.672483000 122 0
1484571471.677364000 491 0
1484571471.681582000 162 0
1484571471.685703000 164 0
1484571471.690312000 138 0
1484571471.694522000 132 0
1484571471.698670000 138 0
1484571471.703510000 557 0
1484571471.707683000 212 0
1484571471.714888000 226 0
1484571471.719201000 236 0
1484571471.727399000 134 0
1484571471.732035000 134 0
1484571471.737403000 134 0
1484571471.742223000 144 0
1484571471.747047000 134 0
1484571471.751865000 134 0
1484571471.757196000 134 0
1484571471.765107000 127 0
1484571471.770250000 122 0
1484571471.775044000 122 0
1484571471.783490000 138 0
1484571471.788556000 137 0
1484571471.794045000 142 0
1484571471.798861000 142 0
1484571471.803813000 119 0
1484571471.807887000 116 0
1484571471.812067000 124 0
1484571471.817298000 133 0
1484571471.822044000 134 0
1484571471.827145000 133 0
1484571471.832618000 172 0
1484571471.836950000 126 0
1484571471.841279000 140 0
1484571471.845252000 130 0
1484571471.849938000 148 0
1484571471.854279000 138 0
1484571471.859654000 114 0
1484571471.863944000 148 0
1484571471.868044000 130 0
1484571471.872323000 140 0
1484571471.876464000 154 0
1484571471.881639000 130 0
1484571471.886331000 140 0
1484571471.890590000 1456 0
1484571471.895013000 132 0
1484571471.900056000 122 0
1484571471.905069000 226 0
1484571471.909894000 113 0
1484571471.914818000 302 0
1484571571.007572000 0 54397
1484571571.024094000 0 0
1484571571.023009000 0 0
1484571571.034327000 0 0
1484571571.033295000 0 0
1484571586.111332000 0 20191
1484571586.313625000 0 0
1484571586.217490000 0 0
1484571586.331683000 0 0
1484571586.329003000 0 0
1484571601.364620000 0 20219
1484571601.382539000 0 0
1484571601.381265000 0 0
1484571601.399573000 0 0
1484571601.398500000 0 0
1484571616.430149000 0 21414
1484571616.443746000 0 0
1484571616.442664000 0 0
1484571616.453089000 0 0
1484571616.452064000 0 0
1484571631.636245000 0 23616
1484571631.650299000 0 0
1484571631.649221000 0 0
1484571631.660946000 0 0
1484571631.659874000 0 0
1484571647.294568000 0 26338
1484571647.434501000 0 0
1484571647.370873000 0 0
1484571647.474697000 0 0
1484571647.465455000 0 0
1484571662.728717000 0 28326
1484571662.743107000 0 0
1484571662.742155000 0 0
1484571662.755536000 0 0
1484571662.754574000 0 0
1484571690.212754000 0 28342
1484571690.229167000 0 0
1484571690.228180000 0 0
1484571690.237914000 0 0
1484571690.236997000 0 0
1484571705.347342000 0 28417
1484571705.395750000 0 0
1484571705.394322000 0 0
1484571705.507309000 0 0
1484571705.505845000 0 0
1484571720.572854000 0 30037
1484571720.587351000 0 0
1484571720.586290000 0 0
1484571720.597590000 0 0
1484571720.596542000 0 0
1484571721.454740000 0 15018
1484571721.465949000 0 0
1484571721.464851000 0 0
1484571735.629112000 0 28082
1484571735.641952000 0 0
1484571735.640989000 0 0
1484571735.650614000 0 0
1484571735.649684000 0 0
1484571737.760654000 0 0
1484571737.765878000 2 0
1484571737.770619000 0 0
1484571737.777359000 0 2
1484571738.290588000 0 66064
1484571738.333114000 0 0
1484571738.335979000 0 0
1484571738.361643000 0 0
1484571738.361596000 0 0
1484571738.331080000 0 0
1484571738.415341000 0 0
1484571738.421521000 0 0
1484571738.356687000 0 5672
1484571738.468307000 0 0
1484571738.468121000 0 0
1484571738.478386000 0 0
1484571738.480202000 0 12458
1484571738.483698000 0 0
1484571738.497301000 0 0
1484571742.557196000 0 0
1484571742.561530000 0 0
1484571742.566905000 0 0
1484571742.565503000 0 0
1484571742.571417000 0 0
1484571742.587358000 0 122
1484571742.596427000 0 0
1484571742.603851000 0 1088
1484571742.615706000 0 146
1484571742.618639000 0 0
1484571742.628837000 0 0
1484571742.638150000 0 0
1484571742.640992000 0 181
1484571742.649195000 0 0
1484571742.833615000 0 212
1484571742.838191000 0 0
1484571738.452470000 0 4096
1484571742.846325000 0 0
1484571742.843768000 0 0
1484571742.851074000 0 0
1484571738.425745000 0 0
1484571742.859044000 0 0
1484571742.858982000 0 259
1484571742.869848000 0 0
1484571742.897200000 0 0
1484560812.914426000 0 32768
1484571742.921737000 0 0
1484560812.910851000 0 36467056
1484571738.282443000 0 0
1484571742.969284000 0 0
1484571742.972896000 0 0
1484571742.973229000 0 4087
1484571742.982149000 0 0
1484571742.998068000 0 288
1484571743.003183000 0 0
1484560810.867951000 0 32768
1484571743.011443000 0 0
1484571743.008486000 0 0
1484560810.864751000 98640 66479768
1484571743.021205000 0 0
1484571743.024162000 0 0
1484571743.088959000 0 0
1484560813.731634000 0 32768
1484571743.097727000 0 0
1484560813.728418000 0 528840
1484571743.107316000 0 0
1484571743.110298000 0 0
1484571743.115931000 0 0
1484571743.128633000 0 0
1484571743.132753000 0 35667
1484571743.155419000 0 0
1484571743.159510000 0 0
1484571743.120217000 0 0
1484571743.163050000 0 0
1484571743.204817000 0 7014
1484571743.214503000 0 0
1484571743.213386000 0 0
1484571743.224284000 0 0
1484571747.457533000 0 0
1484571747.502505000 0 0
1484571747.505070000 0 0
1484571747.513858000 0 0
1484560764.638273000 0 0
1484571742.974152000 0 0
1484560813.546151000 0 0
1484560813.740624000 0 0
1484560809.204178000 0 0
1484571738.416114000 8192 0
1484565208.635544000 8192 36864
1484560810.424470000 65536 65536
1484560809.817076000 675840 4096
1484560809.822848000 8192 4096
1484560812.902099000 163840 5013504
1484560810.858019000 1146880 45809664
1484560813.722340000 172032 45056
1484560811.590537000 196608 0
1484571743.689887000 923 0
1484571747.521188000 282 0
