1484562064.593491000 0 0
1484562064.600926000 0 0
1484562066.343543000 0 0
1484562066.346178000 0 0
1484562066.354101000 0 0
1484562066.756152000 0 0
1484562067.623871000 0 0
1484562066.822284000 0 0
1484562066.372622000 282 0
1484562067.780604000 749 0
1484562067.345120000 1933 0
1484562852.303460000 0 0
1484562852.518767000 0 0
1484562852.521827000 0 0
1484562852.530529000 0 0
1484562853.441553000 0 0
1484562853.444479000 0 0
1484562853.447519000 0 0
1484562853.508110000 0 0
1484562853.511634000 0 0
1484562853.514701000 0 0
1484562853.517520000 0 0
1484562852.537375000 282 0
1484562853.465640000 570 0
1484562853.531159000 504 0
1484567697.318824000 0 0
1484567697.322785000 0 0
1484567697.330984000 0 0
1484567697.340397000 0 0
1484567697.467891000 0 0
1484567697.470438000 0 0
1484567697.473279000 0 0
1484567697.478391000 0 0
1484567697.492186000 0 0
1484567697.495321000 0 0
1484567697.508969000 0 0
1484567697.511544000 0 0
1484567697.514259000 0 0
1484567697.535195000 0 0
1484567697.537896000 0 0
1484567706.054238000 0 0
1484567706.057447000 0 0
1484567708.059254000 0 0
1484567710.115519000 0 0
1484567710.119986000 0 0
1484567710.128754000 0 0
1484567710.132981000 0 0
1484567710.143003000 0 0
1484567710.145727000 0 0
1484567710.148434000 0 0
1484567710.156758000 0 0
1484567710.159451000 0 0
1484567710.168021000 0 0
1484567710.176595000 0 0
1484567710.251221000 0 0
1484567710.254048000 0 0
1484567710.257065000 0 0
1484567710.264298000 0 0
1484567710.267469000 0 0
1484567710.270150000 0 0
1484567710.277558000 0 0
1484567710.280296000 0 0
1484567710.288492000 0 0
1484567710.291497000 0 0
1484567710.299130000 0 0
1484567710.302055000 0 0
1484567697.338101000 570 0
1484567697.460872000 504 0
1484567697.485048000 504 0
1484567697.500730000 282 0
1484567697.525109000 398 0
1484567819.415482000 0 0
1484567719.397520000 0 0
1484567860.105508000 0 0
1484567860.156462000 0 0
1484567860.160395000 0 0
1484567860.168676000 0 0
1484567860.587380000 0 0
1484567860.609532000 0 0
1484567860.636132000 0 0
1484567860.655912000 0 0
1484567860.679568000 0 0
1484567860.687622000 0 0
1484567860.692023000 0 0
1484567860.701343000 0 0
1484567860.727398000 0 0
1484567860.730653000 0 0
1484567860.735243000 0 0
1484567860.754214000 0 0
1484567860.756975000 0 0
1484567860.177485000 282 0
1484567860.642201000 570 0
1484567860.671317000 504 0
1484567860.714813000 504 0
1484567860.741442000 398 0
1484567869.590338000 0 0
1484568187.808994000 0 0
1484568187.815858000 0 0
1484568759.311100000 0 0
1484568759.314972000 0 0
1484568759.324398000 0 0
1484568759.342033000 0 0
1484568759.359354000 0 0
1484568759.362460000 0 0
1484568759.365597000 0 0
1484568759.369124000 0 0
1484568759.379046000 0 0
1484568759.381693000 0 0
1484568759.394754000 0 0
1484568759.397261000 0 0
1484568759.400051000 0 0
1484568759.413455000 0 0
1484568759.416346000 0 0
1484568759.925174000 0 0
1484568759.927880000 0 0
1484568760.724007000 0 0
1484568760.726636000 0 0
1484568760.729574000 0 0
1484568760.778371000 0 0
1484568760.793353000 0 0
1484568760.796063000 0 0
1484568760.804422000 0 0
1484568760.807048000 0 0
1484568760.816335000 0 0
1484568760.822424000 0 0
1484568760.868224000 0 0
1484568760.871380000 0 0
1484568760.874665000 0 0
1484568760.882788000 0 0
1484568760.885341000 0 0
1484568760.888105000 0 0
1484568760.895026000 0 0
1484568760.897578000 0 0
1484568760.904876000 0 0
1484568760.907405000 0 0
1484568760.914734000 0 0
1484568760.917209000 0 0
1484568759.339340000 570 0
1484568759.349647000 504 0
1484568759.372335000 504 0
1484568759.387950000 282 0
1484568759.405983000 398 0
1484568769.947159000 0 0
1484571417.985637000 0 0
1484571417.989927000 0 0
1484571417.998170000 0 0
1484571418.007693000 0 0
1484571418.020860000 0 0
1484571418.023368000 0 0
1484571418.026086000 0 0
1484571418.028726000 0 0
1484571418.042268000 0 0
1484571418.044944000 0 0
1484571418.057859000 0 0
1484571418.060455000 0 0
1484571418.063099000 0 0
1484571418.077231000 0 0
1484571418.080341000 0 0
1484571418.908455000 0 0
1484571418.911530000 0 0
1484571419.374268000 0 0
1484571419.377432000 0 0
1484571419.299164000 0 0
1484571419.493882000 0 0
1484571419.496915000 0 0
1484571419.508337000 0 0
1484571419.511700000 0 0
1484571419.514840000 0 0
1484571419.535923000 0 0
1484571419.555339000 0 0
1484571419.558441000 0 0
1484571418.068335000 398 0
1484571418.050317000 282 0
1484571418.004970000 570 0
1484571418.034022000 504 0
1484571418.013957000 504 0
1484571459.795931000 129 0
1484571459.776925000 0 0
1484571460.060885000 0 0
1484571459.906502000 286 0
1484571459.920938000 294 0
1484571459.937931000 289 0
1484571459.958655000 504 0
1484571460.272467000 0 0
1484571459.770840000 0 0
1484571480.731381000 0 0
1484571480.734636000 0 0
1484571480.742583000 0 0
1484571500.729800000 0 0
1484571480.746099000 398 0
1484573223.519099000 0 0
1484573223.524133000 0 0
1484573223.532580000 0 0
1484573223.542162000 0 0
1484573223.555916000 0 0
1484573223.558929000 0 0
1484573223.561605000 0 0
1484573223.564742000 0 0
1484573223.577733000 0 0
1484573223.580332000 0 0
1484573223.596999000 0 0
1484573223.600604000 0 0
1484573223.604242000 0 0
1484573223.622427000 0 0
1484573223.627895000 0 0
1484573223.730351000 0 0
1484573223.734892000 0 0
1484573223.765398000 0 0
1484573223.769735000 0 0
1484573223.746459000 0 0
1484573238.469152000 0 0
1484573238.519279000 0 0
1484573238.523334000 0 0
1484573238.531629000 0 0
1484573239.175979000 0 0
1484573239.180553000 0 0
1484573239.184512000 0 0
1484573239.212132000 0 0
1484573239.266213000 0 0
1484573239.269542000 0 0
1484573239.273683000 0 0
1484573239.291303000 0 0
1484573239.295549000 0 0
1484573239.311398000 0 0
1484573239.314353000 0 0
1484573239.327767000 0 0
1484573239.333310000 0 0
1484573239.336706000 0 0
1484573239.347288000 0 0
1484573239.350465000 0 0
1484573239.353577000 0 0
1484573239.372956000 0 0
1484573239.376478000 0 0
1484573239.395811000 0 0
1484573239.400186000 0 0
1484573223.586373000 564 0
1484573223.539911000 1140 0
1484573223.548902000 1008 0
1484573223.570388000 1008 0
1484573223.610736000 796 0
1484573248.189267000 0 0
1484573376.662139000 0 0
1484573376.659197000 282 0
1484573406.025360000 0 0
1484573415.316894000 0 0
1484573415.320075000 0 0
1484573415.328166000 0 0
1484573415.336669000 0 0
1484573415.349068000 0 0
1484573415.351605000 0 0
1484573415.354299000 0 0
1484573415.357267000 0 0
1484573415.371066000 0 0
1484573415.374184000 0 0
1484573415.382517000 0 0
1484573415.385007000 0 0
1484573415.387648000 0 0
1484573415.402299000 0 0
1484573415.405147000 0 0
1484573406.930704000 282 0
1484573415.334680000 570 0
1484573415.342836000 504 0
1484573415.363736000 504 0
1484573415.392927000 398 0
1484573499.654250000 0 0
1484573499.603313000 282 0
1484574430.202770000 0 0
1484574430.221890000 0 0
1484574537.569217000 0 0
1484574537.572547000 0 0
1484574537.581049000 0 0
1484574537.586559000 0 0
1484574537.599315000 0 0
1484574537.602054000 0 0
1484574537.604776000 0 0
1484574537.607385000 0 0
1484574537.619220000 0 0
1484574537.622251000 0 0
1484574537.633846000 0 0
1484574537.636156000 0 0
1484574537.638526000 0 0
1484574537.653269000 0 0
1484574537.656054000 0 0
1484574537.584484000 570 0
1484574537.593099000 504 0
1484574537.613225000 504 0
1484574537.627676000 282 0
1484574537.643372000 398 0
1484574569.514425000 0 0
1484574569.562656000 0 0
1484574569.566799000 0 0
1484574569.574953000 0 0
1484574569.947341000 0 0
1484574570.014394000 0 0
1484574570.018472000 0 0
1484574570.033430000 0 0
1484574570.066576000 0 0
1484574570.069309000 0 0
1484574570.080942000 0 0
1484574570.130227000 0 0
1484574570.133108000 0 0
1484574570.144235000 0 0
1484574570.146946000 0 0
1484574569.580021000 282 0
1484574570.025980000 570 0
1484574570.052317000 504 0
1484574570.113354000 504 0
1484574570.135960000 398 0
1484574595.872754000 0 0
1484574595.875525000 0 0
1484575059.506773000 0 0
1484575059.510774000 0 0
1484575059.518924000 0 0
1484575059.524647000 0 0
1484575059.535488000 0 0
1484575059.538039000 0 0
1484575059.540635000 0 0
1484575059.543320000 0 0
1484575059.555781000 0 0
1484575059.558590000 0 0
1484575059.571802000 0 0
1484575059.574281000 0 0
1484575059.576829000 0 0
1484575059.591067000 0 0
1484575059.593693000 0 0
1484575060.162754000 0 0
1484575060.165180000 0 0
1484575060.551755000 0 0
1484575060.570273000 0 0
1484575060.573347000 0 0
1484575060.580720000 0 0
1484575060.583730000 0 0
1484575060.586683000 0 0
1484575060.594811000 0 0
1484575060.597398000 0 0
1484575060.605562000 0 0
1484575060.608480000 0 0
1484575059.563957000 282 0
1484575059.522339000 570 0
1484575059.528211000 504 0
1484575059.548507000 504 0
1484575059.581587000 398 0
1484575844.731426000 0 0
1484575847.072462000 0 0
1484575847.099606000 0 0
1484575847.118210000 0 0
1484575847.174732000 0 0
1484575847.198376000 0 0
1484575847.220873000 0 0
1484575847.245175000 0 0
1484575847.252254000 0 0
1484575847.262889000 0 0
1484575847.268910000 0 0
1484575847.726403000 0 0
1484575847.849923000 0 0
1484575847.911767000 0 0
1484575847.914657000 0 0
1484575847.917252000 0 0
1484575847.919964000 0 0
1484575847.922061000 0 0
1484575847.955639000 0 0
1484575848.004755000 0 0
1484575848.249299000 0 0
1484575848.255598000 0 0
1484575848.366320000 0 0
1484575848.369402000 0 0
1484575848.372315000 0 0
1484575848.378279000 0 0
1484575848.402182000 0 0
1484575848.416788000 0 0
1484575848.424856000 0 0
1484575848.473140000 0 0
1484575848.824284000 0 0
1484575849.138369000 0 0
1484575849.155529000 0 0
1484575849.213438000 0 0
1484575849.248068000 0 0
1484575849.316831000 0 0
1484575849.562639000 0 0
1484575849.688458000 0 0
1484575849.767081000 0 0
1484575849.768874000 0 0
1484575849.776219000 0 0
1484575849.692335000 0 16627
1484575849.847426000 0 0
1484575849.850886000 0 0
1484575849.672461000 16627 0
1484575849.679803000 0 0
1484575849.853889000 0 0
1484575849.929850000 0 11329
1484575850.043795000 0 0
1484575850.047225000 0 0
1484575849.265863000 11329 0
1484575850.050280000 0 0
1484575850.058291000 0 0
1484575850.063384000 0 0
1484575850.062046000 0 0
1484575850.100765000 0 0
1484575850.387642000 0 0
1484575850.489482000 0 0
1484575850.493173000 0 2
1484575850.502088000 0 0
1484575850.505293000 0 0
1484575849.145122000 2 0
1484575850.478567000 0 0
1484575850.508257000 0 0
1484575850.967804000 0 0
1484575851.078704000 0 0
1484575851.109086000 0 0
1484575851.117529000 0 0
1484575851.123960000 0 0
1484575851.132062000 0 0
1484575851.142713000 0 0
1484575851.145133000 0 0
1484575851.136155000 0 0
1484575851.129215000 0 0
1484575851.155277000 0 0
1484575851.197762000 0 0
1484575851.208305000 0 0
1484575851.192190000 0 4096
1484575851.215739000 0 0
1484575851.186354000 0 0
1484575851.224423000 0 0
1484575851.224544000 0 53
1484575850.242422000 241 0
1484575851.232208000 0 0
1484575851.245061000 0 0
1484575851.331273000 0 90
1484575851.338962000 0 0
1484575851.357063000 0 0
1484575853.254264000 131072 0
1484575853.289406000 0 0
1484575853.382225000 0 0
1484575853.385613000 0 13526
1484575853.399476000 0 0
1484575853.402636000 0 0
1484575847.884102000 13575 0
1484575853.374251000 0 0
1484575853.405491000 0 0
1484575853.420750000 0 122
1484575853.427249000 0 0
1484575853.467348000 0 146
1484575853.474942000 0 0
1484575853.485752000 0 181
1484575853.493769000 0 0
1484575853.565815000 0 0
1484575853.283588000 0 4096
1484575853.573047000 0 0
1484575853.280112000 0 0
1484575853.576179000 0 212
1484575853.583191000 0 0
1484575853.584076000 0 0
1484575853.590702000 0 0
1484575851.239875000 0 4096
1484575853.597000000 0 0
1484575851.232759000 0 0
1484575853.605213000 0 0
1484575848.239698000 576 0
1484575853.673300000 0 1186
1484575853.673645000 0 576
1484575850.404437000 1130 0
1484575853.681737000 0 0
1484575853.696000000 0 241
1484575853.705142000 0 0
1484575849.182876000 0 32768
1484575853.704471000 0 0
1484575853.713230000 0 0
1484575849.179359000 0 8304
1484575853.720925000 0 0
1484575853.727222000 0 0
1484575851.121341000 0 4096
1484575853.733065000 0 0
1484575851.118145000 0 0
1484575853.739978000 0 0
1484575853.743632000 0 0
1484575853.756007000 0 0
1484575853.759153000 0 13715
1484575853.773342000 0 0
1484575853.776711000 0 0
1484575853.747478000 0 0
1484575853.779665000 0 0
1484575853.798085000 0 0
1484575853.824474000 0 0
1484575853.837278000 0 0
1484575853.841892000 0 0
1484575853.862961000 0 0
1484575853.919328000 0 0
1484575853.941235000 0 0
1484575853.954263000 0 136
1484575853.962142000 0 0
1484575853.934915000 136 0
1484575853.961074000 0 0
1484575853.997387000 0 15726
1484575854.006985000 0 0
1484575854.006059000 0 0
1484575854.053795000 0 0
1484575854.017720000 0 0
1484575854.064038000 0 6991
1484575854.071557000 0 0
1484575854.098863000 0 0
1484575854.090145000 0 0
1484575854.129213000 0 0
1484575854.171051000 0 0
1484575854.973314000 0 0
1484575850.972102000 0 0
1484575851.043719000 0 0
1484575851.127906000 0 0
1484575847.250259000 0 0
1484575847.123241000 10 0
1484575847.191736000 10 0
1484575847.201935000 139 0
1484575847.288901000 208 0
1484575848.031789000 16384 0
1484575848.431981000 321 0
1484562068.367489000 0 0
1484575849.417092000 220602 0
1484575847.056597000 282 0
1484575850.224923000 116 0
1484575850.479497000 309 0
1484575850.492860000 3403 0
1484575850.985724000 7880 0
1484575851.126698000 29 0
1484575851.259667000 1252 0
1484575851.276682000 34995 0
1484575850.508240000 47 0
1484575851.404754000 55 0
1484575853.270711000 98304 0
1484575851.180935000 40960 0
1484575848.500301000 65536 0
1484575848.085104000 69632 4096
1484575848.126657000 8192 4096
1484575849.174558000 61440 8192
1484575851.106290000 65536 0
1484575853.898718000 51 0
1484575850.143741000 65536 0
