1484572517.216412000 0 0
1484572517.223402000 0 0
1484572517.230436000 0 0
1484572517.236837000 0 0
1484572517.242867000 0 0
1484572519.462989000 0 0
1484572519.465798000 0 0
1484572519.473961000 0 0
1484572518.944876000 122 0
1484572519.426116000 282 0
1484572520.683964000 0 0
1484572520.686756000 0 0
1484572520.696295000 0 0
1484572520.699702000 0 0
1484572520.703044000 0 0
1484572520.739702000 0 0
1484572520.897353000 0 0
1484572520.899990000 0 0
1484572520.902585000 0 0
1484572520.914205000 0 0
1484572520.918199000 0 0
1484572520.924643000 0 0
1484572520.941657000 0 0
1484572520.944301000 0 0
1484572520.946834000 0 0
1484572520.960738000 0 0
1484572520.963867000 0 0
1484572520.780995000 0 0
1484572521.144519000 0 0
1484572521.147623000 0 0
1484572521.151502000 0 0
1484572521.157210000 0 0
1484572521.159953000 0 0
1484572521.163097000 0 0
1484572521.196063000 0 0
1484572521.198426000 0 0
1484572521.213864000 0 0
1484572521.217705000 0 0
1484572521.224383000 0 0
1484572521.233199000 0 0
1484572520.806062000 1536 0
1484572520.850573000 455 0
1484572520.910111000 2284 0
1484572520.953094000 1835 0
1484572520.667496000 282 0
1484572520.908150000 402 0
1484572520.921042000 504 0
1484572520.953745000 504 0
1484572520.971344000 402 0
1484572520.859579000 13391 0
1484572521.674150000 4096 0
1484572521.793054000 0 0
1484572523.077258000 0 0
1484572523.079668000 0 0
1484572523.084268000 0 0
1484572523.091588000 0 0
1484572523.094164000 0 0
1484572523.096790000 0 0
1484572523.105561000 0 0
1484572523.108226000 0 0
1484572523.113950000 0 0
1484572523.117244000 0 0
1484572523.126069000 0 0
1484572523.129360000 0 0
1484572521.930032000 4096 0
1484572521.932907000 101888 0
1484572521.739639000 4096 0
1484572523.082290000 402 0
1484572523.086792000 504 0
1484572523.100724000 504 0
1484572523.120160000 402 0
1484572523.054842000 564 0
1484572891.202797000 0 0
1484572891.639201000 0 0
1484572891.643311000 0 0
1484572891.649500000 0 0
1484572891.656393000 0 0
1484572891.665746000 0 0
1484572891.673762000 0 0
1484572891.676461000 0 0
1484572891.681256000 0 0
1484572891.683811000 0 0
1484572891.689232000 0 0
1484572891.763022000 0 0
1484572891.810623000 0 0
1484572891.847718000 0 0
1484572891.890509000 0 0
1484572891.893277000 0 0
1484572891.896506000 0 0
1484572891.899035000 0 0
1484572891.901538000 0 0
1484572891.935792000 0 0
1484572891.956254000 0 0
1484572891.959201000 0 0
1484572891.962170000 0 0
1484572891.965185000 0 0
1484572891.967966000 0 0
1484572891.970874000 0 0
1484572891.973792000 0 0
1484572891.983610000 0 0
1484572891.988216000 0 0
1484572891.991073000 0 0
1484572891.993844000 0 0
1484572891.996830000 0 0
1484572891.999974000 0 0
1484572892.002791000 0 0
1484572892.005636000 0 0
1484572891.986735000 0 0
1484572892.010436000 0 0
1484572892.013247000 0 0
1484572892.016001000 0 0
1484572892.020536000 0 0
1484572892.023936000 0 0
1484572892.026856000 0 0
1484572892.019087000 0 0
1484572891.982197000 0 0
1484572892.035330000 0 0
1484572892.038096000 0 0
1484572892.042448000 0 0
1484572892.046884000 0 0
1484572892.045459000 0 0
1484572892.041096000 0 0
1484572892.052435000 0 0
1484572892.056821000 0 0
1484572892.059787000 0 0
1484572892.055379000 0 0
1484572892.064295000 0 0
1484572892.067261000 0 0
1484572892.072335000 0 0
1484572892.075133000 0 0
1484572892.078082000 0 0
1484572892.070721000 0 0
1484572892.033877000 0 0
1484572892.089220000 0 0
1484572892.094764000 0 0
1484572892.099086000 0 0
1484572892.103762000 0 0
1484572892.106922000 0 0
1484572892.109885000 0 0
1484572892.113229000 0 0
1484572892.116278000 0 0
1484572892.119151000 0 0
1484572892.122130000 0 0
1484572892.124986000 0 0
1484572892.127885000 0 0
1484572892.130836000 0 0
1484572892.133701000 0 0
1484572892.136505000 0 0
1484572892.139350000 0 0
1484572892.142083000 0 0
1484572892.144915000 0 0
1484572892.102209000 0 0
1484572892.149067000 0 0
1484572892.153293000 0 0
1484572892.156136000 0 0
1484572892.158903000 0 0
1484572892.161762000 0 0
1484572892.151793000 0 0
1484572892.097776000 0 0
1484572892.167524000 0 0
1484572892.171921000 0 0
1484572892.176080000 0 0
1484572892.180515000 0 0
1484572892.183491000 0 0
1484572892.179074000 0 0
1484572892.174923000 0 0
1484572892.170564000 0 0
1484572892.190489000 0 0
1484572892.194808000 0 0
1484572892.199143000 0 0
1484572892.203569000 0 0
1484572892.206618000 0 0
1484572892.202104000 0 0
1484572892.197824000 0 0
1484572892.193483000 0 0
1484572892.213720000 0 0
1484572892.218039000 0 0
1484572892.222411000 0 0
1484572892.226864000 0 0
1484572892.229731000 0 0
1484572892.225372000 0 0
1484572892.221122000 0 0
1484572892.216727000 0 0
1484572892.236786000 0 0
1484572892.241134000 0 0
1484572892.245668000 0 0
1484572892.250281000 0 0
1484572892.253345000 0 0
1484572892.248773000 0 0
1484572892.244212000 0 0
1484572892.239758000 0 0
1484572892.260556000 0 0
1484572892.264911000 0 0
1484572892.269380000 0 0
1484572892.273866000 0 0
1484572892.276759000 0 0
1484572892.272380000 0 0
1484572892.268055000 0 0
1484572892.263573000 0 0
1484572892.284090000 0 0
1484572892.288539000 0 0
1484572892.292884000 0 0
1484572892.297480000 0 0
1484572892.300425000 0 0
1484572892.296005000 0 0
1484572892.291538000 0 0
1484572892.287152000 0 0
1484572892.307540000 0 0
1484572892.311688000 0 0
1484572892.316038000 0 0
1484572892.320538000 0 0
1484572892.323518000 0 0
1484572892.319068000 0 0
1484572892.314747000 0 0
1484572892.310513000 0 0
1484572892.330805000 0 0
1484572892.335141000 0 0
1484572892.339394000 0 0
1484572892.343927000 0 0
1484572892.346970000 0 0
1484572892.342535000 0 0
1484572892.338127000 0 0
1484572892.333832000 0 0
1484572892.354296000 0 0
1484572892.358616000 0 0
1484572892.363019000 0 0
1484572892.367526000 0 0
1484572892.370476000 0 0
1484572892.366047000 0 0
1484572892.361708000 0 0
1484572892.357318000 0 0
1484572892.377665000 0 0
1484572892.381980000 0 0
1484572892.386371000 0 0
1484572892.390867000 0 0
1484572892.393753000 0 0
1484572892.389398000 0 0
1484572892.385006000 0 0
1484572892.380694000 0 0
1484572892.401553000 0 0
1484572892.405912000 0 0
1484572892.410174000 0 0
1484572892.414626000 0 0
1484572892.417565000 0 0
1484572892.413174000 0 0
1484572892.408878000 0 0
1484572892.404588000 0 0
1484572892.424848000 0 0
1484572892.429216000 0 0
1484572892.433526000 0 0
1484572892.437993000 0 0
1484572892.440879000 0 0
1484572892.436588000 0 0
1484572892.432172000 0 0
1484572892.427901000 0 0
1484572892.447958000 0 0
1484572892.452270000 0 0
1484572892.456680000 0 0
1484572892.461145000 0 0
1484572892.464089000 0 0
1484572892.459706000 0 0
1484572892.455320000 0 0
1484572892.451005000 0 0
1484572892.471199000 0 0
1484572892.475514000 0 0
1484572892.479796000 0 0
1484572892.484231000 0 0
1484572892.487156000 0 0
1484572892.482801000 0 0
1484572892.478469000 0 0
1484572892.474201000 0 0
1484572892.494155000 0 0
1484572892.498471000 0 0
1484572892.502793000 0 0
1484572892.507223000 0 0
1484572892.510187000 0 0
1484572892.505720000 0 0
1484572892.501466000 0 0
1484572892.497146000 0 0
1484572892.517326000 0 0
1484572892.521675000 0 0
1484572892.525989000 0 0
1484572892.530473000 0 0
1484572892.533333000 0 0
1484572892.528967000 0 0
1484572892.524656000 0 0
1484572892.520344000 0 0
1484572892.540308000 0 0
1484572892.544604000 0 0
1484572892.548894000 0 0
1484572892.554167000 0 0
1484572892.557080000 0 0
1484572892.552397000 0 0
1484572892.547599000 0 0
1484572892.543266000 0 0
1484572892.564511000 0 0
1484572892.568802000 0 0
1484572892.573141000 0 0
1484572892.577577000 0 0
1484572892.580423000 0 0
1484572892.576102000 0 0
1484572892.571838000 0 0
1484572892.567484000 0 0
1484572892.588131000 0 0
1484572892.592474000 0 0
1484572892.596820000 0 0
1484572892.601487000 0 0
1484572892.604443000 0 0
1484572892.599794000 0 0
1484572892.595501000 0 0
1484572892.591144000 0 0
1484572892.611654000 0 0
1484572892.615993000 0 0
1484572892.620380000 0 0
1484572892.625128000 0 0
1484572892.628638000 0 0
1484572892.623487000 0 0
1484572892.619046000 0 0
1484572892.614658000 0 0
1484572892.636311000 0 0
1484572892.641136000 0 0
1484572892.645504000 0 0
1484572892.649984000 0 0
1484572892.653163000 0 0
1484572892.648506000 0 0
1484572892.644182000 0 0
1484572892.639289000 0 0
1484572892.660474000 0 0
1484572892.664829000 0 0
1484572892.669122000 0 0
1484572892.673957000 0 0
1484572892.676905000 0 0
1484572892.672249000 0 0
1484572892.667821000 0 0
1484572892.663513000 0 0
1484572892.684088000 0 0
1484572892.689299000 0 0
1484572892.693653000 0 0
1484572892.698218000 0 0
1484572892.701120000 0 0
1484572892.696719000 0 0
1484572892.692331000 0 0
1484572892.687936000 0 0
1484572892.708273000 0 0
1484572892.712638000 0 0
1484572892.716966000 0 0
1484572892.721558000 0 0
1484572892.724826000 0 0
1484572892.720138000 0 0
1484572892.715661000 0 0
1484572892.711337000 0 0
1484572892.733171000 0 0
1484572892.738056000 0 0
1484572892.742373000 0 0
1484572892.747005000 0 0
1484572892.750041000 0 0
1484572892.745558000 0 0
1484572892.741079000 0 0
1484572892.736756000 0 0
1484572892.757223000 0 0
1484572892.761624000 0 0
1484572892.766078000 0 0
1484572892.770691000 0 0
1484572892.773614000 0 0
1484572892.769153000 0 0
1484572892.764702000 0 0
1484572892.760294000 0 0
1484572892.781546000 0 0
1484572892.786199000 0 0
1484572892.790531000 0 0
1484572892.795231000 0 0
1484572892.798195000 0 0
1484572892.793772000 0 0
1484572892.789209000 0 0
1484572892.784841000 0 0
1484572892.805346000 0 0
1484572892.809678000 0 0
1484572892.814029000 0 0
1484572892.818563000 0 0
1484572892.821468000 0 0
1484572892.817080000 0 0
1484572892.812703000 0 0
1484572892.808365000 0 0
1484572892.828550000 0 0
1484572892.832895000 0 0
1484572892.837266000 0 0
1484572892.841769000 0 0
1484572892.844644000 0 0
1484572892.840289000 0 0
1484572892.835907000 0 0
1484572892.831526000 0 0
1484572892.851735000 0 0
1484572892.856014000 0 0
1484572892.860436000 0 0
1484572892.864868000 0 0
1484572892.867777000 0 0
1484572892.863403000 0 0
1484572892.859109000 0 0
1484572892.854697000 0 0
1484572892.874757000 0 0
1484572892.879048000 0 0
1484572892.883327000 0 0
1484572892.887740000 0 0
1484572892.890657000 0 0
1484572892.886262000 0 0
1484572892.882018000 0 0
1484572892.877729000 0 0
1484572892.897641000 0 0
1484572892.901970000 0 0
1484572892.906236000 0 0
1484572892.910655000 0 0
1484572892.913527000 0 0
1484572892.909224000 0 0
1484572892.904905000 0 0
1484572892.900640000 0 0
1484572892.920476000 0 0
1484572892.924776000 0 0
1484572892.929083000 0 0
1484572892.933485000 0 0
1484572892.936329000 0 0
1484572892.932032000 0 0
1484572892.927710000 0 0
1484572892.923461000 0 0
1484572892.943311000 0 0
1484572892.947667000 0 0
1484572892.952111000 0 0
1484572892.956547000 0 0
1484572892.959505000 0 0
1484572892.955091000 0 0
1484572892.950636000 0 0
1484572892.946354000 0 0
1484572892.966485000 0 0
1484572892.971064000 0 0
1484572892.975630000 0 0
1484572892.980305000 0 0
1484572892.983532000 0 0
1484572892.978820000 0 0
1484572892.974234000 0 0
1484572892.969745000 0 0
1484572892.990882000 0 0
1484572892.995241000 0 0
1484572892.999478000 0 0
1484572893.003934000 0 0
1484572893.006834000 0 0
1484572893.002589000 0 0
1484572892.998273000 0 0
1484572892.993898000 0 0
1484572893.015379000 0 0
1484572893.019863000 0 0
1484572893.024836000 0 0
1484572893.029311000 0 0
1484572893.032771000 0 0
1484572893.027919000 0 0
1484572893.023598000 0 0
1484572893.018497000 0 0
1484572893.039917000 0 0
1484572893.045219000 0 0
1484572893.049614000 0 0
1484572893.054101000 0 0
1484572893.056985000 0 0
1484572893.052631000 0 0
1484572893.048189000 0 0
1484572893.043903000 0 0
1484572893.065741000 0 0
1484572893.070294000 0 0
1484572893.074667000 0 0
1484572893.079238000 0 0
1484572893.082334000 0 0
1484572893.077756000 0 0
1484572893.073339000 0 0
1484572893.068974000 0 0
1484572893.091043000 0 0
1484572893.095411000 0 0
1484572893.100729000 0 0
1484572893.105859000 0 0
1484572893.109495000 0 0
1484572893.104381000 0 0
1484572893.099338000 0 0
1484572893.094100000 0 0
1484572893.121362000 0 0
1484572893.127147000 0 0
1484572893.132927000 0 0
1484572893.138647000 0 0
1484572893.142383000 0 0
1484572893.136425000 0 0
1484572893.131583000 0 0
1484572893.125819000 0 0
1484572893.151075000 0 0
1484572893.155808000 0 0
1484572893.161051000 0 0
1484572893.165778000 0 0
1484572893.169503000 0 0
1484572893.164094000 0 0
1484572893.159491000 0 0
1484572893.154118000 0 0
1484572893.178282000 0 0
1484572893.183569000 0 0
1484572893.188233000 0 0
1484572893.192770000 0 0
1484572893.196855000 0 0
1484572893.191284000 0 0
1484572893.186678000 0 0
1484572893.182011000 0 0
1484572893.206045000 0 0
1484572893.211316000 0 0
1484572893.216451000 0 0
1484572893.221552000 0 0
1484572893.224663000 0 0
1484572893.219896000 0 0
1484572893.215032000 0 0
1484572893.209902000 0 0
1484572893.232118000 0 0
1484572893.236745000 0 0
1484572893.241190000 0 0
1484572893.245892000 0 0
1484572893.248907000 0 0
1484572893.244296000 0 0
1484572893.239818000 0 0
1484572893.235297000 0 0
1484572893.256291000 0 0
1484572893.260602000 0 0
1484572893.265269000 0 0
1484572893.270055000 0 0
1484572893.273063000 0 0
1484572893.268540000 0 0
1484572893.263996000 0 0
1484572893.259318000 0 0
1484572893.280345000 0 0
1484572893.285022000 0 0
1484572893.289567000 0 0
1484572893.294687000 0 0
1484572893.297671000 0 0
1484572893.293245000 0 0
1484572893.288245000 0 0
1484572893.283692000 0 0
1484572893.304913000 0 0
1484572893.309661000 0 0
1484572893.314137000 0 0
1484572893.318732000 0 0
1484572893.321701000 0 0
1484572893.317397000 0 0
1484572893.312622000 0 0
1484572893.308167000 0 0
1484572893.329111000 0 0
1484572893.333638000 0 0
1484572893.338459000 0 0
1484572893.342790000 0 0
1484572893.345654000 0 0
1484572893.341447000 0 0
1484572893.336852000 0 0
1484572893.332302000 0 0
1484572893.352779000 0 0
1484572893.357215000 0 0
1484572893.361585000 0 0
1484572893.366074000 0 0
1484572893.369175000 0 0
1484572893.364615000 0 0
1484572893.360243000 0 0
1484572893.355801000 0 0
1484572893.376908000 0 0
1484572893.381430000 0 0
1484572893.385741000 0 0
1484572893.390114000 0 0
1484572893.392975000 0 0
1484572893.388719000 0 0
1484572893.384430000 0 0
1484572893.380095000 0 0
1484572893.400471000 0 0
1484572893.405433000 0 0
1484572893.409866000 0 0
1484572893.414521000 0 0
1484572893.417529000 0 0
1484572893.412902000 0 0
1484572893.408430000 0 0
1484572893.403572000 0 0
1484572893.424701000 0 0
1484572893.428997000 0 0
1484572893.433390000 0 0
1484572893.437987000 0 0
1484572893.440868000 0 0
1484572893.436543000 0 0
1484572893.431961000 0 0
1484572893.427648000 0 0
1484572893.448054000 0 0
1484572893.452434000 0 0
1484572893.456800000 0 0
1484572893.462031000 0 0
1484572893.466201000 0 0
1484572893.460566000 0 0
1484572893.455466000 0 0
1484572893.451147000 0 0
1484572893.680712000 0 0
1484572893.748813000 0 0
1484572893.756530000 0 0
1484572893.762342000 0 0
1484572893.765492000 0 0
1484572893.760736000 0 0
1484572893.754992000 0 0
1484572893.745486000 0 0
1484572893.772828000 0 0
1484572893.777825000 0 0
1484572893.782361000 0 0
1484572893.787337000 0 0
1484572893.790537000 0 0
1484572893.785629000 0 0
1484572893.780923000 0 0
1484572893.776414000 0 0
1484572893.799158000 0 0
1484572893.804078000 0 0
1484572893.808531000 0 0
1484572893.813590000 0 0
1484572893.816764000 0 0
1484572893.811966000 0 0
1484572893.807300000 0 0
1484572893.802164000 0 0
1484572893.824623000 0 0
1484572893.829396000 0 0
1484572893.833936000 0 0
1484572893.838611000 0 0
1484572893.841505000 0 0
1484572893.837147000 0 0
1484572893.832581000 0 0
1484572893.827954000 0 0
1484572893.848806000 0 0
1484572893.853605000 0 0
1484572893.858111000 0 0
1484572893.862714000 0 0
1484572893.865603000 0 0
1484572893.861243000 0 0
1484572893.856774000 0 0
1484572893.852291000 0 0
1484572892.092834000 0 0
1484572893.874217000 0 0
1484572893.877075000 0 0
1484572893.881551000 0 0
1484572893.884363000 0 0
1484572893.880120000 0 0
1484572893.888526000 0 0
1484572893.892759000 0 0
1484572893.896983000 0 0
1484572893.895639000 0 0
1484572893.891489000 0 0
1484572893.902711000 0 0
1484572893.905460000 0 0
1484572893.910080000 0 0
1484572893.912891000 0 0
1484572893.915696000 0 0
1484572893.918509000 0 0
1484572893.921469000 0 0
1484572893.924232000 0 0
1484572893.928949000 0 0
1484572893.931893000 0 0
1484572893.934832000 0 0
1484572893.937746000 0 0
1484572893.940602000 0 0
1484572893.943454000 0 0
1484572893.946320000 0 0
1484572893.949241000 0 0
1484572893.952135000 0 0
1484572893.927305000 0 0
1484572893.956364000 0 0
1484572893.908423000 0 0
1484572892.087844000 0 0
1484572893.999444000 0 0
1484572894.033862000 0 0
1484572894.171801000 0 0
1484572894.190561000 0 0
1484572894.194396000 0 18830
1484572894.411005000 0 0
1484572894.414094000 0 0
1484572894.176755000 18830 0
1484572894.183982000 0 0
1484572894.417200000 0 0
1484572894.549253000 0 230
1484572894.561091000 0 881
1484572894.569245000 0 0
1484572894.572292000 0 0
1484572894.575620000 0 0
1484572894.583583000 0 0
1484572894.589169000 0 0
1484572894.588061000 0 0
1484572894.603411000 0 0
1484572894.607305000 0 0
1484572894.612805000 0 0
1484572894.668719000 0 0
1484572894.671565000 0 0
1484572894.674923000 0 0
1484572894.716283000 0 0
1484572894.952754000 0 0
1484572894.971350000 0 0
1484572895.107403000 0 8568
1484572895.204912000 0 0
1484572895.208401000 0 0
1484572894.978977000 13272 0
1484572895.223200000 0 0
1484572895.234525000 0 0
1484572895.240143000 0 0
1484572895.239030000 0 0
1484572895.354986000 0 0
1484572895.440779000 0 0
1484572895.596473000 0 0
1484572895.610223000 0 0
1484572895.672210000 0 53
1484572895.345871000 204 0
1484572895.681188000 0 0
1484572895.710807000 0 15402
1484572894.014869000 15402 0
1484572895.721889000 0 0
1484572895.800341000 0 0
1484572896.006034000 0 0
1484572896.107385000 0 0
1484572896.628633000 0 0
1484572896.631816000 0 0
1484572896.709708000 0 0
1484572898.053563000 0 0
1484572898.066839000 0 0
1484572898.071326000 0 0
1484572898.103978000 0 0
1484572898.069895000 0 0
1484572898.108477000 0 0
1484572898.112988000 0 0
1484572898.115691000 0 0
1484572898.118554000 0 0
1484572898.121277000 0 0
1484572898.124108000 0 0
1484572898.126931000 0 0
1484572898.129626000 0 0
1484572898.132298000 0 0
1484572898.134930000 0 0
1484572898.137683000 0 0
1484572898.140410000 0 0
1484572898.143067000 0 0
1484572898.145766000 0 0
1484572898.148373000 0 0
1484572898.111452000 0 0
1484572898.152740000 0 0
1484572898.157252000 0 0
1484572898.159924000 0 0
1484572898.155709000 0 0
1484572898.164024000 0 0
1484572898.167261000 0 0
1484572898.177168000 0 0
1484572898.179899000 0 0
1484572898.182647000 0 0
1484572898.185377000 0 0
1484572898.175653000 0 0
1484572898.189383000 0 0
1484572898.208624000 0 0
1484572898.211824000 0 0
1484572898.214762000 0 0
1484572898.217892000 0 0
1484572898.220789000 0 0
1484572898.223864000 0 0
1484572898.227528000 0 0
1484572898.230402000 0 0
1484572898.234446000 0 0
1484572898.237386000 0 0
1484572898.240324000 0 0
1484572898.243163000 0 0
1484572898.246072000 0 0
1484572898.248956000 0 0
1484572898.251868000 0 0
1484572898.254719000 0 0
1484572898.206663000 0 0
1484572898.258639000 0 0
1484572898.262812000 0 0
1484572898.261371000 0 0
1484572898.266913000 0 0
1484572898.269846000 0 0
1484572898.272589000 0 0
1484572898.275791000 0 0
1484572898.278502000 0 0
1484572898.282713000 0 0
1484572898.281255000 0 0
1484572898.286739000 0 0
1484572898.289698000 0 0
1484572898.294157000 0 0
1484572898.292717000 0 0
1484572898.298306000 0 0
1484572898.301283000 0 0
1484572898.305624000 0 0
1484572898.304152000 0 0
1484572898.309807000 0 0
1484572898.312716000 0 0
1484572898.317615000 0 0
1484572898.320364000 0 0
1484572898.323082000 0 0
1484572898.325829000 0 0
1484572898.315907000 0 0
1484572898.329927000 0 0
1484572898.332547000 0 0
1484572898.335314000 0 0
1484572898.338214000 0 0
1484572898.340932000 0 0
1484572898.343707000 0 0
1484572898.346505000 0 0
1484572898.349463000 0 0
1484572898.352406000 0 0
1484572898.355405000 0 0
1484572898.358368000 0 0
1484572898.362740000 0 0
1484572898.361162000 0 0
1484572898.366858000 0 0
1484572898.369970000 0 0
1484572898.372977000 0 0
1484572898.376012000 0 0
1484572898.379288000 0 0
1484572898.383775000 0 0
1484572898.382140000 0 0
1484572898.388414000 0 0
1484572898.391570000 0 0
1484572898.396847000 0 0
1484572898.395237000 0 0
1484572898.401549000 0 0
1484572898.404691000 0 0
1484572898.407904000 0 0
1484572898.411030000 0 0
1484572898.413995000 0 0
1484572898.418540000 0 0
1484572898.417063000 0 0
1484572898.423499000 0 0
1484572898.426605000 0 0
1484572898.431235000 0 0
1484572898.429581000 0 0
1484572898.435855000 0 0
1484572898.438872000 0 0
1484572898.443572000 0 0
1484572898.441648000 0 0
1484572898.447751000 0 0
1484572898.450592000 0 0
1484572898.454804000 0 0
1484572898.453363000 0 0
1484572898.458861000 0 0
1484572898.461823000 0 0
1484572898.466105000 0 0
1484572898.464583000 0 0
1484572898.470763000 0 0
1484572898.473597000 0 0
1484572898.477921000 0 0
1484572898.480674000 0 0
1484572898.483396000 0 0
1484572898.486132000 0 0
1484572898.488946000 0 0
1484572898.491642000 0 0
1484572898.476427000 0 0
1484572898.495720000 0 0
1484572898.500115000 0 0
1484572898.498653000 0 0
1484572898.504282000 0 0
1484572898.507377000 0 0
1484572898.512135000 0 0
1484572898.510619000 0 0
1484572898.516624000 0 0
1484572898.519516000 0 0
1484572898.524470000 0 0
1484572898.523010000 0 0
1484572898.529523000 0 0
1484572898.532557000 0 0
1484572898.537180000 0 0
1484572898.535497000 0 0
1484572898.542018000 0 0
1484572898.544978000 0 0
1484572898.549492000 0 0
1484572898.548003000 0 0
1484572898.554649000 0 0
1484572898.558028000 0 0
1484572898.562613000 0 0
1484572898.561001000 0 0
1484572898.567336000 0 0
1484572898.570408000 0 0
1484572898.574998000 0 0
1484572898.577882000 0 0
1484572898.581125000 0 0
1484572898.584452000 0 0
1484572898.587689000 0 0
1484572898.573296000 0 0
1484572898.592134000 0 0
1484572898.595709000 0 0
1484572898.598813000 0 0
1484572898.601737000 0 0
1484572898.606730000 0 0
1484572898.605105000 0 0
1484572898.611341000 0 0
1484572898.614422000 0 0
1484572898.617949000 0 0
1484572898.620895000 0 0
1484572898.624351000 0 0
1484572898.628882000 0 0
1484572898.627455000 0 0
1484572898.633690000 0 0
1484572898.636729000 0 0
1484572898.639581000 0 0
1484572898.642251000 0 0
1484572898.647725000 0 0
1484572898.650924000 0 0
1484572898.653644000 0 0
1484572898.656355000 0 0
1484572898.659230000 0 0
1484572898.662308000 0 0
1484572898.665515000 0 0
1484572898.668239000 0 0
1484572898.670930000 0 0
1484572898.673767000 0 0
1484572898.676928000 0 0
1484572898.679852000 0 0
1484572898.682630000 0 0
1484572898.685851000 0 0
1484572898.688613000 0 0
1484572898.691518000 0 0
1484572898.694319000 0 0
1484572898.697125000 0 0
1484572898.645894000 0 0
1484572898.701159000 0 0
1484572898.706023000 0 0
1484572898.709082000 0 0
1484572898.711814000 0 0
1484572898.714558000 0 0
1484572898.717538000 0 0
1484572898.720309000 0 0
1484572898.723063000 0 0
1484572898.725855000 0 0
1484572898.704413000 0 0
1484572898.729995000 0 0
1484572898.732875000 0 0
1484572898.735752000 0 0
1484572898.739118000 0 0
1484572898.742707000 0 0
1484572898.747128000 0 0
1484572898.745708000 0 0
1484572898.751151000 0 0
1484572898.753962000 0 0
1484572898.758136000 0 0
1484572898.756716000 0 0
1484572898.762152000 0 0
1484572898.764950000 0 0
1484572898.769187000 0 0
1484572898.767764000 0 0
1484572898.773223000 0 0
1484572898.776020000 0 0
1484572898.780212000 0 0
1484572898.778805000 0 0
1484572898.784253000 0 0
1484572898.787104000 0 0
1484572898.791275000 0 0
1484572898.789892000 0 0
1484572898.795226000 0 0
1484572898.798040000 0 0
1484572898.802257000 0 0
1484572898.800872000 0 0
1484572898.806303000 0 0
1484572898.809110000 0 0
1484572898.813501000 0 0
1484572898.811945000 0 0
1484572898.817554000 0 0
1484572898.820373000 0 0
1484572898.823224000 0 0
1484572898.826096000 0 0
1484572898.829193000 0 0
1484572898.833536000 0 0
1484572898.832121000 0 0
1484572898.837541000 0 0
1484572898.840349000 0 0
1484572898.844777000 0 0
1484572898.843245000 0 0
1484572898.848831000 0 0
1484572898.851378000 0 0
1484572898.855642000 0 0
1484572898.854276000 0 0
1484572898.859699000 0 0
1484572898.862505000 0 0
1484572898.865234000 0 0
1484572898.868084000 0 0
1484572898.870855000 0 0
1484572898.875619000 0 0
1484572898.874209000 0 0
1484572898.879640000 0 0
1484572898.882525000 0 0
1484572898.885558000 0 0
1484572898.888345000 0 0
1484572898.891029000 0 0
1484572898.895239000 0 0
1484572898.897845000 0 0
1484572898.893771000 0 0
1484572898.901623000 0 0
1484572898.905722000 0 0
1484572898.904354000 0 0
1484572898.909757000 0 0
1484572898.912561000 0 0
1484572898.916775000 0 0
1484572898.919631000 0 0
1484572898.915327000 0 0
1484572898.923538000 0 0
1484572898.926262000 0 0
1484572898.928766000 0 0
1484572898.931497000 0 0
1484572898.934237000 0 0
1484572898.938326000 0 0
1484572898.936957000 0 0
1484572898.942332000 0 0
1484572898.945339000 0 0
1484572898.949671000 0 0
1484572898.952310000 0 0
1484572898.955323000 0 0
1484572898.957970000 0 0
1484572898.960566000 0 0
1484572898.963247000 0 0
1484572898.965847000 0 0
1484572898.968461000 0 0
1484572898.948137000 0 0
1484572898.972748000 0 0
1484572898.977085000 0 0
1484572898.979748000 0 0
1484572898.975577000 0 0
1484572898.983800000 0 0
1484572898.986310000 0 0
1484572898.989191000 0 0
1484572898.991923000 0 0
1484572898.995372000 0 0
1484572898.998130000 0 0
1484572899.000847000 0 0
1484572899.003573000 0 0
1484572899.006399000 0 0
1484572899.009384000 0 0
1484572899.013648000 0 0
1484572899.016271000 0 0
1484572899.018842000 0 0
1484572899.021498000 0 0
1484572899.024114000 0 0
1484572899.026742000 0 0
1484572899.029405000 0 0
1484572899.032007000 0 0
1484572899.034681000 0 0
1484572899.012153000 0 0
1484572899.038889000 0 0
1484572899.041576000 0 0
1484572899.044414000 0 0
1484572899.047093000 0 0
1484572899.049733000 0 0
1484572899.052481000 0 0
1484572899.055273000 0 0
1484572899.058385000 0 0
1484572899.062541000 0 0
1484572899.061181000 0 0
1484572899.066546000 0 0
1484572899.069385000 0 0
1484572899.072293000 0 0
1484572899.074997000 0 0
1484572899.078139000 0 0
1484572899.082460000 0 0
1484572899.085144000 0 0
1484572899.087829000 0 0
1484572899.090416000 0 0
1484572899.092971000 0 0
1484572899.080914000 0 0
1484572899.096878000 0 0
1484572899.101071000 0 0
1484572899.103723000 0 0
1484572899.106346000 0 0
1484572899.099640000 0 0
1484572899.110510000 0 0
1484572899.114812000 0 0
1484572899.113376000 0 0
1484572899.118856000 0 0
1484572899.121705000 0 0
1484572899.126585000 0 0
1484572899.129272000 0 0
1484572899.132003000 0 0
1484572899.134690000 0 0
1484572899.137319000 0 0
1484572899.139960000 0 0
1484572899.142614000 0 0
1484572899.145229000 0 0
1484572899.148028000 0 0
1484572899.150739000 0 0
1484572899.153453000 0 0
1484572899.156142000 0 0
1484572899.158890000 0 0
1484572899.161546000 0 0
1484572899.164262000 0 0
1484572899.166907000 0 0
1484572899.169591000 0 0
1484572899.172294000 0 0
1484572899.175145000 0 0
1484572899.177873000 0 0
1484572899.180599000 0 0
1484572899.183268000 0 0
1484572899.185953000 0 0
1484572899.188754000 0 0
1484572899.191485000 0 0
1484572899.124528000 0 0
1484572899.195579000 0 0
1484572899.198519000 0 0
1484572899.201484000 0 0
1484572899.204381000 0 0
1484572899.207261000 0 0
1484572899.210048000 0 0
1484572899.212797000 0 0
1484572899.215531000 0 0
1484572899.219761000 0 0
1484572899.218342000 0 0
1484572899.224959000 0 0
1484572899.227835000 0 0
1484572899.232032000 0 0
1484572899.230597000 0 0
1484572899.236261000 0 0
1484572899.239166000 0 0
1484572899.244253000 0 0
1484572899.242815000 0 0
1484572899.248380000 0 0
1484572899.251226000 0 0
1484572899.255325000 0 0
1484572899.253992000 0 0
1484572899.259332000 0 0
1484572899.262228000 0 0
1484572899.266437000 0 0
1484572899.269111000 0 0
1484572899.265018000 0 0
1484572899.273142000 0 0
1484572899.276216000 0 0
1484572899.280426000 0 0
1484572899.279023000 0 0
1484572899.284436000 0 0
1484572899.287299000 0 0
1484572899.291390000 0 0
1484572899.290000000 0 0
1484572899.295407000 0 0
1484572899.298257000 0 0
1484572899.302326000 0 0
1484572899.301083000 0 0
1484572899.306429000 0 0
1484572899.309264000 0 0
1484572899.313527000 0 0
1484572899.312107000 0 0
1484572899.317673000 0 0
1484572899.320524000 0 0
1484572899.324543000 0 0
1484572899.323123000 0 0
1484572899.328585000 0 0
1484572899.331506000 0 0
1484572899.335604000 0 0
1484572899.334236000 0 0
1484572899.339631000 0 0
1484572899.342608000 0 0
1484572899.346798000 0 0
1484572899.345388000 0 0
1484572899.350974000 0 0
1484572899.353907000 0 0
1484572899.358213000 0 0
1484572899.356808000 0 0
1484572899.362404000 0 0
1484572899.365426000 0 0
1484572899.370030000 0 0
1484572899.368422000 0 0
1484572899.374151000 0 0
1484572899.377004000 0 0
1484572899.381268000 0 0
1484572899.379857000 0 0
1484572899.385286000 0 0
1484572899.388299000 0 0
1484572899.391076000 0 0
1484572899.393810000 0 0
1484572899.396902000 0 0
1484572899.399866000 0 0
1484572899.402621000 0 0
1484572900.283838000 0 0
1484572900.307205000 0 0
1484572900.352583000 0 0
1484572900.359265000 0 0
1484572900.386803000 131072 0
1484572900.419430000 0 0
1484572901.224153000 0 0
1484572901.228006000 0 2
1484572901.237871000 0 0
1484572901.241036000 0 0
1484572900.365877000 2 0
1484572901.214162000 0 0
1484572901.243998000 0 0
1484572903.166485000 0 0
1484572904.184132000 0 0
1484572904.194467000 0 0
1484572904.218454000 0 0
1484572904.460337000 0 0
1484572891.698800000 208 0
1484572894.957377000 0 0
1484572910.061932000 0 0
1484572910.068560000 0 0
1484572897.970267000 1707 0
1484572914.727667000 0 0
1484572891.636676000 282 0
1484572891.654662000 10 0
1484572891.661550000 10 0
1484572891.672033000 122 0
1484572891.819955000 36309 0
1484572891.853264000 16384 0
1484572891.876514000 98 0
1484572894.039839000 208787 0
1484572894.613160000 204 0
1484572894.629603000 881 0
1484572894.638134000 162 0
1484572894.633027000 5055 0
1484572894.665911000 1118 0
1484572894.964170000 14239 0
1484572895.360549000 32768 0
1484572895.381164000 344 0
1484572895.601908000 40800 0
1484572895.615156000 8 0
1484572895.696786000 15805 0
1484572895.715966000 1119 0
1484572895.383320000 29 0
1484572895.806892000 504 0
1484572895.902550000 480 0
1484572895.909477000 4992 0
1484572895.918577000 8467 0
1484572920.827538000 0 0
1484572896.113745000 9596 0
1484572896.467284000 35650 0
1484572896.481284000 11912 0
1484572896.490042000 1775 0
1484572896.497396000 4652 0
1484572896.509243000 21138 0
1484572896.526478000 23077 0
1484572896.541166000 9482 0
1484572896.561873000 52917 0
1484572896.580049000 5132 0
1484572897.983309000 0 0
1484572898.059489000 15895 0
1484572899.478855000 10 0
1484572900.115956000 9833 0
1484572900.289315000 429 0
1484572900.313871000 1407 0
1484572928.062257000 0 9596
1484572928.072213000 0 0
1484572931.924879000 0 0
1484572931.928184000 0 0
1484572932.152970000 0 0
1484572950.753362000 0 0
1484572950.756026000 0 0
1484572951.080349000 0 0
1484572951.711697000 0 0
1484572951.727102000 0 0
1484572951.744273000 0 0
1484572951.750481000 0 0
1484572951.778689000 0 4361
1484572951.767301000 4361 0
1484572951.787352000 0 0
1484572954.774133000 0 0
1484572954.828005000 0 137
1484572954.836858000 0 0
1484572954.789004000 137 0
1484572954.835818000 0 0
1484572954.853566000 0 0
1484572954.866036000 0 0
1484572954.880816000 0 0
1484572954.886370000 0 8029
1484572954.896017000 0 0
1484572954.895092000 0 0
1484572932.288054000 787439 0
1484572932.265709000 166168 0
1484572950.939723000 0 1054168
1484572959.980251000 0 0
1484572962.070989000 0 234040
1484572962.172315000 0 0
1484572951.086166000 597081 8138
1484572976.768608000 0 0
1484572976.775664000 0 0
1484572954.918103000 51 0
1484572976.785174000 0 0
1484572976.772144000 122 0
1484572976.786548000 38169 0
1484573195.550493000 0 0
1484573200.314332000 0 538
1484573200.327255000 0 0
1484573200.326315000 0 0
1484573204.199861000 0 98
1484573205.887913000 0 0
1484573195.556715000 14031 0
1484573205.893835000 778 0
1484573321.460070000 0 0
1484573321.463059000 0 0
1484573321.670256000 0 0
1484573322.217131000 0 562424
1484573329.397316000 0 0
1484573321.676745000 599545 7339
1484573495.595504000 0 0
1484572914.733620000 7268 11352
1484573495.599018000 14031 0
1484573530.019904000 0 0
1484573530.101386000 0 0
1484573530.357419000 0 0
1484573530.381959000 0 0
1484573530.432343000 0 0
1484573530.435059000 0 0
1484573530.438767000 0 0
1484573530.445644000 0 0
1484573530.448303000 0 0
1484573530.450942000 0 0
1484573530.453528000 0 0
1484573530.455944000 0 0
1484573530.458576000 0 0
1484573530.461133000 0 0
1484573530.464068000 0 0
1484573530.466591000 0 0
1484573530.505576000 0 0
1484573530.507843000 0 0
1484573530.514795000 0 0
1484573530.519080000 0 0
1484573530.518193000 0 0
1484573530.524003000 0 0
1484573530.526412000 0 0
1484573530.586467000 0 0
1484573530.589156000 0 0
1484573530.591833000 0 0
1484573530.594411000 0 0
1484573530.600037000 0 0
1484573530.602541000 0 0
1484573530.605379000 0 0
1484573530.607891000 0 0
1484573530.613409000 0 0
1484573530.615964000 0 0
1484573530.618489000 0 0
1484573530.621368000 0 0
1484573530.626816000 0 0
1484573530.630228000 0 0
1484573530.632755000 0 0
1484573530.635279000 0 0
1484573535.462683000 0 0
1484573535.466054000 0 0
1484573537.839284000 0 0
1484573538.195565000 0 0
1484573538.198309000 0 0
1484573538.201195000 0 0
1484573530.224773000 0 0
1484573538.429227000 0 0
1484573538.434759000 24576 0
1484573538.211280000 0 0
1484573540.361033000 0 0
1484573540.365169000 0 0
1484573540.369798000 0 0
1484573540.382203000 0 0
1484573540.395088000 0 0
1484573540.407094000 0 0
1484573540.363932000 0 0
1484573530.703623000 0 0
1484573530.709371000 0 0
1484573554.956882000 0 8033
1484573530.368548000 402 0
1484573530.388333000 80 0
1484573530.374338000 282 0
1484573554.969067000 0 0
1484573530.663027000 195 0
1484573554.968127000 0 0
1484573556.803208000 0 0
1484573538.389142000 278 0
1484573538.214617000 186 0
1484573540.374736000 223 0
1484573540.378846000 177 0
1484573540.387029000 238 0
1484573540.391701000 201 0
1484573540.399542000 197 0
1484573540.403617000 198 0
1484573540.411757000 197 0
1484573540.416175000 197 0
1484573795.638787000 0 0
1484573795.643240000 14031 0
1484573862.325177000 0 8033
1484573862.335894000 0 0
1484573862.334926000 0 0
1484574095.677047000 0 0
1484574095.682283000 14031 0
1484574163.666651000 0 8036
1484574163.675722000 0 0
1484574163.674926000 0 0
1484574369.867112000 0 0
1484574395.709983000 0 0
1484574405.426202000 0 0
1484574395.713275000 14031 0
1484574419.670061000 0 0
1484574419.672556000 0 0
1484574419.675613000 0 0
1484574419.687691000 0 0
1484574419.690962000 0 0
1484574419.693321000 0 0
1484574419.695596000 0 0
1484574419.697857000 0 0
1484574419.700220000 0 0
1484574419.702585000 0 0
1484574419.705020000 0 0
1484574419.707454000 0 0
1484574419.714613000 0 0
1484574419.748597000 0 0
1484574419.751421000 0 0
1484574419.759374000 0 0
1484574419.764392000 0 0
1484574419.766886000 0 0
1484574429.667506000 0 0
1484574429.672500000 0 0
1484574429.677437000 0 0
1484574429.681597000 0 0
1484574429.685473000 0 0
1484574429.689420000 0 0
1484574429.671206000 0 0
1484574429.695154000 0 0
1484574419.681375000 80 0
1484574419.762447000 282 0
1484574419.771764000 402 0
1484574463.688366000 0 8036
1484574463.698058000 0 0
1484574463.697088000 0 0
1484574517.136249000 0 0
1484574534.630002000 0 0
1484574546.025081000 0 0
1484574546.028766000 0 0
1484574546.036594000 0 0
1484574546.040381000 0 0
1484574546.042922000 0 0
1484574546.045848000 0 0
1484574546.048304000 0 0
1484574546.050861000 0 0
1484574546.053419000 0 0
1484574546.056089000 0 0
1484574546.058795000 0 0
1484574556.026519000 0 0
1484574556.029266000 0 0
1484574556.035341000 0 0
1484574556.040576000 0 0
1484574556.044853000 0 0
1484574556.049073000 0 0
1484574556.053297000 0 0
1484574556.032833000 0 0
1484574556.059423000 0 0
1484574568.536543000 0 0
1484574568.540446000 0 0
1484574568.547493000 0 0
1484574546.032788000 80 0
1484574578.553439000 0 0
1484574578.556909000 0 0
1484574578.563016000 0 0
1484574578.567937000 0 0
1484574578.571699000 0 0
1484574578.575497000 0 0
1484574578.579281000 0 0
1484574578.560807000 0 0
1484574578.584720000 0 0
1484574616.065969000 0 0
1484574616.105596000 0 0
1484574616.078278000 494 0
1484574616.082583000 481 0
1484574616.087004000 1664 0
1484574616.092026000 693 0
1484574616.097548000 1697 0
1484574616.099756000 282 0
1484574616.073228000 489 0
1484574617.683321000 0 0
1484574616.063241000 0 0
1484574618.235501000 0 0
1484574618.239746000 0 0
1484574618.243728000 0 0
1484574618.247323000 0 0
1484574618.250840000 0 0
1484574618.254315000 0 0
1484574618.257728000 0 0
1484574618.261273000 0 0
1484574618.264788000 0 0
1484574618.268182000 0 0
1484574618.271486000 0 0
1484574618.275035000 0 0
1484574618.278816000 0 0
1484574618.285501000 0 0
1484574618.289084000 0 0
1484574618.292517000 0 0
1484574618.296063000 0 0
1484574618.299526000 0 0
1484574618.303110000 0 0
1484574618.306572000 0 0
1484574618.310004000 0 0
1484574618.313710000 0 0
1484574618.317192000 0 0
1484574618.320578000 0 0
1484574618.324129000 0 0
1484574618.327651000 0 0
1484574618.331250000 0 0
1484574618.335069000 0 0
1484574618.338350000 0 0
1484574618.341926000 0 0
1484574618.345329000 0 0
1484574618.348706000 0 0
1484574618.352005000 0 0
1484574618.356209000 0 0
1484574618.359447000 0 0
1484574618.363038000 0 0
1484574618.366444000 0 0
1484574618.370010000 0 0
1484574618.373343000 0 0
1484574618.376896000 0 0
1484574618.380189000 0 0
1484574618.383585000 0 0
1484574618.386972000 0 0
1484574618.390482000 0 0
1484574618.393737000 0 0
1484574618.397119000 0 0
1484574618.400541000 0 0
1484574618.403866000 0 0
1484574618.407205000 0 0
1484574618.411026000 0 0
1484574618.414581000 0 0
1484574618.418123000 0 0
1484574618.421615000 0 0
1484574618.425007000 0 0
1484574618.428423000 0 0
1484574618.431810000 0 0
1484574618.435377000 0 0
1484574618.438677000 0 0
1484574618.442250000 0 0
1484574618.445779000 0 0
1484574618.449701000 0 0
1484574618.453201000 0 0
1484574618.456849000 0 0
1484574618.460160000 0 0
1484574618.463612000 0 0
1484574618.467014000 0 0
1484574618.470309000 0 0
1484574618.473860000 0 0
1484574618.477313000 0 0
1484574618.480676000 0 0
1484574618.484112000 0 0
1484574618.487553000 0 0
1484574618.490880000 0 0
1484574618.494314000 0 0
1484574618.497582000 0 0
1484574618.500831000 0 0
1484574618.504277000 0 0
1484574618.507537000 0 0
1484574618.510869000 0 0
1484574618.514241000 0 0
1484574618.517543000 0 0
1484574618.520883000 0 0
1484574618.524339000 0 0
1484574618.527687000 0 0
1484574618.530891000 0 0
1484574618.534316000 0 0
1484574618.537680000 0 0
1484574618.541071000 0 0
1484574618.544411000 0 0
1484574618.547928000 0 0
1484574618.551194000 0 0
1484574618.554675000 0 0
1484574618.558158000 0 0
1484574618.561607000 0 0
1484574618.564994000 0 0
1484574618.568358000 0 0
1484574618.571721000 0 0
1484574618.575033000 0 0
1484574618.578331000 0 0
1484574618.581754000 0 0
1484574618.584943000 0 0
1484574618.588236000 0 0
1484574618.591938000 0 0
1484574618.595351000 0 0
1484574618.598741000 0 0
1484574618.602110000 0 0
1484574618.605627000 0 0
1484574618.609033000 0 0
1484574618.612497000 0 0
1484574618.615907000 0 0
1484574618.619318000 0 0
1484574618.622733000 0 0
1484574618.626008000 0 0
1484574618.629393000 0 0
1484574618.632762000 0 0
1484574618.636286000 0 0
1484574618.639494000 0 0
1484574618.642896000 0 0
1484574618.646252000 0 0
1484574618.649636000 0 0
1484574618.653021000 0 0
1484574618.656584000 0 0
1484574618.659915000 0 0
1484574618.663172000 0 0
1484574618.666308000 0 0
1484574618.669645000 0 0
1484574618.673407000 0 0
1484574618.677141000 0 0
1484574618.680813000 0 0
1484574618.684174000 0 0
1484574618.687681000 0 0
1484574618.691080000 0 0
1484574618.694533000 0 0
1484574618.697972000 0 0
1484574618.701422000 0 0
1484574618.704675000 0 0
1484574618.708237000 0 0
1484574618.711619000 0 0
1484574618.714883000 0 0
1484574618.718264000 0 0
1484574618.721625000 0 0
1484574618.724957000 0 0
1484574618.728218000 0 0
1484574618.731527000 0 0
1484574618.734486000 0 0
1484574618.737785000 0 0
1484574618.741004000 0 0
1484574618.757225000 0 0
1484574619.778823000 0 0
1484574619.782347000 0 0
1484574619.787148000 0 0
1484574619.790835000 0 0
1484574619.794149000 0 0
1484574619.797554000 0 0
1484574619.801374000 0 0
1484574619.804718000 0 0
1484574619.808860000 0 0
1484574619.812345000 0 0
1484574619.815666000 0 0
1484574619.819015000 0 0
1484574619.822408000 0 0
1484574619.825804000 0 0
1484574619.829301000 0 0
1484574619.832709000 0 0
1484574619.835868000 0 0
1484574619.839333000 0 0
1484574619.842739000 0 0
1484574619.846034000 0 0
1484574619.849321000 0 0
1484574619.852497000 0 0
1484574619.855768000 0 0
1484574619.859151000 0 0
1484574619.862819000 0 0
1484574619.866161000 0 0
1484574619.870189000 0 0
1484574619.873738000 0 0
1484574619.877995000 0 0
1484574619.884272000 0 0
1484574619.887875000 0 0
1484574619.891701000 0 0
1484574619.895703000 0 0
1484574619.899457000 0 0
1484574619.902799000 0 0
1484574619.906139000 0 0
1484574619.909626000 0 0
1484574619.912860000 0 0
1484574619.916498000 0 0
1484574619.919472000 0 0
1484574619.922908000 0 0
1484574619.926186000 0 0
1484574619.929515000 0 0
1484574619.933019000 0 0
1484574619.936788000 0 0
1484574619.940493000 0 0
1484574619.944060000 0 0
1484574619.947455000 0 0
1484574619.951314000 0 0
1484574619.954824000 0 0
1484574619.958102000 0 0
1484574619.961648000 0 0
1484574619.964961000 0 0
1484574619.968960000 0 0
1484574619.972286000 0 0
1484574619.975628000 0 0
1484574619.979034000 0 0
1484574619.982306000 0 0
1484574619.985598000 0 0
1484574619.988868000 0 0
1484574619.992684000 0 0
1484574619.996068000 0 0
1484574619.999253000 0 0
1484574620.002827000 0 0
1484574620.006019000 0 0
1484574620.009451000 0 0
1484574620.012814000 0 0
1484574620.016292000 0 0
1484574620.019341000 0 0
1484574620.023271000 0 0
1484574620.026548000 0 0
1484574620.030017000 0 0
1484574620.033505000 0 0
1484574620.037008000 0 0
1484574620.040765000 0 0
1484574620.044984000 0 0
1484574620.048344000 0 0
1484574620.051603000 0 0
1484574620.054777000 0 0
1484574620.058889000 0 0
1484574620.062364000 0 0
1484574620.066006000 0 0
1484574620.069428000 0 0
1484574620.072821000 0 0
1484574620.076129000 0 0
1484574620.079614000 0 0
1484574620.083843000 0 0
1484574620.087082000 0 0
1484574620.090560000 0 0
1484574620.094416000 0 0
1484574620.098171000 0 0
1484574620.101592000 0 0
1484574620.104790000 0 0
1484574620.108429000 0 0
1484574620.111987000 0 0
1484574620.115350000 0 0
1484574620.118541000 0 0
1484574620.121897000 0 0
1484574620.125475000 0 0
1484574620.129069000 0 0
1484574620.132298000 0 0
1484574620.135505000 0 0
1484574620.139110000 0 0
1484574620.142313000 0 0
1484574620.145690000 0 0
1484574620.149098000 0 0
1484574620.152410000 0 0
1484574620.155737000 0 0
1484574620.158870000 0 0
1484574620.162180000 0 0
1484574620.165564000 0 0
1484574620.168644000 0 0
1484574620.172098000 0 0
1484574620.175436000 0 0
1484574620.178932000 0 0
1484574620.182287000 0 0
1484574620.186073000 0 0
1484574620.189623000 0 0
1484574620.193154000 0 0
1484574620.196376000 0 0
1484574620.200393000 0 0
1484574620.203639000 0 0
1484574620.206883000 0 0
1484574620.210159000 0 0
1484574620.213407000 0 0
1484574620.217030000 0 0
1484574620.222119000 0 0
1484574620.225534000 0 0
1484574620.228888000 0 0
1484574620.232558000 0 0
1484574620.235727000 0 0
1484574620.239148000 0 0
1484574620.242490000 0 0
1484574620.245928000 0 0
1484574620.249365000 0 0
1484574620.252876000 0 0
1484574620.256112000 0 0
1484574620.259509000 0 0
1484574620.262752000 0 0
1484574620.265910000 0 0
1484574620.269152000 0 0
1484574620.280388000 0 0
1484574620.283739000 0 0
1484574620.287644000 0 0
1484574620.291032000 0 0
1484574620.299299000 0 0
1484574620.302615000 0 0
1484574620.306606000 0 0
1484574620.309940000 0 0
1484574620.313331000 0 0
1484574620.316797000 0 0
1484574620.320192000 0 0
1484574620.323819000 0 0
1484574620.327306000 0 0
1484574620.331287000 0 0
1484574620.334588000 0 0
1484574620.338020000 0 0
1484574620.341592000 0 0
1484574620.344928000 0 0
1484574620.348349000 0 0
1484574620.351843000 0 0
1484574620.355291000 0 0
1484574620.358593000 0 0
1484574620.361981000 0 0
1484574620.365435000 0 0
1484574620.368805000 0 0
1484574620.372065000 0 0
1484574620.375599000 0 0
1484574620.379102000 0 0
1484574620.382501000 0 0
1484574620.385894000 0 0
1484574620.389208000 0 0
1484574620.392650000 0 0
1484574620.395957000 0 0
1484574620.399210000 0 0
1484574620.403093000 0 0
1484574620.406574000 0 0
1484574620.410084000 0 0
1484574620.413314000 0 0
1484574620.416837000 0 0
1484574620.420262000 0 0
1484574620.424153000 0 0
1484574620.427432000 0 0
1484574620.431376000 0 0
1484574620.435246000 0 0
1484574620.438645000 0 0
1484574620.441641000 0 0
1484574620.444839000 0 0
1484574620.448037000 0 0
1484574620.451253000 0 0
1484574620.454414000 0 0
1484574620.457625000 0 0
1484574620.460812000 0 0
1484574620.464065000 0 0
1484574620.467246000 0 0
1484574620.470616000 0 0
1484574620.473903000 0 0
1484574620.477346000 0 0
1484574620.480408000 0 0
1484574620.483687000 0 0
1484574620.487087000 0 0
1484574620.490335000 0 0
1484574620.493497000 0 0
1484574620.496742000 0 0
1484574620.499943000 0 0
1484574620.503127000 0 0
1484574620.506541000 0 0
1484574620.509744000 0 0
1484574620.513045000 0 0
1484574620.516584000 0 0
1484574620.519689000 0 0
1484574620.523120000 0 0
1484574620.526328000 0 0
1484574620.529709000 0 0
1484574620.533538000 0 0
1484574620.536751000 0 0
1484574620.540030000 0 0
1484574620.543572000 0 0
1484574620.547194000 0 0
1484574620.550387000 0 0
1484574620.553682000 0 0
1484574620.556729000 0 0
1484574620.560590000 0 0
1484574620.564038000 0 0
1484574620.567135000 0 0
1484574620.570683000 0 0
1484574620.574021000 0 0
1484574620.577580000 0 0
1484574620.581014000 0 0
1484574620.585089000 0 0
1484574620.588779000 0 0
1484574620.592440000 0 0
1484574620.616470000 0 0
1484574620.629782000 0 0
1484574620.633401000 0 0
1484574620.655288000 0 0
1484574620.658961000 0 0
1484574620.662324000 0 0
1484574620.669968000 0 0
1484574620.708349000 0 0
1484574620.723727000 0 0
1484574620.727877000 0 0
1484574620.731726000 0 0
1484574620.735665000 0 0
1484574620.739092000 0 0
1484574620.742595000 0 0
1484574620.745880000 0 0
1484574620.749310000 0 0
1484574620.752820000 0 0
1484574620.756298000 0 0
1484574620.784393000 0 0
1484574620.787923000 0 0
1484574620.791644000 0 0
1484574620.795070000 0 0
1484574620.817575000 0 0
1484574620.824811000 0 0
1484574620.829871000 0 0
1484574620.833515000 0 0
1484574620.837194000 0 0
1484574621.042335000 0 0
1484574621.046128000 0 0
1484574621.049578000 0 0
1484574621.196326000 0 0
1484574621.232082000 0 0
1484574621.235602000 0 0
1484574621.239151000 0 0
1484574621.242414000 0 0
1484574621.245715000 0 0
1484574621.249475000 0 0
1484574621.252626000 0 0
1484574621.256055000 0 0
1484574621.259553000 0 0
1484574621.262845000 0 0
1484574621.274868000 0 0
1484574621.278349000 0 0
1484574621.281908000 0 0
1484574621.285303000 0 0
1484574621.330716000 0 0
1484574621.418343000 0 0
1484574621.456278000 0 0
1484574621.460045000 0 0
1484574621.463786000 0 0
1484574621.497839000 0 0
1484574621.507876000 0 0
1484574621.511642000 0 0
1484574621.522430000 0 0
1484574621.552022000 0 0
1484574621.556474000 0 0
1484574621.560031000 0 0
1484574621.563544000 0 0
1484574621.581708000 0 0
1484574621.585625000 0 0
1484574621.589374000 0 0
1484574621.593178000 0 0
1484574621.596877000 0 0
1484574621.600276000 0 0
1484574621.604003000 0 0
1484574621.607648000 0 0
1484574621.611091000 0 0
1484574621.614655000 0 0
1484574621.617995000 0 0
1484574621.621310000 0 0
1484574621.624987000 0 0
1484574621.628154000 0 0
1484574621.631580000 0 0
1484574621.634936000 0 0
1484574621.639746000 0 0
1484574621.643191000 0 0
1484574621.646640000 0 0
1484574621.650163000 0 0
1484574621.654273000 0 0
1484574621.660008000 0 0
1484574621.663312000 0 0
1484574621.666911000 0 0
1484574621.670319000 0 0
1484574621.673838000 0 0
1484574621.677381000 0 0
1484574621.680836000 0 0
1484574621.684798000 0 0
1484574621.688600000 0 0
1484574621.692153000 0 0
1484574621.695704000 0 0
1484574621.699222000 0 0
1484574621.702958000 0 0
1484574621.706186000 0 0
1484574621.710106000 0 0
1484574621.713410000 0 0
1484574621.716780000 0 0
1484574621.720392000 0 0
1484574621.724079000 0 0
1484574621.727474000 0 0
1484574621.732522000 0 0
1484574621.735999000 0 0
1484574621.739624000 0 0
1484574621.743106000 0 0
1484574621.746553000 0 0
1484574621.750288000 0 0
1484574621.753585000 0 0
1484574621.757090000 0 0
1484574621.760371000 0 0
1484574621.764079000 0 0
1484574621.767723000 0 0
1484574621.770945000 0 0
1484574621.774311000 0 0
1484574621.777732000 0 0
1484574621.781766000 0 0
1484574621.785251000 0 0
1484574621.788624000 0 0
1484574621.792037000 0 0
1484574621.795393000 0 0
1484574621.799104000 0 0
1484574621.802685000 0 0
1484574621.807874000 0 0
1484574621.811404000 0 0
1484574621.815137000 0 0
1484574621.818418000 0 0
1484574621.822609000 0 0
1484574621.825988000 0 0
1484574621.829745000 0 0
1484574621.833832000 0 0
1484574621.837221000 0 0
1484574621.840619000 0 0
1484574621.844189000 0 0
1484574621.847817000 0 0
1484574621.851191000 0 0
1484574621.859578000 0 0
1484574621.863289000 0 0
1484574621.866794000 0 0
1484574621.870955000 0 0
1484574621.875085000 0 0
1484574621.878664000 0 0
1484574621.882032000 0 0
1484574621.886079000 0 0
1484574621.911974000 0 0
1484574621.940875000 0 0
1484574621.954282000 0 0
1484574621.967485000 0 0
1484574621.984796000 0 0
1484574621.988308000 0 0
1484574621.991956000 0 0
1484574621.995690000 0 0
1484574622.000235000 0 0
1484574622.003963000 0 0
1484574622.007660000 0 0
1484574622.011181000 0 0
1484574622.014758000 0 0
1484574622.018208000 0 0
1484574622.021852000 0 0
1484574622.025437000 0 0
1484574622.028966000 0 0
1484574622.032574000 0 0
1484574622.108650000 0 0
1484574622.230973000 0 0
1484574622.235909000 0 0
1484574622.254960000 0 0
1484574622.259117000 0 0
1484574622.263355000 0 0
1484574622.266904000 0 0
1484574622.271556000 0 0
1484574622.274971000 0 0
1484574622.278339000 0 0
1484574622.281774000 0 0
1484574622.285192000 0 0
1484574622.288511000 0 0
1484574622.291877000 0 0
1484574622.295501000 0 0
1484574622.298977000 0 0
1484574622.302417000 0 0
1484574622.355189000 0 0
1484574622.369076000 0 0
1484574622.372619000 0 0
1484574622.376163000 0 0
1484574622.379515000 0 0
1484574622.396454000 0 0
1484574622.400054000 0 0
1484574622.404175000 0 0
1484574622.407994000 0 0
1484574622.411843000 0 0
1484574622.415561000 0 0
1484574622.419463000 0 0
1484574622.423528000 0 0
1484574622.427253000 0 0
1484574622.431196000 0 0
1484574622.434642000 0 0
1484574622.438313000 0 0
1484574622.442093000 0 0
1484574622.445640000 0 0
1484574622.449242000 0 0
1484574622.452793000 0 0
1484574622.456403000 0 0
1484574622.459778000 0 0
1484574622.463419000 0 0
1484574622.478167000 0 0
1484574622.499137000 0 0
1484574622.519292000 0 0
1484574622.531593000 0 0
1484574622.550371000 0 0
1484574622.567955000 0 0
1484574622.590836000 0 0
1484574622.640053000 0 0
1484574622.659061000 0 0
1484574622.674760000 0 0
1484574622.678794000 0 0
1484574622.692151000 0 0
1484574617.523723000 0 0
1484574630.818795000 0 0
1484574631.093543000 0 0
1484574631.619441000 0 0
1484574631.618006000 0 0
1484574631.683646000 0 0
1484574631.743450000 0 0
1484574631.746718000 0 0
1484574631.754635000 0 0
1484574631.812520000 0 0
1484574631.861948000 0 0
1484574631.890954000 0 0
1484574620.295994000 273 0
1484574631.918823000 0 0
1484574631.759537000 282 0
1484574631.924228000 0 0
1484574631.924980000 0 0
1484574631.922730000 0 0
1484574631.957383000 0 0
1484574631.966038000 0 0
1484574632.015158000 0 0
1484574632.012128000 0 0
1484574632.036414000 0 0
1484574632.033816000 0 0
1484574632.044910000 0 0
1484574632.049090000 0 0
1484574632.101124000 0 0
1484574632.153094000 0 0
1484574632.150644000 0 0
1484574634.080180000 0 0
1484574634.083047000 0 0
1484574634.241351000 0 0
1484574634.281299000 0 0
1484574634.292356000 0 0
1484574634.307212000 0 0
1484574634.312316000 0 0
1484574632.223099000 165 0
1484574634.376086000 0 0
1484574634.374034000 0 0
1484574634.384066000 0 0
1484574634.478518000 0 0
1484574634.476221000 0 0
1484574630.160226000 10920 0
1484574631.838264000 0 0
1484574631.849506000 23184 0
1484574695.754695000 0 0
1484574696.733697000 0 0
1484574695.759703000 14031 0
1484574696.738352000 1119 0
1484574763.710564000 0 8036
1484574763.719968000 0 0
1484574763.719028000 0 0
1484574932.554734000 0 0
1484574995.797623000 0 0
1484574995.803241000 14031 0
1484575147.849294000 0 8036
1484575147.858457000 0 0
1484575147.857467000 0 0
1484575149.270736000 0 0
1484575149.301307000 0 0
1484575149.304603000 0 0
1484575149.312644000 0 0
1484575149.318769000 282 0
1484575197.351951000 0 0
1484575295.836446000 0 0
1484575295.839746000 14031 0
1484575396.873405000 0 0
1484575396.917510000 0 0
1484575398.876410000 0 0
1484575396.934249000 0 0
1484575400.887965000 0 0
1484575396.893873000 10852 0
1484575398.903545000 0 0
1484574631.622165000 0 0
1484575441.219201000 0 0
1484575447.875112000 0 8036
1484575447.884412000 0 0
1484575447.883505000 0 0
1484575451.247051000 0 0
1484575474.053492000 0 0
1484575508.159264000 0 0
1484575521.288427000 0 0
1484573538.191784000 0 0
1484573538.335924000 0 0
1484573530.099205000 0 0
1484575524.548579000 0 0
1484575524.554298000 0 0
1484575524.576977000 0 0
1484575524.580818000 0 0
1484575524.584391000 0 0
1484575524.578380000 0 0
1484575524.587893000 0 0
1484575524.553147000 0 0
1484575524.591875000 0 0
1484575524.594835000 0 0
1484575524.598056000 0 0
1484575524.551538000 0 0
1484573530.530933000 0 0
1484575525.815909000 0 0
1484575525.995185000 0 0
1484575526.016529000 0 0
1484575526.026546000 0 0
1484575526.030367000 0 0
1484575526.033043000 0 0
1484575526.035563000 0 0
1484575526.037884000 0 0
1484575526.040632000 0 0
1484575526.087302000 0 0
1484575526.089319000 0 0
1484575526.097411000 0 0
1484575526.101471000 0 0
1484575526.103555000 0 0
1484575526.143160000 0 0
1484575526.145848000 0 0
1484575526.148442000 0 0
1484575526.151337000 0 0
1484575526.157039000 0 0
1484575526.159396000 0 0
1484575526.162017000 0 0
1484575526.164346000 0 0
1484575526.170309000 0 0
1484575526.172744000 0 0
1484575526.175068000 0 0
1484575526.177368000 0 0
1484575526.182748000 0 0
1484575526.184936000 0 0
1484575526.187266000 0 0
1484575526.189553000 0 0
1484575524.403454000 0 0
1484575524.405781000 0 0
1484575527.145214000 0 0
1484575527.148570000 0 0
1484575525.976491000 0 0
1484575529.577725000 0 0
1484575529.589859000 0 0
1484575529.592356000 0 0
1484575536.014694000 0 0
1484575536.020656000 0 0
1484575536.025831000 0 0
1484575536.033024000 0 0
1484575536.039375000 0 0
1484575536.045415000 0 0
1484575536.019051000 0 0
1484575536.053407000 0 0
1484575524.572604000 0 0
1484575524.575931000 0 0
1484575524.616683000 134 0
1484575524.620736000 134 0
1484575524.624694000 134 0
1484575524.628888000 144 0
1484575524.633012000 134 0
1484575524.637416000 134 0
1484575524.641744000 134 0
1484575524.645795000 182 0
1484575524.649459000 321 0
1484575548.802666000 0 0
1484575526.006614000 402 0
1484575526.010648000 282 0
1484575526.020912000 80 0
1484575524.612623000 195 0
1484575524.560140000 278 0
1484575524.567297000 186 0
1484575524.581821000 446 0
1484575524.585473000 354 0
1484575524.590590000 476 0
1484575524.593901000 402 0
1484575524.597720000 394 0
1484575524.601863000 396 0
1484575524.605756000 394 0
1484575524.609100000 394 0
1484575595.876981000 0 0
1484575596.802614000 0 0
1484575612.756292000 0 0
1484575612.759217000 0 0
1484575612.766367000 0 0
1484575612.768765000 0 0
1484575612.771035000 0 0
1484575612.773339000 0 0
1484575612.775525000 0 0
1484575612.777664000 0 0
1484575612.780016000 0 0
1484575612.782339000 0 0
1484575612.784524000 0 0
1484575595.881517000 14031 0
1484575622.769313000 0 0
1484575622.771688000 0 0
1484575622.776258000 0 0
1484575622.780529000 0 0
1484575622.784361000 0 0
1484575622.788403000 0 0
1484575622.792303000 0 0
1484575622.775146000 0 0
1484575622.797733000 0 0
1484575612.764397000 80 0
1484575747.896279000 0 8036
1484575747.905721000 0 0
1484575747.904791000 0 0
1484575828.978696000 0 0
1484575843.022492000 0 0
1484575895.918979000 0 0
1484575918.391759000 0 0
1484575895.923663000 14031 0
1484575930.056444000 0 0
1484575930.059816000 0 0
1484575930.068739000 0 0
1484575930.071975000 0 0
1484575930.074405000 0 0
1484575930.076897000 0 0
1484575930.079231000 0 0
1484575930.081673000 0 0
1484575930.084141000 0 0
1484575930.086714000 0 0
1484575930.089203000 0 0
1484575930.095958000 0 0
1484575930.130226000 0 0
1484575930.133400000 0 0
1484575930.141437000 0 0
1484575940.045721000 0 0
1484575940.049535000 0 0
1484575940.054362000 0 0
1484575940.058247000 0 0
1484575940.061976000 0 0
1484575940.066319000 0 0
1484575940.048330000 0 0
1484575940.071864000 0 0
1484575954.099247000 0 0
1484575954.103401000 0 0
1484575954.109449000 0 0
1484575930.066248000 80 0
1484575930.144959000 282 0
1484575964.115778000 0 0
1484575964.118690000 0 0
1484575964.125124000 0 0
1484575964.129670000 0 0
1484575964.133626000 0 0
1484575964.137342000 0 0
1484575964.141349000 0 0
1484575964.122684000 0 0
1484575964.146456000 0 0
1484576047.905868000 0 8036
1484576047.915575000 0 0
1484576047.914779000 0 0
1484576195.962448000 0 0
1484576195.965590000 14031 0
1484576347.919339000 0 8036
1484576347.927776000 0 0
1484576347.926833000 0 0
1484576496.004201000 0 0
1484576496.007789000 14031 0
1484576796.040856000 0 0
1484576796.043645000 14031 0
1484577096.072567000 0 0
1484577096.075563000 14031 0
1484577311.158583000 0 8036
1484577311.166583000 0 0
1484577311.165637000 0 0
1484577311.784597000 0 0
1484577313.582191000 0 0
1484575528.875120000 0 0
1484577316.627897000 0 0
1484577316.634522000 0 0
1484577316.633220000 0 0
1484577316.656012000 0 0
1484577316.654852000 0 0
1484577316.665338000 0 0
1484577316.675471000 0 0
1484577316.678810000 0 0
1484577316.631864000 0 0
1484577316.676506000 0 0
1484577316.682849000 0 0
1484577316.722730000 0 0
1484577316.733269000 0 0
1484577316.732094000 0 0
1484577316.630362000 0 0
1484575525.938122000 0 0
1484577316.601805000 0 0
1484577316.600759000 0 0
1484577316.650839000 0 0
1484577316.653832000 0 0
1484577336.856130000 0 0
1484577336.866288000 0 0
1484577336.869596000 0 15895
1484577336.877979000 0 0
1484577336.880929000 0 0
1484577336.883590000 0 0
1484577336.859368000 0 0
1484577336.886392000 0 0
1484577336.983047000 0 0
1484577336.991334000 0 0
1484577336.993721000 0 0
1484577336.998416000 0 0
1484577337.002593000 0 0
1484577337.001117000 0 0
1484577337.034227000 0 0
1484577337.043927000 0 444
1484577337.052840000 0 0
1484577337.078209000 0 85
1484577337.084781000 0 0
1484577337.112936000 0 109
1484577337.119926000 0 0
1484577337.189100000 0 144
1484577337.193546000 0 0
1484572900.414652000 0 4096
1484577337.195632000 0 0
1484577337.199807000 0 0
1484577337.203182000 0 0
1484572900.411678000 0 0
1484577337.208581000 0 0
1484577337.367895000 0 0
1484577337.394151000 0 0
1484577337.401307000 0 10
1484577337.418541000 0 0
1484577337.426295000 0 0
1484577337.373855000 0 0
1484577337.433089000 0 0
1484572898.077451000 187869 72195
1484572900.297899000 16708 20684
1484577337.465728000 0 187904
1484577337.545205000 0 0
1484572896.651085000 0 32768
1484577337.551629000 0 0
1484572896.647390000 704536 11182136
1484577337.559357000 0 0
1484577337.561804000 0 0
1484572896.638441000 2162688 720896
1484577337.631279000 0 98
1484577337.638910000 0 175
1484577337.646519000 0 0
1484577337.666965000 0 0
1484572904.238965000 0 4096
1484577337.668629000 0 204
1484577337.673447000 0 0
1484577337.675131000 0 0
1484577337.679553000 0 0
1484572904.235757000 0 0
1484577337.685577000 0 0
1484577337.692065000 0 0
1484572904.212443000 0 4096
1484577337.697830000 0 0
1484577337.701071000 0 0
1484572904.209357000 0 0
1484577337.706319000 0 0
1484577337.710344000 0 0
1484577337.720835000 0 0
1484577337.724090000 0 36415
1484577337.746450000 0 0
1484577337.749043000 0 0
1484577337.713577000 0 0
1484577337.751733000 0 0
1484577337.804028000 0 0
1484572910.074895000 83246 3282
1484573496.350299000 0 13033
1484572920.834678000 645274 6368
1484574617.682384000 0 0
1484577316.639399000 278 0
1484577316.646351000 186 0
1484577316.658696000 223 0
1484577316.662348000 177 0
1484577316.669193000 238 0
1484577316.672805000 201 0
1484577316.679269000 197 0
1484577316.682316000 198 0
1484577316.688628000 197 0
1484577316.695832000 197 0
1484577316.703076000 195 0
1484577316.685139000 134 0
1484577316.692305000 134 0
1484577316.699494000 134 0
1484577316.706985000 144 0
1484577316.711139000 134 0
1484577316.716128000 134 0
1484577316.720787000 134 0
1484577316.726401000 182 0
1484577316.730248000 321 0
1484575526.058366000 0 0
1484572904.253886000 0 0
1484572904.219769000 0 0
1484572891.679803000 0 0
1484572894.643371000 5527 0
1484572895.447368000 2392064 1835008
1484572900.404047000 98304 0
1484572896.716210000 163840 0
1484572894.721732000 65536 0
1484572891.861732000 135168 4096
1484572891.869341000 16384 4096
1484572904.224549000 98304 0
1484572904.200373000 98304 0
1484572932.158890000 98304 0
1484572903.172194000 65536 0
1484572904.465850000 24741 0
1484577387.319362000 0 0
1484577387.323328000 0 0
1484577387.331325000 0 0
1484572520.706850000 0 0
