1484549436.510263000 0 0
1484549436.521305000 0 0
1484549436.531268000 0 0
1484549436.540162000 0 0
1484549436.550209000 0 0
1484549439.233435000 0 0
1484549439.242203000 0 0
1484549439.260099000 0 0
1484549437.904891000 150 0
1484549439.178252000 282 0
1484549442.041139000 0 0
1484549442.045210000 0 0
1484549442.051127000 0 0
1484549442.055178000 0 0
1484549442.078589000 0 0
1484549442.153097000 0 0
1484549442.160104000 0 0
1484549442.200205000 0 0
1484549442.204050000 0 0
1484549442.210078000 0 0
1484549442.214159000 0 0
1484549442.092308000 0 0
1484549442.317485000 1957 0
1484549442.101187000 82 0
1484549442.129537000 236 0
1484549442.145061000 369 0
1484549442.166213000 526 0
1484549442.179584000 552 0
1484549442.186972000 1318 0
1484549442.208614000 463 0
1484549442.215411000 463 0
1484549442.225690000 465 0
1484549442.234864000 504 0
1484549442.249166000 466 0
1484549442.262742000 80 0
1484549442.287692000 275 0
1484549442.300309000 466 0
1484549442.324952000 363 0
1484549442.350942000 462 0
1484549442.369034000 445 0
1484549442.460604000 2741 0
1484549442.475637000 217 0
1484549442.484038000 170 0
1484549442.499069000 2359 0
1484549442.506353000 1125 0
1484549442.526690000 1554 0
1484549442.928604000 0 0
1484549442.005414000 564 0
1484549490.897549000 0 0
1484549491.053589000 0 0
1484549491.249662000 0 0
1484549491.262521000 0 0
1484549491.279662000 0 0
1484549491.290607000 0 0
1484549496.609580000 0 0
1484549491.311712000 504 0
1484549493.885720000 12576 0
1484549498.304140000 23552 0
1484549517.371634000 0 0
1484549503.386880000 23552 0
1484549518.667464000 0 0
1484549539.105700000 0 0
1484549506.275250000 46382 0
1484549535.866000000 0 0
1484549551.081989000 0 0
1484549496.603522000 0 0
1484549551.107585000 0 0
1484549551.102219000 0 0
1484549551.125183000 0 0
1484549551.135578000 0 0
1484549551.148999000 0 0
1484549551.146872000 0 0
1484549551.157807000 0 0
1484549551.149126000 0 0
1484549551.159831000 0 0
1484549552.445322000 0 0
1484549561.434764000 0 0
1484549551.150780000 0 0
1484549561.457481000 0 0
1484549551.176007000 15872 0
1484549551.205462000 0 0
1484549561.455153000 0 0
1484549561.480694000 0 0
1484549561.489808000 0 0
1484549561.506736000 0 0
1484549561.511720000 0 0
1484549561.506808000 0 0
1484549561.504887000 0 0
1484549561.509804000 0 0
1484549567.137912000 0 0
1484549551.149173000 282 0
1484549551.167991000 82 0
1484549576.828708000 0 0
1484549561.499603000 0 0
1484549576.853950000 0 0
1484549561.517918000 15872 0
1484549561.541044000 0 0
1484549576.848822000 0 0
1484549576.878639000 0 0
1484549576.889581000 0 0
1484549576.905580000 0 0
1484549576.910537000 0 0
1484549576.904296000 0 0
1484549576.906560000 0 0
1484549576.909663000 0 0
1484549576.903567000 0 0
1484549490.871417000 0 0
1484549583.894202000 0 0
1484549583.924235000 0 0
1484549583.942601000 0 0
1484549583.954296000 0 0
1484549583.968479000 0 0
1484549583.980549000 0 0
1484549583.998745000 0 0
1484549584.009584000 0 0
1484549584.458666000 0 0
1484549584.478530000 0 0
1484549589.564051000 0 0
1484549589.570412000 0 0
1484549589.589515000 0 0
1484549589.598409000 0 0
1484549589.610401000 0 0
1484549589.633955000 0 0
1484549589.656397000 0 0
1484549589.647557000 0 0
1484549589.693847000 0 0
1484549589.686480000 0 0
1484549589.744106000 0 0
1484549589.724196000 0 0
1484549576.926720000 15872 0
1484549576.945751000 0 0
1484549592.076513000 0 0
1484549592.067598000 0 0
1484549592.499578000 0 0
1484549592.506565000 0 0
1484549592.997565000 0 0
1484549593.007310000 0 0
1484549593.015356000 0 0
1484549593.023791000 0 0
1484549593.036410000 0 0
1484549588.714315000 0 0
1484549593.213982000 0 0
1484549593.244721000 0 162
1484549593.364172000 0 0
1484549593.359451000 0 0
1484549593.357531000 0 0
1484549593.359580000 0 0
1484549590.765916000 12042 0
1484549592.514173000 282 0
1484549593.423823000 0 0
1484549593.427472000 0 0
1484549593.436452000 0 0
1484549593.584269000 0 0
1484549593.759490000 0 0
1484549593.765565000 0 0
1484549593.769564000 0 0
1484549593.775595000 0 0
1484549593.789511000 0 0
1484549593.795638000 0 0
1484549593.799665000 0 0
1484549593.806620000 0 0
1484549593.814009000 0 0
1484549593.854456000 0 0
1484549593.856466000 0 0
1484549593.858406000 0 0
1484549593.886646000 1957 0
1484549594.345483000 0 0
1484549594.338631000 0 0
1484549594.355772000 0 0
1484549594.450410000 0 0
1484549594.443988000 0 0
1484549596.273798000 0 0
1484549596.273654000 0 0
1484549596.275462000 0 0
1484549596.277497000 0 0
1484549592.025368000 0 0
1484549587.964192000 174150 0
1484549593.165823000 16672 0
1484549637.066103000 0 0
1484549637.072592000 0 0
1484549637.107089000 0 0
1484549637.115877000 0 0
1484549637.113933000 0 0
1484549637.132753000 0 0
1484549637.135059000 0 0
1484549637.138223000 0 0
1484549637.132602000 0 0
1484549637.146277000 0 0
1484549637.143932000 0 0
1484549637.148990000 0 0
1484549637.155977000 0 0
1484549637.162427000 0 0
1484549637.177070000 0 0
1484549637.183833000 0 0
1484549637.187909000 0 0
1484549637.194038000 282 0
1484549637.197871000 0 0
1484549637.207866000 0 0
1484549637.216963000 0 0
1484549637.223870000 0 0
1484549637.206975000 0 0
1484549637.242391000 0 0
1484549637.246113000 0 0
1484549637.252577000 0 0
1484549637.257084000 0 0
1484549637.267980000 0 0
1484549637.322818000 0 0
1484549637.316345000 0 0
1484549638.162657000 0 0
1484549638.162628000 0 0
1484549638.165077000 0 0
1484549638.168058000 0 0
1484549638.172932000 82 0
1484549638.205253000 1957 0
1484549638.237995000 0 0
1484549593.159802000 0 0
1484549602.797421000 0 0
1484549584.457092000 0 0
1484549647.688078000 0 0
1484549647.695931000 0 0
1484549647.712357000 0 0
1484549647.717933000 0 0
1484549647.728913000 0 0
1484549649.815993000 0 0
1484549649.828745000 0 0
1484549649.843982000 0 0
1484549649.856931000 0 0
1484549649.917032000 0 0
1484549649.945935000 0 0
1484549649.954002000 0 0
1484549649.966930000 0 0
1484549649.974028000 0 0
1484549649.987982000 0 0
1484549650.095962000 0 0
1484549650.132614000 0 0
1484549650.162464000 0 0
1484549650.221536000 0 0
1484549650.356990000 0 0
1484549650.364886000 0 0
1484549650.372039000 0 0
1484549650.376803000 0 0
1484549650.383793000 0 0
1484549650.457853000 0 0
1484549650.512934000 0 0
1484549650.517974000 0 0
1484549650.682294000 0 0
1484549650.693083000 0 0
1484549650.856051000 0 0
1484549651.402032000 0 0
1484549651.406930000 0 0
1484549651.413823000 0 0
1484549651.422022000 0 0
1484549638.184514000 80775 0
1484549638.398247000 0 0
1484549651.847092000 0 0
1484549651.912579000 0 0
1484549652.282344000 0 0
1484549652.468005000 0 0
1484549652.527348000 0 0
1484549652.535331000 0 18830
1484549653.694859000 0 0
1484549653.702010000 0 0
1484549652.494583000 18830 0
1484549652.507955000 0 0
1484549653.706036000 0 0
1484549653.907056000 0 0
1484549654.036051000 0 0
1484549654.179086000 0 0
1484549654.226006000 0 0
1484549654.316126000 0 0
1484549654.504067000 0 0
1484549654.828987000 0 0
1484549654.835134000 0 0
1484549655.296857000 0 0
1484549655.302934000 0 0
1484549655.306921000 0 0
1484549655.313832000 0 0
1484549655.707614000 0 0
1484549655.726692000 0 0
1484549655.735878000 0 0
1484549655.776956000 0 0
1484549655.733806000 0 0
1484549655.784898000 0 0
1484549655.805106000 0 0
1484549655.808881000 0 0
1484549655.819135000 0 0
1484549655.825027000 0 0
1484549655.802472000 0 0
1484549655.833069000 0 0
1484549655.882931000 0 0
1484549655.892214000 0 0
1484549655.888170000 0 0
1484549655.897796000 0 0
1484549655.926372000 0 0
1484549655.933900000 0 0
1484549655.937858000 0 0
1484549655.959291000 0 0
1484549655.964892000 0 0
1484549655.968953000 0 0
1484549655.974962000 0 0
1484549655.978840000 0 0
1484549655.996741000 0 0
1484549656.004890000 0 0
1484549656.011993000 0 0
1484549656.016949000 0 0
1484549656.027302000 0 0
1484549656.038348000 0 0
1484549656.045066000 0 0
1484549656.048896000 0 0
1484549656.055014000 0 0
1484549656.058989000 0 0
1484549656.064886000 0 0
1484549655.904995000 0 0
1484549656.079226000 0 0
1484549656.085799000 0 0
1484549656.091956000 0 0
1484549656.095891000 0 0
1484549656.102009000 0 0
1484549656.106864000 0 0
1484549656.113896000 0 0
1484549656.118763000 0 0
1484549656.137977000 0 0
1484549656.143867000 0 0
1484549656.135439000 0 0
1484549656.156796000 0 0
1484549656.162755000 0 0
1484549656.171970000 0 0
1484549656.167973000 0 0
1484549656.177739000 0 0
1484549656.184856000 0 0
1484549656.188830000 0 0
1484549656.210367000 0 0
1484549656.216221000 0 0
1484549656.271380000 0 0
1484549656.294926000 0 0
1484549656.298880000 0 0
1484549656.306026000 0 0
1484549656.311952000 0 0
1484549656.315828000 0 0
1484549656.322024000 0 0
1484549656.325908000 0 0
1484549656.332041000 0 0
1484549656.335855000 0 0
1484549656.342013000 0 0
1484549656.345842000 0 0
1484549657.738221000 0 0
1484549658.076128000 0 0
1484549658.137536000 0 0
1484549658.152002000 0 0
1484549658.192848000 196608 0
1484549658.297894000 0 0
1484549658.348878000 0 0
1484549658.995228000 0 0
1484549659.002191000 0 2
1484549659.014841000 0 0
1484549659.021896000 0 0
1484549658.158035000 2 0
1484549658.973919000 0 0
1484549659.027092000 0 0
1484549659.742555000 0 53
1484549653.911151000 204 0
1484549659.753113000 0 0
1484549659.888012000 0 0
1484549659.893843000 0 0
1484549659.938861000 0 0
1484549659.945957000 0 0
1484549659.951904000 0 0
1484549656.288136000 1886 2087
1484549660.517862000 0 0
1484549661.124724000 0 0
1484549661.133829000 0 0
1484549661.722045000 0 0
1484549661.744953000 0 0
1484549646.707057000 1125 0
1484549647.599099000 0 0
1484549647.614071000 0 0
1484549651.857216000 0 0
1484549660.759074000 551180 5403
1484549661.237543000 428247 5601
1484549649.936564000 122 0
1484549650.013233000 208 0
1484549650.152786000 25703 0
1484549650.176824000 4431 0
1484549650.241223000 16384 0
1484549650.318777000 319 0
1484549650.746874000 497 0
1484549651.872535000 5890 0
1484549651.937296000 8416 0
1484549652.321600000 208620 0
1484549653.914485000 3072 0
1484549654.200563000 99523 0
1484549654.237940000 8 0
1484549654.324530000 504 0
1484549654.493924000 7633 0
1484549654.577074000 5404 0
1484549647.638105000 0 0
1484549649.809124000 282 0
1484549649.849108000 10 0
1484549649.875736000 10 0
1484549656.247568000 944 0
1484549657.751518000 885 0
1484549658.083905000 429 0
1484549658.357646000 27 0
1484549655.720498000 867 0
1484549682.122706000 0 0
1484549684.601836000 0 5389
1484549684.612891000 0 0
1484549658.404234000 589055 17075
1484549659.778201000 9154 0
1484549654.659791000 29 0
1484549659.813080000 9833 0
1484549659.824868000 1584 0
1484549704.670610000 0 0
1484549704.693418000 0 0
1484549704.697777000 0 867
1484549704.713249000 0 0
1484549704.721420000 0 0
1484549704.727384000 0 0
1484549704.675677000 0 0
1484549704.735608000 0 0
1484549706.537495000 0 0
1484549706.561746000 0 0
1484549706.566828000 0 867
1484549706.585420000 0 0
1484549706.593252000 0 0
1484549706.544646000 0 0
1484549706.600611000 0 0
1484549707.940534000 0 0
1484549707.962805000 0 0
1484549707.967847000 0 867
1484549707.983357000 0 0
1484549707.990405000 0 0
1484549707.945637000 0 0
1484549707.996454000 0 0
1484549708.075004000 0 453
1484549708.090664000 0 0
1484549708.141818000 0 85
1484549708.147463000 0 0
1484549658.286339000 0 4096
1484549708.151675000 0 0
1484549708.157601000 0 0
1484549708.166269000 0 0
1484549658.279291000 0 0
1484549708.176480000 0 0
1484549708.221515000 0 0
1484549708.237476000 0 0
1484549708.266822000 0 0
1484549708.277448000 0 0
1484549708.290558000 0 0
1484549708.300477000 0 0
1484549708.310387000 0 0
1484549708.320358000 0 0
1484549708.330386000 0 0
1484549708.356304000 0 0
1484549708.275681000 0 944
1484549708.387180000 0 0
1484549708.395195000 0 0
1484549708.227623000 0 0
1484549708.402468000 0 0
1484549655.755350000 55947 21921
1484549657.784383000 1368568 24740
1484549664.322066000 429238 6088
1484549664.032203000 551865 5457
1484549660.413237000 0 5813
1484549708.424659000 0 55918
1484549708.536967000 0 319
1484549708.540960000 0 109
1484549708.552646000 0 0
1484549708.583461000 0 0
1484549661.825711000 0 4096
1484549708.581404000 0 0
1484549708.595586000 0 0
1484549708.596764000 0 144
1484549708.605247000 0 0
1484549661.808273000 0 0
1484549708.610635000 0 0
1484549708.617541000 0 0
1484549708.631864000 0 175
1484549708.646422000 0 0
1484549708.667862000 0 204
1484549708.682616000 0 0
1484549708.700642000 0 0
1484549708.712410000 0 0
1484549661.834413000 0 4096
1484549708.726594000 0 0
1484549708.736409000 0 0
1484549661.815398000 0 0
1484549708.750695000 0 0
1484549708.760471000 0 0
1484549708.797720000 0 0
1484549708.806800000 0 25841
1484549708.852303000 0 0
1484549708.860497000 0 0
1484549708.770679000 0 0
1484549708.867562000 0 0
1484549708.935377000 0 0
1484549708.911270000 0 0
1484549708.953675000 0 0
1484549708.982552000 0 0
1484549709.003473000 0 0
1484549709.031527000 0 0
1484549709.041027000 0 2848
1484549709.018674000 2848 0
1484549709.052668000 0 0
1484549709.070512000 0 0
1484549709.080606000 0 0
1484549709.090575000 0 0
1484549709.100602000 0 0
1484549709.110547000 0 0
1484549709.120572000 0 0
1484549709.134879000 0 0
1484549709.146485000 0 0
1484549709.156490000 0 0
1484549709.175728000 0 0
1484549709.264925000 0 137
1484549709.283926000 0 0
1484549709.238933000 137 0
1484549709.280750000 0 0
1484549709.342676000 0 7394
1484549709.359965000 0 0
1484549709.355599000 0 0
1484549709.385598000 0 0
1484549682.142147000 440285 31875
1484549442.056076000 0 0
