1484558906.605721000 0 0
1484558906.665220000 0 0
1484558906.670176000 0 0
1484558906.682963000 0 0
1484558904.159313000 282 0
1484558908.532931000 282 0
1484558915.254462000 0 0
1484558915.259336000 0 0
1484558915.263356000 0 0
1484558915.270925000 0 0
1484558915.310093000 0 0
1484558915.306650000 0 0
1484558915.348310000 0 0
1484558915.351982000 0 0
1484558915.361596000 0 0
1484558915.358447000 0 0
1484558915.391358000 0 0
1484558915.395825000 0 0
1484558915.399262000 0 0
1484558915.404444000 0 0
1484558915.417353000 0 0
1484558915.414898000 0 0
1484558915.437338000 0 0
1484558915.440920000 0 0
1484558915.446116000 0 0
1484558915.455358000 0 0
1484558915.459463000 0 0
1484558915.462840000 0 0
1484558915.467259000 0 0
1484558915.471957000 0 0
1484558915.506845000 0 0
1484558915.511048000 0 0
1484558915.516567000 0 0
1484558915.640995000 0 0
1484558915.645813000 0 0
1484558915.649993000 0 0
1484558915.654796000 0 0
1484558915.660289000 0 0
1484558915.829025000 0 0
1484558915.833801000 0 0
1484558915.842919000 0 0
1484558915.847364000 0 0
1484558915.851278000 0 0
1484558915.855836000 0 0
1484558915.861113000 0 0
1484558915.886104000 0 0
1484558915.891725000 402 0
1484558915.905618000 0 0
1484558915.910225000 0 0
1484558915.913930000 0 0
1484558915.918561000 0 0
1484558915.923714000 0 0
1484558916.040959000 0 0
1484558916.044951000 0 0
1484558916.104855000 0 0
1484558915.522500000 0 2520
1484558916.135822000 0 0
1484558916.139048000 0 0
1484558916.142755000 0 0
1484558916.146889000 0 0
1484558916.202587000 0 0
1484558915.985087000 0 0
1484558916.218060000 0 0
1484558916.222556000 0 0
1484558916.226307000 0 0
1484558916.230524000 0 0
1484558916.235449000 0 0
1484558916.752792000 0 0
1484558915.452081000 0 2520
1484558916.803454000 0 0
1484558916.807738000 0 0
1484558916.817633000 0 0
1484558916.824279000 0 0
1484558917.054085000 0 0
1484558917.050378000 0 0
1484558917.068904000 0 0
1484558917.073444000 0 0
1484558917.076877000 0 0
1484558924.298605000 0 0
1484558924.301546000 0 0
1484558924.305129000 0 0
1484558924.313537000 0 0
1484558924.311669000 0 0
1484558924.328114000 0 0
1484558924.330810000 0 0
1484558924.337816000 0 0
1484558924.335789000 0 0
1484558924.352249000 0 0
1484558924.354721000 0 0
1484558924.357547000 0 0
1484558924.361301000 0 0
1484558924.369512000 0 0
1484558924.367721000 0 0
1484558924.380279000 0 0
1484558924.382843000 0 0
1484558916.761327000 0 0
1484558924.394898000 0 0
1484558924.398289000 0 0
1484558924.400972000 0 0
1484558924.404264000 0 0
1484558924.408115000 0 0
1484558924.417578000 0 0
1484558924.420275000 0 0
1484558916.112967000 0 0
1484558924.430313000 0 0
1484558924.434573000 0 0
1484558924.438092000 0 0
1484558924.442482000 0 0
1484558924.447052000 0 0
1484558924.457767000 0 0
1484558915.839326000 0 564
1484558924.464255000 0 0
1484558924.471942000 0 0
1484558924.475947000 0 0
1484558924.479560000 0 0
1484558924.484100000 0 0
1484558924.488910000 0 0
1484558924.509420000 0 0
1484558915.902037000 0 1608
1484558924.517187000 402 0
1484558924.526442000 0 0
1484558924.530380000 0 0
1484558924.533577000 0 0
1484558924.537690000 0 0
1484558924.542076000 0 0
1484558916.212883000 0 1608
1484558924.609225000 0 0
1484558924.612809000 0 0
1484558924.653430000 0 0
1484558924.427290000 0 2520
1484558924.676982000 0 0
1484558924.680215000 0 0
1484558924.683655000 0 0
1484558924.687585000 0 0
1484558924.724710000 0 0
1484558924.592542000 0 0
1484558924.735972000 0 0
1484558924.739379000 0 0
1484558924.742090000 0 0
1484558924.745558000 0 0
1484558924.749438000 0 0
1484558924.757603000 0 0
1484558924.391292000 0 2520
1484558924.774027000 0 0
1484558924.776768000 0 0
1484558924.779786000 0 0
1484558924.783648000 0 0
1484558924.818493000 0 0
1484558924.816745000 0 0
1484558924.826185000 0 0
1484558924.829382000 0 0
1484558924.831755000 0 0
1484558925.298187000 0 0
1484558925.302314000 0 0
1484558925.321933000 0 0
1484558925.430325000 0 0
1484558925.437264000 0 0
1484558925.769468000 0 0
1484558926.745309000 0 0
1484558926.751524000 0 0
1484558926.756409000 0 0
1484558926.762331000 0 0
1484558926.764696000 0 0
1484558926.765788000 0 0
1484558926.775697000 0 0
1484558926.862437000 0 0
1484558926.865332000 0 0
1484558926.873533000 0 0
1484558926.876173000 0 0
1484558928.276655000 0 0
1484558924.523587000 0 1608
1484558915.276124000 1512 0
1484558915.267400000 402 0
1484558915.409503000 1512 0
1484558910.661587000 282 0
1484558925.989977000 1378 0
1484558929.090005000 0 0
1484558929.229865000 0 0
1484558929.241674000 0 0
1484558929.260421000 0 0
1484558929.264000000 0 0
1484558929.288996000 0 0
1484558915.868564000 0 0
1484558924.469419000 0 564
1484558915.897757000 0 0
1484558915.930919000 0 0
1484558924.660995000 0 0
1484558916.242832000 0 0
1484558924.733791000 0 1608
1484558924.765646000 0 0
1484558938.678624000 0 0
1484558938.698742000 0 0
1484558926.980416000 1378 0
1484558929.050939000 0 0
1484558929.225702000 129 0
1484558929.256139000 129 0
1484558929.284728000 129 0
1484558929.302043000 544 0
1484558957.974591000 0 0
1484558958.758485000 0 0
1484558958.796302000 0 0
1484558958.801617000 0 0
1484558958.811416000 0 0
1484558958.816829000 0 0
1484558959.157440000 0 0
1484558959.160269000 0 0
1484558959.181614000 0 0
1484558959.184836000 0 0
1484558959.187661000 0 0
1484558959.201768000 0 0
1484558959.204313000 0 0
1484558959.207248000 0 0
1484558959.164194000 402 0
1484558959.190582000 504 0
1484558958.821766000 504 0
1484558959.167972000 282 0
1484558996.736874000 0 0
1484558996.739430000 0 0
1484558996.741948000 0 0
1484558990.012420000 282 0
1484559105.684751000 0 0
1484559107.404323000 0 0
1484559106.689970000 282 0
1484559669.443017000 0 0
1484559669.491312000 0 0
1484559669.495254000 0 0
1484559669.504309000 0 0
1484559669.767374000 0 0
1484559669.773498000 0 0
1484559648.121028000 564 0
1484559669.511982000 402 0
