1484555626.318887000 0 0
1484555626.318889000 0 0
1484555626.318864000 0 0
1484555626.318858000 0 0
1484556136.715859000 0 0
1484556136.724572000 0 0
1484556136.732710000 0 0
1484556136.741937000 0 0
1484556136.741087000 0 0
1484556136.748862000 0 0
1484556136.751203000 0 0
1484556136.754818000 0 0
1484556136.758900000 0 0
1484556148.157835000 0 0
1484556148.162462000 0 0
1484556148.166483000 0 0
1484556148.171150000 0 0
1484556148.173033000 0 0
1484556148.176725000 0 0
1484556148.179683000 0 0
1484556148.183457000 0 0
