1484547664.103768000 0 0
1484547664.108874000 0 0
1484547664.113621000 0 0
1484547664.117853000 0 0
1484547664.122519000 0 0
1484547666.782019000 282 0
1484547674.585690000 0 0
1484547674.614508000 0 0
1484547674.617195000 0 0
1484547674.624740000 0 0
1484547683.843818000 0 0
1484547683.846263000 0 0
1484547683.853814000 0 0
1484547684.116686000 0 0
1484547684.349323000 0 0
1484547684.610430000 0 0
1484547685.906531000 0 0
1484547685.910343000 0 0
1484547685.918046000 0 0
1484547685.958069000 0 0
1484547685.961081000 0 0
1484547685.963464000 0 0
1484547685.965695000 0 0
1484547684.630936000 2121 0
1484547674.564860000 282 0
1484547685.934691000 568 0
1484547685.979455000 504 0
1484547669.119720000 111 0
1484547690.138846000 282 0
1484547932.154090000 0 0
1484547932.155953000 0 0
1484547932.163294000 0 0
1484547932.167642000 0 0
1484547932.184100000 0 0
1484547932.186153000 0 0
1484547932.187809000 0 0
1484547933.540455000 0 0
1484547933.542759000 0 0
1484547933.544971000 0 0
1484547933.553436000 0 0
1484547933.555622000 0 0
1484547933.557380000 0 0
1484547933.751420000 0 0
1484547933.753666000 0 0
1484547933.755885000 0 0
1484547933.759509000 0 0
1484547932.038563000 2121 0
1484547932.114113000 0 0
1484547932.306627000 0 0
1484547932.165871000 282 0
1484547932.068475000 0 0
1484547961.833819000 282 0
1484547987.344470000 0 0
1484547987.348361000 0 0
1484547987.355895000 0 0
1484547987.361181000 0 0
1484547987.378476000 0 0
1484547987.380133000 0 0
1484547987.382244000 0 0
1484547987.384452000 0 0
1484547987.392637000 0 0
1484547987.394812000 0 0
1484547987.424337000 0 0
1484547987.426435000 0 0
1484547987.428726000 0 0
1484547987.470114000 0 0
1484547987.472474000 0 0
1484547987.170327000 282 0
1484547987.358968000 568 0
1484547987.372176000 504 0
1484547987.386403000 504 0
1484547987.440709000 398 0
1484548440.506681000 0 0
1484548440.543807000 0 0
1484548440.546546000 0 0
1484548440.554301000 0 0
1484548440.998453000 0 0
1484548441.001185000 0 0
1484548418.775920000 564 0
1484548440.557470000 568 0
1484550220.675609000 0 0
1484550222.188228000 0 0
1484550222.677905000 0 0
1484550222.680695000 0 0
1484550594.081750000 0 0
1484550594.084504000 0 0
1484550594.092517000 0 0
1484550594.099471000 0 0
1484550594.109177000 0 0
1484550594.111420000 0 0
1484550594.113631000 0 0
1484550594.147562000 0 0
1484550594.149948000 0 0
1484550594.152476000 0 0
1484550594.976010000 0 0
1484550594.978655000 0 0
1484550594.981011000 0 0
1484550594.989656000 0 0
1484550594.991969000 0 0
1484550594.994275000 0 0
1484550595.021148000 0 0
1484550595.023867000 0 0
1484550595.026401000 0 0
1484550595.030347000 0 0
1484550600.036708000 0 0
1484550600.038949000 0 0
1484550594.033115000 2121 0
1484550594.041438000 0 0
1484550594.124098000 0 0
1484550594.097767000 282 0
1484550594.157022000 568 0
1484550594.037828000 0 0
1484551480.100655000 0 0
1484551480.103205000 0 0
1484551480.111019000 0 0
1484551480.117998000 0 0
1484551480.127422000 0 0
1484551480.129676000 0 0
1484551480.131868000 0 0
1484551480.165117000 0 0
1484551480.167650000 0 0
1484551480.170293000 0 0
1484551481.242409000 0 0
1484551481.244529000 0 0
1484551481.246843000 0 0
1484551481.255359000 0 0
1484551481.257641000 0 0
1484551481.259921000 0 0
1484551481.286595000 0 0
1484551481.289698000 0 0
1484551481.292778000 0 0
1484551481.297360000 0 0
1484551486.295857000 0 0
1484551486.298135000 0 0
1484551480.059270000 2121 0
1484551480.067668000 0 0
1484551480.141594000 0 0
1484551480.116276000 282 0
1484551480.175406000 568 0
1484551480.063803000 0 0
1484553314.364420000 0 0
1484553314.371236000 0 0
1484556994.171676000 0 0
1484556994.174943000 0 0
1484556994.183621000 0 0
1484556994.191770000 0 0
1484556994.201747000 0 0
1484556994.204299000 0 0
1484556994.206831000 0 0
1484556994.239391000 0 0
1484556994.242206000 0 0
1484556994.245024000 0 0
1484556995.463947000 0 0
1484556995.466956000 0 0
1484556995.469824000 0 0
1484556995.478696000 0 0
1484556995.481561000 0 0
1484556995.484232000 0 0
1484556995.511245000 0 0
1484556995.514216000 0 0
1484556995.517086000 0 0
1484556995.521283000 0 0
1484557000.524356000 0 0
1484557000.526999000 0 0
1484556994.135147000 2121 0
1484556994.143607000 0 0
1484556994.217047000 0 0
1484556994.190028000 282 0
1484556994.250987000 568 0
1484556994.139888000 0 0
1484557179.510417000 0 0
1484557179.513181000 0 0
1484557179.521160000 0 0
1484557179.529885000 0 0
1484557179.541557000 0 0
1484557179.544178000 0 0
1484557179.546792000 0 0
1484557180.864363000 0 0
1484557180.867362000 0 0
1484557180.869824000 0 0
1484557180.878514000 0 0
1484557180.881049000 0 0
1484557180.883643000 0 0
1484557180.910438000 0 0
1484557180.913162000 0 0
1484557180.916349000 0 0
1484557180.920986000 0 0
1484557179.474591000 2121 0
1484557179.481635000 0 0
1484557179.555837000 0 0
1484557179.528091000 282 0
1484557179.479412000 0 0
1484557446.592134000 0 0
1484557446.594972000 0 0
1484557446.603153000 0 0
1484557446.608189000 0 0
1484557446.617930000 0 0
1484557446.620438000 0 0
1484557446.622909000 0 0
1484557448.185363000 0 0
1484557448.188034000 0 0
1484557448.191293000 0 0
1484557448.200068000 0 0
1484557448.202594000 0 0
1484557448.205057000 0 0
1484557448.231285000 0 0
1484557448.234301000 0 0
1484557448.237262000 0 0
1484557448.241216000 0 0
1484557446.552248000 2121 0
1484557446.558699000 0 0
1484557446.631644000 0 0
1484557446.606482000 282 0
1484557446.556248000 0 0
1484557852.515495000 0 0
1484557852.518549000 0 0
1484557852.526867000 0 0
1484557852.534970000 0 0
1484557852.545346000 0 0
1484557852.547912000 0 0
1484557852.550380000 0 0
1484557852.581607000 0 0
1484557852.584293000 0 0
1484557852.587259000 0 0
1484557855.218203000 0 0
1484557855.220795000 0 0
1484557855.223539000 0 0
1484557855.232276000 0 0
1484557855.234943000 0 0
1484557855.240643000 0 0
1484557855.267046000 0 0
1484557855.270246000 0 0
1484557855.272735000 0 0
1484557855.276768000 0 0
1484557860.278921000 0 0
1484557860.281650000 0 0
1484557852.476313000 2121 0
1484557852.484410000 0 0
1484557852.560372000 0 0
1484557852.533225000 282 0
1484557852.592752000 568 0
1484557852.480874000 0 0
1484558724.056136000 0 0
1484558724.063201000 0 0
1484558841.260413000 0 0
1484558841.263098000 0 0
1484558841.271085000 0 0
1484558841.280199000 0 0
1484558841.289791000 0 0
1484558841.292398000 0 0
1484558841.294924000 0 0
1484558841.327662000 0 0
1484558841.330440000 0 0
1484558841.333101000 0 0
1484558842.509068000 0 0
1484558842.511905000 0 0
1484558842.514832000 0 0
1484558842.523725000 0 0
1484558842.526666000 0 0
1484558842.529313000 0 0
1484558842.556025000 0 0
1484558842.558894000 0 0
1484558842.561624000 0 0
1484558842.565805000 0 0
1484558847.570024000 0 0
1484558847.572895000 0 0
1484558841.224801000 2121 0
1484558841.233066000 0 0
1484558841.305126000 0 0
1484558841.278504000 282 0
1484558841.339016000 568 0
1484558841.229446000 0 0
1484564253.806183000 0 0
1484564253.813173000 0 0
1484565946.369407000 0 0
1484565946.372139000 0 0
1484565946.380298000 0 0
1484565946.388228000 0 0
1484565946.397900000 0 0
1484565946.400637000 0 0
1484565946.403250000 0 0
1484565946.440305000 0 0
1484565946.442776000 0 0
1484565946.445375000 0 0
1484565946.329989000 2121 0
1484565946.339327000 0 0
1484565946.414570000 0 0
1484565963.394829000 0 0
1484565963.397762000 0 0
1484565963.405970000 0 0
1484565963.409429000 0 0
1484565963.419160000 0 0
1484565963.421868000 0 0
1484565963.425043000 0 0
1484565964.447479000 0 0
1484565964.450233000 0 0
1484565964.452866000 0 0
1484565964.461669000 0 0
1484565964.464265000 0 0
1484565964.466809000 0 0
1484565964.493892000 0 0
1484565964.496584000 0 0
1484565964.499264000 0 0
1484565964.503253000 0 0
1484565969.514910000 0 0
1484565969.517953000 0 0
1484565946.386492000 282 0
1484565946.450979000 568 0
1484565946.334502000 0 0
1484565963.361656000 2121 0
1484565963.367257000 0 0
1484565963.433990000 0 0
1484566513.142742000 0 0
1484566513.159802000 0 0
1484566515.868697000 0 0
1484566515.893492000 0 0
1484566515.895776000 0 0
1484566515.903996000 0 0
1484566515.907401000 0 0
1484566515.922689000 0 0
1484566518.497625000 0 0
1484566518.501391000 0 0
1484566518.508011000 0 544
1484566518.515712000 0 0
1484566518.520490000 0 0
1484566518.545911000 0 0
1484566518.543974000 0 0
1484566518.557335000 0 0
1484566518.559917000 0 0
1484566518.562803000 0 0
1484566518.565422000 0 0
1484566518.578305000 0 0
1484566518.586335000 0 0
1484566521.534519000 0 0
1484566521.533552000 0 0
1484566515.823719000 282 0
1484566515.936616000 129 0
1484566518.585123000 544 0
1484566523.532543000 0 0
1484566523.531617000 0 0
1484567723.928215000 0 0
1484567723.931644000 0 0
1484567723.939883000 0 0
1484567723.945190000 0 0
1484567723.955410000 0 0
1484567723.958421000 0 0
1484567723.960967000 0 0
1484567723.994745000 0 0
1484567723.997227000 0 0
1484567723.999907000 0 0
1484567725.388774000 0 0
1484567725.391474000 0 0
1484567725.394104000 0 0
1484567725.403348000 0 0
1484567725.405908000 0 0
1484567725.408632000 0 0
1484567725.435531000 0 0
1484567725.438644000 0 0
1484567725.441428000 0 0
1484567725.445584000 0 0
1484567730.456569000 0 0
1484567730.459908000 0 0
1484567723.480675000 2121 0
1484567723.897278000 0 0
1484567723.971457000 0 0
1484567723.943503000 282 0
1484567724.005714000 568 0
1484567723.893409000 0 0
1484568068.362575000 0 0
1484568068.364788000 0 0
1484568068.372600000 0 0
1484568068.376889000 0 0
1484568068.385904000 0 0
1484568068.387793000 0 0
1484568068.389672000 0 0
1484568069.517785000 0 0
1484568069.520505000 0 0
1484568069.523141000 0 0
1484568069.532357000 0 0
1484568069.535267000 0 0
1484568069.538386000 0 0
1484568069.565131000 0 0
1484568069.568544000 0 0
1484568069.572439000 0 0
1484568069.576740000 0 0
1484568068.324439000 2121 0
1484568068.330439000 0 0
1484568068.397965000 0 0
1484568068.375302000 282 0
1484568068.328297000 0 0
1484569895.946386000 0 0
1484569895.953736000 0 0
1484571203.511792000 0 0
1484571203.515052000 0 0
1484571203.523259000 0 0
1484571203.531133000 0 0
1484571203.541238000 0 0
1484571203.544184000 0 0
1484571203.546722000 0 0
1484571203.580348000 0 0
1484571203.583026000 0 0
1484571203.585832000 0 0
1484571204.511146000 0 0
1484571204.513731000 0 0
1484571204.516333000 0 0
1484571204.525108000 0 0
1484571204.527709000 0 0
1484571204.530371000 0 0
1484571204.557519000 0 0
1484571204.560316000 0 0
1484571204.563898000 0 0
1484571204.568181000 0 0
1484571209.569220000 0 0
1484571209.572130000 0 0
1484571203.473104000 2121 0
1484571203.481369000 0 0
1484571203.557033000 0 0
1484571203.529462000 282 0
1484571203.591907000 568 0
1484571203.477521000 0 0
1484573466.624309000 0 0
1484547684.135142000 0 0
