1484581093.208028000 0 0
1484581093.208158000 0 0
1484581093.208263000 0 0
1484581093.246702000 0 0
1484581093.249276000 0 0
1484581093.258839000 0 0
1484581093.242429000 219 0
1484581093.278115000 0 0
1484581093.280463000 0 0
1484581093.269495000 0 0
1484581094.206004000 0 0
1484581094.209428000 0 0
1484581094.208631000 0 0
1484581096.204097000 0 0
1484581096.203232000 0 0
1484581096.205018000 0 0
1484581104.026315000 0 0
1484581104.028204000 0 0
1484581104.035556000 0 0
1484581104.037794000 0 0
1484581101.502738000 196 0
1484581101.513652000 275 0
1484581101.528642000 224 0
1484581101.541735000 171 0
1484581102.516477000 0 0
1484581093.263452000 398 0
1484581093.284191000 282 0
1484581093.289220000 80 0
1484581093.297017000 638 0
1484581093.300351000 84 0
1484581101.489195000 219 0
1484581103.379766000 0 0
1484581094.226527000 2182 0
1484581094.236825000 13255 0
1484581094.244115000 1426 0
1484581101.550465000 119 0
1484581101.568819000 192 0
1484581102.744823000 3162 0
1484581102.403821000 0 0
1484581102.283698000 0 0
1484581102.259645000 0 0
