1484550670.745711000 0 0
1484550670.751834000 0 0
1484550670.756528000 0 0
1484550670.769300000 0 0
1484550670.775184000 0 0
1484550672.043890000 0 0
1484550672.046762000 0 0
1484550672.054279000 0 0
1484550672.875460000 0 0
1484550672.877759000 0 0
1484550672.882050000 0 0
1484550672.883961000 0 0
1484550672.908878000 0 0
1484550672.945691000 0 0
1484550672.962886000 0 0
1484550672.965335000 0 0
1484550673.082852000 0 0
1484550673.085397000 0 0
1484550673.094396000 0 0
1484550673.096475000 0 0
1484550673.098931000 0 0
1484550673.101095000 0 0
1484550673.199631000 0 0
1484550673.201604000 0 0
1484550673.211712000 0 0
1484550673.223532000 0 0
1484550673.250950000 0 0
1484550673.257762000 0 0
1484550673.275795000 0 0
1484550672.923717000 0 0
1484550671.962187000 111 0
1484550672.979771000 129 0
1484550672.990913000 564 0
1484550673.188687000 129 0
1484550673.197500000 504 0
1484550673.197796000 1033 0
1484550673.209955000 129 0
1484550673.212381000 1015 0
1484550673.241746000 363 0
1484550673.248910000 129 0
1484550673.256064000 494 0
1484550673.272228000 434 0
1484550673.273663000 129 0
1484550673.299204000 825 0
1484550673.080463000 326 0
1484550673.233320000 1308 0
1484550673.283608000 678 0
1484550671.977519000 784 0
1484550902.585496000 0 0
1484550902.589529000 0 0
1484550902.599233000 0 0
1484550902.606826000 0 0
1484550902.618406000 0 0
1484550903.655622000 0 0
1484550903.689475000 0 0
1484550903.713544000 0 0
1484550903.739747000 0 0
1484550903.771545000 0 0
1484550903.781067000 0 0
1484550903.784735000 0 0
1484550903.819401000 0 0
1484550903.831514000 0 0
1484550903.842185000 0 0
1484550903.968833000 0 0
1484550904.072129000 0 0
1484550904.219371000 0 0
1484550904.577709000 0 0
1484550904.581882000 0 0
1484550904.585374000 0 0
1484550904.589340000 0 0
1484550904.592731000 0 0
1484550904.617608000 0 0
1484550904.663441000 0 0
1484550904.667171000 0 0
1484550904.670824000 0 0
1484550906.714371000 0 0
1484550906.724391000 0 0
1484550906.813333000 0 0
1484550907.010896000 0 0
1484550908.364233000 0 0
1484550908.782957000 0 0
1484550908.982007000 0 0
1484550909.019337000 0 0
1484550909.023649000 0 18830
1484550909.345200000 0 0
1484550909.351319000 0 0
1484550909.004671000 18830 0
1484550909.010604000 0 0
1484550909.356731000 0 0
1484550909.787879000 0 0
1484550910.233234000 0 0
1484550910.517401000 0 53
1484550909.775514000 204 0
1484550910.525897000 0 0
1484550910.561732000 0 0
1484550910.639750000 0 0
1484550910.903851000 0 0
1484550911.560432000 0 0
1484550911.580383000 0 0
1484550911.753422000 0 0
1484550902.299070000 1015 0
1484550902.318792000 0 0
1484550902.402019000 0 0
1484550903.443542000 0 0
1484550923.248878000 524288 0
1484550923.652077000 0 0
1484550923.656796000 0 0
1484550923.795507000 0 0
1484550923.867618000 0 0
1484550923.884224000 0 0
1484550923.918253000 0 0
1484550924.058249000 0 0
1484550923.910400000 0 0
1484550924.065922000 0 0
1484550924.099025000 0 0
1484550924.116807000 0 0
1484550924.122715000 0 0
1484550924.245207000 0 0
1484550924.086666000 0 0
1484550924.254612000 0 0
1484550924.260504000 0 0
1484550910.644987000 504 0
1484550910.918057000 4915 0
1484550923.872675000 579 0
1484550924.296109000 0 0
1484550924.304944000 0 0
1484550924.309605000 0 0
1484550924.329208000 0 0
1484550924.338081000 0 0
1484550924.346336000 0 0
1484550924.351478000 0 0
1484550924.355883000 0 0
1484550924.361071000 0 0
1484550924.365507000 0 0
1484550924.370842000 0 0
1484550924.375526000 0 0
1484550924.387165000 0 0
1484550924.401195000 0 0
1484550924.423726000 0 0
1484550924.428324000 0 0
1484550924.526516000 0 0
1484550924.532272000 0 0
1484550924.540795000 0 0
1484550924.559672000 0 0
1484550924.566553000 0 0
1484550924.571149000 0 0
1484550924.576813000 0 0
1484550924.581573000 0 0
1484550924.592882000 0 0
1484550924.631457000 0 0
1484550924.647545000 0 0
1484550924.652537000 0 0
1484550924.658275000 0 0
1484550924.663241000 0 0
1484550924.704377000 0 0
1484550924.709156000 0 0
1484550924.722644000 0 0
1484550924.727397000 0 0
1484550924.732716000 0 0
1484550924.737489000 0 0
1484550924.742752000 0 0
1484550924.747498000 0 0
1484550924.766291000 0 0
1484550924.770701000 0 0
1484550924.776321000 0 0
1484550924.780702000 0 0
1484550924.785913000 0 0
1484550924.789253000 0 0
1484550924.793930000 0 0
1484550924.798458000 0 0
1484550924.813511000 0 0
1484550924.818179000 0 0
1484550924.833852000 0 0
1484550924.922379000 0 0
1484550924.943615000 0 0
1484550924.949446000 0 0
1484550924.954222000 0 0
1484550924.958874000 0 0
1484550924.967746000 0 0
1484550925.079475000 0 0
1484550925.075150000 0 0
1484550925.087739000 0 0
1484550925.121010000 0 0
1484550925.133369000 0 0
1484550925.141448000 0 0
1484550925.103992000 0 0
1484550925.147920000 0 0
1484550926.547375000 0 0
1484550927.591393000 0 0
1484550928.539529000 0 0
1484550928.592525000 0 0
1484550929.251292000 0 0
1484550929.420775000 0 0
1484550929.485192000 0 0
1484550902.603818000 392 0
1484550903.719544000 10 0
1484550903.745743000 10 0
1484550903.778012000 260 0
1484550903.867224000 208 0
1484550904.092646000 28301 0
1484550904.351545000 16384 0
1484550904.537174000 523 0
1484550906.818138000 90 0
1484550906.837635000 654 0
1484550930.211675000 0 0
1484550930.214638000 0 0
1484550930.219771000 0 0
1484550930.224571000 0 0
1484550930.242711000 0 1455
1484550930.291466000 0 0
1484550930.294631000 0 0
1484550930.298169000 0 0
1484550930.719349000 0 0
1484550930.724754000 0 0
1484550930.729735000 0 0
1484550930.763563000 0 0
1484550930.771240000 0 0
1484550930.905084000 0 0
1484550931.035495000 0 0
1484550908.573500000 8416 0
1484550908.869179000 208620 0
1484550909.812055000 32768 0
1484550909.883397000 9033 0
1484550910.543988000 12462 0
1484550909.917738000 25 0
1484550926.283553000 10 0
1484550927.199441000 9833 0
1484550927.597062000 422 0
1484550928.546229000 27 0
1484550928.598350000 27 0
1484550929.680876000 2635 0
1484550953.878045000 0 4915
1484550953.889147000 0 0
1484550963.509949000 0 0
1484550964.074493000 0 0
1484550964.082387000 0 0
1484550964.120924000 0 0
1484550964.126334000 0 0
1484550964.142533000 0 66
1484550964.136043000 66 0
1484550964.148291000 0 0
1484550967.087729000 0 0
1484550967.115452000 0 137
1484550967.123721000 0 0
1484550967.098260000 137 0
1484550967.122162000 0 0
1484550967.146129000 0 0
1484550967.350249000 0 0
1484550967.441219000 0 0
1484550967.451777000 0 8045
1484550967.463430000 0 0
1484550967.461170000 0 0
1484550967.474802000 0 0
1484550963.558982000 0 0
1484550967.518980000 51 0
1484551032.066206000 0 0
1484551032.074887000 0 0
1484551032.078061000 0 0
1484551032.127324000 0 0
1484551032.131484000 0 0
1484551032.135457000 0 0
1484551032.174837000 0 0
1484551032.179518000 0 0
1484551032.182978000 0 0
1484551032.186619000 0 0
1484551032.207304000 0 0
1484551032.210700000 0 0
1484551032.214119000 0 0
1484551032.217723000 0 0
1484551032.231636000 0 0
1484551032.235098000 0 0
1484551032.247843000 0 0
1484551032.251309000 0 0
1484551032.254862000 0 0
1484551032.351319000 0 0
1484551032.547522000 0 0
1484551032.591341000 0 0
1484551032.142256000 564 0
1484551032.199235000 504 0
1484551032.222839000 504 0
1484551032.238769000 392 0
1484551032.276390000 398 0
1484551032.609650000 1151 0
1484551056.293074000 0 0
1484551056.646955000 0 0
1484550963.528232000 2570 4071
1484551070.456480000 0 0
1484551064.149245000 0 0
1484551070.488331000 0 0
1484551096.436631000 0 0
1484551096.442350000 0 0
1484551096.493676000 0 0
1484551096.861943000 0 0
1484551096.864721000 0 0
1484551096.873015000 0 0
1484551056.684021000 558197 3864
1484551070.470518000 1342 2728
1484551102.550721000 0 0
1484551096.877362000 398 0
1484551096.879629000 392 0
1484550929.684845000 2620 0
1484551149.493567000 0 0
1484551149.573253000 0 9033
1484551149.581899000 0 0
1484551158.201432000 0 0
1484551158.207068000 0 0
1484551158.216600000 0 0
1484551158.226887000 0 0
1484551158.242190000 0 0
1484551158.245855000 0 0
1484551158.249521000 0 0
1484551158.253263000 0 0
1484551158.264983000 0 0
1484551158.268646000 0 0
1484551158.283645000 0 0
1484551158.287500000 0 0
1484551158.303025000 0 0
1484551158.306356000 0 0
1484551158.822893000 0 0
1484551162.102130000 0 0
1484551162.105097000 0 0
1484551162.114143000 0 0
1484551162.117924000 0 0
1484551162.120113000 0 0
1484551162.123914000 0 0
1484551162.126349000 0 0
1484551162.130652000 0 0
1484551162.133115000 0 0
1484551162.135511000 0 0
1484551162.140439000 0 0
1484551162.143791000 0 0
1484551162.147511000 0 0
1484551162.152525000 0 0
1484551162.158305000 0 0
1484551162.160729000 0 0
1484551162.163020000 0 0
1484551162.165462000 0 0
1484551162.168232000 0 0
1484551162.170941000 0 0
1484551162.173716000 0 0
1484551162.177241000 0 0
1484551162.179454000 0 0
1484551162.181994000 0 0
1484551162.184286000 0 0
1484551162.187098000 0 0
1484551162.190752000 0 0
1484551158.224142000 564 0
1484551158.232268000 504 0
1484551158.256444000 504 0
1484551158.291033000 398 0
1484551166.423447000 0 0
1484551158.272165000 392 0
1484551192.603841000 0 0
1484551192.614426000 0 0
1484551195.313236000 0 0
1484551195.316374000 0 0
1484551195.323395000 0 0
1484551195.327228000 0 0
1484551195.329652000 0 0
1484551195.333654000 0 0
1484551195.336399000 0 0
1484551195.341281000 0 0
1484551195.343663000 0 0
1484551195.346164000 0 0
1484551195.351170000 0 0
1484551195.354620000 0 0
1484551195.358526000 0 0
1484551195.363415000 0 0
1484551195.368481000 0 0
1484551195.370983000 0 0
1484551195.373900000 0 0
1484551195.376455000 0 0
1484551195.379250000 0 0
1484551195.381903000 0 0
1484551195.384622000 0 0
1484551195.388243000 0 0
1484551195.390554000 0 0
1484551195.393127000 0 0
1484551195.395463000 0 0
1484551195.398870000 0 0
1484551195.403433000 0 0
1484551197.053801000 0 0
1484551204.126633000 0 0
1484551207.878933000 0 0
1484551207.883424000 0 0
1484551207.894520000 0 0
1484551207.899872000 0 0
1484551207.902656000 0 0
1484551207.907399000 0 0
1484551207.910386000 0 0
1484551207.916322000 0 0
1484551207.918886000 0 0
1484551207.921997000 0 0
1484551207.929528000 0 0
1484551207.935688000 0 0
1484551207.943234000 0 0
1484551207.954021000 0 0
1484551207.964772000 0 0
1484551207.967235000 0 0
1484551207.969712000 0 0
1484551207.972224000 0 0
1484551207.975291000 0 0
1484551207.978212000 0 0
1484551207.981213000 0 0
1484551207.985303000 0 0
1484551207.987800000 0 0
1484551207.990499000 0 0
1484551207.992950000 0 0
1484551207.995559000 0 0
1484551207.999803000 0 0
1484551210.381635000 0 0
1484551210.385342000 1455 1749
1484551210.395319000 0 1365
1484551210.173795000 0 0
1484551218.894238000 0 0
1484551221.493603000 0 0
1484551221.499101000 0 0
1484551221.512149000 0 0
1484551221.518757000 0 0
1484551221.522341000 0 0
1484551221.528363000 0 0
1484551221.532070000 0 0
1484551221.538543000 0 0
1484551221.541935000 0 0
1484551221.546131000 0 0
1484551221.556974000 0 0
1484551221.563438000 0 0
1484551221.570745000 0 0
1484551221.582238000 0 0
1484551221.588511000 0 0
1484551221.590963000 0 0
1484551221.593962000 0 0
1484551221.597454000 0 0
1484551221.601350000 0 0
1484551221.605383000 0 0
1484551221.608512000 0 0
1484551221.612715000 0 0
1484551221.615661000 0 0
1484551221.619434000 0 0
1484551221.622750000 0 0
1484551221.625756000 0 0
1484551221.630441000 0 0
1484551223.298033000 0 0
1484551227.623572000 0 433
1484551227.632185000 0 0
1484551227.631356000 0 0
1484551230.912894000 0 523
1484551229.909352000 0 0
1484551233.077656000 0 0
1484551233.080051000 0 0
1484551233.085429000 0 0
1484551233.088868000 0 0
1484551233.091348000 0 0
1484551233.095125000 0 0
1484551233.097456000 0 0
1484551233.101244000 0 0
1484551233.103676000 0 0
1484551233.106514000 0 0
1484551233.111471000 0 0
1484551233.115240000 0 0
1484551233.118986000 0 0
1484551233.124279000 0 0
1484551233.129929000 0 0
1484551233.132698000 0 0
1484551233.135192000 0 0
1484551233.137974000 0 0
1484551233.140944000 0 0
1484551233.144030000 0 0
1484551233.146958000 0 0
1484551233.150985000 0 0
1484551233.153353000 0 0
1484551233.155995000 0 0
1484551233.158797000 0 0
1484551233.161507000 0 0
1484551233.165116000 0 0
1484551235.050684000 0 0
1484551241.455228000 0 0
1484551243.991315000 0 0
1484551243.994461000 0 0
1484551244.000801000 0 0
1484551244.004975000 0 0
1484551244.007693000 0 0
1484551244.011389000 0 0
1484551244.013624000 0 0
1484551244.017598000 0 0
1484551244.019894000 0 0
1484551244.022318000 0 0
1484551244.028166000 0 0
1484551244.031630000 0 0
1484551244.035335000 0 0
1484551244.040367000 0 0
1484551244.045628000 0 0
1484551244.048048000 0 0
1484551244.050337000 0 0
1484551244.052809000 0 0
1484551244.055567000 0 0
1484551244.058614000 0 0
1484551244.061312000 0 0
1484551244.064765000 0 0
1484551244.066867000 0 0
1484551244.069255000 0 0
1484551244.071540000 0 0
1484551244.074085000 0 0
1484551244.077855000 0 0
1484551246.090728000 0 0
1484551255.454065000 0 0
1484551258.278037000 0 0
1484551258.281100000 0 0
1484551258.287567000 0 0
1484551258.291349000 0 0
1484551258.294107000 0 0
1484551258.297732000 0 0
1484551258.299870000 0 0
1484551258.303645000 0 0
1484551258.306139000 0 0
1484551258.308779000 0 0
1484551258.313672000 0 0
1484551258.317245000 0 0
1484551258.320888000 0 0
1484551258.326572000 0 0
1484551258.331191000 0 0
1484551258.333424000 0 0
1484551258.335758000 0 0
1484551258.338139000 0 0
1484551258.340974000 0 0
1484551258.343777000 0 0
1484551258.346617000 0 0
1484551258.350468000 0 0
1484551258.352902000 0 0
1484551258.355463000 0 0
1484551258.357937000 0 0
1484551258.360411000 0 0
1484551258.364195000 0 0
1484551260.322727000 0 0
1484551265.489863000 0 0
1484551268.133971000 0 0
1484551268.136771000 0 0
1484551268.143124000 0 0
1484551268.146883000 0 0
1484551268.149349000 0 0
1484551268.152810000 0 0
1484551268.155301000 0 0
1484551268.159388000 0 0
1484551268.161663000 0 0
1484551268.164117000 0 0
1484551268.169138000 0 0
1484551268.172541000 0 0
1484551268.176830000 0 0
1484551268.181810000 0 0
1484551268.186576000 0 0
1484551268.188914000 0 0
1484551268.191344000 0 0
1484551268.193885000 0 0
1484551268.196595000 0 0
1484551268.199305000 0 0
1484551268.202037000 0 0
1484551268.205648000 0 0
1484551268.208104000 0 0
1484551268.210563000 0 0
1484551268.212850000 0 0
1484551268.215081000 0 0
1484551197.197083000 1176 0
1484551116.003788000 0 0
1484551129.664348000 0 0
1484551326.594077000 0 0
1484551268.218816000 0 0
1484551353.956294000 0 0
1484551353.958982000 0 0
1484551353.963364000 0 0
1484551353.966811000 0 0
1484551353.969287000 0 0
1484551353.972817000 0 0
1484551353.975060000 0 0
1484551353.978833000 0 0
1484551353.981267000 0 0
1484551353.983939000 0 0
1484551353.989200000 0 0
1484551353.994626000 0 0
1484551353.998739000 0 0
1484551354.003696000 0 0
1484551354.008637000 0 0
1484551354.011145000 0 0
1484551354.013433000 0 0
1484551354.015950000 0 0
1484551354.018698000 0 0
1484551354.021396000 0 0
1484551354.024185000 0 0
1484551354.028267000 0 0
1484551354.030639000 0 0
1484551354.033254000 0 0
1484551354.035683000 0 0
1484551354.038143000 0 0
1484551354.041957000 0 0
1484551356.773633000 0 0
1484551366.613605000 0 0
1484551369.837017000 0 0
1484551369.840098000 0 0
1484551369.847333000 0 0
1484551369.851042000 0 0
1484551369.853523000 0 0
1484551369.857048000 0 0
1484551369.859265000 0 0
1484551369.863020000 0 0
1484551369.865785000 0 0
1484551369.868296000 0 0
1484551369.873304000 0 0
1484551369.876847000 0 0
1484551369.881022000 0 0
1484551369.886020000 0 0
1484551369.890796000 0 0
1484551369.893085000 0 0
1484551369.895411000 0 0
1484551369.897760000 0 0
1484551369.900486000 0 0
1484551369.903268000 0 0
1484551369.905995000 0 0
1484551369.909813000 0 0
1484551369.912275000 0 0
1484551369.914775000 0 0
1484551369.917078000 0 0
1484551369.919491000 0 0
1484551369.923267000 0 0
1484551371.973868000 0 0
1484551379.812061000 0 0
1484551382.940454000 0 0
1484551382.947580000 0 0
1484551382.967041000 0 0
1484551382.978361000 0 0
1484551382.982673000 0 0
1484551382.989270000 0 0
1484551382.992538000 0 0
1484551382.999169000 0 0
1484551383.002542000 0 0
1484551383.007112000 0 0
1484551383.017393000 0 0
1484551383.021625000 0 0
1484551383.026083000 0 0
1484551383.032800000 0 0
1484551383.039328000 0 0
1484551383.041802000 0 0
1484551383.044275000 0 0
1484551383.047026000 0 0
1484551383.050997000 0 0
1484551383.054967000 0 0
1484551383.059154000 0 0
1484551383.063669000 0 0
1484551383.066173000 0 0
1484551383.068970000 0 0
1484551383.071702000 0 0
1484551383.075142000 0 0
1484551383.080878000 0 0
1484551385.254734000 0 0
1484551391.303982000 0 208787
1484551391.330323000 0 0
1484551391.329411000 0 0
1484551390.506586000 0 0
1484551394.364186000 0 0
1484551394.367059000 0 0
1484551394.372282000 0 0
1484551394.375982000 0 0
1484551394.378410000 0 0
1484551394.381952000 0 0
1484551394.384183000 0 0
1484551394.387973000 0 0
1484551394.390485000 0 0
1484551394.393515000 0 0
1484551394.400285000 0 0
1484551394.404518000 0 0
1484551394.409037000 0 0
1484551394.415766000 0 0
1484551394.422757000 0 0
1484551394.425564000 0 0
1484551394.428594000 0 0
1484551394.431290000 0 0
1484551394.434229000 0 0
1484551394.437239000 0 0
1484551394.440496000 0 0
1484551394.445489000 0 0
1484551394.447986000 0 0
1484551394.450721000 0 0
1484551394.453238000 0 0
1484551394.455974000 0 0
1484551394.460535000 0 0
1484551372.123366000 392 0
1484551096.699384000 0 0
1484551110.514870000 0 0
1484551451.102815000 0 0
1484551148.828391000 0 0
1484551485.611998000 0 0
1484551485.672790000 0 0
1484551485.694798000 0 0
1484551485.699485000 0 28293
1484551485.723884000 0 0
1484551485.729970000 0 0
1484551485.734951000 0 0
1484551485.680837000 0 0
1484551485.739562000 0 0
1484551485.995270000 0 0
1484551567.535852000 0 9476
1484551567.546183000 0 0
1484551567.544516000 0 0
1484551101.648183000 559451 6334
1484551102.576129000 603552 1645
1484551867.592239000 0 9476
1484551867.604642000 0 0
1484551867.602282000 0 0
1484551396.388730000 0 0
1484551096.491472000 0 0
1484552079.302118000 0 0
1484552079.316819000 0 0
1484552079.326284000 0 0
1484552079.330428000 0 0
1484552079.337836000 0 0
1484552079.341454000 0 0
1484552079.294470000 0 0
1484552079.330878000 0 0
1484552079.313852000 0 0
1484552079.295361000 0 0
1484552083.547259000 0 0
1484552083.633612000 0 0
1484552083.639557000 0 0
1484552083.648954000 0 0
1484552083.660162000 0 0
1484552083.675930000 0 0
1484552083.678493000 0 0
1484552083.681313000 0 0
1484552083.684913000 0 0
1484552083.698442000 0 0
1484552083.701170000 0 0
1484552083.709994000 0 0
1484552083.714166000 0 0
1484552083.729359000 0 0
1484552083.732837000 0 0
1484552083.760552000 0 0
1484552083.763790000 0 0
1484552079.285086000 0 0
1484552088.274764000 0 0
1484552088.340246000 0 0
1484552088.350284000 0 0
1484552088.354893000 0 0
1484552088.394214000 3155 9511
1484552088.552555000 0 0
1484552088.319797000 76763 7096
1484552079.336417000 284 0
1484552079.354732000 184 0
1484552079.365825000 259 0
1484552079.381677000 266 0
1484552079.393932000 297 0
1484552079.410932000 379 0
1484552079.430664000 356 0
1484552079.443281000 178 0
1484552079.467432000 405 0
1484552079.482644000 208 0
1484552079.494453000 698 0
1484552079.499517000 313 0
1484552079.508993000 451 0
1484552079.521315000 205 0
1484552079.532664000 138 0
1484552079.544928000 235 0
1484552079.567656000 181 0
1484552079.583749000 164 0
1484552080.008330000 297 0
1484552080.041194000 229 0
1484552080.050579000 398 0
1484552080.073717000 292 0
1484552080.080929000 226 0
1484552080.087924000 258 0
1484552080.104031000 202 0
1484552080.111043000 268 0
1484552080.120921000 226 0
1484552080.134845000 496 0
1484552080.149352000 302 0
1484552080.169444000 134 0
1484552080.184072000 134 0
1484552080.190556000 134 0
1484552080.196848000 144 0
1484552080.203302000 134 0
1484552080.209727000 134 0
1484552080.223352000 134 0
1484552080.294154000 198 0
1484552080.308375000 808 0
1484552080.315062000 242 0
1484552080.331767000 127 0
1484552080.353746000 122 0
1484552080.471185000 122 0
1484552080.477046000 250 0
1484552080.490474000 179 0
1484552080.515734000 306 0
1484552080.522340000 233 0
1484552080.529576000 205 0
1484552080.553876000 286 0
1484552080.592880000 177 0
1484552080.611819000 299 0
1484552080.633845000 321 0
1484552080.641104000 133 0
1484552080.647456000 133 0
1484552080.661614000 134 0
1484552080.667638000 133 0
1484552080.681302000 133 0
1484552080.694933000 247 0
1484552080.700751000 315 0
1484552080.714305000 260 0
1484552080.741788000 270 0
1484552080.762978000 217 0
1484552080.792923000 1185 0
1484552079.456059000 2938 0
1484552079.961351000 2633 0
1484552080.573335000 4720 0
1484552080.619333000 8488 0
1484552080.726924000 7154 0
1484552080.784283000 2011 0
1484552083.480702000 392 0
1484552083.666990000 504 0
1484552083.690478000 504 0
1484552083.719604000 398 0
1484552083.656758000 564 0
1484552122.728759000 0 0
1484552122.833173000 0 0
1484552122.836831000 0 0
1484552122.845360000 0 0
1484552122.854149000 0 0
1484552122.861779000 0 0
1484552122.906641000 0 0
1484552122.910510000 0 0
1484552122.916933000 0 0
1484552122.923141000 0 0
1484552122.929088000 0 0
1484552122.935891000 0 0
1484552122.952010000 0 0
1484552122.968281000 0 0
1484552122.978936000 0 0
1484552122.989006000 0 0
1484552123.070089000 0 0
1484552123.097907000 0 0
1484552123.123782000 0 0
1484552123.151366000 0 0
1484552123.235692000 0 0
1484552123.238887000 0 0
1484552123.241830000 0 0
1484552123.244775000 0 0
1484552123.248293000 0 0
1484552123.277655000 0 0
1484552123.298698000 0 0
1484552123.302753000 0 0
1484552123.321460000 0 0
1484552123.337088000 0 0
1484552123.348800000 0 0
1484552123.380783000 0 0
1484552123.512284000 0 0
1484552123.801824000 0 4913
1484552123.813845000 0 0
1484552123.812285000 0 0
1484552123.862426000 0 0
1484552123.893393000 0 0
1484552123.970697000 0 0
1484552124.044443000 0 0
1484552124.276906000 0 0
1484552124.284470000 0 0
1484552124.288331000 0 0
1484552124.323755000 0 0
1484552124.287052000 0 0
1484552124.330641000 0 0
1484552124.334634000 0 0
1484552124.337327000 0 0
1484552124.333342000 0 0
1484552124.348143000 0 0
1484552124.722027000 0 0
1484552125.560690000 0 0
1484552125.626019000 0 0
1484552125.636769000 0 0
1484552125.694381000 131072 0
1484552125.728435000 0 0
1484552125.880220000 0 0
1484552125.883823000 0 2
1484552125.892185000 0 0
1484552125.895627000 0 0
1484552125.898632000 0 0
1484552125.645526000 2 0
1484552125.870557000 0 0
1484552125.898379000 0 0
1484552125.924901000 0 53
1484552123.487552000 204 0
1484552125.932648000 0 0
1484552126.036281000 0 0
1484552126.166092000 0 0
1484552126.835796000 0 0
1484552126.888035000 0 0
1484552127.686014000 0 434
1484552127.698076000 0 0
1484552127.696662000 0 0
1484552127.876824000 0 0
1484552127.880051000 0 0
1484552129.958918000 0 0
1484552130.491464000 0 0
1484552130.525874000 0 0
1484552130.593558000 0 0
1484552122.738724000 1033 0
1484552122.751181000 0 0
1484552122.774270000 0 0
1484552144.957466000 0 0
1484552144.969323000 1500 2936
1484552122.851710000 392 0
1484552122.921347000 10 0
1484552122.926045000 10 0
1484552122.934134000 260 0
1484552123.010522000 208 0
1484552123.118277000 18632 0
1484552123.136443000 4431 0
1484552123.166053000 16384 0
1484552123.217111000 259 0
1484552123.354075000 15 0
1484552123.359401000 341 0
1484552123.883102000 16263 0
1484552123.898016000 8 0
1484552123.977376000 504 0
1484552124.029701000 7637 0
1484552124.061063000 6096 0
1484552124.281133000 611 0
1484552124.542203000 10 0
1484552124.727020000 362 0
1484552125.568603000 27 0
1484552125.955337000 18830 0
1484552126.016396000 9154 0
1484552124.078554000 25 0
1484552126.057158000 208620 0
1484552126.180285000 8416 0
1484552126.211796000 9833 0
1484552126.218846000 55 0
1484552154.285736000 0 6096
1484552154.296335000 0 0
1484552144.997739000 0 0
1484552175.358317000 0 0
1484552175.524354000 0 0
1484552175.538617000 0 0
1484552175.541651000 0 0
1484552175.761440000 0 0
1484552175.764227000 0 0
1484552175.773304000 0 0
1484552180.392260000 0 0
1484552180.403404000 0 0
1484552180.417258000 0 0
1484552180.423760000 0 0
1484552180.457835000 0 66
1484552180.449049000 66 0
1484552180.465803000 0 0
1484552183.444113000 0 0
1484552183.485469000 0 137
1484552183.496595000 0 0
1484552183.458827000 137 0
1484552183.495249000 0 0
1484552183.610368000 0 0
1484552183.619771000 0 0
1484552183.649111000 0 6942
1484552183.661081000 0 0
1484552183.659206000 0 0
1484552175.365426000 0 0
1484552175.426011000 11373 0
1484552175.778820000 398 0
1484552175.781341000 392 0
1484552183.683852000 51 0
1484552175.565544000 0 0
1484552175.520233000 0 0
1484552244.495991000 0 0
1484552244.560492000 0 0
1484552244.561829000 0 0
1484552244.604156000 0 0
1484552244.607873000 0 0
1484552244.614689000 0 0
1484552244.617143000 0 0
1484552244.605957000 0 0
1484552244.618120000 0 0
1484552244.676852000 0 0
1484552244.499188000 0 0
1484552244.475900000 0 0
1484552244.477811000 0 0
1484552244.476869000 0 0
1484552246.982620000 0 0
1484552247.047641000 0 0
1484552247.051276000 0 0
1484552247.059124000 0 0
1484552247.066756000 0 0
1484552247.076158000 0 0
1484552247.078442000 0 0
1484552247.080716000 0 0
1484552247.083075000 0 0
1484552247.091541000 0 0
1484552247.093740000 0 0
1484552247.100395000 0 0
1484552247.102688000 0 0
1484552247.111312000 0 0
1484552247.114172000 0 0
1484552244.507615000 0 0
1484552146.115461000 0 6470
1484552248.962681000 0 0
1484552244.508069000 184 0
1484552244.512174000 259 0
1484552244.514701000 266 0
1484552244.517319000 297 0
1484552244.519870000 379 0
1484552244.525280000 356 0
1484552244.527989000 178 0
1484552244.535314000 405 0
1484552244.539692000 208 0
1484552244.543842000 698 0
1484552244.546898000 313 0
1484552244.551267000 451 0
1484552244.554411000 205 0
1484552244.556690000 138 0
1484552244.558903000 235 0
1484552244.563169000 181 0
1484552244.566610000 164 0
1484552244.574384000 297 0
1484552244.578528000 229 0
1484552244.582621000 398 0
1484552244.585358000 292 0
1484552244.589731000 226 0
1484552244.594850000 258 0
1484552244.597731000 202 0
1484552244.601877000 268 0
1484552244.622268000 134 0
1484552244.626868000 134 0
1484552244.633586000 134 0
1484552244.637942000 144 0
1484552244.641956000 134 0
1484552244.646200000 134 0
1484552244.654516000 134 0
1484552244.659759000 198 0
1484552244.666969000 808 0
1484552244.673010000 242 0
1484552244.620329000 250 0
1484552244.624748000 179 0
1484552244.628985000 306 0
1484552244.636012000 233 0
1484552244.640117000 205 0
1484552244.644083000 286 0
1484552244.657359000 177 0
1484552244.662621000 299 0
1484552244.675301000 321 0
1484552244.681497000 133 0
1484552244.685779000 133 0
1484552244.688134000 134 0
1484552244.690507000 133 0
1484552244.502328000 284 0
1484552244.693176000 133 0
1484552244.696607000 247 0
1484552244.699759000 315 0
1484552244.702457000 260 0
1484552244.710605000 270 0
1484552244.713309000 217 0
1484552244.719580000 1185 0
1484552244.607948000 226 0
1484552244.615100000 496 0
1484552244.617611000 302 0
1484552244.530565000 2938 0
1484552244.677129000 127 0
1484552244.679501000 122 0
1484552244.683522000 122 0
1484552244.569334000 2633 0
1484552244.651153000 4720 0
1484552244.669961000 8488 0
1484552244.704674000 7154 0
1484552244.715790000 2011 0
1484552246.965003000 392 0
1484552247.064536000 564 0
1484552247.070104000 504 0
1484552247.085584000 504 0
1484552247.105134000 398 0
1484552263.183262000 0 0
1484552288.649736000 0 0
1484552307.402351000 0 0
1484552307.612670000 0 0
1484552307.615542000 0 0
1484552307.623738000 0 0
1484552307.627915000 398 0
1484552307.629945000 392 0
1484552333.814211000 0 0
1484552248.974049000 0 18191
1484552363.525555000 0 7637
1484552363.534841000 0 0
1484552363.533970000 0 0
1484552348.321860000 0 0
1484552423.838825000 0 0
1484552423.851240000 1704 1774
1484552423.865598000 0 1203
1484552423.877730000 0 0
1484552423.894489000 4870 866
1484552424.760432000 0 362
1484552424.774748000 0 0
1484552424.772481000 0 0
1484552426.841975000 0 310
1484552467.636698000 0 9479
1484552467.645724000 0 0
1484552467.644683000 0 0
1484552483.766884000 0 6967
1484552483.777133000 0 0
1484552483.775573000 0 0
1484552485.308402000 0 208787
1484552485.334942000 0 0
1484552485.333993000 0 0
1484552660.662540000 0 0
1484552660.854726000 0 0
1484552660.876494000 0 0
1484552660.882235000 0 18711
1484552660.905839000 0 0
1484552660.916408000 0 0
1484552660.921442000 0 0
1484552660.862007000 0 0
1484552660.925500000 0 0
1484552661.055925000 0 0
1484552767.692533000 0 9479
1484552767.704608000 0 0
1484552767.702537000 0 0
1484552783.760075000 0 8392
1484552783.772728000 0 0
1484552783.770967000 0 0
1484552948.671542000 0 0
1484552948.696661000 0 0
1484552950.020783000 9511 0
1484552977.154472000 0 4915
1484552977.167719000 0 0
1484552977.166017000 0 0
1484553027.788881000 0 440
1484553027.804225000 0 0
1484553027.802018000 0 0
1484552307.474251000 0 0
1484553054.386030000 0 0
1484553056.052944000 0 0
1484552544.216278000 0 0
1484553069.025448000 0 0
1484553085.030606000 0 0
1484553029.937928000 0 0
1484553177.169490000 0 0
1484553242.201916000 0 8395
1484553242.213978000 0 0
1484553242.211199000 0 0
1484553244.993420000 0 9479
1484553245.011320000 0 0
1484553245.001844000 0 0
1484553194.965305000 0 0
1484553190.912927000 0 0
1484553375.383091000 0 0
1484553086.550310000 0 0
1484553396.796771000 0 0
1484553378.464200000 0 0
1484553416.611320000 0 0
1484553429.334129000 0 98840
1484553429.410962000 0 0
1484553438.294902000 0 4913
1484553438.329124000 0 0
1484553438.325915000 0 0
1484553463.346887000 9511 0
1484553493.187376000 0 4915
1484553493.201973000 0 0
1484553493.199725000 0 0
1484553542.221581000 0 8395
1484553542.231109000 0 0
1484553542.230154000 0 0
1484553545.011063000 0 9479
1484553545.051680000 0 0
1484553545.021215000 0 0
1484553542.669145000 0 0
1484553397.961203000 0 0
1484553689.200990000 0 0
1484553708.473107000 0 0
1484553058.607423000 0 0
1484553246.662620000 0 0
1484553842.242761000 0 8395
1484553842.256490000 0 0
1484553842.253545000 0 0
1484553845.029948000 0 9479
1484553845.041204000 0 0
1484553845.038946000 0 0
1484553920.723686000 0 0
1484552948.677764000 77695 8416
1484553927.834324000 0 433
1484553927.844973000 0 0
1484553927.844055000 0 0
1484553917.515605000 9511 0
1484553946.106259000 0 4915
1484553946.117815000 0 0
1484553946.115888000 0 0
1484553920.736767000 1195 0
1484553721.252226000 0 0
1484553799.259242000 0 0
1484554142.259213000 0 8395
1484554142.269037000 0 0
1484554142.268052000 0 0
1484554145.050209000 0 9479
1484554145.059332000 0 0
1484554145.058512000 0 0
1484554220.796592000 0 0
1484554257.103669000 0 0
1484554257.697207000 0 0
1484554258.129385000 0 0
1484554258.170832000 1903 8760
1484554220.806355000 28001 8578
1484554257.703460000 603757 4834
1484554034.642473000 0 0
1484554104.935440000 0 0
1484554339.921209000 0 0
1484554442.276881000 0 8395
1484554442.292889000 0 0
1484554442.287179000 0 0
1484554445.071460000 0 9480
1484554445.090120000 0 0
1484554445.084750000 0 0
1484554512.301734000 0 98840
1484554512.332604000 0 0
1484554279.214839000 604959 7114
1484554279.694371000 30299 0
1484553312.060759000 0 0
1484554411.910069000 0 0
1484554742.295548000 0 8395
1484554742.309817000 0 0
1484554742.308110000 0 0
1484554745.089531000 0 9480
1484554745.100137000 0 0
1484554745.099190000 0 0
1484553400.304971000 0 0
1484554721.097771000 0 0
1484555042.317539000 0 8395
1484555042.327935000 0 0
1484555042.327012000 0 0
1484555045.117585000 0 9480
1484555045.129095000 0 0
1484555045.128052000 0 0
1484555100.668751000 0 0
1484555111.161713000 0 0
1484554891.246800000 0 0
1484555127.915221000 0 422
1484555127.927736000 0 0
1484555127.926774000 0 0
1484555119.646582000 0 0
1484553710.125659000 0 0
1484552307.375810000 0 0
1484555140.152968000 0 0
1484555140.249842000 0 0
1484555140.252992000 0 0
1484555140.251310000 0 0
1484555140.257989000 0 0
1484555140.256946000 0 0
1484555140.354547000 0 0
1484555140.352406000 0 0
1484555140.456237000 0 0
1484555140.454734000 0 0
1484555140.156858000 0 0
1484555140.133870000 0 0
1484555140.143814000 0 0
1484555141.699433000 0 0
1484555140.135870000 0 0
1484555144.811805000 0 0
1484555144.876855000 0 0
1484555144.880474000 0 0
1484555144.888878000 0 0
1484555144.897218000 0 0
1484555144.909093000 0 0
1484555144.911615000 0 0
1484555144.914017000 0 0
1484555144.916670000 0 0
1484555144.927508000 0 0
1484555144.930151000 0 0
1484555144.936430000 0 0
1484555144.939740000 0 0
1484555144.952229000 0 0
1484555144.954650000 0 0
1484555140.134919000 0 0
1484555140.171522000 184 0
1484555140.176064000 259 0
1484555140.181792000 266 0
1484555140.187564000 297 0
1484555140.192464000 379 0
1484555140.197223000 356 0
1484555140.201783000 178 0
1484555140.213114000 405 0
1484555140.217639000 208 0
1484555140.221902000 698 0
1484555140.226801000 313 0
1484555140.232038000 451 0
1484555140.236940000 205 0
1484555140.241268000 138 0
1484555140.247589000 235 0
1484555140.286532000 297 0
1484555140.296563000 229 0
1484555140.366479000 226 0
1484555140.378600000 496 0
1484555140.390133000 302 0
1484555140.261840000 134 0
1484555140.271221000 134 0
1484555140.282648000 134 0
1484555140.292034000 144 0
1484555140.301529000 134 0
1484555140.310567000 134 0
1484555140.319073000 134 0
1484555140.327731000 198 0
1484555140.336492000 808 0
1484555140.349140000 242 0
1484555140.361439000 127 0
1484555140.373483000 122 0
1484555140.384913000 122 0
1484555140.395398000 250 0
1484555140.401108000 179 0
1484555140.405444000 306 0
1484555140.410455000 233 0
1484555140.415492000 205 0
1484555140.421212000 286 0
1484555140.433922000 177 0
1484555140.439109000 299 0
1484555140.452165000 321 0
1484555140.460816000 133 0
1484555140.466412000 133 0
1484555140.471803000 134 0
1484555140.477679000 133 0
1484555140.483968000 133 0
1484555140.491023000 247 0
1484555140.495964000 315 0
1484555140.500488000 260 0
1484555140.162680000 284 0
1484555140.512603000 270 0
1484555140.517929000 217 0
1484555140.529693000 1185 0
1484555140.207437000 2938 0
1484555140.255873000 181 0
1484555140.266589000 164 0
1484555140.305651000 398 0
1484555140.314540000 292 0
1484555140.323283000 226 0
1484555140.331713000 258 0
1484555140.342437000 202 0
1484555140.355141000 268 0
1484555140.276253000 2633 0
1484555140.427585000 4720 0
1484555140.445463000 8488 0
1484555140.506336000 7154 0
1484555140.523657000 2011 0
1484555141.703959000 605948 0
1484555144.797177000 392 0
1484555144.895190000 564 0
1484555144.902894000 504 0
1484555144.921751000 504 0
1484555144.945415000 398 0
1484555285.464981000 0 4913
1484555285.479648000 0 0
1484555285.477850000 0 0
1484555342.365168000 0 8395
1484555342.378041000 0 0
1484555342.376499000 0 0
1484555345.166179000 0 9480
1484555345.178846000 0 0
1484555345.177036000 0 0
1484555427.943454000 0 423
1484555427.959642000 0 0
1484555427.958005000 0 0
1484555434.620242000 0 0
1484555458.209264000 0 0
1484555477.478748000 0 4915
1484555477.492826000 0 0
1484555477.491291000 0 0
1484555524.215066000 0 0
1484555526.290804000 0 0
1484555524.221250000 1151 0
1484555526.299322000 1195 0
1484555642.428568000 0 8395
1484555642.443678000 0 0
1484555642.442167000 0 0
1484555645.215658000 0 9480
1484555645.227168000 0 0
1484555645.225612000 0 0
1484555727.978765000 0 422
1484555727.993837000 0 0
1484555727.992647000 0 0
1484555824.300044000 0 0
1484555942.437504000 0 8395
1484555942.449877000 0 0
1484555942.448033000 0 0
1484555945.232259000 0 9480
1484555945.243379000 0 0
1484555945.241919000 0 0
1484555997.316651000 0 0
1484555997.367434000 0 0
1484555997.370257000 0 0
1484555997.379307000 0 0
1484556020.576009000 0 0
1484556021.021027000 0 0
1484555997.386028000 392 0
1484556001.853177000 1015 0
1484556024.493587000 0 0
1484556024.497063000 0 0
1484556024.506543000 0 0
1484556024.520292000 0 0
1484556024.522689000 0 0
1484556024.511042000 392 0
1484556024.528847000 564 0
1484556242.484010000 0 8395
1484556242.497154000 0 0
1484556242.495447000 0 0
1484556245.270851000 0 9480
1484556245.282930000 0 0
1484556245.281242000 0 0
1484555824.304420000 30299 6586
1484556542.520398000 0 8395
1484556542.533738000 0 0
1484556542.531865000 0 0
1484556545.313406000 0 9480
1484556545.326265000 0 0
1484556545.324546000 0 0
1484556792.991191000 0 0
1484556792.996380000 0 0
1484556814.535342000 0 0
1484556821.051140000 0 0
1484556821.055126000 0 0
1484556821.065599000 0 0
1484556821.073482000 392 0
1484556821.176007000 0 0
1484556821.180059000 0 0
1484556821.198823000 0 0
1484556821.186536000 564 0
1484556821.414852000 0 0
1484556821.541613000 0 0
1484556821.548871000 0 0
1484556821.560679000 0 0
1484556821.614832000 0 0
1484556021.023993000 0 0
1484556821.655817000 0 0
1484556821.659382000 0 0
1484556821.663217000 0 0
1484556821.696290000 0 0
1484556821.810813000 0 0
1484556821.814280000 0 0
1484556821.817345000 0 0
1484556821.856884000 0 0
1484556821.867007000 0 0
1484556821.870064000 0 0
1484556821.875561000 0 0
1484556821.878372000 0 0
1484556821.880950000 0 0
1484556821.883587000 0 0
1484556821.900732000 0 0
1484556821.905087000 0 0
1484556821.914410000 0 0
1484556821.917410000 0 0
1484556821.919948000 0 0
1484556821.922985000 0 0
1484556821.967817000 0 0
1484556821.970936000 0 0
1484556821.982338000 0 0
1484556821.984972000 0 0
1484556821.987519000 0 0
1484556821.997219000 0 0
1484556821.999691000 0 0
1484556822.002248000 0 0
1484556823.807209000 0 0
1484556823.853423000 0 0
1484556823.867809000 0 0
1484556825.992874000 0 0
1484556826.010441000 0 0
1484556826.023802000 0 0
1484556826.029421000 0 0
1484556826.048612000 0 0
1484556826.541824000 0 0
1484556831.190239000 0 0
1484556831.203658000 0 0
1484556831.209533000 0 0
1484556831.237063000 0 0
1484556831.242817000 0 0
1484556831.257260000 0 0
1484556831.284646000 0 0
1484556832.611509000 0 0
1484556821.875903000 0 0
1484556834.054443000 0 0
1484556834.058873000 0 0
1484556836.722337000 0 0
1484556838.708044000 0 0
1484556832.616972000 0 0
1484556821.820333000 392 0
1484556821.875781000 398 0
1484556821.974305000 564 0
1484556821.928503000 504 0
1484556821.888905000 504 0
1484556862.009691000 0 0
1484556862.017559000 0 0
1484556862.021416000 0 0
1484556862.024996000 0 0
1484556862.030684000 0 0
1484556862.037879000 0 0
1484556862.045829000 0 0
1484556862.059400000 0 0
1484556862.063356000 0 0
1484556862.067303000 0 0
1484556862.202237000 0 0
1484556862.206560000 0 0
1484556862.211553000 0 0
1484556862.217030000 0 0
1484556862.269236000 0 0
1484556862.272071000 0 0
1484556862.275630000 0 0
1484556862.279024000 0 0
1484556862.284417000 0 0
1484556862.287137000 0 0
1484556862.294962000 0 0
1484556862.297594000 0 0
1484556838.725113000 0 0
1484556862.300245000 0 0
1484556862.306141000 0 0
1484556821.829059000 0 0
1484556847.084215000 0 0
1484556862.312940000 0 0
1484556862.328697000 0 0
1484556862.325016000 0 0
1484556862.336516000 0 0
1484556862.333946000 0 0
1484556862.357465000 0 0
1484556862.360354000 0 0
1484556862.360148000 0 0
1484556862.357961000 0 0
1484556862.363363000 0 0
1484556862.366643000 0 0
1484556862.625081000 0 0
1484556862.707662000 0 0
1484556862.710572000 0 0
1484556862.687387000 0 0
1484556862.691483000 0 9367
1484556862.733697000 0 0
1484556862.748117000 0 0
1484556862.720555000 0 0
1484556862.751968000 0 0
1484556862.728312000 0 0
1484556862.774004000 0 0
1484556862.776469000 0 0
1484556862.779122000 0 0
1484556862.779451000 0 0
1484556862.783384000 0 0
1484556862.782455000 0 0
1484556862.790448000 0 0
1484556862.791932000 0 0
1484556862.789099000 0 0
1484556862.794934000 0 0
1484556862.798340000 0 0
1484556862.798401000 0 0
1484556862.803657000 0 0
1484556862.809231000 0 0
1484556862.814157000 0 0
1484556862.815719000 0 0
1484556862.813085000 0 0
1484556862.822295000 0 0
1484556862.828702000 0 0
1484556862.827155000 0 0
1484556862.851561000 0 0
1484556862.854075000 0 0
1484556862.856765000 0 0
1484556862.859243000 0 0
1484556862.918952000 0 0
1484556862.916710000 0 0
1484556862.925661000 0 0
1484556863.012313000 0 0
1484556863.010394000 0 0
1484556862.623201000 0 165
1484556865.154200000 0 0
1484556865.162254000 0 0
1484556865.165307000 0 0
1484556865.168280000 0 0
1484556865.172985000 0 0
1484556865.190132000 0 0
1484556865.194949000 0 0
1484556865.199706000 0 0
1484556865.202586000 0 0
1484556865.207564000 0 0
1484556865.309050000 0 0
1484556865.305155000 0 0
1484556865.316972000 0 0
1484556865.409906000 0 0
1484556865.406084000 0 0
1484556821.620910000 0 0
1484556862.762926000 48 0
1484556862.766124000 0 0
1484556882.675747000 0 0
1484556933.606870000 0 0
1484556944.799824000 0 8395
1484556944.804813000 0 9481
1484556944.811703000 0 0
1484556944.809956000 0 0
1484556944.819474000 0 0
1484556944.817889000 0 0
1484556985.090773000 0 0
1484557079.887893000 0 0
1484557079.890632000 0 0
1484557079.894245000 0 0
1484557079.922581000 0 0
1484557079.925953000 0 0
1484557079.931167000 0 0
1484557079.935628000 0 0
1484557079.939576000 0 0
1484557079.943791000 0 0
1484557079.962893000 0 0
1484557079.966744000 0 0
1484557079.973223000 0 0
1484557079.978976000 0 0
1484557079.985142000 0 0
1484557079.991393000 0 0
1484557079.996810000 0 0
1484557080.002615000 0 0
1484557080.007174000 0 0
1484557080.011987000 0 0
1484557080.016824000 0 0
1484557080.021504000 0 0
1484557080.025400000 0 0
1484557080.030092000 0 0
1484557080.034426000 0 0
1484557080.039400000 0 0
1484557080.043735000 0 0
1484557080.047316000 0 0
1484557080.052588000 0 0
1484557080.056634000 0 0
1484557080.060549000 0 0
1484557080.069977000 0 0
1484557213.445300000 0 0
1484557213.451433000 0 0
1484557213.557839000 0 0
1484557213.624577000 0 0
1484557213.636270000 0 0
1484557213.638929000 0 0
1484557213.659515000 0 0
1484557213.661954000 0 0
1484557213.662844000 0 0
1484557213.669465000 0 0
1484557213.673567000 0 0
1484557213.672450000 0 0
1484557213.684583000 0 0
1484557213.699889000 0 0
1484557213.702419000 0 0
1484557213.710987000 0 0
1484557213.713416000 0 0
1484557213.715950000 0 0
1484557213.718483000 0 0
1484557213.725707000 0 0
1484557213.728449000 0 0
1484557213.731024000 0 0
1484557213.733610000 0 0
1484557213.736256000 0 0
1484557213.739357000 0 0
1484557213.746800000 0 0
1484557216.213820000 0 0
1484557216.217422000 0 0
1484557216.221305000 0 0
1484557216.225750000 0 0
1484557216.229325000 0 0
1484557216.234060000 0 0
1484557216.245574000 0 0
1484557213.636444000 0 0
1484557213.556728000 0 0
1484557213.622462000 392 0
1484557213.678480000 398 0
1484557213.682452000 564 0
1484557213.691250000 504 0
1484557213.721311000 504 0
1484557218.496448000 0 0
1484557218.557113000 0 0
1484557218.575467000 0 0
1484557218.578562000 0 0
1484557218.581600000 0 0
1484557218.584849000 0 0
1484557218.588081000 0 0
1484557218.590644000 0 0
1484557218.593229000 0 0
1484557218.602861000 0 0
1484557218.296472000 0 0
1484557220.143633000 0 0
1484557220.148749000 0 0
1484557220.153124000 0 0
1484557220.157794000 0 0
1484557220.161741000 0 0
1484557220.165581000 0 0
1484557220.170097000 0 0
1484557220.174991000 0 0
1484557220.178585000 0 0
1484557220.182453000 0 0
1484557220.532601000 0 0
1484557220.535180000 0 0
1484557220.863713000 0 0
1484557220.866274000 0 0
1484557220.870998000 0 0
1484557220.880208000 0 0
1484557220.882794000 0 0
1484557220.885877000 0 0
1484557220.895893000 0 0
1484557220.898474000 0 0
1484557220.909323000 0 0
1484557220.911992000 0 0
1484557222.458532000 0 0
1484557222.476456000 0 0
1484557218.523979000 0 0
1484557222.479139000 0 0
1484557222.482600000 0 0
1484557222.486238000 0 0
1484557218.426993000 0 0
1484557222.500008000 0 0
1484557222.497453000 0 0
1484557222.510775000 0 0
1484557222.508473000 0 0
1484557220.415759000 0 0
1484557228.098810000 0 433
1484557228.113517000 0 0
1484557228.111751000 0 0
1484557220.195001000 0 0
1484557220.506298000 9367 0
1484557222.456063000 0 0
1484557218.781527000 15872 0
1484557244.833564000 0 8395
1484557244.838397000 0 9481
1484557244.844269000 0 0
1484557244.843040000 0 0
1484557244.852031000 0 0
1484557244.850898000 0 0
1484557220.538840000 392 0
1484557220.868982000 564 0
1484557220.873673000 504 0
1484557220.889262000 504 0
1484557220.901109000 398 0
1484557324.378551000 0 0
1484551101.641694000 0 6896
1484557324.388597000 9367 0
1484557405.898889000 0 0
1484557405.954624000 0 0
1484557406.369840000 0 0
1484557406.768223000 0 0
1484557406.774462000 575 20739
1484557405.907347000 9367 0
1484556933.614370000 31985 12873
1484557406.375442000 605948 5150
1484557431.733882000 0 0
1484557445.300828000 0 4913
1484557445.313180000 0 0
1484557445.311713000 0 0
1484557464.939809000 0 0
1484557464.946211000 1195 0
1484557490.129226000 0 4915
1484557490.142334000 0 0
1484557490.140508000 0 0
1484557544.872844000 0 8395
1484557544.883304000 0 0
1484557544.882235000 0 0
1484557544.892104000 0 9481
1484557544.903308000 0 0
1484557544.902225000 0 0
1484557844.905450000 0 8395
1484557844.916878000 0 0
1484557844.918264000 0 9481
1484557844.915694000 0 0
1484557844.931581000 0 0
1484557844.930008000 0 0
1484557870.318195000 0 0
1484557430.822651000 607164 3526
1484557892.356888000 0 4913
1484557892.369789000 0 0
1484557892.368215000 0 0
1484557897.639798000 0 262720
1484557897.839280000 0 0
1484557431.738854000 34533 7976
1484558128.254807000 0 434
1484558128.401078000 0 0
1484558128.399318000 0 0
1484558145.012318000 0 9482
1484558145.035563000 0 8396
1484558145.059124000 0 0
1484558145.057670000 0 0
1484558145.085352000 0 0
1484558145.084374000 0 0
1484558150.964000000 0 0
1484558187.958393000 0 0
1484558227.935048000 0 0
1484558255.517210000 0 4913
1484558255.531004000 0 0
1484558255.529306000 0 0
1484558230.803735000 16384 0
1484558428.199503000 0 439
1484558428.214688000 0 0
1484558428.213008000 0 0
1484558444.983703000 0 8396
1484558444.996350000 0 0
1484558444.994611000 0 0
1484558445.002728000 0 9482
1484558445.014183000 0 0
1484558445.012461000 0 0
1484558891.443345000 0 9482
1484558891.453818000 0 0
1484558891.452937000 0 0
1484558892.104420000 0 8396
1484558892.116688000 0 0
1484558892.115126000 0 0
1484558065.192800000 0 32456
1484558926.919473000 8192 0
1484558956.772204000 0 4915
1484558956.785790000 0 0
1484558956.784026000 0 0
1484559028.245636000 0 433
1484559028.260775000 0 0
1484559028.258974000 0 0
1484559191.453541000 0 9482
1484559191.464590000 0 0
1484559191.463420000 0 0
1484559192.132301000 0 8396
1484559192.144064000 0 0
1484559192.142771000 0 0
1484559491.495084000 0 9482
1484559491.508335000 0 0
1484559491.506533000 0 0
1484559492.178480000 0 8396
1484559492.189922000 0 0
1484559492.188337000 0 0
1484559570.545689000 0 0
1484559570.754945000 0 0
1484558227.973602000 608345 12713
1484559570.760749000 1195 0
1484559791.547667000 0 9482
1484559791.560074000 0 0
1484559791.558945000 0 0
1484559792.219669000 0 8396
1484559792.232601000 0 0
1484559792.231066000 0 0
1484559860.301892000 0 0
1484559860.763123000 0 0
1484559860.917698000 0 0
1484559860.925099000 266 7565
1484559860.767370000 609728 8654
1484559878.287158000 0 0
1484559911.264514000 0 0
1484559877.801526000 610982 2788
1484560091.568749000 0 9482
1484560091.580136000 0 0
1484560091.578602000 0 0
1484560092.255975000 0 8396
1484560092.267663000 0 0
1484560092.266431000 0 0
1484559878.292534000 29318 821
1484560500.590561000 0 0
1484560673.065593000 0 8396
1484560673.070589000 0 9482
1484560673.078806000 0 0
1484560673.077190000 0 0
1484560673.087067000 0 0
1484560673.085922000 0 0
1484562743.161189000 0 0
1484562743.167714000 0 0
1484564273.211694000 0 8399
1484564273.214655000 0 9485
1484564273.222591000 0 0
1484564273.225335000 0 0
1484564273.221131000 0 0
1484564273.224284000 0 0
1484564647.356033000 0 9485
1484564647.367360000 0 0
1484564647.366311000 0 0
1484564651.204336000 0 8399
1484564651.217881000 0 0
1484564651.215632000 0 0
1484564667.521357000 0 0
1484564678.596901000 0 0
1484564683.279176000 0 0
1484564683.717186000 0 0
1484564667.527916000 1151 0
1484564678.603161000 611980 0
1484564711.548899000 0 0
1484564728.635050000 0 422
1484564728.648538000 0 0
1484564728.647000000 0 0
1484564683.798908000 560570 8594
1484564764.945879000 0 0
1484564796.597914000 0 4913
1484564796.616018000 0 0
1484564796.614219000 0 0
1484564947.367311000 0 9485
1484564947.380065000 0 0
1484564947.378569000 0 0
1484564951.238256000 0 8399
1484564951.252461000 0 0
1484564951.250171000 0 0
1484565028.656079000 0 434
1484565028.670718000 0 0
1484565028.668875000 0 0
1484565247.412588000 0 9485
1484565247.425767000 0 0
1484565247.423960000 0 0
1484565251.273758000 0 8399
1484565251.288105000 0 0
1484565251.285804000 0 0
1484565311.509399000 0 0
1484564734.099751000 561808 2858
1484565547.443663000 0 9485
1484565547.458504000 0 0
1484565547.457321000 0 0
1484565551.313239000 0 8399
1484565551.327135000 0 0
1484565551.325370000 0 0
1484565554.241676000 0 4915
1484565554.257618000 0 0
1484565554.255864000 0 0
1484565575.965183000 0 0
1484565580.338888000 0 0
1484565575.972105000 1151 0
1484565580.346714000 1195 0
1484565628.702866000 0 422
1484565628.718327000 0 0
1484565628.716072000 0 0
1484565746.047625000 0 0
1484565746.597387000 0 0
1484565747.271314000 0 0
1484565747.278018000 3476 16713
1484565746.601962000 611980 5303
1484565847.495252000 0 9485
1484565847.507009000 0 0
1484565847.505257000 0 0
1484565851.343567000 0 8399
1484565851.356815000 0 0
1484565851.354789000 0 0
1484565911.592004000 0 0
1484566540.879458000 0 9485
1484566540.892051000 0 0
1484566540.890692000 0 0
1484566542.523341000 0 8399
1484566542.536044000 0 0
1484566542.535088000 0 0
1484565780.754591000 613571 8161
1484566840.905391000 0 9485
1484566840.916651000 0 0
1484566840.915584000 0 0
1484566842.581247000 0 8399
1484566842.592725000 0 0
1484566842.591137000 0 0
1484567339.024607000 0 9485
1484567339.039094000 0 0
1484567339.037549000 0 0
1484567342.904605000 0 8399
1484567342.916293000 0 0
1484567342.914847000 0 0
1484567527.798030000 0 4913
1484567527.846346000 0 0
1484567527.844620000 0 0
1484567639.052034000 0 9485
1484567639.064917000 0 0
1484567639.063208000 0 0
1484567642.926529000 0 8399
1484567642.938211000 0 0
1484567642.936956000 0 0
1484567709.742920000 0 0
1484567728.847754000 0 423
1484567728.861907000 0 0
1484567728.860272000 0 0
1484567880.261896000 0 4915
1484567880.277259000 0 0
1484567880.274987000 0 0
1484567939.086601000 0 9485
1484567939.098502000 0 0
1484567939.096754000 0 0
1484567942.950289000 0 8399
1484567942.961979000 0 0
1484567942.960486000 0 0
1484568028.870114000 0 433
1484568028.884759000 0 0
1484568028.883005000 0 0
1484568235.163952000 0 4915
1484568235.177195000 0 0
1484568235.175561000 0 0
1484568239.117956000 0 9485
1484568239.131527000 0 0
1484568239.129793000 0 0
1484568242.990260000 0 8399
1484568243.002344000 0 0
1484568243.000842000 0 0
1484568311.599698000 0 0
1484568311.619185000 0 0
1484550928.630531000 1426150 174569
1484568514.619009000 0 0
1484568514.742681000 0 0
1484568515.257531000 0 0
1484568515.261222000 0 0
1484568515.269680000 0 0
1484568515.297411000 0 0
1484568515.299953000 0 0
1484568519.408234000 0 0
1484568519.505369000 0 0
1484568519.510178000 24576 0
1484568519.555775000 0 0
1484568519.560781000 196608 0
1484568519.648830000 0 0
1484568519.653753000 24576 0
1484568519.690023000 0 0
1484568519.695274000 24576 0
1484568519.718259000 0 0
1484568519.723347000 24576 0
1484568519.751987000 0 0
1484568519.756764000 24576 0
1484568519.784355000 0 0
1484568519.789204000 24576 0
1484568519.828851000 0 0
1484568519.834776000 360448 0
1484568519.934976000 0 0
1484568519.940214000 73728 0
1484568520.312401000 0 0
1484568520.319836000 57344 0
1484568520.374324000 0 0
1484568520.381151000 24576 0
1484568520.423146000 0 0
1484568520.429165000 24576 0
1484568520.467086000 0 0
1484568520.472627000 24576 0
1484568520.535711000 0 0
1484568520.542632000 24576 0
1484568520.581712000 0 0
1484568520.587725000 24576 0
1484568520.620014000 0 0
1484568520.626636000 24576 0
1484568520.672859000 0 0
1484568520.678380000 20480 0
1484568520.727771000 0 0
1484568520.734024000 24576 0
1484568520.776082000 0 0
1484568520.782027000 24576 0
1484568520.844599000 0 0
1484568520.850235000 24576 0
1484568525.738405000 0 0
1484568525.989214000 0 1150
1484568526.001956000 0 0
1484568526.016184000 1150 0
1484568526.042483000 1150 0
1484568519.970890000 250 0
1484568520.363949000 0 0
1484568525.987087000 0 0
1484568526.004377000 500 0
1484568526.079487000 0 1150
1484568526.074375000 0 250
1484568526.091599000 0 0
1484568529.016031000 0 0
1484568529.025204000 0 0
1484568531.028152000 0 0
1484568531.036005000 0 0
1484568519.543018000 184 0
1484568519.640727000 286 0
1484568519.675425000 235 0
1484568519.709846000 306 0
1484568519.741120000 259 0
1484568519.773550000 297 0
1484568519.806999000 405 0
1484568519.924237000 258 0
1484568519.970935000 0 0
1484568520.356631000 0 0
1484568520.398052000 0 0
1484568520.403093000 0 0
1484568520.408314000 0 0
1484568520.450289000 268 0
1484568519.668933000 138 0
1484568519.489054000 284 0
1484568522.381544000 0 0
1484568520.497549000 260 0
1484568520.510805000 7154 0
1484568539.161660000 0 9485
1484568539.174651000 0 0
1484568539.173134000 0 0
1484568526.095145000 0 0
1484568515.278661000 398 0
1484568515.283962000 392 0
1484568543.027505000 0 8399
1484568543.039745000 0 0
1484568543.038144000 0 0
1484568519.436307000 80 0
1484568519.453455000 638 0
1484568520.569556000 808 0
1484568520.610787000 270 0
1484568520.650868000 178 0
1484568520.695902000 2938 0
1484568520.708068000 698 0
1484568520.751991000 315 0
1484568520.804657000 297 0
1484568520.811255000 356 0
1484568520.818115000 451 0
1484568520.824910000 299 0
1484568520.832045000 379 0
1484568520.839181000 292 0
1484568520.869315000 242 0
1484568519.589297000 0 0
1484568519.700699000 0 0
1484568522.081274000 0 0
1484568519.757370000 0 0
1484568519.842064000 0 0
1484568519.871168000 0 0
1484568519.886251000 0 0
1484568519.910317000 0 0
1484568519.922771000 0 0
1484568519.945141000 266 0
1484568519.960637000 321 0
1484568523.522364000 0 0
1484568523.464370000 0 0
1484568520.950599000 0 0
1484568520.041055000 233 0
1484568520.017074000 177 0
1484568519.992500000 229 0
1484568525.744488000 614764 0
1484568557.998410000 0 0
1484568558.001587000 250 0
1484568565.761346000 0 0
1484568565.768897000 0 0
1484568748.190865000 0 0
1484568757.684715000 0 4913
1484568757.699242000 0 0
1484568757.697399000 0 0
1484568806.569447000 0 0
1484568812.510125000 0 4913
1484568812.522313000 0 0
1484568812.520888000 0 0
1484568839.194893000 0 9485
1484568839.207808000 0 0
1484568839.206503000 0 0
1484568843.063485000 0 8399
1484568843.075229000 0 0
1484568843.073588000 0 0
1484568851.545676000 0 4915
1484568851.562278000 0 0
1484568851.559965000 0 0
1484569139.253562000 0 9485
1484569139.268538000 0 0
1484569139.266772000 0 0
1484569143.094280000 0 8399
1484569143.105749000 0 0
1484569143.104235000 0 0
1484569265.152518000 0 4913
1484569265.167021000 0 0
1484569265.165163000 0 0
1484552348.333062000 0 29662
1484569268.572759000 0 0
1484569290.411636000 0 0
1484569293.238776000 0 0
1484569293.241842000 0 0
1484569293.245032000 0 0
1484569293.248757000 0 0
1484569293.252986000 0 0
1484569293.256882000 0 0
1484569293.260819000 0 0
1484568514.973483000 0 0
1484569293.195900000 0 0
1484569527.945129000 0 9485
1484569527.958114000 0 0
1484569527.956305000 0 0
1484569528.985640000 0 434
1484569529.000479000 0 0
1484569528.999142000 0 0
1484569531.011248000 0 8399
1484569531.024848000 0 0
1484569531.023078000 0 0
1484568519.416136000 0 0
1484569299.344995000 0 0
1484569558.848111000 0 0
1484569558.854345000 0 0
1484569558.859461000 0 0
1484569558.862568000 0 0
1484569558.866549000 0 0
1484569558.870503000 0 0
1484569558.851610000 0 0
1484568514.739996000 0 0
1484569558.824663000 0 0
1484569558.957235000 0 0
1484569558.827038000 0 0
1484569561.438018000 0 0
1484569561.535714000 0 0
1484569561.543121000 0 0
1484569561.553723000 0 0
1484569561.565786000 0 0
1484569561.581701000 0 0
1484569561.585344000 0 0
1484569561.589072000 0 0
1484569561.593236000 0 0
1484569561.608494000 0 0
1484569561.612900000 0 0
1484569561.623896000 0 0
1484569561.627429000 0 0
1484569561.644414000 0 0
1484569561.648665000 0 0
1484569558.960941000 0 0
1484569558.858175000 284 0
1484569558.864567000 184 0
1484569558.869018000 259 0
1484569558.873286000 266 0
1484569558.878116000 297 0
1484569558.880464000 379 0
1484569558.884739000 356 0
1484569558.886538000 178 0
1484569558.895624000 405 0
1484569558.900090000 208 0
1484569558.904310000 698 0
1484569558.909035000 313 0
1484569558.913610000 451 0
1484569558.918040000 205 0
1484569558.921916000 138 0
1484569558.926402000 235 0
1484569558.930751000 181 0
1484569558.934773000 164 0
1484569558.945018000 297 0
1484569558.949276000 229 0
1484569558.953805000 398 0
1484569558.958312000 292 0
1484569558.963093000 226 0
1484569558.968439000 258 0
1484569558.973087000 202 0
1484569558.979131000 268 0
1484569558.983562000 226 0
1484569558.987469000 496 0
1484569558.991918000 302 0
1484569558.997134000 134 0
1484569559.001842000 134 0
1484569559.006453000 134 0
1484569559.011271000 144 0
1484569559.016028000 134 0
1484569559.020634000 134 0
1484569559.025395000 134 0
1484569559.029617000 198 0
1484569559.034435000 808 0
1484569559.039556000 242 0
1484569559.044236000 127 0
1484569559.049208000 122 0
1484569559.053880000 122 0
1484569559.057788000 250 0
1484569559.063185000 179 0
1484569559.067429000 306 0
1484569559.070182000 233 0
1484569559.074663000 205 0
1484569559.079575000 286 0
1484569559.090427000 177 0
1484569559.094535000 299 0
1484569559.106418000 321 0
1484569559.112087000 133 0
1484569559.117662000 133 0
1484569559.122627000 134 0
1484569559.127829000 133 0
1484569559.132742000 133 0
1484569559.136972000 247 0
1484569559.141113000 315 0
1484569559.145748000 260 0
1484569559.153572000 270 0
1484569559.157668000 217 0
1484569559.169426000 1185 0
1484569558.891071000 2938 0
1484569558.939629000 2633 0
1484569559.084791000 4720 0
1484569559.100437000 8488 0
1484569559.147958000 7154 0
1484569559.162909000 2011 0
1484569561.425673000 392 0
1484569561.563270000 564 0
1484569561.574550000 504 0
1484569561.600891000 504 0
1484569561.634115000 398 0
1484569594.352374000 0 0
1484569594.852167000 0 0
1484569595.264547000 0 0
1484569595.271429000 336 7272
1484569802.853558000 0 0
1484568311.606180000 29493 4325
1484569594.858768000 614764 2599
1484569808.244575000 0 0
1484569810.588793000 0 4915
1484569810.602936000 0 0
1484569810.601733000 0 0
1484569827.970723000 0 9485
1484569827.982918000 0 0
1484569827.981400000 0 0
1484569829.005734000 0 433
1484569829.021113000 0 0
1484569829.019392000 0 0
1484569802.859493000 1195 0
1484569831.057848000 0 8399
1484569831.069707000 0 0
1484569831.068370000 0 0
1484570102.942710000 0 0
1484570128.009312000 0 9485
1484570128.021700000 0 0
1484570128.019763000 0 0
1484570131.097868000 0 8399
1484570131.111385000 0 0
1484570131.109709000 0 0
1484570428.048432000 0 9485
1484570428.060946000 0 0
1484570428.059515000 0 0
1484570431.124147000 0 8399
1484570431.137576000 0 0
1484570431.135581000 0 0
1484570497.900077000 0 0
1484569808.249873000 616275 5384
1484570525.299668000 0 4913
1484570525.313329000 0 0
1484570525.312036000 0 0
1484570525.509307000 0 0
1484570546.695842000 0 262720
1484570546.769580000 0 0
1484570550.853253000 0 262720
1484570551.493816000 0 0
1484570551.508512000 0 262720
1484570551.583622000 0 0
1484570551.592398000 0 66064
1484570551.619986000 0 0
1484570553.876501000 0 262720
1484570553.950028000 0 0
1484570553.965076000 0 262720
1484570554.041918000 0 0
1484570554.054319000 0 66064
1484570554.084924000 0 0
1484570723.663527000 0 4915
1484570723.673367000 0 0
1484570723.672565000 0 0
1484570728.097043000 0 9485
1484570728.111601000 0 0
1484570728.109808000 0 0
1484570731.153802000 0 8399
1484570731.165874000 0 0
1484570731.164113000 0 0
1484571028.133527000 0 9485
1484571028.147776000 0 0
1484571028.146525000 0 0
1484571711.693081000 0 9485
1484571711.706250000 0 0
1484571711.704614000 0 0
1484571713.640504000 0 8399
1484571713.651818000 0 0
1484571713.650399000 0 0
1484571833.303953000 0 0
1484571833.340428000 0 0
1484571833.498892000 0 0
1484571833.502044000 0 0
1484571833.511517000 0 0
1484571833.543370000 0 0
1484571833.546839000 0 0
1484571833.520862000 398 0
1484571833.526397000 392 0
1484571911.701566000 0 0
1484570102.947097000 30250 14635
1484572011.713436000 0 9485
1484572011.725710000 0 0
1484572011.724095000 0 0
1484572013.687018000 0 8399
1484572013.699012000 0 0
1484572013.697438000 0 0
1484574627.888134000 0 8399
1484574627.898547000 0 0
1484574627.896999000 0 0
1484574627.939260000 0 9485
1484574627.950038000 0 0
1484574627.948472000 0 0
1484574657.220300000 0 0
1484574662.946767000 0 0
1484574669.468345000 0 4913
1484574669.481063000 0 0
1484574669.479440000 0 0
1484574662.953816000 617475 0
1484574927.934118000 0 8399
1484574927.947590000 0 0
1484574927.945644000 0 0
1484574927.985729000 0 9485
1484574927.999922000 0 0
1484574927.998378000 0 0
1484574929.423341000 0 434
1484574929.438074000 0 0
1484574929.436267000 0 0
1484574998.363347000 0 4915
1484574998.377068000 0 0
1484574998.375338000 0 0
1484575007.321045000 0 0
1484575007.346539000 0 0
1484574657.227540000 37181 492
1484575007.550872000 9511 0
1484575034.811170000 0 0
1484575034.816002000 0 0
1484575034.825129000 0 0
1484575034.835014000 0 0
1484575034.851900000 0 0
1484575034.855961000 0 0
1484575034.860019000 0 0
1484575034.864279000 0 0
1484575034.879503000 0 0
1484575034.882775000 0 0
1484575034.898728000 0 0
1484575034.901775000 0 0
1484575034.904863000 0 0
1484575034.927075000 0 0
1484575034.931105000 0 0
1484575035.400709000 0 0
1484575053.174271000 0 0
1484575053.182524000 0 0
1484575053.210562000 0 0
1484575053.328641000 0 0
1484575034.832190000 564 0
1484575034.842346000 504 0
1484575034.870373000 504 0
1484575034.911363000 398 0
1484575063.642844000 0 0
1484575067.398474000 0 0
1484575034.888812000 392 0
1484575053.335834000 1151 0
1484575031.928973000 0 0
1484575096.644259000 0 0
1484575227.972481000 0 8399
1484575227.985440000 0 0
1484575227.983610000 0 0
1484575228.025743000 0 9485
1484575228.040530000 0 0
1484575228.038253000 0 0
1484575229.442602000 0 440
1484575229.456778000 0 0
1484575229.455094000 0 0
1484575282.779860000 0 4915
1484575282.792892000 0 0
1484575282.791213000 0 0
1484575295.485485000 0 0
1484575295.491734000 0 0
1484575277.891101000 9511 0
1484575332.744741000 0 4913
1484575332.759111000 0 0
1484575332.757391000 0 0
1484575511.769607000 0 0
1484575067.404503000 562929 4955
1484575528.009710000 0 8399
1484575528.022983000 0 0
1484575528.021053000 0 0
1484575528.058193000 0 9485
1484575528.068976000 0 0
1484575528.067548000 0 0
1484575529.484179000 0 441
1484575529.495127000 0 0
1484575529.494185000 0 0
1484575875.711587000 0 8399
1484575875.721771000 0 0
1484575875.720259000 0 0
1484576817.745208000 0 0
1484576818.296378000 0 0
1484576818.395982000 0 0
1484576818.399847000 0 0
1484576818.522184000 0 0
1484576818.544691000 0 0
1484576818.559996000 0 0
1484576818.583906000 0 0
1484576818.597359000 0 0
1484576818.610127000 0 0
1484576818.622130000 0 0
1484576818.634712000 0 0
1484577911.858661000 0 9485
1484577911.868371000 0 0
1484577911.866888000 0 0
1484578211.903359000 0 9486
1484578211.914878000 0 0
1484578211.913250000 0 0
1484578261.577709000 0 8399
1484578261.588696000 0 0
1484578261.586955000 0 0
1484575007.327518000 78099 1093
1484578263.695795000 9511 0
1484578293.513532000 0 4915
1484578293.527408000 0 0
1484578293.525137000 0 0
1484578295.010087000 0 0
1484578300.845079000 0 0
1484578300.851785000 617475 0
1484578304.696166000 0 0
1484578304.699229000 0 0
1484578304.707950000 0 0
1484578304.711901000 0 0
1484578304.746528000 0 0
1484578315.975206000 0 0
1484578304.753531000 1151 0
1484578295.014457000 564002 12301
1484578529.739095000 0 422
1484578529.753366000 0 0
1484578529.751686000 0 0
1484578558.508417000 0 9486
1484578558.518193000 0 0
1484578558.517199000 0 0
1484578561.627537000 0 8399
1484578561.639327000 0 0
1484578561.637732000 0 0
1484579117.935789000 0 9486
1484579117.945498000 0 0
1484579117.944056000 0 0
1484579119.427716000 0 8399
1484579119.435930000 0 0
1484579119.435045000 0 0
1484579417.950322000 0 9486
1484579417.960133000 0 0
1484579417.958958000 0 0
1484578337.581136000 566120 3277
1484579598.725946000 0 8399
1484579598.737083000 0 0
1484579598.735357000 0 0
1484579711.975046000 0 0
1484579896.565575000 0 9486
1484579896.576323000 0 0
1484579896.575063000 0 0
1484579898.763866000 0 8399
1484579898.772902000 0 0
1484579898.771814000 0 0
1484580256.341123000 0 9486
1484580256.350657000 0 0
1484580256.349637000 0 0
1484580259.964818000 0 8399
1484580259.976858000 0 0
1484580259.974621000 0 0
1484580433.346492000 0 0
1484569276.505706000 0 30334
1484580500.735964000 0 0
1484580530.008510000 0 0
1484575050.788931000 0 0
1484580556.401358000 0 9486
1484580556.410702000 0 0
1484580556.409587000 0 0
1484580560.012051000 0 8399
1484580560.021187000 0 0
1484580560.020178000 0 0
1484551064.159667000 0 12895
1484580856.423656000 0 9486
1484580856.434856000 0 0
1484580856.433010000 0 0
1484580860.062046000 0 8399
1484580860.072656000 0 0
1484580860.071036000 0 0
1484580912.016547000 0 0
1484580912.021154000 37356 0
1484580912.040857000 0 0
1484581225.858092000 0 0
1484581225.876927000 1203 1352
1484581225.888332000 0 0
1484581225.907629000 4962 958
1484581358.856029000 0 8399
1484581358.856810000 0 9486
1484581358.866420000 0 0
1484581358.866469000 0 0
1484581358.864341000 0 0
1484581358.864446000 0 0
1484581363.671172000 0 0
1484581363.724042000 0 0
1484581363.729132000 0 0
1484581363.738875000 0 0
1484581363.753611000 0 0
1484581363.777877000 0 0
1484581363.780453000 0 0
1484581363.807373000 0 0
1484581363.811489000 24576 0
1484581363.827448000 0 0
1484581363.830932000 196608 0
1484581363.889751000 0 0
1484581363.893006000 24576 0
1484581363.912517000 0 0
1484581363.915746000 24576 0
1484581363.934264000 0 0
1484581363.938734000 24576 0
1484581363.956503000 0 0
1484581363.959959000 24576 0
1484581363.978008000 0 0
1484581363.982164000 24576 0
1484581364.000347000 0 0
1484581364.004521000 360448 0
1484581364.073041000 0 0
1484581364.077289000 73728 0
1484581364.118809000 0 0
1484581364.123487000 57344 0
1484581364.154730000 0 0
1484581364.159069000 24576 0
1484581364.190698000 0 0
1484581364.194404000 24576 0
1484581364.214436000 0 0
1484581364.218892000 24576 0
1484581364.246169000 0 0
1484581364.250291000 24576 0
1484581364.267935000 0 0
1484581364.271585000 24576 0
1484581364.289800000 0 0
1484581364.293646000 24576 0
1484581364.310809000 0 0
1484581364.314621000 20480 0
1484581364.340379000 0 0
1484581364.344503000 24576 0
1484581364.364937000 0 0
1484581364.368887000 24576 0
1484581364.404765000 0 0
1484581364.409100000 24576 0
1484581364.594622000 0 0
1484581364.598471000 24576 0
1484581364.625373000 0 0
1484581364.628994000 24576 0
1484581364.656415000 0 0
1484581364.660125000 24576 0
1484581364.686618000 0 0
1484581364.690946000 24576 0
1484581364.717126000 0 0
1484581364.722015000 24576 0
1484581364.740796000 0 0
1484581364.744936000 8192 0
1484581364.752190000 4096 0
1484581364.757514000 4096 0
1484581364.763691000 4096 0
1484581364.769336000 4096 0
1484581364.776446000 33 0
1484581364.784031000 0 0
1484581364.807520000 0 0
1484581364.812061000 49152 0
1484581364.857191000 0 0
1484581364.862518000 24576 0
1484581364.897525000 0 0
1484581364.902450000 24576 0
1484581364.929444000 0 0
1484581364.934833000 45056 0
1484581364.990965000 0 0
1484581364.995507000 139264 0
1484581365.038970000 0 0
1484581365.043092000 122880 0
1484581365.107581000 0 0
1484581365.111807000 40960 0
1484581365.150693000 0 0
1484581365.156070000 98304 0
1484581365.223439000 0 0
1484581365.228238000 24576 0
1484581370.415853000 0 0
1484581370.452413000 0 0
1484581370.458207000 32768 0
1484581363.879869000 808 0
1484581363.903053000 356 0
1484581364.360028000 451 0
1484581364.311169000 379 0
1484581364.385140000 297 0
1484581364.361288000 315 0
1484581364.335710000 698 0
1484581364.327298000 2938 0
1484581364.394334000 0 0
1484581364.425690000 242 0
1484581364.614925000 208 0
1484581364.922637000 8488 0
1484581364.962924000 179 0
1484581365.133994000 205 0
1484581381.998976000 0 0
1484581382.003030000 0 0
1484581382.013011000 0 0
1484581382.017636000 0 0
1484581386.086655000 0 1150
1484581386.095583000 0 0
1484581386.102631000 1150 0
1484581386.114100000 1150 0
1484581364.673922000 217 0
1484581381.353615000 217 0
1484581386.084517000 0 0
1484581386.096955000 434 0
1484581386.132648000 0 1150
1484581386.128383000 0 217
1484581386.142553000 0 0
1484581365.198568000 198 0
1484581373.211749000 0 0
1484581365.193048000 313 0
1484581373.697711000 0 0
1484581365.089387000 247 0
1484581363.745563000 398 0
1484581363.762202000 80 0
1484581363.765999000 638 0
1484581363.784503000 392 0
1484581363.803912000 284 0
1484581363.824384000 184 0
1484581363.886884000 286 0
1484581363.902618000 138 0
1484581363.909525000 235 0
1484581363.930338000 306 0
1484581363.952942000 259 0
1484581363.974887000 297 0
1484581363.996893000 405 0
1484581364.068626000 258 0
1484581364.114567000 266 0
1484581364.144676000 321 0
1484581364.150382000 250 0
1484581364.174910000 229 0
1484581364.180660000 177 0
1484581364.186231000 233 0
1484581364.210424000 268 0
1484581364.234074000 260 0
1484581364.240817000 7154 0
1484581364.265383000 0 0
1484581364.286059000 270 0
1484581364.307457000 178 0
1484581364.388629000 0 0
1484581364.391847000 0 0
1484581364.396924000 0 0
1484581364.400935000 292 0
1484581364.414543000 0 0
1484581364.421992000 0 0
1484581364.438438000 0 0
1484581365.034791000 205 0
1484581374.794268000 0 0
1484581364.646479000 2011 0
1484581364.884695000 0 0
1484581364.843133000 0 0
1484581364.836563000 164 0
1484581364.789862000 1185 0
1484581389.097439000 0 0
1484581389.100675000 0 0
1484581389.109556000 0 0
1484581391.107536000 0 0
1484581391.113657000 0 0
1484581391.136547000 0 0
1484581364.735632000 0 0
1484581364.704692000 4720 0
1484581364.398367000 0 0
1484581364.583793000 202 0
1484581364.335564000 299 0
1484581364.601817000 0 0
1484581364.615224000 226 0
1484581364.641391000 0 0
1484581370.436508000 181 0
1484581386.144567000 0 0
1484581365.393827000 0 0
1484581374.195576000 0 0
1484581365.379629000 0 0
1484581365.362940000 0 0
1484581364.636283000 2633 0
1484581375.969786000 0 0
1484581376.401925000 0 0
1484581364.626345000 398 0
1484581379.554850000 0 0
1484571833.381853000 0 0
1484581526.106838000 0 894
1484581526.113878000 0 0
1484581526.120648000 894 0
1484581526.128073000 894 0
1484581517.066188000 208 0
1484581519.018686000 0 0
1484581526.104965000 0 0
1484581526.115399000 416 0
1484581526.142805000 0 894
1484581526.139085000 0 208
1484581526.150804000 0 0
1484581529.122499000 0 0
1484581529.130487000 0 0
1484581529.144497000 0 0
1484581516.783930000 217 0
1484581530.550356000 0 0
1484581531.128299000 0 0
1484581531.133703000 0 0
1484581531.154119000 0 0
1484581526.153713000 0 0
1484581530.543474000 208 0
1484581533.710131000 416 0
1484581541.682435000 0 1078
1484581541.691386000 0 0
1484581541.699149000 1078 0
1484581541.710642000 1078 0
1484581538.299680000 178 0
1484581540.428655000 0 0
1484581541.678767000 0 0
1484581541.692662000 356 0
1484581541.731203000 0 1078
1484581541.726372000 0 178
1484581541.742522000 0 0
1484581516.932146000 266 0
1484581516.956707000 233 0
1484581516.982792000 270 0
1484581517.260646000 4720 0
1484581517.428518000 2011 0
1484581517.303800000 2633 0
1484581517.158037000 0 0
1484581544.689194000 0 0
1484581544.697560000 0 0
1484581544.716131000 0 0
1484581546.688978000 0 0
1484581546.694704000 0 0
1484581546.708828000 0 0
1484581541.744469000 0 0
1484581529.126664000 398 0
1484581529.134432000 80 0
1484581529.137147000 638 0
1484581516.969835000 1616 0
1484581517.289488000 328 0
1484581517.676864000 2370 0
1484581517.272249000 796 0
1484581517.050245000 452 0
1484581534.790287000 202 0
1484581517.033810000 484 0
1484581517.025970000 584 0
1484581517.017888000 758 0
1484581537.016039000 299 0
1484581537.069856000 451 0
1484581517.002821000 712 0
1484581516.994424000 594 0
1484581537.415391000 315 0
1484581537.645698000 698 0
1484581537.958004000 2938 0
1484581591.191869000 0 0
1484581608.749896000 0 0
1484581591.199129000 178 0
1484581631.418686000 0 0
1484581658.864455000 0 8399
1484581658.874691000 0 0
1484581658.872139000 0 9486
1484581658.873780000 0 0
1484581658.881338000 0 0
1484581658.879933000 0 0
1484581671.492628000 0 0
1484581717.851850000 0 0
1484581717.860258000 0 0
1484581717.873119000 0 0
1484581717.877605000 0 0
1484581717.883321000 0 0
1484581717.887496000 0 0
1484581717.892254000 0 0
1484581717.865712000 808 0
1484581717.870010000 242 0
1484581717.900049000 133 0
1484581958.885657000 0 9486
1484581958.885753000 0 8399
1484581958.893838000 0 0
1484581958.894133000 0 0
1484581958.892861000 0 0
1484581958.893218000 0 0
1484582025.011454000 0 0
1484582025.015882000 0 0
1484582251.066807000 0 0
1484582258.929994000 0 9486
1484582258.933124000 0 8399
1484582258.941327000 0 0
1484582258.942286000 0 0
1484582258.940058000 0 0
1484582258.941005000 0 0
1484582285.695377000 0 0
1484582285.702387000 617475 0
1484582430.012248000 0 433
1484582430.025155000 0 0
1484582430.023752000 0 0
1484582477.468412000 0 0
1484582477.471718000 0 0
1484582477.483783000 0 0
1484582477.490151000 0 0
1484582477.494253000 0 0
1484582477.498832000 0 0
1484582477.502561000 0 0
1484581382.086172000 0 0
1484582483.420181000 0 0
1484582486.812068000 0 0
1484582494.007908000 0 0
1484582477.476133000 451 0
1484582477.480019000 205 0
1484582499.841000000 0 0
1484582503.217300000 0 0
1484582514.272753000 0 0
1484582518.507310000 0 0
1484582529.687713000 0 0
1484582558.941651000 0 9486
1484582558.946705000 0 8399
1484582558.953454000 0 0
1484582558.955969000 0 0
1484582558.951146000 0 0
1484582558.954701000 0 0
1484582545.217339000 0 0
1484582560.798853000 0 0
1484582598.899481000 0 0
1484582621.720557000 0 0
1484582625.566645000 0 0
1484582633.020972000 0 0
1484582649.497000000 0 0
1484582654.308276000 0 0
1484582663.121250000 0 0
1484582710.242697000 0 0
1484582710.254186000 0 0
1484582710.259994000 0 0
1484582710.264429000 0 0
1484582710.269390000 0 0
1484582710.273970000 0 0
1484582710.283600000 0 0
1484582712.068712000 0 0
1484582656.399313000 0 0
1484582803.253960000 0 4913
1484582803.265373000 0 0
1484582803.263894000 0 0
1484582858.971346000 0 8399
1484582858.975898000 0 9486
1484582858.979495000 0 0
1484582858.978773000 0 0
1484582858.986278000 0 0
1484582858.985331000 0 0
1484581363.805785000 0 0
1484582826.578903000 0 0
1484582703.388821000 0 0
1484571833.338094000 0 0
1484582931.346189000 0 0
1484582931.410246000 0 0
1484582931.447433000 0 0
1484582931.461652000 0 0
1484582931.465096000 0 0
1484582931.468201000 0 0
1484582931.349039000 0 0
1484582931.463074000 0 0
1484582931.331265000 0 0
1484582931.363856000 0 0
1484582931.364909000 0 0
1484582938.039377000 0 0
1484582938.115970000 0 0
1484582938.119881000 0 0
1484582938.128029000 0 0
1484582938.136860000 0 0
1484582938.152039000 0 0
1484582938.154509000 0 0
1484582938.157317000 0 0
1484582938.160827000 0 0
1484582938.175666000 0 0
1484582938.179008000 0 0
1484582938.188378000 0 0
1484582938.191104000 0 0
1484582938.204842000 0 0
1484582938.207394000 0 0
1484582931.372828000 0 0
1484582931.352375000 284 0
1484582931.356852000 184 0
1484582931.359421000 259 0
1484582931.361623000 266 0
1484582931.366303000 297 0
1484582931.369841000 379 0
1484582931.372742000 356 0
1484582931.375472000 178 0
1484582931.385537000 405 0
1484582931.388196000 208 0
1484582931.393394000 698 0
1484582931.396667000 313 0
1484582931.399629000 451 0
1484582931.402647000 205 0
1484582931.405654000 138 0
1484582931.408424000 235 0
1484582931.413082000 181 0
1484582931.416326000 164 0
1484582931.423648000 297 0
1484582931.427387000 229 0
1484582931.430194000 398 0
1484582931.434280000 292 0
1484582931.437236000 226 0
1484582931.439815000 258 0
1484582931.442659000 202 0
1484582931.445366000 268 0
1484582931.451568000 226 0
1484582931.454869000 496 0
1484582931.458755000 302 0
1484582931.466081000 134 0
1484582931.469705000 134 0
1484582931.473386000 134 0
1484582931.477209000 144 0
1484582931.480810000 134 0
1484582931.484323000 134 0
1484582931.488001000 134 0
1484582931.490751000 198 0
1484582931.494776000 808 0
1484582931.497350000 242 0
1484582931.501628000 127 0
1484582931.505461000 122 0
1484582931.509114000 122 0
1484582931.512449000 250 0
1484582931.514830000 179 0
1484582931.517255000 306 0
1484582931.520493000 233 0
1484582931.522469000 205 0
1484582931.524737000 286 0
1484582931.532031000 177 0
1484582931.535733000 299 0
1484582931.542816000 321 0
1484582931.545807000 133 0
1484582931.549528000 133 0
1484582931.553695000 134 0
1484582931.558162000 133 0
1484582931.561862000 133 0
1484582931.564592000 247 0
1484582931.568731000 315 0
1484582931.572357000 260 0
1484582931.579769000 270 0
1484582931.582344000 217 0
1484582931.587695000 1185 0
1484582931.379387000 2938 0
1484582931.420753000 2633 0
1484582931.528613000 4720 0
1484582931.538111000 8488 0
1484582931.574408000 7154 0
1484582931.585003000 2011 0
1484582937.998496000 392 0
1484582938.133658000 564 0
1484582938.143427000 504 0
1484582938.165564000 504 0
1484582938.193799000 398 0
1484583030.051750000 0 423
1484583030.063471000 0 0
1484583030.061710000 0 0
1484583159.005668000 0 8399
1484583159.014795000 0 0
1484583159.013661000 0 0
1484583159.019461000 0 9486
1484583159.028718000 0 0
1484583159.027211000 0 0
1484583561.652325000 0 9487
1484583561.660417000 0 0
1484583561.659135000 0 0
1484583861.670701000 0 9487
1484583861.678543000 0 0
1484583861.677508000 0 0
1484584827.984946000 0 9487
1484584828.208852000 0 0
1484584828.207852000 0 0
1484584829.375360000 0 8399
1484584829.382586000 0 0
1484584829.381776000 0 0
1484584835.839567000 0 0
1484584835.850661000 0 0
1484584835.853320000 0 627
1484584835.860005000 0 0
1484584835.863006000 0 0
1484584835.865184000 0 0
1484584835.843192000 0 0
1484584835.867560000 0 0
1484584835.961474000 0 422
1484584835.969035000 0 0
1484584860.722256000 0 0
1484584861.850029000 0 0
1484584861.854323000 0 0
1484584861.863535000 0 0
1484584861.894022000 0 0
1484584861.896471000 0 0
1484584862.232761000 0 4915
1484584862.242313000 0 0
1484584864.969877000 0 0
1484584864.974542000 0 0
1484584864.977941000 0 0
1484584864.987456000 0 0
1484584865.006281000 0 0
1484584865.009672000 0 0
1484584865.012686000 0 0
1484584865.015808000 0 0
1484584865.033610000 0 0
1484584865.037431000 0 0
1484584865.053871000 0 0
1484584865.058433000 0 0
1484584865.072219000 0 0
1484584865.075491000 0 0
1484584853.246074000 0 0
1484584866.483681000 0 0
1484584861.873145000 398 0
1484584861.877885000 392 0
1484584864.983061000 564 0
1484584864.993077000 504 0
1484584865.019819000 504 0
1484584861.306177000 0 0
1484584860.717394000 0 0
1484584896.411224000 0 0
1484584896.419928000 0 0
1484584896.418885000 0 0
1484584896.422160000 0 0
1484584896.425241000 0 0
1484584896.427346000 0 0
1484584896.428439000 0 0
1484584896.430253000 0 0
1484584896.415158000 0 0
1484584896.373277000 0 0
1484584896.371795000 0 0
1484584896.292399000 0 0
1484584899.723247000 0 0
1484584899.810169000 0 0
1484584899.815061000 0 0
1484584899.824754000 0 0
1484584899.833224000 0 0
1484584899.849549000 0 0
1484584899.853149000 0 0
1484584899.856886000 0 0
1484584899.870447000 0 0
1484584899.873954000 0 0
1484584899.884313000 0 0
1484584899.887645000 0 0
1484584899.902553000 0 0
1484584899.906132000 0 0
1484584896.375104000 0 0
1484584902.061546000 0 0
1484584902.076022000 0 0
1484584902.079063000 0 611
1484584902.087199000 0 0
1484584902.091068000 0 0
1484584902.094158000 0 0
1484584902.065705000 0 0
1484584902.097188000 0 0
1484580516.893318000 0 31277
1484584902.112010000 0 0
1484584902.115805000 0 0
1484584902.127904000 0 0
1484584902.674833000 0 85
1484584902.681414000 0 0
1484584902.725076000 0 109
1484584902.733713000 0 0
1484584902.813611000 0 144
1484584902.820112000 0 0
1484584902.825981000 0 0
1484552125.722664000 0 4096
1484584902.831744000 0 0
1484584902.836086000 0 0
1484552125.718365000 0 0
1484584902.851484000 0 0
1484584902.857333000 0 0
1484584902.874604000 0 0
1484584902.878377000 0 10
1484584902.889036000 0 0
1484584902.893213000 0 0
1484584902.862080000 0 0
1484584902.897253000 0 0
1484552124.304893000 9537 186497
1484552124.756653000 1444071 194275
1484584902.134330000 0 2984
1484584902.915053000 0 9502
1484584903.072690000 0 310
1484584903.078672000 0 175
1484584903.086149000 0 0
1484584903.112225000 0 204
1484584903.141955000 0 0
1484584903.159950000 0 0
1484552126.944695000 0 32768
1484584903.167678000 0 0
1484552126.939677000 61440 2041968
1484584903.177632000 0 0
1484584903.182342000 0 0
1484584903.196118000 0 0
1484552126.873171000 0 4096
1484584903.204127000 0 0
1484584903.209626000 0 0
1484552126.867411000 0 0
1484584903.216178000 0 0
1484584903.222468000 0 0
1484584903.244212000 0 0
1484584903.249193000 0 18771
1484584903.273308000 0 0
1484584903.278617000 0 0
1484584903.228705000 0 0
1484584903.283879000 0 0
1484584903.369782000 0 0
1484584907.434874000 0 0
1484580750.258792000 2779 9634
1484584909.985663000 0 0
1484584909.989433000 0 0
1484584909.998127000 0 0
1484584910.010649000 0 0
1484584910.013589000 0 0
1484557324.495533000 1483 8903
1484584910.519072000 0 0
1484584910.523924000 0 0
1484584910.535120000 0 0
1484584911.265993000 0 85
1484584911.272891000 0 0
1484584911.272023000 0 0
1484584910.003832000 0 5120
1484584910.541722000 0 2601
1484584911.299286000 0 109
1484584911.305170000 0 0
1484584911.304321000 0 0
1484584911.445577000 0 144
1484584911.452421000 0 0
1484584911.451231000 0 0
1484584911.480470000 0 0
1484550923.644649000 0 4096
1484584911.487296000 0 0
1484584911.491636000 0 0
1484584911.492232000 0 0
1484550923.638858000 0 0
1484584911.498102000 0 0
1484584911.529198000 0 0
1484584911.536257000 0 10
1484584911.550683000 0 0
1484584911.559034000 0 0
1484584911.563331000 0 0
1484584911.497788000 0 0
1484584911.566825000 0 0
1484550924.039052000 53943 530219
1484580912.033808000 0 46430
1484584911.587425000 0 53951
1484584911.684989000 0 523
1484584911.684985000 0 175
1484584911.701858000 0 0
1484584911.723466000 0 204
1484584911.734243000 0 0
1484584911.773405000 0 0
1484550911.808548000 0 32768
1484584911.781068000 0 0
1484550911.803482000 2217040 7643952
1484584911.790449000 0 0
1484584911.795032000 0 0
1484584911.908561000 0 0
1484550931.075237000 0 32768
1484584911.915432000 0 0
1484550931.070830000 258344 5535784
1484584911.925664000 0 0
1484584911.930126000 0 0
1484584911.944329000 0 0
1484550930.942116000 0 4096
1484584911.952107000 0 0
1484584911.957702000 0 0
1484550930.937902000 0 0
1484584911.965009000 0 0
1484584911.971261000 0 0
1484584911.995530000 0 0
1484584912.000875000 0 28338
1484584912.031285000 0 0
1484584912.037019000 0 0
1484584911.978261000 0 0
1484584912.042396000 0 0
1484584912.199194000 0 0
1484550929.500552000 190422 7042
1484550929.452376000 61616 4764
1484550929.388778000 89917 8615
1484550928.146795000 1229527 260052
1484568311.833044000 0 1211864
1484584900.096122000 0 0
1484552126.967538000 0 0
1484552126.882040000 0 0
1484552122.956499000 0 0
1484550672.887667000 0 0
1484584896.419113000 284 0
1484584896.423231000 184 0
1484584896.426022000 259 0
1484584896.428525000 266 0
1484584896.430921000 297 0
1484584896.434277000 379 0
1484584896.436816000 356 0
1484584896.439098000 178 0
1484584896.445713000 405 0
1484584896.448051000 208 0
1484584896.450256000 698 0
1484584896.452689000 313 0
1484584896.455002000 451 0
1484584896.458251000 205 0
1484584896.460572000 138 0
1484584896.464148000 235 0
1484584896.467063000 181 0
1484584896.469858000 164 0
1484584896.476710000 297 0
1484584896.480857000 229 0
1484584896.483621000 398 0
1484584896.488678000 292 0
1484584896.492174000 226 0
1484584896.495075000 258 0
1484584896.499862000 202 0
1484584896.502620000 268 0
1484584896.505336000 226 0
1484584896.507562000 496 0
1484584896.510261000 302 0
1484584896.513110000 134 0
1484584896.517495000 134 0
1484584896.521459000 134 0
1484584896.525773000 144 0
1484584896.530068000 134 0
1484584896.533991000 134 0
1484584896.536536000 134 0
1484584896.539212000 198 0
1484584896.541822000 808 0
1484584896.544469000 242 0
1484584896.547211000 127 0
1484584896.549562000 122 0
1484584896.553278000 122 0
1484584896.555342000 250 0
1484584896.559055000 179 0
1484584896.561441000 306 0
1484584896.564012000 233 0
1484584896.566512000 205 0
1484584896.570500000 286 0
1484584896.577565000 177 0
1484584896.580941000 299 0
1484584896.590971000 321 0
1484584896.593863000 133 0
1484584896.597646000 133 0
1484584896.601290000 134 0
1484584896.603381000 133 0
1484584896.607268000 133 0
1484584896.609397000 247 0
1484584896.611490000 315 0
1484584896.613946000 260 0
1484584896.623405000 270 0
1484584896.626571000 217 0
1484584896.633184000 1185 0
1484584896.443005000 2938 0
1484584896.472456000 2633 0
1484584896.572547000 4720 0
1484584896.585766000 8488 0
1484584896.618285000 7154 0
1484584896.630425000 2011 0
1484550931.110538000 0 0
1484550930.950960000 0 0
1484550903.790572000 0 0
1484550906.842069000 22610 0
1484584899.712570000 392 0
1484584899.829703000 564 0
1484584899.838945000 504 0
1484584899.860194000 504 0
1484584899.891111000 398 0
1484552123.692735000 327680 0
1484552125.710508000 98304 0
1484552660.835724000 65536 0
1484552123.391250000 6144 0
1484552123.193546000 135168 106496
1484552123.208841000 16384 4096
1484552126.926901000 1114112 1474560
1484552126.853163000 98304 0
1484552130.612903000 29295 0
1484552130.587113000 5729 0
1484552130.511818000 38699 0
