1484549669.415949000 0 0
1484549669.425615000 0 0
1484549669.435002000 0 0
1484549669.444316000 0 0
1484549669.453455000 0 0
1484549670.427885000 0 0
1484549670.430741000 0 0
1484549670.438653000 0 0
1484549670.389546000 282 0
1484549670.526656000 139 0
1484549670.948393000 282 0
1484549671.087624000 0 0
1484549671.089359000 0 0
1484549671.633796000 0 0
1484549671.635943000 0 0
1484549671.654605000 0 0
1484549671.778636000 0 0
1484549671.781786000 0 0
1484549671.816405000 0 0
1484549671.940327000 0 0
1484549671.942459000 0 0
1484549671.988878000 0 0
1484549671.990652000 0 0
1484549671.992726000 0 0
1484549671.995160000 0 0
1484549671.836503000 0 0
1484549671.872372000 1996 0
1484549671.895151000 1140 0
1484549671.905793000 2186 0
1484549671.066420000 282 0
1484549671.927099000 994 0
1484549671.961028000 1386 0
1484549671.970963000 582 0
1484549671.987814000 2695 0
1484549672.009844000 2235 0
1484549672.030488000 832 0
1484549672.034554000 504 0
1484549672.125641000 4096 0
1484549697.276263000 0 0
1484549697.577063000 0 0
1484549697.586360000 0 0
1484549697.601952000 0 0
1484549697.609180000 0 0
1484549697.635830000 0 0
1484549697.661553000 0 0
1484549697.665444000 0 0
1484549697.674197000 0 0
1484549697.677687000 0 0
1484549697.685885000 0 0
1484549697.827768000 0 0
1484549697.833517000 0 0
1484549697.866683000 0 0
1484549697.900819000 0 0
1484549697.958279000 0 0
1484549698.083252000 0 0
1484549698.085852000 0 0
1484549698.087934000 0 0
1484549698.089982000 0 0
1484549698.091590000 0 0
1484549698.118365000 0 0
1484549698.139689000 0 0
1484549698.142140000 0 0
1484549698.144190000 0 0
1484549698.274557000 0 0
1484549698.288339000 0 0
1484549698.321478000 0 0
1484549698.416364000 0 0
1484549698.610559000 0 0
1484549698.935071000 0 0
1484549698.974313000 0 0
1484549699.017143000 0 0
1484549699.172829000 0 0
1484549699.219287000 0 0
1484549699.222495000 0 18830
1484549699.690179000 0 0
1484549699.692609000 0 0
1484549699.199722000 18830 0
1484549699.208687000 0 0
1484549699.694823000 0 0
1484549699.803321000 0 0
1484549672.185485000 4096 0
1484549699.983381000 0 0
1484549700.161512000 0 0
1484549700.213218000 0 0
1484549700.291494000 0 0
1484549700.449675000 0 0
1484549700.736924000 0 0
1484549700.743653000 0 0
1484549701.229521000 0 0
1484549701.628998000 0 0
1484549701.658353000 0 0
1484549701.674676000 0 0
1484549701.678714000 0 0
1484549701.717300000 0 0
1484549701.677528000 0 0
1484549701.720168000 0 0
1484549701.740634000 0 0
1484549701.742741000 0 0
1484549701.744922000 0 0
1484549701.746978000 0 0
1484549701.749099000 0 0
1484549701.751689000 0 0
1484549701.753893000 0 0
1484549701.756063000 0 0
1484549701.758405000 0 0
1484549701.760144000 0 0
1484549701.762247000 0 0
1484549701.764179000 0 0
1484549701.766557000 0 0
1484549701.768570000 0 0
1484549701.738753000 0 0
1484549701.771485000 0 0
1484549701.774011000 0 0
1484549701.776158000 0 0
1484549701.778455000 0 0
1484549701.781092000 0 0
1484549701.782880000 0 0
1484549701.785609000 0 0
1484549701.788222000 0 0
1484549701.790533000 0 0
1484549701.792849000 0 0
1484549701.796490000 0 0
1484549701.816744000 0 0
1484549701.822978000 0 0
1484549701.827123000 0 0
1484549701.829104000 0 0
1484549701.831284000 0 0
1484549701.815030000 0 0
1484549701.836839000 0 0
1484549701.847274000 0 0
1484549701.849565000 0 0
1484549701.854634000 0 0
1484549697.606280000 10 0
1484549697.627022000 10 0
1484549697.657961000 192 0
1484549697.723353000 208 0
1484549697.893129000 32710 0
1484549697.920457000 4431 0
1484549697.980123000 16384 0
1484549698.078373000 670 0
1484549698.326948000 27 0
1484549698.340222000 663 0
1484549698.479275000 22610 0
1484549698.954310000 10316 0
1484549698.993882000 12029 0
1484549699.057208000 208620 0
1484549699.823283000 204 0
1484549699.841105000 32768 0
1484549700.194921000 128456 0
1484549700.223884000 8 0
1484549700.296470000 504 0
1484549700.365105000 9018 0
1484549700.477472000 4631 0
1484549700.514812000 29 0
1484549701.670975000 1023 0
1484549686.116247000 282 0
1484549701.851414000 582 0
1484549701.891373000 0 0
1484549701.983792000 0 0
1484549701.987065000 0 0
1484549701.989302000 0 0
1484549701.991805000 0 0
1484549701.994566000 0 0
1484549701.998737000 0 0
1484549702.000916000 0 0
1484549702.003588000 0 0
1484549702.005904000 0 0
1484549702.009029000 0 0
1484549702.011374000 0 0
1484549702.014374000 0 0
1484549702.016469000 0 0
1484549702.019379000 0 0
1484549702.021751000 0 0
1484549702.024332000 0 0
1484549702.026745000 0 0
1484549702.028770000 0 0
1484549702.030714000 0 0
1484549702.032536000 0 0
1484549702.034697000 0 0
1484549702.504718000 0 0
1484549703.051482000 0 0
1484549703.115427000 0 0
1484549703.124294000 0 0
1484549703.217848000 196608 0
1484549703.261077000 0 0
1484549703.413839000 0 0
1484549703.416834000 0 2
1484549703.423530000 0 0
1484549703.426326000 0 0
1484549703.130194000 2 0
1484549703.405762000 0 0
1484549703.428935000 0 0
1484549703.457105000 0 53
1484549703.462738000 0 0
1484549703.516500000 0 0
1484549703.823115000 0 0
1484549703.846245000 0 0
1484549704.441443000 0 0
1484549704.447503000 0 0
1484549698.938101000 0 0
1484549702.078405000 10 0
1484549702.509776000 397 0
1484549703.079163000 27 0
1484549703.503097000 12479 0
1484549703.507493000 29 0
1484549731.643860000 0 4643
1484549731.651200000 0 0
1484549703.558180000 9833 0
1484549703.628717000 1064 0
1484549707.016437000 282 0
1484549743.431032000 0 0
1484549743.434610000 0 0
1484549743.442877000 0 0
1484549743.450503000 0 0
1484549743.477887000 0 0
1484549743.480644000 0 0
1484549743.483318000 0 0
1484549743.486356000 0 0
1484549743.499154000 0 0
1484549743.501530000 0 0
1484549743.513845000 0 0
1484549743.516492000 0 0
1484549743.519425000 0 0
1484549743.548957000 0 0
1484549743.551767000 0 0
1484549747.791576000 0 0
1484549747.915591000 0 0
1484549755.532645000 0 0
1484549755.551189000 0 0
1484549755.562030000 0 0
1484549755.567000000 0 0
1484549755.598656000 0 66
1484549755.592488000 66 0
1484549755.603982000 0 0
1484549758.681063000 0 0
1484549758.968613000 0 137
1484549758.976087000 0 0
1484549758.948771000 137 0
1484549758.974934000 0 0
1484549759.003089000 0 0
1484549759.009739000 0 0
1484549759.033730000 0 0
1484549759.038569000 0 10293
1484549759.046455000 0 0
1484549759.045598000 0 0
1484549759.054326000 0 0
1484549759.058808000 0 0
1484549759.063164000 0 0
1484549759.081282000 0 0
1484549759.086209000 0 0
1484549759.103843000 0 0
1484549759.118006000 0 0
1484549759.128533000 0 0
1484549759.131684000 0 0
1484549743.383381000 282 0
1484549743.448113000 582 0
1484549743.468190000 504 0
1484549743.490373000 504 0
1484549743.533276000 398 0
1484549759.157302000 51 0
1484549939.734535000 0 0
1484549939.798024000 0 9018
1484549939.806150000 0 0
1484549939.805385000 0 0
1484550000.113883000 0 0
1484550000.123409000 3593 3689
1484550000.133775000 0 0
1484550000.148737000 5771 1771
1484550000.158602000 0 0
1484550000.308255000 0 0
1484550000.322616000 6751 2751
1484550000.332661000 0 0
1484550000.344175000 22424 2040
1484550000.356559000 0 0
1484550000.398301000 0 0
1484550000.425433000 0 0
1484550000.451460000 71483 1947
1484550000.471769000 0 0
1484550000.487073000 19059 2771
1484550000.500923000 0 0
1484550000.534550000 158931 3381
1484550000.567179000 0 0
1484550000.577928000 3260 3356
1484550000.586323000 0 0
1484550000.615101000 3295 3391
1484550002.519356000 0 398
1484550002.531055000 0 0
1484550002.529178000 0 0
1484550004.441305000 0 670
1484550000.418700000 12134 0
1484550025.030294000 0 0
1484550025.080280000 0 0
1484550025.083787000 0 0
1484550025.092045000 0 0
1484550025.286039000 0 0
1484550025.288946000 0 0
1484550036.307719000 0 0
1484550047.783862000 0 0
1484550003.971543000 564 0
1484550025.096140000 582 0
1484550059.067567000 0 10298
1484550059.077019000 0 0
1484550059.075978000 0 0
1484550059.329179000 0 0
1484550066.355430000 0 4647
1484550066.365569000 0 0
1484550066.363488000 0 0
1484549703.365056000 2785 0
1484550181.446263000 0 208787
1484550181.471384000 0 0
1484550181.470316000 0 0
1484550187.831270000 0 0
1484550047.786407000 12134 6342
1484550189.442471000 0 0
1484550223.824426000 0 4631
1484550223.835804000 0 0
1484550223.834096000 0 0
1484550294.092175000 0 4647
1484550294.102881000 0 0
1484550294.101328000 0 0
1484550300.645371000 0 0
1484550300.667575000 37636 868
1484550300.688980000 0 0
1484550300.752209000 0 0
1484550300.768718000 2701 2797
1484550300.779985000 0 0
1484550300.840294000 2550 2707
1484550300.851286000 0 0
1484550301.053187000 2548 2705
1484550301.063671000 0 0
1484550301.121470000 1438 1591
1484550302.534036000 0 381
1484550302.545749000 0 0
1484550302.544377000 0 0
1484550359.086038000 0 11583
1484550359.095139000 0 0
1484550359.094460000 0 0
1484550375.688573000 0 0
1484550407.340302000 0 4631
1484550407.355672000 0 0
1484550407.354088000 0 0
1484550189.433746000 0 9875
1484550189.470752000 1523070 24210
1484550036.319613000 21203 11104
1484550300.710912000 185449 2438
1484550415.201466000 0 0
1484550426.898169000 0 0
1484550474.115537000 0 0
1484550475.941394000 0 0
1484550475.944985000 0 0
1484550475.953655000 0 0
1484550475.961565000 0 0
1484550475.980539000 0 0
1484550475.983781000 0 0
1484550475.987245000 0 0
1484550475.990647000 0 0
1484550476.007120000 0 0
1484550476.010231000 0 0
1484550476.025107000 0 0
1484550476.027500000 0 0
1484550476.030249000 0 0
1484550476.044017000 0 0
1484550476.046765000 0 0
1484550475.429205000 1183223 0
1484550475.958212000 582 0
1484550475.969284000 504 0
1484550475.995447000 504 0
1484550476.015017000 282 0
1484550476.033127000 398 0
1484550476.207502000 0 0
1484550476.209771000 0 0
1484550476.212549000 282 0
1484550476.448109000 0 0
1484550476.454237000 0 0
1484550476.459335000 0 0
1484550476.468696000 0 0
1484550476.484495000 0 0
1484550476.489498000 0 0
1484550476.494869000 0 0
1484550476.496733000 0 0
1484550476.499232000 0 0
1484550476.503749000 0 0
1484550476.506446000 0 0
1484550476.512557000 0 0
1484550476.513278000 0 0
1484550476.515368000 0 0
1484550476.517309000 0 0
1484550476.526671000 0 0
1484550476.529158000 0 0
1484550476.539669000 0 0
1484550476.542001000 0 0
1484550478.009039000 0 0
1484550478.147075000 0 0
1484550478.299607000 0 0
1484550478.306731000 0 0
1484550478.543741000 0 0
1484550478.734706000 0 0
1484550479.099313000 0 0
1484550479.279174000 0 0
1484550479.367598000 0 0
1484550479.372738000 0 0
1484550479.383330000 0 0
1484550480.970963000 0 1183809
1484550481.082256000 0 0
1484550481.080927000 0 0
1484550498.645054000 0 4647
1484550498.656749000 0 0
1484550498.655065000 0 0
1484550476.501594000 582 0
1484550476.506002000 504 0
1484550476.519810000 504 0
1484550476.531691000 398 0
1484550549.963603000 0 4631
1484550549.973911000 0 0
1484550549.972759000 0 0
1484550552.161474000 0 0
1484550552.165499000 8777 1585
1484550582.216306000 0 4631
1484550582.224588000 0 0
1484550582.223696000 0 0
1484550601.136052000 0 0
1484550601.149132000 0 0
1484550602.538651000 0 371
1484550602.549892000 0 0
1484550602.548738000 0 0
1484550601.139855000 9106 0
1484550601.153077000 22253 0
1484550659.108645000 0 11584
1484550659.118729000 0 0
1484550659.117471000 0 0
1484550415.204999000 1532286 11307
1484550900.835520000 0 0
1484550901.170010000 0 0
1484550901.184600000 0 0
1484550901.175581000 9106 0
1484550901.188393000 22253 0
1484550959.120126000 0 11587
1484550959.129257000 0 0
1484550959.128023000 0 0
1484551201.206489000 0 0
1484551201.215646000 0 0
1484551201.209540000 9106 0
1484551201.220129000 22253 0
1484551259.128782000 0 11587
1484551259.138283000 0 0
1484551259.136774000 0 0
1484551501.286690000 0 0
1484551501.299823000 0 0
1484551501.290746000 9106 0
1484551501.306048000 22253 0
1484551559.153299000 0 11587
1484551559.164309000 0 0
1484551559.162717000 0 0
1484551801.326718000 0 0
1484551801.339328000 0 0
1484551801.330617000 9106 0
1484551801.342664000 22253 0
1484551859.176113000 0 11587
1484551859.185155000 0 0
1484551859.184265000 0 0
1484551894.879199000 0 0
1484551894.914994000 0 0
1484551894.918566000 0 0
1484551894.925876000 0 0
1484551894.942090000 0 0
1484551895.140598000 0 0
1484551895.151265000 0 0
1484551895.137927000 0 0
1484552009.463384000 0 0
1484552009.517852000 0 0
1484552009.537605000 0 0
1484552009.543545000 0 32652
1484552009.569901000 0 0
1484552009.575341000 0 0
1484552009.579319000 0 0
1484552009.525005000 0 0
1484552009.583376000 0 0
1484552010.125850000 0 0
1484552010.134832000 0 0
1484552101.368890000 0 0
1484552101.384041000 0 0
1484552101.375239000 9106 0
1484552101.389648000 22253 0
1484552159.207916000 0 11885
1484552159.219010000 0 0
1484552159.217610000 0 0
1484552401.408153000 0 0
1484552401.419912000 0 0
1484552401.411379000 9106 0
1484552401.423937000 22253 0
1484552459.240153000 0 11885
1484552459.251639000 0 0
1484552459.250057000 0 0
1484552584.388670000 0 0
1484552587.672503000 0 4647
1484552587.683679000 0 0
1484552587.682112000 0 0
1484552605.107030000 0 0
1484552622.569922000 0 0
1484552700.799755000 0 0
1484552701.453708000 0 0
1484552701.467988000 0 0
1484552702.588598000 0 400
1484552702.602578000 0 0
1484552702.601006000 0 0
1484552717.650520000 0 0
1484552759.263322000 0 11888
1484552759.273133000 0 0
1484552759.272042000 0 0
1484552925.696610000 0 0
1484553001.494993000 0 0
1484553002.594449000 0 400
1484553002.606953000 0 0
1484553002.605579000 0 0
1484553001.498663000 22253 0
1484553059.285391000 0 11888
1484553059.295193000 0 0
1484553059.293971000 0 0
1484553165.284602000 0 0
1484552701.459568000 18212 19124
1484553176.447505000 0 4647
1484553176.457808000 0 0
1484553176.456332000 0 0
1484553301.566938000 0 0
1484553302.605178000 0 378
1484553302.617517000 0 0
1484553302.615998000 0 0
1484553301.573199000 22253 0
1484553359.312568000 0 11888
1484553359.322422000 0 0
1484553359.321370000 0 0
1484552584.395189000 1536822 22745
1484553600.831115000 0 0
1484553601.592714000 0 0
1484553601.598446000 22253 0
1484553812.669876000 0 11888
1484553812.680367000 0 0
1484553812.679333000 0 0
1484553901.619281000 0 0
1484553902.623008000 0 371
1484553902.635039000 0 0
1484553902.633585000 0 0
1484553905.705006000 0 4631
1484553905.717021000 0 0
1484553905.715325000 0 0
1484553901.623640000 22253 0
1484553962.689879000 0 0
1484554112.699061000 0 11888
1484554112.709060000 0 0
1484554112.708160000 0 0
1484554201.652032000 0 0
1484554201.656217000 22253 0
1484554412.723949000 0 11888
1484554412.734800000 0 0
1484554412.733733000 0 0
1484554500.943763000 0 0
1484554501.684106000 0 0
1484553962.694367000 1544161 5552
1484554501.688574000 22253 0
1484553165.733273000 0 17666
1484554712.749772000 0 11888
1484554712.761099000 0 0
1484554712.759713000 0 0
1484554801.717258000 0 0
1484554801.723361000 22253 0
1484554877.417179000 0 0
1484554878.021914000 0 0
1484554557.452305000 0 17144
1484555012.778427000 0 11888
1484555012.789381000 0 0
1484555012.788244000 0 0
1484555101.799296000 0 0
1484555101.806470000 22253 0
1484555312.808508000 0 11888
1484555312.819123000 0 0
1484555312.818194000 0 0
1484555400.973021000 0 0
1484555401.837380000 0 0
1484554878.271309000 0 10528
1484554878.028326000 1545216 8540
1484555401.841062000 22253 0
1484555612.829957000 0 11888
1484555612.840159000 0 0
1484555612.839157000 0 0
1484555701.866523000 0 0
1484555701.882918000 0 0
1484555701.873817000 8812 0
1484555701.887095000 22253 0
1484549701.632089000 0 0
1484555904.346572000 0 0
1484555904.462615000 0 0
1484555904.466078000 0 0
1484555904.475332000 0 0
1484555904.489371000 0 0
1484555904.496278000 0 0
1484555904.549481000 0 0
1484555904.553048000 0 0
1484555904.559547000 0 0
1484555904.566283000 0 0
1484555904.575772000 0 0
1484555904.583509000 0 0
1484555904.601277000 0 0
1484555904.608103000 0 0
1484555904.617760000 0 0
1484555904.625130000 0 0
1484555904.737690000 0 0
1484555904.767702000 0 0
1484555904.813331000 0 0
1484555904.875155000 0 0
1484555905.276944000 0 0
1484555905.280690000 0 0
1484555905.283870000 0 0
1484555905.287181000 0 0
1484555905.290031000 0 0
1484555905.317203000 0 0
1484555905.337123000 0 0
1484555905.340596000 0 0
1484555905.373168000 0 0
1484555905.378355000 0 0
1484555905.398658000 0 0
1484555905.428344000 0 0
1484555905.565855000 0 0
1484555905.647312000 0 0
1484555905.698045000 0 0
1484555905.854151000 0 0
1484555905.890228000 0 0
1484555905.894716000 0 18830
1484555906.232618000 0 0
1484555906.236921000 0 0
1484555905.876472000 18830 0
1484555905.883948000 0 0
1484555906.241227000 0 0
1484555906.537782000 0 0
1484555906.699709000 0 0
1484555907.117596000 0 0
1484555907.128139000 0 0
1484555907.210040000 0 0
1484555907.336319000 0 0
1484555907.519011000 0 0
1484555907.521718000 0 0
1484555908.017342000 0 0
1484555908.046270000 0 0
1484555908.051279000 0 0
1484555908.080026000 0 0
1484555908.049597000 0 0
1484555908.084651000 0 0
1484555908.101367000 0 0
1484555908.104467000 0 0
1484555908.107326000 0 0
1484555908.110809000 0 0
1484555908.115376000 0 0
1484555908.119890000 0 0
1484555908.123894000 0 0
1484555908.127904000 0 0
1484555908.131857000 0 0
1484555908.137309000 0 0
1484555908.141374000 0 0
1484555908.099709000 0 0
1484555908.147441000 0 0
1484555908.154258000 0 0
1484555908.171542000 0 0
1484555908.152216000 0 0
1484555908.176426000 0 0
1484555908.200311000 0 0
1484555908.212382000 0 0
1484555908.206107000 0 0
1484555908.217875000 0 0
1484555908.224376000 0 0
1484555908.232412000 0 0
1484555908.236254000 0 0
1484555908.241104000 0 0
1484555908.230466000 0 0
1484555908.252373000 0 0
1484555908.260353000 0 0
1484555908.268843000 0 0
1484555908.275182000 0 0
1484555908.280120000 0 0
1484555908.284350000 0 0
1484555908.287217000 0 0
1484555908.306823000 0 0
1484555908.311526000 0 0
1484555908.321007000 0 0
1484555908.325351000 0 0
1484555908.334613000 0 0
1484555908.338152000 0 0
1484555908.304628000 0 0
1484555908.344198000 0 0
1484555908.865766000 0 0
1484555909.511379000 0 0
1484555909.515004000 0 0
1484555910.446098000 0 0
1484555910.602432000 0 0
1484555910.609208000 0 0
1484555910.710119000 131072 0
1484555910.755846000 0 0
1484555911.053077000 0 0
1484555911.057158000 0 2
1484555911.067244000 0 0
1484555911.070517000 0 0
1484555910.615527000 2 0
1484555911.041249000 0 0
1484555911.073357000 0 0
1484555911.098114000 0 53
1484555906.377078000 204 0
1484555911.106852000 0 0
1484555911.311048000 0 0
1484555911.314070000 0 0
1484555911.887921000 0 0
1484555911.929731000 0 0
1484555911.959955000 0 0
1484555912.059643000 0 0
1484555912.074387000 0 0
1484555912.863526000 0 11889
1484555912.874160000 0 0
1484555912.873146000 0 0
1484555904.360966000 1140 0
1484555904.384579000 0 0
1484555904.422440000 0 0
1484555905.569935000 0 0
1484555912.325921000 0 1484176
1484555920.852358000 0 0
1484555927.534568000 0 70160
1484555927.566207000 0 0
1484555904.483148000 282 0
1484555904.564407000 10 0
1484555904.570990000 10 0
1484555904.581122000 192 0
1484555904.652781000 208 0
1484555904.795215000 23815 0
1484555904.897223000 16384 0
1484555905.256523000 0 0
1484555905.262041000 577 0
1484555905.401858000 497 0
1484555905.419236000 28 0
1484555905.627483000 5322 0
1484555905.670314000 12029 0
1484555905.714462000 208620 0
1484555906.633404000 32768 0
1484555907.123667000 7376 0
1484555907.133552000 8 0
1484555907.226939000 504 0
1484555907.288149000 7633 0
1484555907.348971000 4859 0
1484555908.034403000 1036 0
1484555908.404018000 10 0
1484555908.870963000 363 0
1484555910.541570000 27 0
1484555911.148331000 9158 0
1484555907.388196000 25 0
1484555911.185019000 9833 0
1484555911.211091000 1090 0
1484555938.045163000 0 4859
1484555938.061508000 0 0
1484555962.431493000 0 0
1484555962.445940000 0 0
1484555962.475869000 0 0
1484555962.485408000 0 0
1484555962.521521000 0 66
1484555962.507749000 66 0
1484555962.532402000 0 0
1484555965.503568000 0 0
1484555965.555074000 0 137
1484555965.566687000 0 0
1484555965.529994000 137 0
1484555965.565473000 0 0
1484555965.579041000 0 0
1484555965.650132000 0 0
1484555965.661065000 0 9891
1484555965.671983000 0 0
1484555965.671199000 0 0
1484555982.488447000 0 4859
1484555982.499990000 0 0
1484555982.498606000 0 0
1484555965.692996000 51 0
1484556001.907785000 0 0
1484556001.922380000 0 0
1484556001.913935000 8812 0
1484556001.926085000 22253 0
1484555927.859732000 0 267944
1484556038.769905000 0 0
1484556038.773194000 0 0
1484556056.159049000 0 0
1484556056.162256000 0 0
1484556068.199819000 0 0
1484556068.212386000 0 0
1484556068.215279000 0 0
1484556068.233959000 0 0
1484556068.277719000 0 0
1484556068.280544000 0 0
1484556068.313774000 0 0
1484556068.316928000 0 0
1484556068.324484000 0 0
1484556068.270391000 0 0
1484556068.355648000 0 0
1484556068.361124000 0 0
1484556068.364090000 0 0
1484556068.370964000 0 0
1484556068.398713000 0 0
1484556068.401496000 0 0
1484556068.409220000 0 0
1484556068.411898000 0 0
1484556068.414416000 0 0
1484556068.417629000 0 0
1484556068.468065000 0 0
1484556068.471418000 0 0
1484556068.482608000 0 0
1484556068.484977000 0 0
1484556068.487522000 0 0
1484556068.498577000 0 0
1484556068.501259000 0 0
1484556068.503504000 0 0
1484556079.994165000 0 0
1484556080.238853000 0 0
1484556080.398788000 0 0
1484556080.411288000 0 0
1484556080.419251000 0 0
1484556080.432654000 0 0
1484556080.435178000 0 0
1484556068.330984000 398 0
1484556068.360403000 114 0
1484556068.422684000 504 0
1484556068.378643000 504 0
1484556068.265879000 282 0
1484556068.369252000 582 0
1484556122.312812000 0 0
1484556080.241367000 0 0
1484556050.191788000 0 365736
1484556178.508553000 0 0
1484556178.515661000 0 0
1484556206.936084000 0 0
1484556207.109986000 7056 3056
1484556207.126686000 0 0
1484556207.229188000 13775 1583
1484556207.247255000 0 0
1484556207.269121000 0 0
1484556207.283026000 8110 4110
1484556207.298560000 0 0
1484556207.312837000 3128 3216
1484556207.324276000 0 0
1484556207.334134000 6933 2929
1484556207.349118000 0 0
1484556207.366106000 5178 1174
1484556207.380239000 0 0
1484556208.892846000 0 363
1484556208.905166000 0 0
1484556208.903752000 0 0
1484556212.061901000 0 577
1484556212.885581000 0 11889
1484556212.903526000 0 0
1484556212.897716000 0 0
1484556225.120322000 0 0
1484556225.249362000 0 0
1484556207.488922000 3757 0
1484556247.992976000 0 0
1484556248.001309000 0 0
1484556247.980717000 0 0
1484556247.977224000 582 0
1484556248.088661000 129 0
1484556248.186639000 292 0
1484556248.219003000 300 0
1484556248.243281000 504 0
1484556248.246289000 504 0
1484556248.248941000 504 0
1484556247.968013000 0 0
1484556225.246959000 282 0
1484556256.244960000 0 0
1484556256.249793000 0 0
1484556256.258483000 0 0
1484556258.639553000 0 0
1484556265.703433000 0 11178
1484556265.713594000 0 0
1484556265.712320000 0 0
1484556266.372901000 0 7633
1484556266.382867000 0 0
1484556266.382099000 0 0
1484556272.412693000 0 0
1484556272.474411000 0 0
1484556272.478379000 0 0
1484556272.487053000 0 0
1484556256.264574000 398 0
1484556272.495479000 582 0
1484556258.637387000 564 0
1484556300.949108000 0 0
1484556301.950095000 0 0
1484556301.965144000 0 0
1484556301.957126000 8812 0
1484556301.968914000 22253 0
1484556507.506957000 0 0
1484556507.515662000 0 0
1484556507.786921000 3163 3259
1484556507.800494000 0 0
1484556507.830800000 7218 3218
1484556507.846244000 0 0
1484556507.863090000 6437 2437
1484556507.876951000 0 0
1484556507.915452000 7178 3178
1484556507.930044000 0 0
1484556507.947974000 12633 441
1484556507.964118000 0 0
1484556507.973930000 5363 1359
1484556507.986920000 0 0
1484556507.998909000 5815 1815
1484556508.163381000 0 208787
1484556508.190752000 0 0
1484556508.189602000 0 0
1484556512.882339000 0 11889
1484556512.893301000 0 0
1484556512.892453000 0 0
1484556507.510588000 3757 0
1484556547.391753000 0 0
1484556565.734241000 0 11179
1484556565.748563000 0 0
1484556565.747001000 0 0
1484556577.686723000 0 4647
1484556577.698179000 0 0
1484556577.697117000 0 0
1484556601.987928000 0 0
1484556601.998715000 0 0
1484556602.693899000 0 376
1484556602.712080000 0 0
1484556602.708050000 0 0
1484556601.992016000 8812 0
1484556602.002003000 22253 0
1484556701.094554000 0 4631
1484556701.108121000 0 0
1484556701.106574000 0 0
1484556709.213482000 0 0
1484556709.516512000 0 0
1484556709.519779000 0 0
1484556709.528390000 0 0
1484556709.894921000 0 0
1484556709.901493000 0 0
1484556709.903989000 0 0
1484556714.229840000 0 0
1484556714.232909000 0 0
1484556728.275472000 0 0
1484556709.906703000 582 0
1484556709.536232000 282 0
1484556751.823448000 0 0
1484556751.829999000 0 0
1484556808.017427000 0 0
1484556808.027872000 0 0
1484556808.050160000 8940 844
1484556808.065324000 0 0
1484556808.078323000 7426 3426
1484556808.092596000 0 0
1484556808.124830000 32760 4184
1484556808.151062000 0 0
1484556808.367027000 0 0
1484556808.482746000 0 0
1484556808.502664000 11801 3705
1484556812.918565000 0 11889
1484556812.931298000 0 0
1484556812.929996000 0 0
1484556808.021715000 3757 0
1484556865.762028000 0 11179
1484556865.777869000 0 0
1484556865.776686000 0 0
1484556902.076594000 0 0
1484556902.089771000 0 0
1484556902.703982000 0 371
1484556902.716908000 0 0
1484556902.715269000 0 0
1484556902.081192000 8812 0
1484556902.094380000 22253 0
1484557071.382220000 0 0
1484557073.805373000 0 0
1484557074.128721000 0 0
1484557074.128526000 0 0
1484557074.179991000 0 0
1484557074.186176000 0 0
1484557074.187430000 0 0
1484557074.194568000 0 0
1484557074.198176000 0 0
1484557074.197018000 0 0
1484557074.208670000 0 0
1484557074.236228000 0 0
1484557074.239475000 0 0
1484557074.241799000 0 0
1484557074.252117000 0 0
1484557074.126428000 282 0
1484557074.205605000 398 0
1484557074.204752000 582 0
1484557074.224827000 504 0
1484557074.258398000 504 0
1484556728.278786000 0 0
1484557074.304206000 114 0
1484557108.535444000 0 0
1484557108.546665000 0 0
1484557108.565806000 1861 1953
1484557108.578189000 0 0
1484557108.593031000 1848 1940
1484557108.604618000 0 0
1484557108.618468000 1666 1758
1484557108.631421000 0 0
1484557108.640414000 1424 1577
1484557108.652531000 0 0
1484557108.672148000 1418 1571
1484557108.683513000 0 0
1484557108.703939000 2059 2133
1484557108.718198000 0 1442
1484557108.731490000 0 0
1484557108.759242000 1575 1667
1484557112.939520000 0 11889
1484557112.949311000 0 0
1484557112.948386000 0 0
1484557108.540320000 3757 0
1484557165.779499000 0 11182
1484557165.791152000 0 0
1484557165.789719000 0 0
1484557200.929334000 0 0
1484557202.124136000 0 0
1484557202.137435000 0 0
1484556547.398094000 1548538 34841
1484557202.128200000 8812 0
1484557202.141936000 22253 0
1484557408.785411000 0 0
1484557412.957934000 0 11889
1484557412.970418000 0 0
1484557412.968919000 0 0
1484557408.789852000 3757 0
1484557457.693389000 0 0
1484557458.772355000 0 0
1484557465.804296000 0 11182
1484557465.815857000 0 0
1484557465.814256000 0 0
1484557502.162135000 0 0
1484557502.172762000 0 0
1484557502.165592000 8812 0
1484557502.176097000 22253 0
1484557708.804314000 0 0
1484557712.971611000 0 11889
1484557712.985501000 0 0
1484557712.982044000 0 0
1484557708.812255000 3757 0
1484557765.818690000 0 11182
1484557765.831065000 0 0
1484557765.828867000 0 0
1484557801.017799000 0 0
1484557802.197463000 0 0
1484557802.210665000 0 0
1484557802.201902000 8812 0
1484557802.214446000 22253 0
1484557923.989151000 0 0
1484557924.041278000 0 0
1484557924.060664000 0 0
1484557924.065476000 0 23757
1484557924.090570000 0 0
1484557924.096345000 0 0
1484557924.100586000 0 0
1484557924.049804000 0 0
1484557924.108003000 0 0
1484557924.396775000 0 0
1484558008.824626000 0 0
1484558013.005542000 0 11889
1484558013.092330000 0 0
1484558013.090700000 0 0
1484558008.828482000 3757 0
1484558065.895719000 0 11479
1484558065.952867000 0 0
1484558065.951397000 0 0
1484558101.139779000 0 0
1484558102.272765000 0 0
1484558102.428527000 0 0
1484558102.314448000 8812 0
1484558102.458188000 22253 0
1484558308.850101000 0 0
1484558313.001493000 0 11889
1484558313.014261000 0 0
1484558313.013227000 0 0
1484558308.853986000 3757 0
1484558365.856593000 0 11479
1484558365.867051000 0 0
1484558365.866109000 0 0
1484558402.702967000 0 0
1484558402.715103000 0 0
1484558419.321112000 0 0
1484558402.707064000 8812 0
1484558402.719142000 22253 0
1484558465.439503000 0 0
1484558465.444432000 3757 3859
1484558478.341062000 0 0
1484558537.843153000 0 135712
1484558537.888496000 0 0
1484558539.637427000 0 70160
1484558539.676110000 0 0
1484558546.863037000 0 0
1484558546.874675000 0 0
1484558546.879459000 0 1036
1484558546.887313000 0 0
1484558546.891428000 0 0
1484558546.895272000 0 0
1484558546.866788000 0 0
1484558546.898868000 0 0
1484558546.967931000 0 85
1484558546.984330000 0 0
1484558539.848890000 0 791912
1484558547.074109000 0 0
1484558547.098016000 0 109
1484558547.105420000 0 0
1484558547.151388000 0 144
1484558547.158109000 0 0
1484555910.747789000 0 4096
1484558547.158840000 0 0
1484558547.171150000 0 0
1484558547.174003000 0 0
1484558547.175415000 0 0
1484555910.744003000 0 0
1484558547.183172000 0 0
1484558547.184894000 0 0
1484558547.199634000 0 0
1484558547.202552000 0 0
1484558547.188501000 0 10
1484558547.212525000 0 0
1484558547.215550000 0 0
1484558547.178266000 0 0
1484558547.218693000 0 0
1484555908.067976000 32194 93606
1484555908.918225000 4134373 59036
1484558547.236043000 0 32316
1484558547.272807000 0 577
1484558547.276057000 0 175
1484558547.286213000 0 0
1484558547.305735000 0 204
1484558547.309371000 0 0
1484555912.108192000 0 32768
1484558547.317854000 0 0
1484558547.314586000 0 0
1484555912.105064000 0 1676856
1484558547.328093000 0 0
1484558547.331388000 0 0
1484558547.339844000 0 0
1484555912.084328000 0 4096
1484558547.347683000 0 0
1484558547.352254000 0 0
1484555912.080504000 0 0
1484558547.359476000 0 0
1484558547.364285000 0 0
1484558547.378865000 0 0
1484558547.383103000 0 23816
1484558547.402868000 0 0
1484558547.406740000 0 0
1484558547.367882000 0 0
1484558547.412411000 0 0
1484558547.445251000 0 0
1484555911.922283000 8271 236
1484556808.184663000 613457 11303
1484556207.257048000 12778 586
1484556808.409166000 266057 7996
1484555912.133606000 0 0
1484555912.091740000 0 0
1484555904.605587000 0 0
1484555906.745154000 2883584 3145728
1484555907.563356000 327680 0
1484555910.730096000 98304 0
1484557924.020417000 65536 0
1484555905.459693000 65536 0
1484555905.215470000 102400 4096
1484555905.233738000 16384 4096
1484555912.091861000 1212416 1245184
1484555912.069851000 98304 0
1484558478.550769000 98304 0
1484555911.976618000 21946 0
1484555911.953925000 5688 0
1484558613.034560000 0 11889
1484558613.047230000 0 0
1484558613.045392000 0 0
1484558702.784258000 0 0
1484558702.796118000 0 0
1484558702.788684000 8812 0
1484558702.799701000 22253 0
1484558913.064377000 0 11889
1484558913.075582000 0 0
1484558913.074310000 0 0
1484559001.039693000 0 0
1484559002.820383000 0 0
1484559002.833246000 0 0
1484559002.824329000 8812 0
1484559002.837263000 22253 0
1484559213.085114000 0 11889
1484559213.096454000 0 0
1484559213.095353000 0 0
1484559301.236599000 0 0
1484559302.857719000 0 0
1484559302.867241000 0 0
1484559302.860723000 8812 0
1484559302.870201000 22253 0
1484559513.111747000 0 11889
1484559513.123721000 0 0
1484559513.122416000 0 0
1484559602.887061000 0 0
1484559602.900046000 0 0
1484559602.926860000 0 397
1484559602.940457000 0 0
1484559602.939071000 0 0
1484559602.891147000 8812 0
1484559602.903934000 22253 0
1484559635.007947000 0 0
1484559717.811110000 0 0
1484559718.497598000 0 0
1484559635.011857000 8812 11253
1484559718.505356000 1555105 7336
1484559750.592878000 0 0
1484559764.135633000 0 4631
1484559764.147650000 0 0
1484559764.145972000 0 0
1484559813.134165000 0 11892
1484559813.146066000 0 0
1484559813.144709000 0 0
1484559879.116283000 0 0
1484559879.167198000 0 0
1484559879.179760000 0 0
1484559879.188423000 0 0
1484559883.596072000 0 0
1484559901.084670000 0 0
1484559902.938101000 0 0
1484559902.972095000 0 371
1484559902.984586000 0 0
1484559902.983075000 0 0
1484559879.194812000 282 0
1484559924.281952000 0 0
1484559924.286618000 0 0
1484559924.297969000 0 0
1484559924.343507000 0 0
1484559924.346771000 0 0
1484559924.349121000 0 0
1484559924.347952000 0 0
1484559924.359466000 0 0
1484559924.358478000 0 0
1484559924.368568000 0 0
1484559924.383181000 0 0
1484559924.385599000 0 0
1484559924.393110000 0 0
1484559924.395873000 0 0
1484559924.398661000 0 0
1484559924.401710000 0 0
1484559924.278485000 282 0
1484559924.366449000 582 0
1484559924.366951000 398 0
1484559924.375819000 504 0
1484559924.407988000 504 0
1484559902.944742000 22253 0
1484560001.209045000 0 0
1484560001.212404000 0 0
1484560001.221498000 0 0
1484560001.227609000 0 0
1484560001.236144000 0 0
1484560001.283704000 0 0
1484560001.287332000 0 0
1484560001.293700000 0 0
1484560001.302600000 0 0
1484560001.316364000 0 0
1484560001.324787000 0 0
1484560001.328043000 0 0
1484560001.333646000 0 0
1484560001.336504000 0 0
1484560001.342920000 0 0
1484560001.420094000 0 0
1484560001.448564000 0 0
1484560001.463745000 0 0
1484560001.485246000 0 0
1484560001.527394000 0 0
1484560001.531907000 0 0
1484560001.534929000 0 0
1484560001.537859000 0 0
1484560001.540735000 0 0
1484560001.566457000 0 0
1484560001.584038000 0 0
1484560001.588126000 0 0
1484560001.618986000 0 0
1484560001.624458000 0 0
1484560001.637596000 0 0
1484560001.679951000 0 0
1484560001.778894000 0 0
1484560001.793428000 0 0
1484560001.809716000 0 0
1484560001.901408000 0 0
1484560001.920300000 0 0
1484560001.924980000 0 18830
1484560002.257025000 0 0
1484560002.261661000 0 0
1484560001.906565000 18830 0
1484560001.913937000 0 0
1484560002.266150000 0 0
1484560002.415277000 0 0
1484560002.461442000 0 0
1484560002.591970000 0 0
1484560002.599493000 0 0
1484560002.659049000 0 0
1484560002.783411000 0 0
1484560002.990716000 0 0
1484560002.993787000 0 0
1484560003.446421000 0 0
1484560003.455155000 0 0
1484560003.460137000 0 0
1484560003.476217000 0 0
1484560003.458547000 0 0
1484560003.480683000 0 0
1484560003.500811000 0 0
1484560003.504133000 0 0
1484560003.507658000 0 0
1484560003.510722000 0 0
1484560003.514175000 0 0
1484560003.517805000 0 0
1484560003.520763000 0 0
1484560003.524006000 0 0
1484560003.527427000 0 0
1484560003.531299000 0 0
1484560003.534958000 0 0
1484560003.499061000 0 0
1484560003.539308000 0 0
1484560003.545225000 0 0
1484560003.548282000 0 0
1484560003.543244000 0 0
1484560003.552751000 0 0
1484560003.556947000 0 0
1484560003.562766000 0 0
1484560003.560819000 0 0
1484560003.567415000 0 0
1484560003.571602000 0 0
1484560003.577429000 0 0
1484560003.580556000 0 0
1484560003.583603000 0 0
1484560003.575484000 0 0
1484560003.587888000 0 0
1484560003.592969000 0 0
1484560003.596320000 0 0
1484560003.599321000 0 0
1484560003.603161000 0 0
1484560003.606486000 0 0
1484560003.609306000 0 0
1484560003.614554000 0 0
1484560003.617399000 0 0
1484560003.620112000 0 0
1484560003.623209000 0 0
1484560003.626129000 0 0
1484560003.631348000 0 0
1484560003.612663000 0 0
1484560003.635571000 0 0
1484560004.149839000 0 0
1484560005.261441000 0 0
1484560005.304103000 0 0
1484560005.309914000 0 0
1484560005.350716000 131072 0
1484560005.385404000 0 0
1484560005.579829000 0 0
1484560005.590457000 0 0
1484560005.597560000 0 0
1484560005.676379000 0 0
1484560005.680963000 0 2
1484560005.691728000 0 0
1484560005.696533000 0 0
1484560005.315810000 2 0
1484560005.656119000 0 0
1484560005.701644000 0 0
1484560005.722306000 0 53
1484560002.412726000 204 0
1484560005.729830000 0 0
1484560005.886213000 0 0
1484560005.889243000 0 0
1484560005.917847000 0 0
1484560005.934911000 0 0
1484560012.022782000 0 0
1484560001.124187000 1140 0
1484560001.142972000 0 0
1484560001.184581000 0 0
1484560001.782525000 0 0
1484560016.000403000 0 0
1484560016.010287000 0 0
1484560016.014704000 0 1036
1484560016.022828000 0 0
1484560016.026536000 0 0
1484560016.030257000 0 0
1484560003.451562000 1036 0
1484560016.003575000 0 0
1484560016.033612000 0 0
1484560016.120279000 0 363
1484560004.155473000 363 0
1484560016.134305000 0 0
1484560006.677617000 0 629272
1484560016.207476000 0 0
1484560016.240509000 0 85
1484560016.248982000 0 0
1484560016.306619000 0 109
1484560016.310564000 0 0
1484560005.380450000 0 4096
1484560016.319382000 0 0
1484560016.315850000 0 0
1484560016.323602000 0 0
1484560005.377494000 0 0
1484560016.328385000 0 0
1484560016.330977000 0 0
1484560016.339888000 0 0
1484560016.346797000 0 0
1484560016.350159000 0 0
1484560016.343594000 0 10
1484560016.361015000 0 0
1484560016.364142000 0 0
1484560003.673222000 10 0
1484560016.332554000 0 0
1484560016.366980000 0 0
1484560003.467123000 32316 8532
1484560016.386077000 0 32316
1484560001.517106000 577 0
1484560016.409832000 0 577
1484560016.411721000 0 144
1484560016.421790000 0 0
1484560016.429511000 0 0
1484560005.956254000 0 4096
1484560016.436204000 0 175
1484560016.438351000 0 0
1484560016.444412000 0 0
1484560005.951278000 0 0
1484560016.444619000 0 0
1484560016.456805000 0 0
1484560016.457291000 0 4859
1484560002.789218000 4859 0
1484560016.467926000 0 0
1484560016.482548000 0 204
1484560016.490975000 0 0
1484560016.503894000 0 0
1484560005.940842000 0 4096
1484560016.512115000 0 0
1484560016.516948000 0 0
1484560005.935150000 0 0
1484560016.525751000 0 0
1484560016.531042000 0 0
1484560016.545349000 0 0
1484560016.550619000 0 23951
1484560016.574477000 0 0
1484560016.578675000 0 0
1484560001.456988000 23816 0
1484560016.535540000 0 0
1484560016.582504000 0 0
1484560016.612165000 0 0
1484560016.625095000 0 0
1484560016.631161000 0 0
1484560016.674364000 0 137
1484560016.684888000 0 0
1484560016.664932000 137 0
1484560016.683746000 0 0
1484560016.716035000 0 9941
1484560016.727041000 0 0
1484560016.726200000 0 0
1484560016.748577000 0 0
1484560004.161918000 4151968 8540
1484560001.225420000 282 0
1484560001.300091000 10 0
1484560001.307832000 10 0
1484560001.322378000 192 0
1484560001.353461000 208 0
1484560001.491143000 16384 0
1484560001.642733000 28 0
1484560001.651229000 497 0
1484560001.788359000 5322 0
1484560001.800439000 12029 0
1484560001.815206000 208787 0
1484560002.420595000 32768 0
1484560002.595638000 7376 0
1484560002.605210000 8 0
1484560002.665736000 504 0
1484560002.717576000 7633 0
1484560005.976697000 0 0
1484560005.947623000 0 0
1484560001.331569000 0 0
1484560005.268132000 27 0
1484560005.603178000 21946 0
1484560005.743962000 9158 0
1484560002.808848000 25 0
1484560005.768251000 9833 0
1484560005.793096000 1090 0
1484560002.467394000 1605632 622592
1484560002.999679000 327680 0
1484560005.368112000 98304 0
1484560001.685635000 65536 0
1484560001.501402000 102400 4096
1484560001.509325000 16384 4096
1484560005.941463000 98304 0
1484560005.923726000 98304 0
1484560016.650677000 51 0
1484560012.028603000 98304 0
1484560005.593573000 5688 0
1484560005.585465000 8428 0
1484560012.840389000 614726 0
1484560102.164583000 0 0
1484559749.571459000 1556629 4524
1484560113.144313000 0 11892
1484560113.155729000 0 0
1484560113.154674000 0 0
1484560132.248763000 0 4647
1484560132.264609000 0 0
1484560132.263180000 0 0
1484559750.596899000 12314 0
1484560201.084444000 0 0
1484560202.969234000 0 0
1484560202.986512000 0 381
1484560202.998384000 0 0
1484560202.997423000 0 0
1484560219.251677000 0 0
1484560236.525733000 0 4631
1484560236.541702000 0 0
1484560236.540218000 0 0
1484560271.699573000 0 0
1484560301.974380000 0 4647
1484560301.987039000 0 0
1484560301.985475000 0 0
1484560311.822004000 0 0
1484560314.708143000 0 1184421
1484560314.821991000 0 0
1484560314.820530000 0 0
1484560318.937771000 282 0
1484560413.174944000 0 11892
1484560413.185970000 0 0
1484560413.184887000 0 0
1484560503.053860000 0 376
1484560503.066021000 0 0
1484560503.064449000 0 0
1484560102.168728000 22253 8327
1484560202.972968000 24628 296
1484560801.098447000 0 0
1484560802.988614000 0 0
1484560803.003414000 0 0
1484560802.993315000 12448 0
1484560803.007414000 22660 0
1484561103.028637000 0 0
1484561103.046274000 0 0
1484561103.034075000 12448 0
1484561103.055738000 22660 0
1484561401.096366000 0 0
1484561403.077202000 0 0
1484561403.085555000 0 0
1484561403.079951000 12448 0
1484561403.088279000 22660 0
1484561701.105518000 0 0
1484561703.107064000 0 0
1484561703.115486000 0 0
1484561703.109877000 12448 0
1484561703.118124000 22660 0
1484562003.135691000 0 0
1484562003.150148000 0 0
1484562003.139905000 12448 0
1484562003.154365000 22660 0
1484562303.224495000 0 0
1484562303.239806000 0 0
1484562303.229334000 12448 0
1484562303.244345000 22660 0
1484562574.026259000 0 0
1484562574.032635000 0 0
1484562601.095602000 0 0
1484562603.270248000 0 0
1484562603.284969000 0 0
1484562603.274775000 12448 0
1484562603.289050000 22660 0
1484562903.317794000 0 0
1484562903.333008000 0 0
1484562903.322617000 12448 0
1484562903.337741000 22660 0
1484563203.361051000 0 0
1484563203.379196000 0 0
1484563203.368500000 12448 0
1484563203.386303000 22660 0
1484563278.561207000 0 0
1484563278.779051000 0 0
1484563278.856566000 0 0
1484563278.860321000 0 0
1484563278.923996000 0 0
1484563278.936745000 0 0
1484563278.956801000 0 0
1484563278.968758000 0 0
1484563278.981606000 0 0
1484563278.994316000 0 0
1484563279.006164000 0 0
1484563501.298829000 0 0
1484563503.415525000 0 0
1484563503.430145000 0 0
1484563503.420534000 12448 0
1484563503.434037000 22660 0
1484563803.456956000 0 0
1484563803.471856000 0 0
1484563803.461370000 12448 0
1484563803.478911000 22660 0
1484564002.098513000 0 11892
1484564002.108574000 0 0
1484564002.107820000 0 0
1484564103.500891000 0 0
1484564103.514305000 0 0
1484564103.505069000 12448 0
1484564103.518145000 22660 0
1484564302.130161000 0 11892
1484564302.142803000 0 0
1484564302.141569000 0 0
1484564401.173520000 0 0
1484564403.540125000 0 0
1484564403.554068000 0 0
1484564403.544365000 12448 0
1484564403.557986000 22660 0
1484564509.767470000 0 4631
1484564509.780961000 0 0
1484564509.779575000 0 0
1484564683.291709000 0 0
1484564703.586684000 0 0
1484564703.599486000 0 0
1484564703.627284000 0 371
1484564703.642224000 0 0
1484564703.640650000 0 0
1484564703.590513000 12448 0
1484564703.604442000 22660 0
1484564774.740799000 0 11892
1484564774.752880000 0 0
1484564774.751715000 0 0
1484564951.303612000 0 0
1484564951.306616000 12448 983
1484565001.345301000 0 0
1484565003.623797000 0 0
1484560271.706517000 1560421 14369
1484565003.631311000 22660 0
1484564951.913630000 0 18663
1484565074.757481000 0 11892
1484565074.767909000 0 0
1484565074.766924000 0 0
1484565301.275718000 0 0
1484565303.651008000 0 0
1484565303.668557000 0 0
1484565303.658271000 12194 0
1484565303.672796000 22660 0
1484565374.763760000 0 11892
1484565374.773380000 0 0
1484565374.772448000 0 0
1484565443.064824000 0 0
1484565448.532990000 0 0
1484565476.583916000 0 131154
1484565476.667021000 0 8
1484565603.701370000 0 0
1484565603.706858000 22660 0
1484565674.801370000 0 11892
1484565674.813531000 0 0
1484565674.811961000 0 0
1484565448.539602000 12194 5744
1484565903.730081000 0 0
1484565903.734909000 22660 0
1484565974.815397000 0 11892
1484565974.830513000 0 0
1484565974.829456000 0 0
1484565984.540353000 0 0
1484565984.710700000 0 0
1484565984.864070000 0 0
1484565984.868896000 0 0
1484565984.878252000 0 0
1484565984.903694000 0 0
1484565984.906947000 0 0
1484565989.556299000 0 0
1484565989.561217000 0 0
1484565984.912808000 582 0
1484565984.889062000 282 0
1484565991.271705000 0 0
1484565991.281274000 0 0
1484565991.388869000 0 0
1484565991.527591000 0 0
1484565991.569998000 0 0
1484565991.672079000 0 0
1484565996.524965000 0 0
1484565996.528421000 0 0
1484565992.013813000 165 0
1484565996.583975000 0 0
1484565996.611352000 0 0
1484565996.648981000 0 0
1484565996.668390000 0 0
1484565996.681188000 0 0
1484565996.736693000 0 0
1484565996.752745000 0 0
1484565996.759597000 0 0
1484565996.760144000 0 0
1484565996.729915000 0 0
1484565996.840018000 0 0
1484565996.812453000 0 0
1484565996.876844000 0 0
1484565996.881691000 0 0
1484565996.846775000 0 0
1484565996.914163000 0 0
1484565996.956111000 0 0
1484565996.979735000 0 0
1484565996.979844000 0 0
1484565996.909286000 0 0
1484565996.958304000 0 0
1484565991.307937000 4096 0
1484565991.734434000 24 0
1484565991.827975000 0 0
1484565991.848835000 304825 0
1484566105.428447000 0 0
1484566136.337060000 0 0
1484566136.758051000 0 0
1484566145.959172000 0 0
1484566201.167808000 0 0
1484566203.759457000 0 0
1484566203.764038000 22660 0
1484566274.838920000 0 11892
1484566274.851303000 0 0
1484566274.850126000 0 0
1484566282.623704000 0 0
1484566282.629035000 0 0
1484566282.638650000 0 0
1484566282.646076000 0 0
1484566282.665342000 0 0
1484566282.668521000 0 0
1484566282.671490000 0 0
1484566282.674659000 0 0
1484566282.690086000 0 0
1484566282.693151000 0 0
1484566282.710645000 0 0
1484566282.713495000 0 0
1484566282.716677000 0 0
1484566282.734553000 0 0
1484566282.738130000 0 0
1484566287.565318000 0 0
1484566287.576008000 0 0
1484566287.585947000 0 0
1484566287.603928000 0 0
1484566287.610294000 0 0
1484566287.614577000 0 0
1484566287.625868000 0 0
1484566287.632502000 0 0
1484566287.654333000 0 0
1484566287.656452000 0 0
1484566287.658918000 0 0
1484566287.666115000 0 0
1484566287.669005000 0 0
1484566287.671680000 0 0
1484566287.678578000 0 0
1484566287.682079000 0 0
1484566287.691803000 0 0
1484566287.694265000 0 0
1484566282.698998000 282 0
1484566282.642898000 582 0
1484566282.654720000 504 0
1484566282.680179000 504 0
1484566282.722984000 398 0
1484566503.789201000 0 0
1484565743.153818000 0 26553
1484566136.766359000 1563709 7865
1484566503.793274000 22660 0
1484566574.876169000 0 11892
1484566574.888747000 0 0
1484566574.887191000 0 0
1484566705.092147000 0 0
1484566705.096296000 0 0
1484566705.104609000 0 0
1484566705.110342000 282 0
1484566779.455237000 0 0
1484566779.870808000 0 0
1484566779.877852000 0 0
1484566779.887440000 0 0
1484566779.894264000 0 0
1484566779.903854000 0 0
1484566779.906204000 0 0
1484566779.909718000 0 0
1484566779.914724000 0 0
1484566779.928085000 0 0
1484566779.930613000 0 0
1484566779.942738000 0 0
1484566779.946085000 0 0
1484566779.948559000 0 0
1484566779.963708000 0 0
1484566779.967021000 0 0
1484566779.984673000 0 0
1484566779.988323000 0 0
1484566803.822516000 0 0
1484566803.839875000 0 0
1484566779.892079000 582 0
1484566779.898512000 504 0
1484566779.920361000 504 0
1484566779.953876000 398 0
1484566779.936001000 282 0
1484566803.829181000 14832 0
1484566803.844538000 22660 0
1484566874.891890000 0 11892
1484566874.904139000 0 0
1484566874.902903000 0 0
1484567030.220193000 0 0
1484567030.226604000 0 0
1484567030.235905000 0 0
1484567030.244288000 0 0
1484567030.260219000 0 0
1484567030.263566000 0 0
1484567030.266841000 0 0
1484567030.269856000 0 0
1484567030.283864000 0 0
1484567030.286953000 0 0
1484567030.302189000 0 0
1484567030.305306000 0 0
1484567030.309121000 0 0
1484567030.324742000 0 0
1484567030.328690000 0 0
1484567030.865151000 0 0
1484567030.867619000 0 0
1484567030.870812000 0 0
1484567030.880015000 0 0
1484567030.882328000 0 0
1484567030.885761000 0 0
1484567030.897574000 0 0
1484567030.900755000 0 0
1484567030.909929000 0 0
1484567030.912391000 0 0
1484567030.291111000 282 0
1484567030.241283000 582 0
1484567030.249223000 504 0
1484567030.272764000 504 0
1484567030.312317000 398 0
1484567101.283929000 0 0
1484567103.866568000 0 0
1484567103.881214000 0 0
1484567103.870915000 14832 0
1484567103.885366000 22660 0
1484567174.922257000 0 11892
1484567174.933506000 0 0
1484567174.932504000 0 0
1484567403.910237000 0 0
1484567403.926972000 0 0
1484567403.916918000 14832 0
1484567403.931115000 22660 0
1484567474.942704000 0 11892
1484567474.954345000 0 0
1484567474.953379000 0 0
1484567703.959553000 0 0
1484567703.974385000 0 0
1484567703.963604000 14832 0
1484567703.981665000 22660 0
1484567774.971198000 0 11892
1484567774.982699000 0 0
1484567774.981478000 0 0
1484568001.270801000 0 0
1484568004.006984000 0 0
1484568004.020878000 0 0
1484568004.011361000 14832 0
1484568004.024827000 22660 0
1484568261.621624000 0 0
1484568261.624187000 0 0
1484568261.662466000 0 0
1484568261.666411000 0 0
1484568261.676640000 0 0
1484568262.673523000 0 0
1484568262.677653000 0 0
1484568263.472515000 0 0
1484568264.905980000 0 0
1484568264.909350000 0 0
1484568264.915011000 0 0
1484568265.087655000 0 0
1484568261.686839000 0 0
1484568266.005982000 0 0
1484568266.011631000 0 0
1484568266.217444000 0 0
1484568261.690166000 0 0
1484568268.608311000 0 0
1484568266.063637000 5101 0
1484568268.614284000 0 0
1484568268.834822000 0 0
1484568268.837820000 0 0
1484568268.840860000 0 0
1484568268.851305000 0 0
1484568268.864857000 0 0
1484568268.868207000 0 0
1484568268.877631000 0 0
1484568268.899826000 0 0
1484568268.902311000 0 0
1484568268.909729000 0 0
1484568268.912373000 0 0
1484568268.917450000 0 0
1484568268.930503000 0 0
1484568268.933221000 0 0
1484568269.093054000 0 0
1484568269.098902000 0 0
1484568269.103675000 0 0
1484568269.106171000 0 0
1484568268.640567000 9197 0
1484568269.155706000 0 0
1484568269.158554000 0 0
1484568269.161016000 0 0
1484568269.171485000 0 0
1484568269.171165000 0 0
1484568269.190386000 0 0
1484568269.192879000 0 0
1484568269.194536000 0 0
1484568269.201087000 0 0
1484568269.201368000 0 0
1484568269.204063000 0 0
1484568269.210029000 0 0
1484568269.218750000 0 0
1484568269.216971000 0 0
1484568269.226499000 0 0
1484568269.223678000 0 0
1484568269.238679000 0 0
1484568269.236688000 0 0
1484568269.246297000 0 0
1484568269.243579000 0 0
1484568269.260832000 0 0
1484568269.256679000 0 0
1484568269.276439000 0 0
1484568269.273750000 0 0
1484568269.297527000 0 0
1484568268.847905000 582 0
1484568269.311185000 0 0
1484568268.858161000 504 0
1484568268.893531000 504 0
1484568261.683238000 282 0
1484568268.923552000 398 0
1484568269.323706000 0 0
1484568269.323864000 0 0
1484568269.328241000 0 0
1484568269.328721000 0 0
1484568269.326423000 0 0
1484568269.331630000 0 0
1484568269.344794000 0 0
1484568269.351009000 0 0
1484568269.361247000 0 0
1484568269.366718000 0 0
1484568269.370918000 0 0
1484568269.377798000 0 0
1484568269.383277000 0 0
1484568269.451581000 0 0
1484568269.461296000 0 0
1484568269.461096000 0 0
1484568269.457121000 0 0
1484568269.468520000 0 0
1484568269.471384000 0 0
1484568269.476547000 0 0
1484568269.478708000 0 0
1484568269.474830000 0 0
1484568269.583399000 0 0
1484568269.580058000 0 0
1484568270.005433000 0 0
1484568265.099912000 0 0
1484568272.212640000 0 0
1484568272.215204000 0 0
1484568274.203018000 0 0
1484568269.167603000 0 165
1484568276.280753000 0 0
1484568276.289881000 0 0
1484568276.292730000 0 0
1484568276.298021000 0 0
1484568276.338090000 0 0
1484568276.358201000 0 0
1484568276.376352000 0 0
1484568276.380954000 0 0
1484568276.386417000 0 0
1484568276.433814000 0 0
1484568276.428788000 0 0
1484568276.439943000 0 0
1484568276.535153000 0 0
1484568276.532234000 0 0
1484568277.257242000 0 0
1484568269.127492000 0 0
1484568268.598672000 248960 0
1484568269.131869000 9197 0
1484568277.322325000 0 0
1484568301.380897000 0 0
1484568301.401269000 0 0
1484568301.384341000 14832 2966
1484568304.053216000 0 0
1484568304.056325000 22660 0
1484568302.150037000 0 11714
1484568348.411105000 0 11892
1484568348.423065000 0 0
1484568348.421637000 0 0
1484568604.070580000 0 0
1484568604.086749000 0 0
1484568604.078028000 9965 0
1484568604.091011000 22660 0
1484568648.427134000 0 11892
1484568648.438963000 0 0
1484568648.437714000 0 0
1484568880.452583000 0 0
1484568880.466660000 0 0
1484568880.475851000 0 0
1484568880.492699000 0 0
1484568880.503669000 0 0
1484568880.506847000 0 0
1484568880.510140000 0 0
1484568880.513607000 0 0
1484568880.525834000 0 0
1484568880.529659000 0 0
1484568880.538501000 0 0
1484568880.541230000 0 0
1484568880.545559000 0 0
1484568880.554671000 0 0
1484568880.557135000 0 0
1484568880.572001000 0 0
1484568880.576562000 0 0
1484568880.579797000 0 0
1484568880.587635000 0 0
1484568880.589802000 0 0
1484568880.591985000 0 0
1484568880.598114000 0 0
1484568880.600525000 0 0
1484568880.608256000 0 0
1484568880.610880000 0 0
1484568901.362634000 0 0
1484568901.382402000 0 0
1484568904.116806000 0 0
1484568880.532464000 282 0
1484568880.490671000 582 0
1484568880.497704000 504 0
1484568880.519020000 504 0
1484568880.547975000 398 0
1484568904.121448000 22660 0
1484568948.451220000 0 11892
1484568948.463691000 0 0
1484568948.462736000 0 0
1484568901.368638000 9965 0
1484569204.146612000 0 0
1484569204.163461000 0 0
1484569204.154012000 9965 0
1484569204.167942000 22660 0
1484569248.336031000 0 0
1484569248.453839000 0 11892
1484569248.465733000 0 0
1484569248.464992000 0 0
1484569256.492951000 0 0
1484569278.397783000 0 4647
1484569278.411157000 0 0
1484569278.409636000 0 0
1484569416.226334000 0 0
1484569416.235769000 0 0
1484569256.499553000 1564938 9276
1484569504.194341000 0 0
1484569504.223247000 0 378
1484569504.240049000 0 0
1484569504.238783000 0 0
1484569504.199242000 22660 0
1484569548.482417000 0 11892
1484569548.493431000 0 0
1484569548.492591000 0 0
1484569248.340592000 9965 12839
1484569801.351782000 0 0
1484569804.219937000 0 0
1484569804.224536000 22660 0
1484569848.505865000 0 11892
1484569848.518047000 0 0
1484569848.516535000 0 0
1484570101.443223000 0 0
1484570104.276140000 0 0
1484570104.341492000 22660 0
1484570148.524120000 0 11892
1484570148.535003000 0 0
1484570148.533739000 0 0
1484570404.392903000 0 0
1484570429.647183000 0 0
1484570404.397341000 22660 0
1484570448.545582000 0 11892
1484570448.556175000 0 0
1484570448.555034000 0 0
1484570462.585919000 0 4631
1484570462.602130000 0 0
1484570462.600578000 0 0
1484570621.045133000 0 0
1484570651.353145000 0 4631
1484570651.366543000 0 0
1484570651.364855000 0 0
1484570688.201941000 0 0
1484570701.414625000 0 0
1484570704.431476000 0 371
1484570704.445307000 0 0
1484570704.443650000 0 0
1484570718.272076000 0 4631
1484570718.286045000 0 0
1484570718.284342000 0 0
1484570748.564537000 0 11892
1484570748.576923000 0 0
1484570748.575733000 0 0
1484570923.573366000 0 0
1484570923.583874000 0 0
1484570923.587865000 0 32714
1484570923.608884000 0 0
1484570923.612364000 0 0
1484570923.615602000 0 0
1484570923.576962000 0 0
1484570923.618765000 0 0
1484570923.662500000 0 0
1484570942.142472000 0 4632
1484570942.153537000 0 0
1484571048.588104000 0 11892
1484571048.599055000 0 0
1484571048.597999000 0 0
1484571348.599582000 0 11892
1484571348.609789000 0 0
1484571348.608940000 0 0
1484571558.243200000 0 0
1484571561.071808000 0 1184871
1484571561.190435000 0 0
1484571561.188667000 0 0
1484569752.086607000 0 28995
1484570621.051420000 1573219 6381
1484570688.205458000 22660 10544
1484571601.440859000 0 0
1484571604.441324000 0 0
1484571604.454248000 0 0
1484571608.414831000 0 0
1484571608.419291000 1577892 3692
1484571604.445335000 11341 0
1484571604.458010000 23169 0
1484571648.610110000 0 11892
1484571648.621969000 0 0
1484571648.620493000 0 0
1484571904.485088000 0 0
1484571904.498519000 0 0
1484571904.489241000 11341 0
1484571904.502872000 23169 0
1484571948.615349000 0 11892
1484571948.626866000 0 0
1484571948.626151000 0 0
1484572199.237040000 0 0
1484572199.211111000 114 0
1484572199.244658000 0 0
1484572199.284990000 0 0
1484572199.288726000 0 0
1484572199.305426000 0 0
1484568274.197102000 0 0
1484568266.229048000 0 0
1484572202.334863000 0 0
1484572202.338965000 0 0
1484572202.346302000 0 0
1484572202.345216000 0 0
1484572202.649356000 0 0
1484572199.319126000 0 0
1484572204.190586000 0 0
1484572204.366211000 0 0
1484572204.371547000 0 0
1484572204.375605000 0 0
1484572204.378975000 0 0
1484572204.381253000 0 0
1484572204.386858000 0 0
1484572204.395790000 0 0
1484572204.391264000 0 0
1484572204.415730000 0 0
1484572204.413303000 0 0
1484572204.428090000 0 0
1484572204.425057000 0 0
1484572204.435450000 0 0
1484572204.433001000 0 0
1484572204.440750000 0 0
1484572204.446660000 0 0
1484572204.444839000 0 0
1484572204.463703000 0 0
1484572204.490015000 0 0
1484572204.466198000 0 0
1484572204.533238000 0 0
1484572204.545239000 0 0
1484572204.608033000 0 0
1484572206.935568000 0 0
1484572206.938339000 0 0
1484572206.950194000 0 0
1484572206.952992000 0 0
1484572206.955461000 0 0
1484572206.961380000 0 0
1484572204.365480000 0 0
1484572207.637779000 0 0
1484572207.717585000 0 0
1484572207.720860000 0 0
1484572207.723336000 0 0
1484572207.726574000 0 0
1484572207.729305000 0 0
1484572207.641451000 0 0
1484572207.844937000 0 0
1484572207.847874000 0 0
1484572207.851913000 0 0
1484572207.854670000 0 0
1484572207.857777000 0 0
1484572207.864214000 0 0
1484572207.872526000 0 0
1484572207.870468000 0 0
1484572207.882270000 0 0
1484572207.878959000 0 0
1484572207.922950000 0 0
1484572207.907166000 0 0
1484572207.938186000 0 0
1484572207.936286000 0 0
1484572207.854086000 0 0
1484572208.050842000 0 0
1484572208.188031000 0 162
1484572199.333429000 0 0
1484572208.449018000 0 0
1484572208.455440000 0 0
1484572208.543838000 0 0
1484572208.551955000 0 0
1484572208.563560000 0 0
1484572202.391393000 24375 0
1484572208.582047000 0 0
1484572204.538856000 11341 0
1484572208.839155000 0 0
1484572204.550401000 23169 0
1484572199.312622000 282 0
1484572208.847047000 0 0
1484572206.943985000 582 0
1484572208.850275000 0 0
1484572206.958653000 114 0
1484572204.232841000 160735 0
1484572208.853680000 0 0
1484572208.856531000 0 0
1484572208.859078000 0 0
1484572208.865078000 0 0
1484572208.963029000 0 0
1484572208.958662000 0 0
1484572208.969979000 0 0
1484572209.083936000 0 0
1484572209.071337000 0 0
1484572208.453819000 0 0
1484572211.208698000 0 0
1484572213.124965000 0 0
1484572213.128717000 0 0
1484572213.141252000 0 0
1484572213.145239000 0 0
1484572213.150696000 0 0
1484572213.163069000 0 0
1484572213.170817000 0 0
1484572213.175960000 0 0
1484572213.177181000 0 0
1484572213.178291000 0 0
1484572213.181317000 0 0
1484572213.190800000 0 0
1484572213.190946000 0 0
1484572213.201251000 0 0
1484572213.210915000 0 0
1484572213.210929000 0 0
1484572213.230790000 0 0
1484572213.234144000 0 0
1484572213.236495000 0 0
1484572213.250586000 0 0
1484572213.253402000 0 0
1484572213.260827000 0 0
1484572213.280141000 0 0
1484572213.300871000 0 0
1484572213.305699000 0 0
1484572213.303534000 0 0
1484572213.307968000 0 0
1484572213.411439000 0 0
1484572213.409212000 0 0
1484572214.256931000 0 0
1484572207.745520000 0 0
1484572215.391911000 0 0
1484572215.398469000 0 0
1484572215.415651000 0 0
1484572215.426457000 0 0
1484572215.446603000 0 0
1484572215.448786000 0 0
1484572215.450924000 0 0
1484572215.461300000 0 0
1484572215.464171000 0 0
1484572215.475161000 0 0
1484572215.477521000 0 0
1484572215.479722000 0 0
1484572215.492650000 0 0
1484572215.498102000 0 0
1484572215.508655000 0 0
1484572215.511222000 0 0
1484572215.514425000 0 0
1484572215.520954000 0 0
1484572215.523512000 0 0
1484572215.526444000 0 0
1484572215.534632000 0 0
1484572215.537215000 0 0
1484572215.543109000 0 0
1484572215.545320000 0 0
1484572217.147290000 0 0
1484572217.292159000 0 0
1484572217.296957000 0 0
1484572217.300621000 0 0
1484572217.304335000 0 0
1484572217.306600000 0 0
1484572217.183103000 0 0
1484572204.480745000 0 0
1484572203.564424000 247888 0
1484572207.749386000 969914 0
1484572214.342475000 0 0
1484572217.149349000 160299 0
1484572217.357621000 0 0
1484572217.361772000 184119 0
1484572215.467775000 282 0
1484572215.424094000 582 0
1484572215.438695000 504 0
1484572215.455911000 504 0
1484572215.485505000 398 0
1484572248.628146000 0 11892
1484572248.639549000 0 0
1484572248.638489000 0 0
1484572271.105009000 0 0
1484571622.366934000 1579350 8631
1484572301.191794000 0 4632
1484572301.204084000 0 0
1484572301.202547000 0 0
1484572501.659737000 0 0
1484572504.569040000 0 0
1484572504.572500000 11341 0
1484572548.658382000 0 11892
1484572548.673664000 0 0
1484572548.672076000 0 0
1484572587.402307000 0 0
1484572587.406006000 11341 5543
1484572618.996672000 0 0
1484572619.708272000 0 0
1484572271.109354000 23169 6126
1484572663.044676000 0 4632
1484572663.057776000 0 0
1484572663.056207000 0 0
1484572587.970785000 0 22721
1484572619.713854000 1582738 5064
1484572679.192977000 0 0
1484572695.508855000 0 0
1484572696.995556000 0 4632
1484572697.005812000 0 0
1484572697.004819000 0 0
1484572678.538661000 1584068 13536
1484572728.523267000 0 0
1484572758.596350000 0 4632
1484572758.610925000 0 0
1484572758.609475000 0 0
1484572804.585665000 0 0
1484572804.589709000 23554 0
1484572848.663134000 0 11892
1484572848.674526000 0 0
1484572848.673368000 0 0
1484572881.019712000 0 4632
1484572881.031201000 0 0
1484572881.029801000 0 0
1484573104.610926000 0 0
1484573104.616426000 23554 0
1484573148.703497000 0 11892
1484573148.716342000 0 0
1484573148.714810000 0 0
1484572723.555455000 1588627 9146
1484572679.197257000 11138 12632
1484573401.548345000 0 0
1484573404.645846000 0 0
1484573404.659965000 0 0
1484573404.650209000 11416 0
1484573404.663542000 23554 0
1484573652.605310000 0 11892
1484573652.616417000 0 0
1484573652.615319000 0 0
1484573704.685615000 0 0
1484573704.702819000 0 0
1484573704.692613000 11416 0
1484573704.707265000 23554 0
1484573940.625930000 0 0
1484573940.639281000 0 0
1484573940.643843000 0 1023
1484573940.653440000 0 0
1484573940.658490000 0 0
1484573940.662725000 0 0
1484573940.629756000 0 0
1484573940.666237000 0 0
1484573940.751073000 0 0
1484573940.769252000 0 85
1484573940.777139000 0 0
1484573940.792963000 0 109
1484573940.800126000 0 0
1484573940.850112000 0 144
1484573940.857632000 0 0
1484549703.257260000 0 4096
1484573940.859489000 0 0
1484573940.878511000 0 0
1484573940.977626000 0 0
1484573940.980157000 0 0
1484549703.254509000 0 0
1484573940.999762000 0 0
1484573941.006089000 0 0
1484573941.013455000 0 0
1484573941.017309000 0 0
1484573941.011367000 0 10
1484573941.029524000 0 0
1484573941.033507000 0 0
1484573940.983434000 0 0
1484573941.037155000 0 0
1484549701.708321000 27716 643965
1484549702.542120000 2188950 387279
1484573941.057121000 0 27721
1484573941.223820000 0 670
1484573941.226444000 0 175
1484573941.235759000 0 0
1484573941.262632000 0 204
1484573941.283689000 0 0
1484573941.293911000 0 0
1484549704.475713000 0 32768
1484573941.301518000 0 0
1484549704.472685000 0 3390664
1484573941.311587000 0 0
1484573941.315257000 0 0
1484573941.326576000 0 0
1484549704.471703000 0 4096
1484573941.334882000 0 0
1484573941.340020000 0 0
1484549704.467055000 0 0
1484573941.348378000 0 0
1484573941.354245000 0 0
1484573941.371286000 0 0
1484573941.378047000 0 32772
1484573941.408289000 0 0
1484573941.413192000 0 0
1484573941.359382000 0 0
1484573941.417313000 0 0
1484573941.460445000 0 0
1484549703.877804000 646108 25624
1484550000.294521000 40955 4191
1484550000.380382000 81826 12599
1484550426.901796000 185551 13143
1484573941.753734000 0 0
1484572202.651271000 0 0
1484572211.199992000 0 0
1484549700.013426000 360448 0
1484549700.772833000 163840 0
1484549703.245896000 98304 0
1484552009.500746000 65536 0
1484549698.650692000 65536 0
1484549698.024076000 118784 4096
1484549698.062585000 16384 4096
1484549704.464956000 1212416 2457600
1484549704.459471000 98304 0
1484549747.957009000 98304 0
1484549703.843391000 2157 0
1484565984.713812000 0 0
1484549704.488292000 0 0
1484549704.480028000 0 0
1484549697.671087000 0 0
1484573951.747151000 0 0
1484573951.751210000 0 0
1484573951.760806000 0 0
1484549703.520326000 22610 0
1484573951.769622000 282 0
1484574173.647819000 0 0
1484574192.603396000 282 0
1484574219.142131000 0 0
1484574219.147382000 0 0
1484574219.156778000 0 0
1484574219.167385000 0 0
1484574219.184679000 0 0
1484574219.187291000 0 0
1484574219.189717000 0 0
1484574219.192870000 0 0
1484574219.205211000 0 0
1484574219.207745000 0 0
1484574219.215968000 0 0
1484574219.218729000 0 0
1484574219.221829000 0 0
1484574219.236283000 0 0
1484574219.238883000 0 0
1484574219.082584000 282 0
1484574219.164427000 582 0
1484574219.176109000 504 0
1484574219.198492000 504 0
1484574219.227347000 398 0
1484575000.197565000 0 0
1484549671.784285000 0 0
