1484550976.425378000 0 0
1484550977.696308000 0 0
1484550977.723957000 0 0
1484550977.729862000 0 0
1484550977.749566000 0 0
1484550977.768081000 0 0
1484550977.774015000 0 0
1484550977.780467000 0 0
1484550977.786169000 0 0
1484550977.792163000 0 0
1484550977.819115000 0 0
1484550977.825149000 0 0
1484550977.830674000 0 0
1484550977.838457000 0 0
1484550977.843639000 0 0
1484550977.849157000 0 0
1484550977.854328000 0 0
1484550977.859579000 0 0
1484550977.881348000 0 0
1484550977.886836000 0 0
1484550977.891759000 0 0
1484550977.904338000 0 0
1484550977.928768000 0 0
1484550977.944102000 0 0
1484550977.950166000 0 0
1484550977.956121000 0 0
1484550977.974048000 0 0
1484550977.993642000 0 0
1484550978.024090000 0 0
1484550978.029848000 0 0
1484550978.035995000 0 0
1484550978.042116000 0 0
1484550978.066306000 0 0
1484550978.072440000 0 0
1484550978.078810000 0 0
1484550978.111726000 0 0
1484550978.128891000 0 0
1484550978.144910000 0 0
1484550978.151197000 0 0
1484550978.156855000 0 0
1484550978.163178000 0 0
1484550978.169279000 0 0
1484550978.229992000 0 0
1484550978.234525000 0 0
1484550978.301212000 0 0
1484550978.308555000 0 0
1484550978.394013000 0 0
1484550978.401151000 0 0
1484550978.562152000 0 0
1484550978.578784000 0 0
1484550978.617568000 0 0
1484550978.728268000 0 0
1484550978.734293000 0 0
1484550978.740401000 0 0
1484550978.746297000 0 0
1484550978.752422000 0 0
1484550978.758275000 0 0
1484550978.773256000 0 0
1484550978.788835000 0 0
1484550978.794408000 0 0
1484550978.800389000 0 0
1484550978.809581000 0 0
1484550978.815600000 0 0
1484550978.849018000 0 0
1484550978.859946000 0 0
1484550978.893152000 0 0
1484550978.899762000 0 0
1484550978.906291000 0 0
1484550978.912471000 0 0
1484550978.943195000 0 0
1484550978.951146000 0 0
1484550978.957175000 0 0
1484550978.963310000 0 0
1484550978.987102000 0 0
1484550978.993529000 0 0
1484550978.999659000 0 0
1484550979.005603000 0 0
1484550979.010855000 0 0
1484550979.016066000 0 0
1484550979.021194000 0 0
1484550979.026569000 0 0
1484550979.031508000 0 0
1484550979.036319000 0 0
1484550979.044737000 0 0
1484550979.049444000 0 0
1484550979.081043000 0 0
1484550979.086950000 0 0
1484550979.103842000 0 0
1484550979.125659000 0 0
1484550979.131804000 0 0
1484550979.137769000 0 0
1484550979.169168000 0 0
1484550979.180460000 0 0
1484550979.211777000 0 0
1484550979.275796000 0 0
1484550979.281850000 0 0
1484550979.297963000 0 0
1484550979.304003000 0 0
1484550979.309938000 0 0
1484550979.315942000 0 0
1484550979.325549000 0 0
1484550979.331630000 0 0
1484550979.338194000 0 0
1484550979.352594000 0 0
1484550979.358634000 0 0
1484550979.395905000 0 0
1484550979.426546000 0 0
1484550979.432745000 0 0
1484550979.449861000 0 0
1484550979.462088000 0 0
1484550979.480976000 0 0
1484550979.500931000 0 0
1484550979.527328000 0 0
1484550979.549106000 0 0
1484550979.574447000 0 0
1484550979.580793000 0 0
1484550979.597772000 0 0
1484550979.604987000 0 0
1484550979.627702000 0 0
1484550979.634219000 0 0
1484550979.640661000 0 0
1484550979.648487000 0 0
1484550979.654507000 0 0
1484550979.660731000 0 0
1484550979.681895000 0 0
1484550979.687997000 0 0
1484550979.693985000 0 0
1484550979.766232000 0 0
1484550979.782569000 0 0
1484550979.796509000 0 0
1484550979.825833000 0 0
1484550979.832139000 0 0
1484550979.848947000 0 0
1484550979.874698000 0 0
1484550979.880596000 0 0
1484550979.886482000 0 0
1484550979.902428000 0 0
1484550979.908402000 0 0
1484550979.922950000 0 0
1484550979.928972000 0 0
1484550979.946422000 0 0
1484550979.952186000 0 0
1484550979.957566000 0 0
1484550979.971214000 0 0
1484550979.993904000 0 0
1484550980.008587000 0 0
1484550980.030556000 0 0
1484550980.037220000 0 0
1484550980.043318000 0 0
1484550980.258476000 0 0
1484550981.663484000 0 0
1484550981.669977000 0 0
1484550981.676270000 0 0
1484550982.412579000 0 0
1484550983.456479000 0 0
1484550983.957819000 0 0
1484550985.254452000 0 0
1484550976.423964000 0 0
1484550986.778551000 0 0
1484550982.408149000 0 0
1484550987.328728000 0 0
1484550988.439261000 0 0
1484550985.248037000 0 0
1484550988.939923000 0 0
1484550989.730004000 0 0
1484550986.776168000 0 0
1484550990.469859000 0 0
1484550988.972271000 7850 0
1484550991.080053000 0 0
1484550992.216944000 0 0
1484550992.585874000 0 0
1484550992.757801000 0 0
1484550992.762711000 0 0
1484550992.767144000 0 0
1484550992.771095000 0 0
1484550992.775117000 0 0
1484550992.777853000 0 0
1484550990.978001000 0 0
1484550992.868404000 0 0
1484550992.871606000 0 0
1484550992.874923000 0 0
1484550992.878365000 0 0
1484550992.881450000 0 0
1484550992.884400000 0 0
1484550984.073871000 5269 0
1484550987.361057000 16454 0
1484550987.405019000 12672 0
1484550989.019026000 7415 0
1484550990.467698000 14766 0
1484550992.901186000 0 0
1484550991.077784000 12734 0
1484550992.904480000 0 0
1484550992.909545000 0 0
1484550992.936963000 0 0
1484550992.940507000 0 0
1484550992.944111000 0 0
1484550992.953762000 0 0
1484550993.017266000 0 0
1484550993.014498000 0 0
1484550993.026034000 0 0
1484550993.314694000 0 0
1484550993.310705000 0 0
1484550993.432385000 0 0
1484550993.426440000 0 0
1484550993.456605000 0 0
1484550993.452895000 0 0
1484550994.548857000 0 0
1484550994.559419000 0 0
1484550994.563168000 0 0
1484550994.566175000 0 0
1484550994.744670000 0 0
1484550994.755117000 0 0
1484550994.757189000 0 0
1484550994.759288000 0 0
1484550994.761696000 0 0
1484550994.766066000 0 0
1484550994.768994000 0 0
1484550994.779009000 0 0
1484550994.781881000 0 0
1484550994.784822000 0 0
1484550994.787921000 0 0
1484550994.791023000 0 0
1484550994.795051000 0 0
1484550994.803458000 0 0
1484550994.911937000 0 0
1484550994.910093000 0 0
1484550994.918275000 0 0
1484550995.022360000 0 0
1484550995.018428000 0 0
1484550995.110618000 0 0
1484550995.118600000 0 0
1484550995.363268000 0 0
1484550995.366213000 0 0
1484550995.369086000 0 0
1484550995.372388000 0 0
1484550995.375392000 0 0
1484550995.378148000 0 0
1484550995.383628000 0 0
1484550995.560799000 0 0
1484550988.435822000 0 0
1484550997.578536000 0 0
1484550997.581138000 0 0
1484550999.590765000 0 0
1484550990.486093000 0 0
1484550991.099223000 0 0
1484550980.528168000 5728 0
1484550990.960882000 379411 0
1484550992.837035000 24234 0
1484551142.091425000 0 0
1484551142.236775000 0 0
1484551142.258085000 0 0
1484551142.263027000 0 0
1484550992.833069000 0 0
1484551142.247646000 0 24339
1484551142.288372000 0 0
1484551142.297054000 0 0
1484551142.302577000 0 0
1484551142.309539000 0 0
1484551142.272194000 0 0
1484551142.314651000 0 0
1484551142.279531000 0 0
1484551143.271173000 0 0
1484551145.282874000 0 0
1484551147.294673000 0 0
1484551142.327942000 379449 0
1484551165.926714000 0 0
1484551166.069047000 0 0
1484551166.090836000 0 0
1484551166.095618000 0 0
1484551142.330994000 0 0
1484551166.079407000 0 24351
1484551166.134636000 0 0
1484551166.143023000 0 0
1484551166.149063000 0 0
1484551166.156075000 0 0
1484551166.118245000 0 0
1484551166.161814000 0 0
1484551166.126649000 0 0
1484551167.090378000 0 0
1484551169.099134000 0 0
1484551171.119078000 0 0
1484551166.173954000 379467 0
1484551633.290722000 0 0
1484551633.478792000 0 0
1484551633.501235000 0 0
1484551633.505389000 0 0
1484551166.178264000 0 0
1484551633.489379000 0 24348
1484551633.552346000 0 0
1484551633.561028000 0 0
1484551633.566504000 0 0
1484551633.573092000 0 0
1484551633.536757000 0 0
1484551633.578286000 0 0
1484551633.544698000 0 0
1484551634.504554000 0 0
1484551636.516181000 0 0
1484551638.528624000 0 0
1484551633.589599000 379449 0
1484550994.547428000 0 165
1484551664.481348000 0 0
1484551664.485442000 0 0
1484551664.534138000 0 0
1484551664.538822000 0 0
1484551664.547864000 0 0
1484551664.552279000 0 0
1484551664.558944000 0 0
1484551664.562960000 0 0
1484551664.578553000 0 0
1484551664.581473000 0 0
1484551664.584345000 0 0
1484551664.586996000 0 0
1484551664.589619000 0 0
1484551664.592375000 0 0
1484551664.599598000 0 0
1484551664.652639000 0 0
1484551664.649670000 0 0
1484551664.659203000 0 0
1484551664.756246000 0 0
1484551664.753013000 0 0
1484551664.949708000 0 0
1484551664.942491000 0 0
1484551664.971468000 0 0
1484551664.966987000 0 0
1484551665.480185000 0 0
1484551665.484762000 0 0
1484551633.593409000 0 0
1484550989.739818000 0 0
1484550999.591992000 0 0
1484551665.504849000 125079 0
1484551665.632081000 0 0
