1484548778.785898000 0 0
1484548778.796692000 0 0
1484548778.807255000 0 0
1484548778.817624000 0 0
1484548778.827902000 0 0
1484548780.214199000 446 0
1484548780.531403000 150 0
1484548782.355779000 0 0
1484548782.358506000 0 0
1484548782.366633000 0 0
1484548784.217098000 0 0
1484548784.219242000 0 0
1484548784.236325000 0 0
1484548784.351571000 0 0
1484548784.358416000 0 0
1484548784.425945000 0 0
1484548784.443990000 0 0
1484548784.556874000 0 0
1484548784.561145000 0 0
1484548784.612709000 0 0
1484548784.618187000 0 0
1484548784.621578000 0 0
1484548784.473181000 1026 0
1484548784.484858000 1397 0
1484548784.489658000 2343 0
1484548784.494163000 2359 0
1484548784.499394000 2098 0
1484548784.624229000 0 0
1484548784.564976000 570 0
1484548782.300853000 446 0
1484548784.464000000 1828 0
1484548785.196733000 0 0
1484548785.198960000 0 0
1484548785.204093000 0 0
1484548785.260013000 0 0
1484548785.261981000 0 0
1484548785.263936000 0 0
1484548785.276495000 0 0
1484548785.278440000 0 0
1484548785.280432000 0 0
1484548785.298016000 0 0
1484548785.299869000 0 0
1484548785.306413000 0 0
1484548785.334156000 0 0
1484548785.336255000 0 0
1484548785.339234000 0 0
1484548785.440721000 0 0
1484548785.442559000 0 0
1484548785.444536000 0 0
1484548785.202183000 570 0
1484548784.629621000 504 0
1484548785.206375000 446 0
1484548822.443463000 0 0
1484548822.447413000 0 0
1484548822.457430000 0 0
1484548822.462239000 0 0
1484548822.485098000 0 0
1484548825.248040000 0 0
1484548825.250071000 0 0
1484548822.271213000 1397 0
1484548822.345824000 0 0
1484548822.379769000 0 0
1484548840.296127000 0 0
1484548824.935358000 0 0
1484548845.884727000 0 0
1484548845.887697000 0 0
1484548845.896356000 0 0
1484548845.902438000 0 0
1484548845.909362000 0 0
1484548846.081346000 0 0
1484548846.083577000 0 0
1484548845.809162000 1397 0
1484548845.832493000 0 0
1484548845.864034000 0 0
1484548823.138440000 0 0
1484548859.489639000 0 0
1484548859.495046000 0 0
1484548859.498608000 0 0
1484548859.502022000 0 0
1484548859.505399000 0 0
1484548859.492502000 0 0
1484548859.442224000 0 0
1484548859.443630000 0 0
1484548861.312946000 0 0
1484548861.316193000 0 0
1484548861.324931000 0 0
1484548861.328986000 0 0
1484548861.335312000 0 0
1484548862.263895000 0 0
1484548862.267583000 0 0
1484548862.274054000 0 0
1484548862.283500000 0 0
1484548862.289846000 0 0
1484548862.292244000 0 0
1484548862.296929000 0 0
1484548862.299028000 0 0
1484548862.304534000 0 0
1484548862.366671000 0 0
1484548862.395527000 0 0
1484548862.406281000 0 0
1484548862.432320000 0 0
1484548862.467300000 0 0
1484548862.469848000 0 0
1484548862.472094000 0 0
1484548862.474585000 0 0
1484548862.476623000 0 0
1484548862.513734000 0 0
1484548862.570880000 0 0
1484548862.574412000 0 0
1484548862.764078000 0 0
1484548862.771196000 0 0
1484548862.907842000 0 0
1484548863.128776000 0 0
1484548863.143601000 0 0
1484548863.236077000 0 0
1484548863.369350000 0 0
1484548863.384696000 0 0
1484548863.387207000 0 18830
1484548863.605997000 0 0
1484548863.610126000 0 0
1484548863.372751000 18830 0
1484548863.378800000 0 0
1484548863.613755000 0 0
1484548863.873427000 0 0
1484548863.962509000 0 0
1484548864.059240000 0 0
1484548864.072322000 0 0
1484548864.147392000 0 0
1484548864.287456000 0 0
1484548864.508877000 0 0
1484548864.511214000 0 0
1484548864.950287000 0 0
1484548864.957165000 0 0
1484548864.961052000 0 0
1484548864.969574000 0 0
1484548864.959856000 0 0
1484548864.972647000 0 0
1484548864.976767000 0 0
1484548864.979357000 0 0
1484548864.975299000 0 0
1484548864.982624000 0 0
1484548865.691020000 0 0
1484548865.750524000 0 0
1484548865.852696000 0 0
1484548865.861729000 0 0
1484548865.893004000 524288 0
1484548865.967325000 0 0
1484548866.071490000 0 0
1484548866.080358000 0 0
1484548866.178660000 0 0
1484548866.181523000 0 2
1484548866.188029000 0 0
1484548866.190392000 0 0
1484548865.866829000 2 0
1484548866.168823000 0 0
1484548866.192742000 0 0
1484548866.226194000 0 53
1484548863.864476000 204 0
1484548866.232478000 0 0
1484548867.075818000 0 0
1484548867.096992000 0 0
1484548868.970051000 0 0
1484548825.254436000 796 0
1484548861.090125000 2098 0
1484548861.114287000 0 0
1484548863.132295000 0 0
1484548876.039041000 0 0
1484548869.544207000 0 792616
1484548879.204276000 0 0
1484548859.496821000 397 0
1484548859.501134000 181 0
1484548859.504976000 226 0
1484548859.509316000 134 0
1484548859.513224000 134 0
1484548859.516923000 134 0
1484548859.520820000 144 0
1484548859.524779000 134 0
1484548859.528771000 134 0
1484548859.532707000 134 0
1484548859.536817000 442 0
1484548859.540525000 197 0
1484548859.544801000 133 0
1484548859.549119000 134 0
1484548859.553079000 133 0
1484548859.557352000 226 0
1484548859.561493000 442 0
1484548859.565830000 302 0
1484548861.141482000 0 0
1484548825.256662000 1338 0
1484548862.277467000 10 0
1484548862.287800000 111 0
1484548862.312672000 208 0
1484548862.401039000 19509 0
1484548862.436443000 16384 0
1484548862.456479000 709 0
1484548862.803344000 497 0
1484548863.137357000 10682 0
1484548863.148411000 8376 0
1484548863.242946000 208620 0
1484548863.878282000 3072 0
1484548864.063201000 46971 0
1484548864.075769000 8 0
1484548864.151907000 504 0
1484548864.212697000 7636 0
1484548864.291817000 3740 0
1484548864.953933000 392 0
1484548865.085929000 10 0
1484548865.695925000 468 0
1484548865.755535000 27 0
1484548866.241488000 9152 0
1484548864.306155000 25 0
1484548866.264640000 9833 0
1484548866.407540000 55 0
1484548894.947783000 0 3740
1484548894.955020000 0 0
1484548919.889928000 0 0
1484548919.897073000 0 0
1484548919.903675000 0 0
1484548919.911767000 0 0
1484548919.932749000 0 66
1484548919.923591000 66 0
1484548919.938499000 0 0
1484548922.958705000 0 0
1484548922.988011000 0 137
1484548922.995732000 0 0
1484548922.971685000 137 0
1484548922.994759000 0 0
1484548923.003577000 0 0
1484548923.008919000 0 0
1484548923.019817000 0 0
1484548923.028079000 0 7223
1484548923.035649000 0 0
1484548923.034790000 0 0
1484548923.041529000 0 0
1484548923.045472000 0 0
1484548899.340659000 446 0
1484548925.732191000 0 0
1484548925.734459000 0 0
1484548925.741988000 0 0
1484548925.747449000 0 0
1484548925.758360000 0 0
1484548925.760143000 0 0
1484548925.761897000 0 0
1484548925.764945000 0 0
1484548925.772217000 0 0
1484548925.774152000 0 0
1484548925.786376000 0 0
1484548925.788428000 0 0
1484548925.803247000 0 0
1484548925.805232000 0 0
1484548923.056021000 51 0
1484548925.683464000 446 0
1484548925.745085000 570 0
1484548925.753038000 504 0
1484548925.767019000 504 0
1484548925.790525000 398 0
1484549103.795064000 0 7636
1484549103.806978000 0 0
1484549103.805339000 0 0
1484549164.030406000 0 0
1484549164.042047000 0 0
1484549164.046990000 199498 2996
1484549165.716282000 0 468
1484549165.726885000 0 0
1484549165.725577000 0 0
1484549167.082076000 0 709
1484549164.035378000 5058 0
1484549225.311067000 0 208787
1484549225.335340000 0 0
1484549225.334259000 0 0
1484549464.100365000 0 0
1484549464.104129000 5058 0
1484549523.096887000 0 8352
1484549523.105919000 0 0
1484549523.104712000 0 0
1484549534.070401000 0 0
1484549534.113285000 0 0
1484549534.117625000 0 0
1484549534.127411000 0 0
1484549534.741062000 0 0
1484549534.744681000 0 0
1484549534.134504000 570 0
1484549512.861131000 892 0
1484549645.428119000 0 0
1484549667.554979000 0 0
1484549645.439467000 118862 0
1484549734.774557000 0 0
1484549734.777847000 59431 0
1484549764.123753000 0 0
1484549764.128937000 5058 0
1484549823.121132000 0 8352
1484549823.133929000 0 0
1484549823.132429000 0 0
1484550064.145967000 0 0
1484550064.152438000 5058 0
1484550123.137904000 0 8355
1484550123.148632000 0 0
1484550123.147794000 0 0
1484550237.049031000 0 0
1484550237.071417000 0 0
1484550237.104989000 0 0
1484550237.111314000 0 19449
1484550237.155149000 0 0
1484550237.164493000 0 0
1484550237.167889000 0 0
1484550237.080314000 0 0
1484550237.176745000 0 0
1484550237.407588000 0 0
1484550237.432221000 0 0
1484550364.170530000 0 0
1484550364.174748000 5058 0
1484550423.160905000 0 8653
1484550423.173071000 0 0
1484550423.171038000 0 0
1484550664.189617000 0 0
1484550664.194453000 5058 0
1484550723.176154000 0 8653
1484550723.185799000 0 0
1484550723.184609000 0 0
1484550964.218006000 0 0
1484550964.222075000 5058 0
1484551023.189334000 0 8653
1484551023.200642000 0 0
1484551023.198921000 0 0
1484551264.240751000 0 0
1484551264.245311000 5058 0
1484551323.211630000 0 8653
1484551323.221345000 0 0
1484551323.219953000 0 0
1484551564.264003000 0 0
1484551564.268697000 5058 0
1484551623.255874000 0 8653
1484551623.268644000 0 0
1484551623.266717000 0 0
1484551864.287067000 0 0
1484551864.290321000 5058 0
1484551923.268182000 0 8653
1484551923.277891000 0 0
1484551923.276628000 0 0
1484552164.304553000 0 0
1484552164.308871000 5058 0
1484552223.281829000 0 8653
1484552223.292678000 0 0
1484552223.291466000 0 0
1484552464.541073000 0 0
1484552464.545305000 5058 0
1484552523.308569000 0 8653
1484552523.319986000 0 0
1484552523.319011000 0 0
1484552764.562585000 0 0
1484552764.567394000 5058 0
1484552823.318579000 0 8653
1484552823.327645000 0 0
1484552823.326566000 0 0
1484552998.669472000 0 0
1484552998.696101000 0 0
1484552998.698888000 0 0
1484552998.707674000 0 0
1484553014.697309000 0 0
1484553014.728965000 0 0
1484553014.732464000 0 0
1484553014.741584000 0 0
1484552998.719108000 446 0
1484553014.748833000 398 0
1484553064.586370000 0 0
1484553064.593674000 5058 0
1484553123.341982000 0 8653
1484553123.353807000 0 0
1484553123.352161000 0 0
1484553214.252152000 0 0
1484553214.292169000 0 0
1484553214.281862000 0 0
1484553217.742451000 0 0
1484553217.748226000 0 0
1484553217.758609000 0 0
1484553217.768508000 0 0
1484553217.772973000 0 0
1484553217.783093000 0 0
1484553217.787270000 0 0
1484553217.795231000 0 0
1484553217.799034000 0 0
1484553217.804335000 0 0
1484553217.814172000 0 0
1484553217.824525000 0 0
1484553217.835871000 0 0
1484553217.847559000 0 0
1484553217.858582000 0 0
1484553217.861895000 0 0
1484553217.865531000 0 0
1484553217.870534000 0 0
1484553217.876530000 0 0
1484553217.881690000 0 0
1484553217.887457000 0 0
1484553217.893636000 0 0
1484553217.896853000 0 0
1484553217.902082000 0 0
1484553217.906373000 0 0
1484553217.911479000 0 0
1484553217.923501000 0 0
1484553223.046379000 0 0
1484553245.917394000 446 0
1484553213.262250000 0 0
1484553364.614125000 0 0
1484553364.620420000 5058 0
1484553401.900202000 0 0
1484553401.940854000 0 0
1484553401.930172000 0 0
1484553404.200716000 0 0
1484553404.205891000 0 0
1484553404.215385000 0 0
1484553404.226121000 0 0
1484553404.230963000 0 0
1484553404.240601000 0 0
1484553404.244126000 0 0
1484553404.251340000 0 0
1484553404.255120000 0 0
1484553404.259755000 0 0
1484553404.268848000 0 0
1484553404.278484000 0 0
1484553404.290348000 0 0
1484553404.301300000 0 0
1484553404.311714000 0 0
1484553404.315482000 0 0
1484553404.319018000 0 0
1484553404.323511000 0 0
1484553404.329266000 0 0
1484553404.334561000 0 0
1484553404.340115000 0 0
1484553404.345764000 0 0
1484553404.349039000 0 0
1484553404.354408000 0 0
1484553404.358485000 0 0
1484553404.362940000 0 0
1484553404.373992000 0 0
1484553423.363652000 0 8653
1484553423.374179000 0 0
1484553423.372917000 0 0
1484553406.646429000 0 0
1484553401.170968000 0 0
1484553664.647893000 0 0
1484553664.651570000 5058 0
1484553723.400305000 0 8653
1484553723.411605000 0 0
1484553723.410370000 0 0
1484553964.669108000 0 0
1484553964.674092000 5058 0
1484554023.422676000 0 8653
1484554023.434662000 0 0
1484554023.433381000 0 0
1484554038.027703000 0 0
1484554038.040954000 59431 0
1484554119.695259000 0 0
1484554119.701746000 59431 0
1484554264.804689000 0 0
1484554264.808753000 5058 0
1484554323.432680000 0 8653
1484554323.442123000 0 0
1484554323.441184000 0 0
1484554541.664531000 0 0
1484554541.670834000 0 0
1484554564.824832000 0 0
1484554564.828803000 5058 0
1484554623.463656000 0 8653
1484554623.474650000 0 0
1484554623.473490000 0 0
1484554721.600366000 0 0
1484554721.614117000 59431 0
1484554864.845388000 0 0
1484554864.848765000 5058 0
1484554923.481179000 0 8654
1484554923.492864000 0 0
1484554923.491508000 0 0
1484555096.050660000 0 0
1484555096.062950000 59431 0
1484555164.863819000 0 0
1484555164.867587000 5058 0
1484555223.497894000 0 8654
1484555223.509634000 0 0
1484555223.508772000 0 0
1484555464.824925000 0 70160
1484555464.859535000 0 0
1484555464.895909000 0 0
1484555464.902934000 5058 0
1484555523.520626000 0 8654
1484555523.531671000 0 0
1484555523.530109000 0 0
1484555465.155019000 0 726328
1484555549.195891000 0 0
1484555549.198958000 0 0
1484555764.920409000 0 0
1484555764.927678000 5058 0
1484555823.531733000 0 8654
1484555823.542517000 0 0
1484555823.541588000 0 0
1484556065.051702000 0 0
1484556065.056397000 5058 0
1484556123.545233000 0 8654
1484556123.557694000 0 0
1484556123.556028000 0 0
1484556365.078434000 0 0
1484556365.084866000 5058 0
1484556423.560100000 0 8654
1484556423.570419000 0 0
1484556423.568806000 0 0
1484556467.381791000 0 0
1484556467.395539000 59431 0
1484556665.103825000 0 0
1484556665.109844000 5058 0
1484556723.585233000 0 8654
1484556723.596513000 0 0
1484556723.595410000 0 0
1484556965.124051000 0 0
1484556965.131122000 5058 0
1484557265.152459000 0 0
1484557265.158085000 5058 0
1484557323.616896000 0 8654
1484557323.629918000 0 0
1484557323.628522000 0 0
1484557565.174113000 0 0
1484557565.180744000 5058 0
1484557623.646450000 0 8654
1484557623.659066000 0 0
1484557623.657726000 0 0
1484557865.310343000 0 0
1484557865.317564000 5058 0
1484557923.670725000 0 8654
1484557923.683101000 0 0
1484557923.681345000 0 0
1484558056.101345000 0 0
1484558056.125697000 0 0
1484558056.129697000 0 0
1484558056.136573000 0 0
1484558056.136958000 0 0
1484558056.145922000 0 0
1484558056.148232000 0 0
1484558056.141456000 446 0
1484558056.151962000 398 0
1484558114.491279000 0 0
1484558114.741905000 0 0
1484558114.709459000 0 0
1484558117.561657000 0 0
1484558117.648270000 0 0
1484558117.849396000 0 0
1484558117.884425000 0 0
1484558118.008319000 0 0
1484558118.154726000 0 0
1484558118.268580000 0 0
1484558118.434397000 0 0
1484558118.446647000 0 0
1484558118.650898000 0 0
1484558118.682420000 0 0
1484558118.816081000 0 0
1484558118.865347000 0 0
1484558118.897803000 0 0
1484558118.968646000 0 0
1484558118.977276000 0 0
1484558119.001777000 0 0
1484558119.043142000 0 0
1484558119.112430000 0 0
1484558119.206245000 0 0
1484558119.228614000 0 0
1484558119.243661000 0 0
1484558119.281178000 0 0
1484558119.388174000 0 0
1484558119.509346000 0 0
1484558119.595910000 0 0
1484558119.634900000 0 0
1484558121.928680000 0 0
1484558130.687620000 0 234600
1484558162.246769000 0 0
1484558165.357806000 0 0
1484558113.214807000 0 0
1484558113.351420000 0 0
1484558165.377209000 5058 0
1484558223.747363000 0 8654
1484558223.812972000 0 0
1484558223.811966000 0 0
1484558447.214153000 0 0
1484558447.240720000 0 0
1484558447.234155000 0 0
1484558449.146898000 0 0
1484558449.152176000 0 0
1484558449.161927000 0 0
1484558449.172445000 0 0
1484558449.177756000 0 0
1484558449.187344000 0 0
1484558449.191451000 0 0
1484558449.201166000 0 0
1484558449.207201000 0 0
1484558449.212664000 0 0
1484558449.222686000 0 0
1484558449.233349000 0 0
1484558449.244539000 0 0
1484558449.255444000 0 0
1484558449.265622000 0 0
1484558449.269030000 0 0
1484558449.272319000 0 0
1484558449.276314000 0 0
1484558449.281434000 0 0
1484558449.286427000 0 0
1484558449.293101000 0 0
1484558449.299610000 0 0
1484558449.303994000 0 0
1484558449.309773000 0 0
1484558449.313916000 0 0
1484558449.319787000 0 0
1484558449.331144000 0 0
1484558465.417981000 0 0
1484558453.046314000 0 0
1484558465.425102000 5058 0
1484558446.200878000 0 0
1484558523.733993000 0 8654
1484558523.745203000 0 0
1484558523.743929000 0 0
1484558446.288181000 0 0
1484558542.936958000 0 0
1484558542.957241000 59431 0
1484558641.390342000 0 0
1484558641.423034000 0 0
1484558641.414484000 0 0
1484558643.650562000 0 0
1484558643.655522000 0 0
1484558643.665007000 0 0
1484558643.674661000 0 0
1484558643.678803000 0 0
1484558643.687625000 0 0
1484558643.690882000 0 0
1484558643.698271000 0 0
1484558643.701732000 0 0
1484558643.706469000 0 0
1484558643.715925000 0 0
1484558643.725852000 0 0
1484558643.736883000 0 0
1484558643.747671000 0 0
1484558643.757602000 0 0
1484558643.760701000 0 0
1484558643.764060000 0 0
1484558643.767997000 0 0
1484558643.773172000 0 0
1484558643.778220000 0 0
1484558643.783481000 0 0
1484558643.789013000 0 0
1484558643.792226000 0 0
1484558643.797882000 0 0
1484558643.801954000 0 0
1484558643.806654000 0 0
1484558643.819103000 0 0
1484558651.202117000 0 0
1484558640.345718000 0 0
1484558640.417402000 0 0
1484558765.442721000 0 0
1484558765.449653000 5058 0
1484558823.760729000 0 8654
1484558823.772005000 0 0
1484558823.770699000 0 0
1484559065.185973000 0 725680
1484559065.375354000 0 0
1484559065.470080000 0 0
1484559065.474195000 5058 0
1484559365.491234000 0 0
1484559365.498701000 5058 0
1484559665.627694000 0 0
1484559665.634325000 5058 0
1484559943.753816000 0 0
1484559943.759846000 0 0
1484559965.651900000 0 0
1484559965.657287000 5058 0
1484560265.675662000 0 0
1484560265.680084000 5058 0
1484560565.697889000 0 0
1484560565.706308000 5058 0
1484560865.724555000 0 0
1484560865.731675000 5058 0
1484561165.748672000 0 0
1484561165.752586000 5058 0
1484561465.879450000 0 0
1484561465.885003000 5058 0
1484561765.903675000 0 0
1484561765.908030000 5058 0
1484561818.525869000 0 8657
1484561818.540510000 0 0
1484561818.538606000 0 0
1484561824.245417000 0 0
1484561979.037551000 0 0
1484561979.041464000 0 0
1484561979.050121000 0 0
1484561979.056699000 446 0
1484562065.925595000 0 0
1484562065.930325000 5058 0
1484562196.949443000 0 0
1484562196.963384000 59431 0
1484562365.948006000 0 0
1484562365.954777000 5058 0
1484562418.560028000 0 8657
1484562418.574704000 0 0
1484562418.572674000 0 0
1484562606.314385000 0 0
1484562606.331632000 59431 0
1484562661.283181000 0 0
1484562665.970487000 0 0
1484562668.128942000 0 0
1484562668.161368000 0 0
1484562668.164700000 0 0
1484562668.173009000 0 0
1484562690.903807000 0 0
1484562690.929378000 0 0
1484562690.922150000 0 0
1484562693.140599000 0 0
1484562693.145905000 0 0
1484562693.155685000 0 0
1484562693.165928000 0 0
1484562693.171042000 0 0
1484562693.180393000 0 0
1484562693.183891000 0 0
1484562693.193078000 0 0
1484562693.196676000 0 0
1484562693.201688000 0 0
1484562693.211352000 0 0
1484562693.222687000 0 0
1484562693.234268000 0 0
1484562693.245233000 0 0
1484562693.256262000 0 0
1484562693.259857000 0 0
1484562693.263295000 0 0
1484562693.267364000 0 0
1484562693.273592000 0 0
1484562693.278560000 0 0
1484562693.283869000 0 0
1484562693.290234000 0 0
1484562693.294109000 0 0
1484562693.299420000 0 0
1484562693.304061000 0 0
1484562693.308890000 0 0
1484562665.978417000 5058 0
1484562668.179912000 398 0
1484562693.320945000 0 0
1484562718.585868000 0 8657
1484562718.596244000 0 0
1484562718.595095000 0 0
1484562722.088992000 0 0
1484562722.093856000 0 0
1484562722.102261000 0 0
1484562722.865203000 0 0
1484562722.890254000 0 0
1484562724.386985000 0 0
1484562724.393271000 0 0
1484562724.403333000 0 0
1484562724.414181000 0 0
1484562724.418766000 0 0
1484562724.429056000 0 0
1484562724.432656000 0 0
1484562724.440202000 0 0
1484562724.444629000 0 0
1484562724.449503000 0 0
1484562724.459525000 0 0
1484562724.470272000 0 0
1484562724.481672000 0 0
1484562724.493054000 0 0
1484562724.503885000 0 0
1484562724.508726000 0 0
1484562724.512600000 0 0
1484562724.517187000 0 0
1484562724.522629000 0 0
1484562724.528598000 0 0
1484562724.533965000 0 0
1484562724.540198000 0 0
1484562724.543874000 0 0
1484562724.549041000 0 0
1484562724.553085000 0 0
1484562724.557938000 0 0
1484562724.569786000 0 0
1484562727.074323000 0 0
1484562722.111534000 446 0
1484562690.102528000 0 0
1484562939.959184000 0 0
1484562939.973065000 59431 0
1484562966.000158000 0 0
1484562990.466737000 0 0
1484562990.472355000 0 0
1484562990.481873000 0 0
1484562990.498061000 0 0
1484562990.523001000 0 0
1484562990.526289000 0 0
1484562990.529774000 0 0
1484562990.532840000 0 0
1484562990.555725000 0 0
1484562990.558912000 0 0
1484562990.574502000 0 0
1484562990.577745000 0 0
1484562990.581596000 0 0
1484562990.599058000 0 0
1484562990.602272000 0 0
1484562993.062256000 0 0
1484562993.065089000 0 0
1484562966.008504000 5058 0
1484562993.784687000 0 0
1484562993.791616000 0 0
1484562993.794659000 0 0
1484562993.803950000 0 0
1484562993.806509000 0 0
1484562993.809831000 0 0
1484562993.825227000 0 0
1484562993.827669000 0 0
1484562993.834667000 0 0
1484562993.838808000 0 0
1484562993.847345000 0 0
1484562993.849825000 0 0
1484562993.853611000 0 0
1484562993.860071000 0 0
1484562993.865644000 0 0
1484562993.870652000 0 0
1484562993.881054000 0 0
1484562993.885830000 0 0
1484562993.894001000 0 0
1484562993.897698000 0 0
1484563007.909826000 0 0
1484562990.565043000 446 0
1484562990.494760000 570 0
1484562990.514766000 504 0
1484562990.546967000 504 0
1484562990.587646000 398 0
1484563018.621543000 0 8657
1484563018.636329000 0 0
1484563018.634415000 0 0
1484563007.913346000 0 0
1484563072.974267000 0 234040
1484563073.077809000 0 0
1484563266.144278000 0 0
1484563266.149409000 5058 0
1484563318.655956000 0 8658
1484563318.666982000 0 0
1484563318.665674000 0 0
1484563566.173604000 0 0
1484563566.178422000 5058 0
1484563866.202410000 0 0
1484563866.209454000 5058 0
1484564086.561955000 0 0
1484564086.594241000 0 0
1484564086.598230000 0 0
1484564086.607727000 0 0
1484564090.149285000 0 8658
1484564090.165571000 0 0
1484564090.163645000 0 0
1484564105.083185000 0 0
1484564105.088168000 0 0
1484564105.097843000 0 0
1484564105.109489000 0 0
1484564105.129387000 0 0
1484564105.132822000 0 0
1484564105.136378000 0 0
1484564105.140317000 0 0
1484564105.159566000 0 0
1484564105.163679000 0 0
1484564105.179759000 0 0
1484564105.183186000 0 0
1484564105.187097000 0 0
1484564105.208149000 0 0
1484564105.212426000 0 0
1484564108.590198000 0 0
1484564108.593440000 0 0
1484564111.220007000 0 0
1484564111.223029000 0 0
1484564111.226131000 0 0
1484564111.232293000 0 0
1484564111.234913000 0 0
1484564111.238240000 0 0
1484564111.245039000 0 0
1484564111.247816000 0 0
1484564111.255031000 0 0
1484564111.258151000 0 0
1484564111.267084000 0 0
1484564111.269702000 0 0
1484564111.274189000 0 0
1484564111.281106000 0 0
1484564111.284140000 0 0
1484564111.287451000 0 0
1484564111.294384000 0 0
1484564111.298431000 0 0
1484564111.311989000 0 0
1484564111.315743000 0 0
1484564086.615081000 892 0
1484564105.106065000 570 0
1484564105.118664000 504 0
1484564105.148296000 504 0
1484564105.193543000 398 0
1484564166.233534000 0 0
1484564166.242640000 5058 0
1484564171.052013000 0 0
1484564172.280607000 0 0
1484564172.304982000 0 0
1484564172.324864000 0 0
1484564172.328319000 0 0
1484564172.337032000 0 0
1484564172.464822000 0 0
1484564172.467744000 0 0
1484564171.069020000 0 0
1484564186.834506000 0 0
1484564186.839627000 0 0
1484564186.845036000 0 0
1484564186.874134000 0 0
1484564186.878119000 0 0
1484564186.886395000 0 0
1484564172.278236000 446 0
1484564172.340827000 398 0
1484564168.738113000 1828 0
1484564198.230690000 0 0
1484564198.265832000 0 0
1484564198.270940000 0 0
1484564198.279916000 0 0
1484564198.506085000 0 0
1484564198.509427000 0 0
1484564198.512617000 0 0
1484564198.517586000 0 0
1484564198.528949000 0 0
1484564198.531888000 0 0
1484564198.534489000 0 0
1484564198.544608000 0 0
1484564198.547791000 0 0
1484564198.560772000 0 0
1484564198.563280000 0 0
1484564205.712030000 0 0
1484564205.716341000 0 0
1484564205.919118000 0 0
1484564205.923345000 0 0
1484564205.928126000 0 0
1484564205.938799000 0 0
1484564205.941928000 0 0
1484564205.946122000 0 0
1484564205.958246000 0 0
1484564205.961675000 0 0
1484564205.971523000 0 0
1484564205.974754000 0 0
1484564198.285509000 446 0
1484564198.515114000 570 0
1484564198.522182000 504 0
1484564198.537368000 504 0
1484564198.551199000 398 0
1484564258.679764000 0 0
1484564265.009754000 0 0
1484564265.012947000 0 0
1484564265.048188000 0 0
1484564265.051572000 0 0
1484564265.059827000 0 0
1484564265.108268000 0 0
1484564265.111575000 0 0
1484564258.683866000 0 0
1484564278.980187000 0 0
1484564288.099781000 0 0
1484564288.103756000 0 0
1484564288.113453000 0 0
1484564288.336372000 0 0
1484564288.339232000 0 0
1484564288.341926000 0 0
1484564288.346736000 0 0
1484564288.382191000 0 0
1484564288.385111000 0 0
1484564288.388541000 0 0
1484564288.401632000 0 0
1484564288.405228000 0 0
1484564288.416884000 0 0
1484564288.419457000 0 0
1484564278.976407000 446 0
1484564288.344685000 570 0
1484564288.352089000 504 0
1484564288.393212000 504 0
1484564288.408013000 398 0
1484564330.417175000 0 0
1484564330.462067000 0 0
1484564330.465895000 0 0
1484564330.476270000 0 0
1484564330.484587000 398 0
1484564390.184822000 0 8658
1484564390.200257000 0 0
1484564390.198967000 0 0
1484564466.262606000 0 0
1484564486.993638000 0 0
1484564487.060486000 0 0
1484564487.048114000 0 0
1484564490.416598000 0 0
1484564490.429495000 0 0
1484564490.459175000 0 0
1484564490.480736000 0 0
1484564490.488206000 0 0
1484564490.505750000 0 0
1484564490.511050000 0 0
1484564490.522817000 0 0
1484564490.526688000 0 0
1484564490.531889000 0 0
1484564490.542636000 0 0
1484564490.555377000 0 0
1484564490.570326000 0 0
1484564490.584067000 0 0
1484564490.596080000 0 0
1484564490.599568000 0 0
1484564490.603064000 0 0
1484564490.607375000 0 0
1484564490.613462000 0 0
1484564490.618984000 0 0
1484564490.625306000 0 0
1484564490.631754000 0 0
1484564490.635400000 0 0
1484564490.641531000 0 0
1484564490.646151000 0 0
1484564490.651849000 0 0
1484564466.268066000 5058 0
1484564490.665565000 0 0
1484564497.073791000 0 0
1484564485.313963000 0 0
1484564610.747365000 0 0
1484564610.775605000 0 0
1484564610.768891000 0 0
1484564619.498095000 0 0
1484564619.506748000 0 0
1484564619.524267000 0 0
1484564619.542588000 0 0
1484564619.548920000 0 0
1484564619.558590000 0 0
1484564619.562784000 0 0
1484564619.569884000 0 0
1484564619.573705000 0 0
1484564619.578347000 0 0
1484564619.587112000 0 0
1484564619.597179000 0 0
1484564619.607944000 0 0
1484564619.618394000 0 0
1484564619.629208000 0 0
1484564619.633195000 0 0
1484564619.637379000 0 0
1484564619.641834000 0 0
1484564619.647175000 0 0
1484564619.652018000 0 0
1484564619.657252000 0 0
1484564619.662990000 0 0
1484564619.666233000 0 0
1484564619.671299000 0 0
1484564619.675437000 0 0
1484564619.679841000 0 0
1484564619.690089000 0 0
1484564623.075854000 0 0
1484564637.119447000 0 0
1484564637.171579000 0 0
1484564637.162188000 0 0
1484564610.093268000 0 0
1484564690.221282000 0 8658
1484564690.240310000 0 0
1484564690.238323000 0 0
1484564668.962712000 446 0
1484564766.289408000 0 0
1484564766.298639000 5058 0
1484564990.254895000 0 8658
1484564990.274394000 0 0
1484564990.272468000 0 0
1484565066.426274000 0 0
1484565066.434087000 5058 0
1484565366.452477000 0 0
1484565371.758838000 0 8658
1484565371.771971000 0 0
1484565371.770461000 0 0
1484565375.278117000 0 0
1484565375.286506000 0 0
1484565375.313896000 0 0
1484565375.314300000 0 0
1484565375.318979000 0 0
1484565375.317749000 0 0
1484565375.329397000 0 0
1484565375.328233000 0 0
1484565366.458238000 5058 0
1484565375.336777000 446 0
1484565375.338113000 398 0
1484565445.019001000 0 0
1484565445.062309000 0 0
1484565445.055265000 0 0
1484565447.753603000 0 0
1484565447.758668000 0 0
1484565447.768737000 0 0
1484565447.779160000 0 0
1484565447.784200000 0 0
1484565447.793339000 0 0
1484565447.797326000 0 0
1484565447.804568000 0 0
1484565447.808194000 0 0
1484565447.813665000 0 0
1484565447.822602000 0 0
1484565447.832848000 0 0
1484565447.844116000 0 0
1484565447.855225000 0 0
1484565447.865936000 0 0
1484565447.871685000 0 0
1484565447.875500000 0 0
1484565447.879828000 0 0
1484565447.885138000 0 0
1484565447.891110000 0 0
1484565447.896625000 0 0
1484565447.902817000 0 0
1484565447.906271000 0 0
1484565447.912539000 0 0
1484565447.916715000 0 0
1484565447.921316000 0 0
1484565447.933555000 0 0
1484565454.268837000 0 0
1484565444.161245000 0 0
1484565666.483009000 0 0
1484565671.787701000 0 8658
1484565671.801329000 0 0
1484565671.799851000 0 0
1484565666.490262000 5058 0
1484565695.560019000 0 266816
1484565695.661689000 0 0
1484565695.735417000 0 496248
1484565695.853865000 0 0
1484565966.514914000 0 0
1484565966.521813000 5058 0
1484566005.292012000 0 234040
1484566005.356786000 0 0
1484566006.269291000 0 135712
1484566006.317221000 0 0
1484566014.594569000 0 0
1484566014.618809000 0 0
1484566014.611648000 0 0
1484566102.195929000 0 0
1484563183.498595000 0 0
1484566188.575092000 0 8658
1484566188.587098000 0 0
1484566188.585596000 0 0
1484566266.544024000 0 0
1484566266.551746000 5058 0
1484566471.608899000 0 0
1484566471.613009000 0 0
1484566471.622227000 0 0
1484566473.826532000 0 0
1484566473.836779000 0 0
1484566473.840242000 0 0
1484566488.620342000 0 8658
1484566488.634693000 0 0
1484566488.633326000 0 0
1484566471.629165000 446 0
1484566473.846836000 398 0
1484566547.056597000 0 0
1484566547.083292000 0 0
1484566547.076957000 0 0
1484566549.540444000 0 0
1484566549.549586000 0 0
1484566549.563688000 0 0
1484566549.577787000 0 0
1484566549.583375000 0 0
1484566549.593511000 0 0
1484566549.597307000 0 0
1484566549.605252000 0 0
1484566549.608730000 0 0
1484566549.614095000 0 0
1484566549.622984000 0 0
1484566549.632523000 0 0
1484566549.643037000 0 0
1484566549.653284000 0 0
1484566549.662840000 0 0
1484566549.666018000 0 0
1484566549.669215000 0 0
1484566549.673099000 0 0
1484566549.678167000 0 0
1484566549.682855000 0 0
1484566549.687995000 0 0
1484566549.693550000 0 0
1484566549.696767000 0 0
1484566549.701944000 0 0
1484566549.705949000 0 0
1484566549.710172000 0 0
1484566566.578503000 0 0
1484566566.587299000 5058 0
1484566578.740571000 446 0
1484566549.721014000 0 0
1484566681.056051000 0 0
1484566546.352396000 0 0
1484566786.356174000 0 0
1484566786.362794000 0 0
1484566788.648964000 0 8658
1484566788.660065000 0 0
1484566788.658804000 0 0
1484566866.698338000 0 0
1484566866.702881000 5058 0
1484567071.144604000 0 0
1484567080.245376000 0 0
1484567080.273473000 0 0
1484567080.267005000 0 0
1484567088.673004000 0 8658
1484567088.685965000 0 0
1484567088.684206000 0 0
1484567166.721614000 0 0
1484567166.728334000 5058 0
1484567339.102104000 0 0
1484567339.107194000 0 0
1484567339.117334000 0 0
1484567340.972601000 0 0
1484567341.029610000 0 0
1484567360.550823000 0 0
1484567339.125736000 446 0
1484567360.564868000 59431 0
1484567388.704426000 0 8658
1484567388.718239000 0 0
1484567388.717024000 0 0
1484566051.375828000 0 0
1484567466.753135000 0 0
1484567466.759761000 5058 0
1484567494.385482000 0 0
1484567494.417601000 0 0
1484567494.420839000 0 0
1484567494.430491000 0 0
1484567495.598890000 0 266816
1484567495.703040000 0 0
1484567494.438053000 398 0
1484567495.869402000 0 464072
1484567519.313592000 0 0
1484567524.502208000 0 0
1484567524.532100000 0 0
1484567524.525603000 0 0
1484567526.868161000 0 0
1484567526.873452000 0 0
1484567526.882857000 0 0
1484567526.892889000 0 0
1484567526.897704000 0 0
1484567526.906338000 0 0
1484567526.909827000 0 0
1484567526.918026000 0 0
1484567526.922442000 0 0
1484567526.928734000 0 0
1484567526.939185000 0 0
1484567526.949117000 0 0
1484567526.961369000 0 0
1484567526.973145000 0 0
1484567526.984034000 0 0
1484567526.987830000 0 0
1484567526.991277000 0 0
1484567526.995814000 0 0
1484567527.001474000 0 0
1484567527.006285000 0 0
1484567527.011634000 0 0
1484567527.017860000 0 0
1484567527.021318000 0 0
1484567527.026900000 0 0
1484567527.031180000 0 0
1484567527.035673000 0 0
1484567527.046687000 0 0
1484567531.170759000 0 0
1484567688.742939000 0 8658
1484567688.757815000 0 0
1484567688.756106000 0 0
1484567766.778143000 0 0
1484567766.786221000 5058 0
1484567794.595690000 0 0
1484567746.582686000 0 234600
1484567822.142274000 0 0
1484567822.145882000 0 0
1484567988.762260000 0 8658
1484567988.774520000 0 0
1484567988.773206000 0 0
1484568006.265886000 0 0
1484567446.437090000 0 0
1484568066.805320000 0 0
1484568066.809603000 5058 0
1484568095.720763000 0 266816
1484568095.928914000 0 0
1484568101.530224000 0 0
1484568101.533762000 0 0
1484568101.544013000 0 0
1484568101.548058000 446 0
1484568096.083658000 0 464072
1484568173.769332000 0 0
1484568173.774330000 0 0
1484568288.798080000 0 8658
1484568288.810228000 0 0
1484568288.808511000 0 0
1484568306.164895000 0 0
1484568306.175105000 5058 2248
1484568306.679484000 0 70680
1484568306.723309000 0 0
1484568307.027203000 0 496248
1484568307.195822000 0 0
1484568306.706780000 0 9572
1484568366.831845000 0 0
1484568366.836730000 4817 0
1484568468.619774000 0 135712
1484568468.668831000 0 0
1484568472.104569000 0 0
1484568472.141323000 0 0
1484568472.122083000 0 135712
1484568472.169183000 0 0
1484568472.507638000 0 563056
1484568487.170751000 0 0
1484568529.420143000 0 0
1484568515.739158000 0 234600
1484568534.800643000 0 0
1484568529.433562000 59431 0
1484568572.481995000 0 0
1484568101.384722000 0 0
1484568588.835871000 0 8658
1484568588.849392000 0 0
1484568588.847754000 0 0
1484568472.209895000 199604 7211
1484568888.851990000 0 8658
1484568888.863897000 0 0
1484568888.862780000 0 0
1484569188.876798000 0 8658
1484569188.890743000 0 0
1484569188.888653000 0 0
1484569267.226337000 0 0
1484569267.230116000 0 0
1484569267.238432000 0 0
1484569267.244767000 446 0
1484569295.782108000 0 496856
1484569298.729695000 0 0
1484568472.109288000 4817 6957
1484569327.494001000 0 0
1484569327.432781000 0 234600
1484569332.318412000 0 0
1484569389.820847000 0 0
1484569389.835727000 59431 0
1484569488.905705000 0 8659
1484569488.918114000 0 0
1484569488.916807000 0 0
1484569566.906007000 0 0
1484569566.910294000 5324 0
1484569788.918205000 0 8659
1484569788.938952000 0 0
1484569788.930445000 0 0
1484569866.927925000 0 0
1484569866.933033000 5324 0
1484570088.975066000 0 8659
1484570088.990683000 0 0
1484570088.989034000 0 0
1484570130.912383000 0 0
1484570130.926702000 59431 0
1484570166.952096000 0 0
1484570166.958066000 5324 0
1484570388.969168000 0 8659
1484570388.980080000 0 0
1484570388.978872000 0 0
1484570461.147322000 0 0
1484570461.183397000 0 0
1484570461.187274000 0 0
1484570461.195665000 0 0
1484570461.202597000 446 0
1484570466.976655000 0 0
1484570480.044176000 0 0
1484570480.068473000 0 0
1484570480.072031000 0 0
1484570480.080948000 0 0
1484570466.980356000 5324 0
1484570495.736011000 0 266816
1484570495.847520000 0 0
1484570495.910534000 0 464072
1484570498.943941000 0 0
1484570480.088227000 398 0
1484570553.664094000 0 0
1484570553.690803000 0 0
1484570553.683483000 0 0
1484570556.178338000 0 0
1484570556.184614000 0 0
1484570556.196051000 0 0
1484570556.207259000 0 0
1484570556.213186000 0 0
1484570556.222562000 0 0
1484570556.226792000 0 0
1484570556.236225000 0 0
1484570556.240973000 0 0
1484570556.246956000 0 0
1484570556.257850000 0 0
1484570556.268940000 0 0
1484570556.281257000 0 0
1484570556.294431000 0 0
1484570556.305730000 0 0
1484570556.309042000 0 0
1484570556.312374000 0 0
1484570556.317487000 0 0
1484570556.323308000 0 0
1484570556.328813000 0 0
1484570556.335474000 0 0
1484570556.341158000 0 0
1484570556.344517000 0 0
1484570556.350617000 0 0
1484570556.355089000 0 0
1484570556.359636000 0 0
1484570556.373143000 0 0
1484570558.514510000 0 0
1484548865.705006000 263166 103091
1484570567.225876000 0 234600
1484570582.610003000 0 0
1484570688.983570000 0 8659
1484570688.994396000 0 0
1484570688.993304000 0 0
1484570753.300804000 0 0
1484570767.013718000 0 0
1484570753.314766000 59431 0
1484570767.089036000 5324 0
1484570853.182550000 0 0
1484570853.197501000 59431 0
1484570989.021785000 0 8659
1484570989.036443000 0 0
1484570989.034717000 0 0
1484571067.130463000 0 0
1484571067.137135000 5324 0
1484571216.099376000 0 0
1484571216.104588000 0 0
1484571216.133296000 0 0
1484571216.133554000 0 0
1484571216.136987000 0 0
1484571216.135973000 0 0
1484571216.147099000 0 0
1484571216.145776000 0 0
1484571216.694477000 0 0
1484571216.723496000 0 0
1484571216.717014000 0 0
1484571218.976680000 0 0
1484571218.984061000 0 0
1484571218.993946000 0 0
1484571219.006057000 0 0
1484571219.011001000 0 0
1484571219.023755000 0 0
1484571219.027739000 0 0
1484571219.037446000 0 0
1484571219.041144000 0 0
1484571219.047474000 0 0
1484571219.058734000 0 0
1484571219.071196000 0 0
1484571219.085340000 0 0
1484571219.097580000 0 0
1484571219.109806000 0 0
1484571219.114268000 0 0
1484571219.119065000 0 0
1484571219.123326000 0 0
1484571219.130066000 0 0
1484571219.136757000 0 0
1484571219.142219000 0 0
1484571219.150820000 0 0
1484571219.154477000 0 0
1484571219.160170000 0 0
1484571219.166440000 0 0
1484571219.172429000 0 0
1484571219.186147000 0 0
1484571221.930137000 0 0
1484571216.154670000 446 0
1484571216.155331000 398 0
1484571289.034977000 0 8659
1484571289.046029000 0 0
1484571289.045095000 0 0
1484571367.153728000 0 0
1484571367.159442000 5324 0
1484571589.065952000 0 8659
1484571589.076984000 0 0
1484571589.075730000 0 0
1484571667.176576000 0 0
1484571667.181771000 5324 0
1484571797.142640000 0 0
1484571797.147079000 59431 0
1484571889.102053000 0 8659
1484571889.113457000 0 0
1484571889.112143000 0 0
1484571967.200506000 0 0
1484571967.205672000 5324 0
1484572214.070191000 0 0
1484572214.098898000 0 0
1484572214.111587000 0 0
1484572214.141987000 0 0
1484572233.145090000 0 0
1484572233.174291000 0 0
1484572233.177888000 0 0
1484572233.186785000 0 0
1484572214.150849000 446 0
1484572233.195359000 398 0
1484572267.235461000 0 0
1484572267.244118000 5324 0
1484572339.391225000 0 0
1484572339.418024000 0 0
1484572339.412114000 0 0
1484572343.462522000 0 0
1484572343.467700000 0 0
1484572343.477956000 0 0
1484572343.487849000 0 0
1484572343.493012000 0 0
1484572343.503282000 0 0
1484572343.507278000 0 0
1484572343.515216000 0 0
1484572343.518849000 0 0
1484572343.524028000 0 0
1484572343.533303000 0 0
1484572343.543286000 0 0
1484572343.555027000 0 0
1484572343.566820000 0 0
1484572343.577974000 0 0
1484572343.581727000 0 0
1484572343.585621000 0 0
1484572343.589581000 0 0
1484572343.594676000 0 0
1484572343.599507000 0 0
1484572343.604654000 0 0
1484572343.611361000 0 0
1484572343.614617000 0 0
1484572343.620252000 0 0
1484572343.624407000 0 0
1484572343.628727000 0 0
1484572343.639850000 0 0
1484572348.410313000 0 0
1484572489.144382000 0 8659
1484572489.156678000 0 0
1484572489.155264000 0 0
1484572567.265017000 0 0
1484572567.269966000 5324 0
1484572673.494708000 0 135712
1484572673.546664000 0 0
1484572673.732885000 0 0
1484572674.487743000 0 759120
1484572677.537716000 0 0
1484572673.740666000 202059 5186
1484572685.586581000 0 234040
1484572685.655257000 0 0
1484572684.818693000 203327 10752
1484572762.770568000 0 0
1484572762.783537000 0 0
1484572762.789272000 0 392
1484572762.797958000 0 0
1484572762.801574000 0 0
1484572762.804921000 0 0
1484572762.774155000 0 0
1484572762.807968000 0 0
1484572762.944048000 0 85
1484572762.953782000 0 0
1484572763.060870000 0 109
1484572763.069146000 0 0
1484572763.115631000 0 0
1484548865.960167000 0 32768
1484572763.126871000 0 0
1484548865.955922000 28752 65672
1484572763.202746000 0 0
1484572763.207730000 0 0
1484572763.262843000 0 0
1484572763.276882000 0 0
1484572763.292652000 0 0
1484572763.300191000 0 0
1484572763.305140000 0 0
1484572763.309011000 0 0
1484572763.313434000 0 0
1484572763.297923000 0 10
1484572763.332786000 0 0
1484572763.337912000 0 0
1484572763.269194000 0 0
1484572763.342715000 0 0
1484548864.964852000 9111 297472
1484570567.232471000 0 210619
1484572763.365790000 0 9117
1484572763.478568000 0 709
1484572763.484400000 0 144
1484572763.498472000 0 0
1484572763.522100000 0 175
1484572763.546656000 0 0
1484572763.552540000 0 0
1484548867.125384000 0 32768
1484572763.559024000 0 204
1484572763.562748000 0 0
1484548867.114799000 65832 3788472
1484572763.568553000 0 0
1484572763.575628000 0 0
1484572763.580589000 0 0
1484572763.597939000 0 0
1484548867.096025000 0 4096
1484572763.610679000 0 0
1484572763.616729000 0 0
1484548867.092388000 0 0
1484572763.638464000 0 0
1484572763.643903000 0 0
1484572763.658579000 0 0
1484572763.664689000 0 19512
1484572763.688829000 0 0
1484572763.693572000 0 0
1484572763.648367000 0 0
1484572763.698276000 0 0
1484572763.840737000 0 0
1484548866.084212000 39960 6661
1484548872.705852000 216636 10491
1484572771.649618000 0 0
1484572771.653868000 0 0
1484572771.664149000 0 0
1484572771.674635000 0 0
1484572771.683128000 0 0
1484572772.291429000 0 0
1484572772.296339000 0 0
1484572772.303818000 0 0
1484572772.314668000 0 0
1484572772.415450000 0 0
1484548862.295219000 0 0
1484572772.428797000 0 0
1484572772.432497000 0 0
1484572772.442738000 0 0
1484572772.549545000 0 0
1484572772.579303000 0 0
1484572772.592467000 0 0
1484572772.625735000 0 0
1484572772.704241000 0 0
1484572772.707969000 0 0
1484572772.711320000 0 0
1484572772.714622000 0 0
1484572772.718263000 0 0
1484572772.757031000 0 0
1484572772.789420000 0 0
1484572772.793538000 0 0
1484572772.911546000 0 0
1484572772.919310000 0 0
1484572773.223433000 0 0
1484572773.259019000 0 0
1484572773.340369000 0 0
1484548867.137555000 0 0
1484572773.692535000 0 0
1484572773.749051000 0 0
1484572773.754808000 0 18830
1484572774.082888000 0 0
1484572774.087944000 0 0
1484572773.725374000 18830 0
1484572773.736543000 0 0
1484572774.092346000 0 0
1484572774.262255000 0 0
1484572774.319546000 0 0
1484572774.701256000 0 0
1484572774.730615000 0 0
1484572774.870604000 0 0
1484572775.007933000 0 0
1484572775.201014000 0 0
1484572775.203855000 0 0
1484572775.587320000 0 0
1484572775.597117000 0 0
1484572775.601895000 0 0
1484572775.610357000 0 0
1484572775.600481000 0 0
1484572775.614776000 0 0
1484572775.619808000 0 0
1484572775.623002000 0 0
1484572775.618278000 0 0
1484572775.627461000 0 0
1484572776.028362000 0 0
1484572776.075253000 0 0
1484572776.133629000 0 0
1484572776.546475000 0 0
1484548865.945299000 163840 32768
1484572776.574212000 524288 0
1484572777.455182000 0 0
1484572777.549357000 0 0
1484572777.553192000 0 0
1484572777.676432000 0 0
1484572777.680975000 0 2
1484572777.699190000 0 0
1484572777.704161000 0 0
1484572776.553323000 2 0
1484572777.648365000 0 0
1484572777.707514000 0 53
1484572777.707505000 0 0
1484572774.260590000 204 0
1484572777.719247000 0 0
1484572778.501463000 0 0
1484572778.518862000 0 0
1484572780.670133000 0 0
1484572771.501227000 2098 0
1484572771.526515000 0 0
1484572771.561886000 0 0
1484572773.227715000 0 0
1484550237.055651000 65536 0
1484572775.593444000 392 0
1484572775.670165000 10 0
1484572776.034155000 468 0
1484572776.090959000 27 0
1484572777.740657000 9152 0
1484572775.053958000 25 0
1484572777.778317000 9833 0
1484572777.824744000 55 0
1484572788.584090000 0 0
1484572788.591768000 0 0
1484568006.288159000 98304 0
1484572771.671762000 446 0
1484572772.308955000 10 0
1484572772.410621000 111 0
1484572772.469524000 208 0
1484572772.586556000 19512 0
1484572772.649000000 16384 0
1484572772.656752000 709 0
1484572772.950345000 497 0
1484572773.242580000 10682 0
1484572773.288555000 8376 0
1484572773.373290000 208787 0
1484572774.278599000 3072 0
1484572774.720168000 46971 0
1484572774.785989000 8 0
1484572774.889458000 504 0
1484572774.945191000 7636 0
1484572775.028355000 3740 0
1484572805.601086000 0 3740
1484572805.612893000 0 0
1484572785.151586000 0 694096
1484572806.226074000 0 0
1484572785.232685000 5324 0
1484572785.034450000 204570 0
1484572830.123794000 0 0
1484572830.138091000 0 0
1484572830.159455000 0 0
1484572830.169691000 0 0
1484572830.226629000 0 66
1484572830.212189000 66 0
1484572830.239484000 0 0
1484572833.169937000 0 0
1484572833.225975000 0 137
1484572833.237302000 0 0
1484572833.196545000 137 0
1484572833.235664000 0 0
1484572833.257019000 0 0
1484572833.267779000 0 0
1484572833.292101000 0 0
1484572833.298680000 0 7220
1484572833.309822000 0 0
1484572833.308683000 0 0
1484572833.325173000 0 0
1484572833.332190000 0 0
1484572833.381929000 51 0
1484572959.621440000 0 0
1484572959.636858000 59431 0
1484573025.895708000 0 0
1484573025.900424000 59431 0
1484573074.509101000 0 0
1484573076.052134000 0 468
1484573076.064964000 0 0
1484573076.063946000 0 0
1484573078.504256000 0 709
1484573074.516398000 5324 0
1484573122.157297000 0 0
1484573133.356188000 0 7223
1484573133.366971000 0 0
1484573133.365665000 0 0
1484573122.175600000 59431 0
1484573284.211000000 0 0
1484573284.227365000 59431 0
1484573350.573138000 0 0
1484573350.575990000 59431 0
1484573374.532633000 0 0
1484573380.678071000 0 0
1484573374.536525000 5324 0
1484573380.681651000 59431 0
1484573433.384489000 0 7224
1484573433.396873000 0 0
1484573433.395387000 0 0
1484573489.504731000 0 0
1484573489.520426000 59431 0
1484573674.564055000 0 0
1484573674.568516000 5324 0
1484573733.395382000 0 7224
1484573733.406548000 0 0
1484573733.405453000 0 0
1484573822.060442000 0 0
1484573822.074310000 59431 0
1484573974.586688000 0 0
1484573974.590907000 5324 0
1484574033.422257000 0 7227
1484574033.434795000 0 0
1484574033.432350000 0 0
1484574274.638587000 0 0
1484574274.642837000 5324 0
1484574333.434933000 0 7227
1484574333.446978000 0 0
1484574333.446193000 0 0
1484574574.659605000 0 0
1484574574.665551000 5324 0
1484574633.454347000 0 7227
1484574633.464296000 0 0
1484574633.463277000 0 0
1484574874.681419000 0 0
1484574874.684467000 5324 0
1484574933.465957000 0 7227
1484574933.475992000 0 0
1484574933.474853000 0 0
1484575174.698338000 0 0
1484575174.704049000 5324 0
1484575233.481535000 0 7227
1484575233.492110000 0 0
1484575233.491196000 0 0
1484575340.435412000 0 0
1484575340.448340000 59431 0
1484575474.718857000 0 0
1484575474.721924000 5324 0
1484575503.568115000 0 0
1484575524.906339000 0 0
1484575533.497049000 0 7227
1484575533.506248000 0 0
1484575533.505456000 0 0
1484575503.571486000 118862 0
1484575560.324445000 0 0
1484575571.947383000 0 0
1484575560.328136000 59431 0
1484575618.621599000 0 0
1484575618.625643000 59431 0
1484575774.740453000 0 0
1484575774.830803000 0 70160
1484575774.860640000 0 0
1484575774.744034000 5324 0
1484575833.516391000 0 7227
1484575833.525936000 0 0
1484575833.524679000 0 0
1484576074.789790000 0 0
1484576074.795336000 5324 0
1484576133.538512000 0 7227
1484576133.550831000 0 0
1484576133.548748000 0 0
1484576374.813263000 0 0
1484576374.816121000 5324 0
1484575775.202153000 0 759112
1484576536.127655000 0 0
1484576536.131722000 0 0
1484576674.832723000 0 0
1484576674.837798000 5324 0
1484576733.563420000 0 7227
1484576733.573189000 0 0
1484576733.571905000 0 0
1484576974.853348000 0 0
1484576974.859171000 5324 0
1484577033.587817000 0 7227
1484577033.599405000 0 0
1484577033.597577000 0 0
1484577274.877977000 0 0
1484577275.831315000 0 0
1484577275.842173000 0 0
1484577275.845120000 0 392
1484577275.852167000 0 0
1484577275.855229000 0 0
1484577275.857912000 0 0
1484577275.834854000 0 0
1484577275.860631000 0 0
1484577275.934974000 0 85
1484577275.949683000 0 0
1484577276.019335000 0 109
1484577276.025403000 0 0
1484577276.031484000 0 0
1484572777.446307000 0 32768
1484577276.037053000 0 0
1484572777.441246000 28728 32824
1484577276.043574000 0 0
1484577276.045969000 0 0
1484577276.171697000 0 0
1484577276.186613000 0 0
1484577276.202739000 0 0
1484577276.210538000 0 0
1484577276.216013000 0 0
1484577276.219703000 0 0
1484577276.223613000 0 0
1484577276.207962000 0 10
1484577276.243704000 0 0
1484577276.249139000 0 0
1484577276.178051000 0 0
1484577276.253657000 0 0
1484572775.605043000 9117 36070
1484572776.038443000 209753 14597
1484577276.271109000 0 9121
1484577276.337280000 0 709
1484577276.348199000 0 144
1484577276.355897000 0 0
1484577276.372594000 0 0
1484572778.534570000 0 4096
1484577276.373869000 0 175
1484577276.378713000 0 0
1484577276.380626000 0 0
1484577276.385195000 0 0
1484572778.529303000 0 0
1484577276.389704000 0 204
1484577276.390490000 0 0
1484577276.395776000 0 0
1484577276.405688000 0 0
1484572778.526405000 0 4096
1484577276.411618000 0 0
1484577276.415616000 0 0
1484572778.521126000 0 0
1484577276.421207000 0 0
1484577276.425128000 0 0
1484577276.438374000 0 0
1484577276.442503000 0 19650
1484577276.463467000 0 0
1484577276.467348000 0 0
1484577276.428600000 0 0
1484577276.470885000 0 0
1484577276.514029000 0 0
1484577274.883052000 5324 0
1484548863.967724000 3805184 11468800
1484572777.239104000 163840 32768
1484548864.514778000 49152 0
1484548862.911736000 4096 0
1484548862.443989000 69632 8192
1484548862.450231000 8192 8192
1484548867.102224000 1212416 2654208
1484548867.081001000 98304 0
1484572777.556496000 40264 0
1484548866.075561000 7266 0
1484577278.870966000 0 0
1484548845.980987000 0 0
1484548845.948306000 0 0
1484577281.481478000 0 0
1484577281.560973000 0 0
1484577281.566331000 0 0
1484577281.570415000 0 0
1484577281.574339000 0 0
1484577281.484738000 0 0
1484577281.563442000 0 0
1484577281.425620000 0 0
1484577281.448002000 0 0
1484572778.551473000 0 0
1484548867.102597000 0 0
1484572772.425033000 0 0
1484577281.535035000 397 0
1484577281.557426000 181 0
1484577281.577663000 226 0
1484577281.593350000 134 0
1484577281.617049000 134 0
1484577281.728491000 134 0
1484577281.738139000 144 0
1484577281.750373000 134 0
1484577281.773380000 134 0
1484577281.791844000 134 0
1484577281.808761000 442 0
1484577281.841352000 197 0
1484577281.858656000 133 0
1484577281.875378000 134 0
1484577281.891262000 133 0
1484577281.904487000 226 0
1484577281.910151000 442 0
1484577281.927301000 302 0
1484577333.683880000 0 0
1484577333.689047000 0 0
1484577333.698775000 0 0
1484548784.367332000 0 0
1484577333.706090000 446 0
