1484573756.719746000 0 0
1484573756.726097000 0 0
1484573756.731805000 0 0
1484573756.737792000 0 0
1484573756.744221000 0 0
1484573757.557274000 0 0
1484573757.576658000 0 0
1484573758.575769000 0 0
1484573758.579335000 0 0
1484573758.588013000 0 0
1484573759.754215000 0 0
1484573759.757070000 0 0
1484573759.763141000 0 0
1484573759.770774000 0 0
1484573759.817729000 0 0
1484573759.860263000 0 0
1484573759.873859000 0 0
1484573759.891468000 0 0
1484573759.901597000 0 0
1484573759.826639000 0 0
1484573759.904970000 0 0
1484573759.954612000 0 0
1484573759.963578000 0 0
1484573759.966924000 0 0
1484573759.985715000 0 0
1484573759.989645000 0 0
1484573759.993491000 0 0
1484573760.021318000 0 0
1484573760.033661000 0 0
1484573760.038546000 0 0
1484573760.041358000 0 0
1484573760.045607000 0 0
1484573760.054932000 0 0
1484573760.089643000 0 0
1484573760.093161000 0 0
1484573760.113343000 0 0
1484573760.136244000 0 0
1484573760.150178000 0 0
1484573760.169015000 0 0
1484573760.172089000 0 0
1484573760.174467000 0 0
1484573760.192209000 0 0
1484573759.869189000 174 0
1484573759.871215000 0 0
1484573759.886636000 300 0
1484573759.889992000 0 0
1484573759.896840000 174 0
1484573759.899718000 0 0
1484573759.944182000 129 0
1484573759.952886000 0 0
1484573759.979053000 129 0
1484573759.997391000 0 0
1484573760.011252000 568 0
1484573760.017118000 0 0
1484573760.075442000 504 0
1484573760.102416000 0 0
1484573760.105420000 129 0
1484573760.109150000 0 0
1484573760.165018000 129 0
1484573760.167249000 0 0
1484573760.188336000 129 0
1484573760.190644000 0 0
1484573757.573462000 892 0
1484573758.528909000 0 0
1484573773.558371000 0 0
1484573757.981135000 111 0
1484573773.561527000 446 0
1484573773.564320000 0 0
1484574487.573138000 0 0
1484574487.579282000 446 0
1484574487.581658000 0 0
1484574509.016602000 0 0
1484574509.029430000 0 0
1484574509.068839000 0 0
1484574509.073541000 0 0
1484574509.082297000 0 0
1484574509.085421000 0 0
1484574509.282417000 0 0
1484574509.285822000 0 0
1484574509.019486000 446 0
1484574509.022254000 0 0
1484574509.090667000 568 0
1484574509.092896000 0 0
1484575258.166904000 0 0
1484575262.336736000 0 0
1484575262.341347000 0 0
1484575262.554303000 0 0
1484575262.965129000 0 0
1484575262.969037000 0 0
1484575262.978487000 0 0
1484575262.993312000 0 0
1484575263.015469000 0 0
1484575263.036050000 0 0
1484575263.038794000 0 0
1484575263.057874000 0 0
1484575263.060068000 0 0
1484575263.062509000 0 0
1484575263.064907000 0 0
1484575264.411119000 0 0
1484575264.414739000 0 4286
1484575264.433951000 0 0
1484575264.434961000 0 0
1484575264.437080000 0 0
1484575264.449135000 4286 0
1484575264.454495000 4286 0
1484575264.466747000 4286 0
1484575264.472395000 4286 0
1484575262.346692000 900 0
1484575262.349343000 0 0
1484575263.044214000 0 0
1484575264.408504000 0 0
1484575264.440185000 600 0
1484575264.494252000 0 4286
1484575264.502278000 0 0
1484575264.490132000 0 300
1484575264.503068000 0 0
1484575264.510710000 0 0
1484575264.505902000 0 0
1484575264.524612000 0 0
1484575263.014113000 0 0
1484575263.022781000 0 0
1484575264.585133000 0 0
1484575267.441337000 0 0
1484575267.440318000 0 0
1484575269.453882000 0 0
1484575269.452897000 0 0
1484575263.011406000 402 0
1484575263.020562000 446 0
1484575264.508859000 0 0
1484575264.515533000 600 0
1484575264.520563000 600 0
1484575264.573933000 84992 0
1484575264.598828000 0 0
1484575262.836619000 0 0
1484575263.098329000 0 0
1484575262.551076000 0 0
1484575415.801927000 0 0
1484575415.959970000 0 0
1484575415.982710000 0 0
1484575416.002749000 0 0
1484575416.016519000 0 0
1484575416.033654000 0 0
1484575416.063552000 0 0
1484575416.079129000 0 0
1484575416.070328000 2887 0
1484575416.073720000 0 0
1484575416.096484000 0 0
1484575416.111575000 0 0
1484575416.128403000 0 0
1484575416.155018000 0 0
1484575416.164636000 0 0
1484575416.184008000 0 0
1484575416.208006000 0 0
1484575416.216980000 0 0
1484575416.232191000 0 0
1484575416.335947000 0 0
1484575416.345512000 0 0
1484575416.354893000 0 0
1484575416.370561000 0 0
1484575416.379600000 0 0
1484575416.388445000 0 0
1484575416.413892000 0 0
1484575416.431904000 0 0
1484575415.950015000 0 0
1484575415.812934000 0 0
1484575416.444522000 0 0
1484575416.442356000 0 0
1484575416.462256000 0 0
1484575416.494820000 0 0
1484575416.538194000 0 0
1484575416.566340000 0 0
1484575416.581810000 0 0
1484575416.606400000 0 0
1484575416.597074000 7583 0
1484575416.600901000 0 0
1484575416.621883000 0 0
1484575416.621640000 7583 0
1484575416.636316000 0 0
1484575416.654855000 0 0
1484575416.648546000 2282 0
1484575416.664489000 0 0
1484575416.651899000 0 0
1484575416.673036000 0 0
1484575416.673192000 2282 0
1484575416.686601000 0 0
1484575416.710286000 0 0
1484575416.730740000 0 0
1484575416.758272000 0 0
1484575416.485597000 0 0
1484575416.780776000 0 0
1484575416.807881000 0 0
1484575416.772104000 0 0
1484575416.849682000 0 0
1484575416.875793000 0 0
1484575416.890707000 0 0
1484575416.890962000 0 0
1484575416.819752000 0 0
1484575416.900054000 0 0
1484575416.903621000 0 0
1484575416.907287000 0 0
1484575416.907088000 0 0
1484575416.930841000 0 0
1484575416.937893000 0 0
1484575416.938618000 0 0
1484575416.950038000 0 0
1484575416.962138000 0 0
1484575416.967929000 0 0
1484575416.982178000 0 0
1484575416.980843000 0 0
1484575416.921631000 0 0
1484575416.986328000 0 0
1484575416.989481000 0 0
1484575416.994228000 0 0
1484575417.003979000 0 0
1484575416.997313000 0 0
1484575417.006509000 0 0
1484575417.017065000 0 0
1484575417.020350000 0 0
1484575417.023689000 0 0
1484575417.209745000 0 0
1484575417.370437000 0 0
1484575417.208513000 0 0
1484575417.374670000 0 0
1484575417.385156000 0 0
1484575417.387403000 0 0
1484575417.389174000 0 0
1484575417.399157000 0 0
1484575417.398247000 0 0
1484575417.425675000 0 0
1484575417.408242000 0 0
1484575417.447585000 0 0
1484575417.455813000 0 0
1484575417.465955000 0 0
1484575417.478515000 0 0
1484575417.494433000 0 0
1484575417.525037000 0 0
1484575417.525189000 0 0
1484575417.529575000 0 0
1484575417.537157000 0 0
1484575417.571646000 0 0
1484575417.591118000 0 0
1484575417.625344000 0 0
1484575417.645177000 0 0
1484575417.674805000 0 0
1484575417.707445000 0 0
1484575417.727043000 0 0
1484575417.767572000 0 0
1484575417.823188000 0 0
1484575417.844146000 0 0
1484575417.861698000 0 0
1484575417.865920000 0 0
1484575417.875615000 0 0
1484575417.880020000 0 0
1484575417.941870000 0 0
1484575417.958523000 0 0
1484575417.494018000 0 0
1484575417.982249000 0 0
1484575417.996574000 0 0
1484575418.007493000 0 0
1484575418.009812000 0 0
1484575418.012568000 0 0
1484575418.015165000 0 0
1484575418.098948000 0 0
1484575418.128347000 0 0
1484575418.148898000 0 0
1484575418.157461000 0 0
1484575418.170848000 0 0
1484575418.186091000 0 0
1484575418.203627000 0 0
1484575418.222542000 0 0
1484575418.243112000 0 0
1484575418.262931000 0 0
1484575418.292493000 0 0
1484575418.312485000 0 0
1484575418.321633000 0 0
1484575418.330052000 0 0
1484575418.341539000 0 0
1484575418.356930000 0 0
1484575418.366548000 0 0
1484575418.375144000 0 0
1484575418.388936000 0 0
1484575418.400996000 0 0
1484575418.419141000 0 0
1484575418.440074000 0 0
1484575417.401526000 0 0
1484575418.451214000 0 0
1484575418.477531000 0 0
1484575418.502923000 0 0
1484575418.532555000 0 0
1484575418.547945000 0 0
1484575418.565162000 0 0
1484575418.573781000 0 0
1484575418.615621000 0 0
1484575418.636670000 0 0
1484575418.665030000 0 0
1484575418.681968000 0 0
1484575418.700430000 0 0
1484575418.717763000 0 0
1484575418.725743000 0 0
1484575418.738108000 0 0
1484575418.741425000 0 0
1484575418.741748000 4286 0
1484575418.747205000 0 0
1484575418.764098000 0 0
1484575418.783408000 0 0
1484575418.797727000 0 0
1484575418.810299000 0 0
1484575418.819791000 0 0
1484575418.838372000 0 0
1484575418.850073000 0 0
1484575418.866499000 0 0
1484575418.873982000 0 0
1484575418.452284000 0 0
1484575418.883798000 0 0
1484575418.900252000 0 0
1484575418.910771000 0 0
1484575418.936821000 0 0
1484575418.946876000 0 0
1484575418.955496000 0 0
1484575418.963316000 0 0
1484575418.971799000 0 0
1484575418.884444000 0 0
1484575418.985743000 0 0
1484575418.997038000 0 0
1484575419.008286000 0 0
1484575419.016236000 0 0
1484575419.026214000 0 0
1484575419.039107000 0 0
1484575419.053754000 0 0
1484575419.061166000 0 0
1484575419.068677000 0 0
1484575419.079205000 0 0
1484575419.102405000 0 0
1484575419.109932000 0 0
1484575419.117891000 0 0
1484575419.125489000 0 0
1484575419.133150000 0 0
1484575419.140669000 0 0
1484575418.986838000 0 0
1484575419.156276000 0 0
1484575419.164463000 0 0
1484575419.179994000 0 0
1484575419.188831000 0 0
1484575419.197310000 0 0
1484575419.208631000 0 0
1484575419.218620000 0 0
1484575419.227354000 0 0
1484575419.246731000 0 0
1484575419.259676000 0 0
1484575419.278249000 0 0
1484575419.286678000 0 0
1484575419.296072000 0 0
1484575419.307158000 0 0
1484575419.315495000 0 0
1484575419.329379000 0 0
1484575415.770195000 0 0
1484575419.347415000 0 0
1484575419.355601000 0 0
1484575419.370802000 0 0
1484575419.379631000 0 0
1484575419.391887000 0 0
1484575419.401425000 0 0
1484575419.411358000 0 0
1484575419.419415000 0 0
1484575419.427709000 0 0
1484575419.437376000 0 0
1484575419.445962000 0 0
1484575419.455032000 0 0
1484575419.464128000 0 0
1484575419.485891000 0 0
1484575419.494360000 0 0
1484575419.511875000 0 0
1484575419.525192000 0 0
1484575419.538466000 0 0
1484575419.554265000 0 0
1484575419.570828000 0 0
1484575419.586457000 0 0
1484575419.598960000 0 0
1484575419.618995000 0 0
1484575419.627217000 0 0
1484575419.640679000 0 0
1484575419.662933000 0 0
1484575419.680416000 0 0
1484575419.695563000 0 0
1484575419.703211000 0 0
1484575419.722411000 0 0
1484575419.744318000 0 0
1484575419.756494000 0 0
1484575419.772372000 0 0
1484575419.787295000 0 0
1484575419.805364000 0 0
1484575419.823911000 0 0
1484575419.837828000 0 0
1484575420.034467000 0 0
1484575420.050965000 0 0
1484575420.073217000 0 0
1484575420.089764000 0 0
1484575420.120613000 0 0
1484575420.151694000 0 0
1484575420.181776000 0 0
1484575420.200770000 0 0
1484575420.218455000 0 0
1484575420.238457000 0 0
1484575420.259307000 0 0
1484575420.290592000 0 0
1484575420.304696000 0 0
1484575420.331041000 0 0
1484575420.349268000 0 0
1484575420.363549000 0 0
1484575420.373722000 0 0
1484575420.389649000 0 0
1484575420.403324000 0 0
1484575420.416374000 0 0
1484575420.485003000 0 0
1484575420.500703000 0 0
1484575420.514392000 0 0
1484575420.524502000 0 0
1484575420.538979000 0 0
1484575420.547274000 0 0
1484575420.566802000 0 0
1484575420.575554000 0 0
1484575420.591195000 0 0
1484575420.617310000 0 0
1484575420.643012000 0 0
1484575420.661316000 0 0
1484575420.703154000 0 0
1484575420.731230000 0 0
1484575420.851789000 0 0
1484575420.869655000 0 0
1484575420.883052000 0 0
1484575420.897918000 0 0
1484575420.906827000 0 0
1484575420.920133000 0 0
1484575420.932633000 0 0
1484575420.951018000 0 0
1484575420.973857000 0 0
1484575420.998437000 0 0
1484575421.018764000 0 0
1484575421.043615000 0 0
1484575421.056967000 0 0
1484575421.074867000 0 0
1484575421.097267000 0 0
1484575421.105069000 0 0
1484575421.192438000 0 0
1484575421.218744000 0 0
1484575421.335353000 0 0
1484575421.351559000 0 0
1484575421.369842000 0 0
1484575421.400195000 0 0
1484575421.419182000 0 0
1484575421.435514000 0 0
1484575421.455174000 0 0
1484575421.474856000 0 0
1484575421.488072000 0 0
1484575421.507138000 0 0
1484575421.530779000 0 0
1484575421.553493000 0 0
1484575421.563914000 0 0
1484575421.580391000 0 0
1484575421.597793000 0 0
1484575421.614341000 0 0
1484575421.624271000 0 0
1484575421.637822000 0 0
1484575421.652237000 0 0
1484575415.810605000 0 0
1484575415.769293000 0 0
1484575415.974103000 607 0
1484575415.976238000 0 0
1484575415.998130000 682 0
1484575416.000172000 0 0
1484575416.011895000 577 0
1484575416.013940000 0 0
1484575416.029006000 625 0
1484575416.030992000 0 0
1484575416.046138000 585 0
1484575416.049440000 0 0
1484575416.090807000 523 0
1484575416.094012000 0 0
1484575416.106421000 739 0
1484575416.108865000 0 0
1484575416.123237000 637 0
1484575416.125589000 0 0
1484575416.149779000 772 0
1484575416.152201000 0 0
1484575416.159446000 769 0
1484575416.161886000 0 0
1484575416.178772000 766 0
1484575416.181251000 0 0
1484575416.202547000 742 0
1484575416.205005000 0 0
1484575416.212334000 405 0
1484575416.214351000 0 0
1484575416.225857000 571 0
1484575416.228996000 0 0
1484575416.330719000 706 0
1484575416.333156000 0 0
1484575416.340551000 682 0
1484575416.342586000 0 0
1484575416.349974000 670 0
1484575416.352039000 0 0
1484575416.365671000 646 0
1484575416.367686000 0 0
1484575416.374855000 703 0
1484575416.376864000 0 0
1484575416.383773000 682 0
1484575416.385767000 0 0
1484575416.408628000 1082 0
1484575416.411201000 0 0
1484575416.425925000 950 0
1484575416.429037000 0 0
1484575416.437148000 640 0
1484575416.439766000 0 0
1484575416.456614000 270 0
1484575416.459258000 0 0
1484575416.475796000 201 0
1484575416.478444000 0 0
1484575416.532919000 982 0
1484575416.535368000 0 0
1484575416.543245000 1168 0
1484575416.546171000 0 0
1484575416.576044000 220 0
1484575416.578686000 0 0
1484575416.631074000 199 0
1484575416.633484000 0 0
1484575416.669005000 1303 0
1484575416.671408000 0 0
1484575416.681083000 865 0
1484575416.683885000 0 0
1484575416.704183000 476 0
1484575416.706508000 0 0
1484575416.725275000 229 0
1484575416.727927000 0 0
1484575416.740983000 190 0
1484575416.743108000 0 0
1484575416.766525000 272 0
1484575416.769222000 0 0
1484575416.796263000 188 0
1484575416.798322000 0 0
1484575416.814798000 211 0
1484575416.817173000 0 0
1484575416.869803000 249 0
1484575416.872462000 0 0
1484575416.885779000 198 0
1484575416.887757000 0 0
1484575416.902601000 226 0
1484575416.905649000 0 0
1484575416.928929000 260 0
1484575416.936353000 0 0
1484575416.957818000 257 0
1484575416.960717000 0 0
1484575416.968241000 246 0
1484575416.980344000 0 0
1484575416.991797000 4092 0
1484575416.995111000 0 0
1484575417.013653000 188 0
1484575417.015596000 0 0
1484575417.027497000 258 0
1484575417.207879000 0 0
1484575417.378202000 612 0
1484575417.383886000 0 0
1484575417.391641000 272 0
1484575417.397757000 0 0
1484575417.407908000 262 0
1484575417.419139000 0 0
1484575417.451806000 262 0
1484575417.453483000 0 0
1484575417.475624000 270 0
1484575417.477326000 0 0
1484575417.520718000 270 0
1484575417.522499000 0 0
1484575417.550461000 264 0
1484575417.559572000 0 0
1484575417.600797000 261 0
1484575417.605325000 0 0
1484575417.665617000 258 0
1484575417.673486000 0 0
1484575417.722593000 228 0
1484575417.725138000 0 0
1484575417.796432000 250 0
1484575417.811521000 0 0
1484575417.937521000 248 0
1484575417.940072000 0 0
1484575417.884892000 402 0
1484575417.940515000 0 0
1484575417.944178000 446 0
1484575417.946595000 0 0
1484575417.986758000 249 0
1484575417.988792000 0 0
1484575417.531766000 300 0
1484575417.534470000 0 0
1484575418.114873000 274 0
1484575418.116995000 0 0
1484575418.153793000 178 0
1484575418.155846000 0 0
1484575418.181550000 248 0
1484575418.184267000 0 0
1484575418.217784000 242 0
1484575418.220853000 0 0
1484575418.259118000 433 0
1484575418.261538000 0 0
1484575418.305270000 3058 0
1484575418.308518000 0 0
1484575418.326239000 137 0
1484575418.328659000 0 0
1484575418.353659000 173 0
1484575418.355639000 0 0
1484575418.371915000 335 0
1484575418.373837000 0 0
1484575418.397796000 335 0
1484575418.399659000 0 0
1484575418.423680000 165 0
1484575418.432282000 0 0
1484575418.468492000 272 0
1484575418.475934000 0 0
1484575418.516316000 188 0
1484575418.518876000 0 0
1484575418.561151000 180 0
1484575418.563595000 0 0
1484575418.599709000 241 0
1484575418.602864000 0 0
1484575418.654221000 845 0
1484575418.659189000 0 0
1484575418.696687000 262 0
1484575418.698925000 0 0
1484575418.722362000 392 0
1484575418.724262000 0 0
1484575418.757872000 424 0
1484575418.760107000 0 0
1484575418.794379000 261 0
1484575418.796425000 0 0
1484575418.816612000 261 0
1484575418.818421000 0 0
1484575418.846765000 261 0
1484575418.848723000 0 0
1484575418.870649000 442 0
1484575418.872589000 0 0
1484575418.896367000 261 0
1484575418.898787000 0 0
1484575418.932800000 261 0
1484575418.935305000 0 0
1484575418.951346000 402 0
1484575418.953808000 0 0
1484575418.968525000 297 0
1484575418.970495000 0 0
1484575418.994018000 392 0
1484575418.995694000 0 0
1484575419.012904000 424 0
1484575419.014859000 0 0
1484575419.035845000 261 0
1484575419.037772000 0 0
1484575419.057834000 197 0
1484575419.059759000 0 0
1484575419.075370000 267 0
1484575419.077852000 0 0
1484575419.106661000 232 0
1484575419.108597000 0 0
1484575419.122175000 266 0
1484575419.124115000 0 0
1484575419.137330000 293 0
1484575419.139257000 0 0
1484575419.160471000 222 0
1484575419.162495000 0 0
1484575419.176528000 224 0
1484575419.178571000 0 0
1484575419.185408000 255 0
1484575419.187338000 0 0
1484575419.193590000 727 0
1484575419.195754000 0 0
1484575419.204868000 1030 0
1484575419.207149000 0 0
1484575419.213263000 620 0
1484575419.216030000 0 0
1484575419.224024000 352 0
1484575419.225846000 0 0
1484575419.235954000 348 0
1484575419.241301000 0 0
1484575419.255053000 307 0
1484575419.258332000 0 0
1484575419.273592000 721 0
1484575419.276736000 0 0
1484575419.282859000 508 0
1484575419.285239000 0 0
1484575419.291717000 530 0
1484575419.294503000 0 0
1484575419.301610000 1240 0
1484575419.305321000 0 0
1484575419.311942000 210 0
1484575419.314232000 0 0
1484575419.325136000 487 0
1484575419.327538000 0 0
1484575419.342909000 1004 0
1484575419.345929000 0 0
1484575419.352110000 245 0
1484575419.354362000 0 0
1484575419.366919000 276 0
1484575419.369562000 0 0
1484575419.376071000 238 0
1484575419.378200000 0 0
1484575419.388041000 342 0
1484575419.390350000 0 0
1484575419.396941000 235 0
1484575419.399341000 0 0
1484575419.407175000 1182 0
1484575419.409936000 0 0
1484575419.415819000 168 0
1484575419.418042000 0 0
1484575419.424178000 162 0
1484575419.426407000 0 0
1484575419.433085000 974 0
1484575419.435826000 0 0
1484575419.442257000 534 0
1484575419.444583000 0 0
1484575419.451150000 786 0
1484575419.453589000 0 0
1484575419.460519000 180 0
1484575419.462603000 0 0
1484575419.481177000 1144 0
1484575419.484353000 0 0
1484575419.490394000 170 0
1484575419.492818000 0 0
1484575419.504391000 3421 0
1484575419.507558000 0 0
1484575419.517574000 2651 0
1484575419.520805000 0 0
1484575419.530711000 2213 0
1484575419.533680000 0 0
1484575419.550079000 238 0
1484575419.552605000 0 0
1484575419.567010000 236 0
1484575419.569390000 0 0
1484575419.582925000 217 0
1484575419.585042000 0 0
1484575419.594750000 231 0
1484575419.596838000 0 0
1484575419.614814000 244 0
1484575419.617428000 0 0
1484575419.623532000 215 0
1484575419.625773000 0 0
1484575419.637241000 213 0
1484575419.639235000 0 0
1484575419.653750000 267 0
1484575419.656347000 0 0
1484575419.676967000 230 0
1484575419.679031000 0 0
1484575419.691610000 202 0
1484575419.694155000 0 0
1484575419.699849000 220 0
1484575419.701824000 0 0
1484575419.718236000 176 0
1484575419.720806000 0 0
1484575419.730677000 186 0
1484575419.733165000 0 0
1484575419.753054000 306 0
1484575419.755076000 0 0
1484575419.768330000 214 0
1484575419.770717000 0 0
1484575419.783567000 207 0
1484575419.785920000 0 0
1484575419.801890000 193 0
1484575419.803931000 0 0
1484575419.820416000 126 0
1484575419.822504000 0 0
1484575419.834233000 209 0
1484575419.836201000 0 0
1484575420.029261000 228 0
1484575420.032828000 0 0
1484575420.046918000 267 0
1484575420.049383000 0 0
1484575420.069039000 263 0
1484575420.071644000 0 0
1484575420.085852000 192 0
1484575420.088184000 0 0
1484575420.100739000 317 0
1484575420.102917000 0 0
1484575420.129819000 292 0
1484575420.132308000 0 0
1484575420.166456000 129 0
1484575420.169537000 0 0
1484575420.197230000 183 0
1484575420.199229000 0 0
1484575420.207318000 2750 0
1484575420.210656000 0 0
1484575420.234551000 198 0
1484575420.236968000 0 0
1484575420.255301000 214 0
1484575420.257748000 0 0
1484575420.273889000 197 0
1484575420.276316000 0 0
1484575420.299363000 254 0
1484575420.302379000 0 0
1484575420.315658000 226 0
1484575420.318017000 0 0
1484575420.344265000 302 0
1484575420.346803000 0 0
1484575420.359762000 168 0
1484575420.362041000 0 0
1484575420.368994000 311 0
1484575420.372245000 0 0
1484575420.385731000 198 0
1484575420.388183000 0 0
1484575420.399877000 216 0
1484575420.401954000 0 0
1484575420.407963000 211 0
1484575420.409838000 0 0
1484575420.480568000 166 0
1484575420.483391000 0 0
1484575420.495970000 229 0
1484575420.499072000 0 0
1484575420.510256000 220 0
1484575420.512846000 0 0
1484575420.519714000 1163 0
1484575420.522834000 0 0
1484575420.535121000 211 0
1484575420.537459000 0 0
1484575420.543584000 199 0
1484575420.545879000 0 0
1484575420.562817000 277 0
1484575420.565306000 0 0
1484575420.572058000 248 0
1484575420.573985000 0 0
1484575420.586327000 245 0
1484575420.589196000 0 0
1484575420.613762000 207 0
1484575420.615862000 0 0
1484575420.623125000 207 0
1484575420.625080000 0 0
1484575420.657050000 273 0
1484575420.659375000 0 0
1484575420.699000000 186 0
1484575420.701519000 0 0
1484575420.727391000 246 0
1484575420.729764000 0 0
1484575420.847034000 218 0
1484575420.849854000 0 0
1484575420.861119000 5869 0
1484575420.864839000 0 0
1484575420.878974000 546 0
1484575420.881330000 0 0
1484575420.894458000 170 0
1484575420.896442000 0 0
1484575420.903211000 343 0
1484575420.905289000 0 0
1484575420.916285000 205 0
1484575420.918676000 0 0
1484575420.928943000 197 0
1484575420.931257000 0 0
1484575420.947351000 248 0
1484575420.949478000 0 0
1484575420.965523000 4327 0
1484575420.969126000 0 0
1484575420.981476000 3174 0
1484575420.984502000 0 0
1484575421.014577000 141 0
1484575421.016861000 0 0
1484575421.039684000 269 0
1484575421.041967000 0 0
1484575421.052997000 281 0
1484575421.055050000 0 0
1484575421.071009000 260 0
1484575421.073363000 0 0
1484575421.093612000 217 0
1484575421.095536000 0 0
1484575421.101445000 267 0
1484575421.103398000 0 0
1484575421.187940000 267 0
1484575421.190667000 0 0
1484575421.203429000 209 0
1484575421.205898000 0 0
1484575421.331137000 186 0
1484575421.333777000 0 0
1484575421.347891000 177 0
1484575421.349917000 0 0
1484575421.366237000 175 0
1484575421.368368000 0 0
1484575421.383410000 224 0
1484575421.385922000 0 0
1484575421.415117000 288 0
1484575421.417643000 0 0
1484575421.431571000 184 0
1484575421.434052000 0 0
1484575421.451231000 170 0
1484575421.453708000 0 0
1484575421.469797000 232 0
1484575421.472758000 0 0
1484575421.484253000 210 0
1484575421.486645000 0 0
1484575421.503217000 217 0
1484575421.505586000 0 0
1484575421.526141000 144 0
1484575421.528609000 0 0
1484575421.545074000 4178 0
1484575421.548664000 0 0
1484575421.559294000 156 0
1484575421.562223000 0 0
1484575421.576297000 156 0
1484575421.578772000 0 0
1484575421.593220000 803 0
1484575421.595735000 0 0
1484575421.609517000 264 0
1484575421.612234000 0 0
1484575421.619299000 740 0
1484575421.622666000 0 0
1484575421.633509000 186 0
1484575421.635868000 0 0
1484575421.648761000 238 0
1484575421.650817000 0 0
1484575421.667828000 369 0
1484575421.670156000 0 0
1484575417.443421000 255 0
1484575417.446269000 0 0
1484575417.463014000 205 0
1484575417.464673000 0 0
1484575417.490174000 249 0
1484575417.492991000 0 0
1484575417.531933000 241 0
1484575417.534944000 0 0
1484575417.584458000 268 0
1484575417.589613000 0 0
1484575417.638837000 206 0
1484575417.643237000 0 0
1484575417.694081000 206 0
1484575417.702849000 0 0
1484575417.754490000 206 0
1484575417.765807000 0 0
1484575417.840709000 196 0
1484575417.842825000 0 0
1484575417.978093000 189 0
1484575417.980679000 0 0
1484575418.093832000 269 0
1484575418.097392000 0 0
1484575418.144476000 205 0
1484575418.146961000 0 0
1484575418.166832000 251 0
1484575418.169304000 0 0
1484575418.199985000 247 0
1484575418.202080000 0 0
1484575418.233948000 430 0
1484575418.240299000 0 0
1484575418.288626000 243 0
1484575418.291053000 0 0
1484575418.317930000 509 0
1484575418.320398000 0 0
1484575418.335013000 2333 0
1484575418.338892000 0 0
1484575418.362912000 322 0
1484575418.364810000 0 0
1484575418.382282000 387 0
1484575418.384303000 0 0
1484575418.408910000 460 0
1484575418.411647000 0 0
1484575418.445357000 290 0
1484575418.449671000 0 0
1484575418.489668000 758 0
1484575418.492511000 0 0
1484575418.544409000 164 0
1484575418.546367000 0 0
1484575418.570257000 169 0
1484575418.572272000 0 0
1484575418.630825000 224 0
1484575418.635041000 0 0
1484575418.676038000 233 0
1484575418.680382000 0 0
1484575418.714349000 188 0
1484575418.716324000 0 0
1484575418.734482000 213 0
1484575418.736212000 0 0
1484575418.778357000 166 0
1484575418.781235000 0 0
1484575418.807233000 203 0
1484575418.809070000 0 0
1484575418.834993000 222 0
1484575418.836874000 0 0
1484575418.863190000 191 0
1484575418.865139000 0 0
1484575418.880529000 194 0
1484575418.882456000 0 0
1484575418.907361000 312 0
1484575418.909306000 0 0
1484575418.942010000 910 0
1484575418.945075000 0 0
1484575418.959565000 368 0
1484575418.961890000 0 0
1484575418.982408000 307 0
1484575418.984347000 0 0
1484575419.005025000 347 0
1484575419.006954000 0 0
1484575419.022925000 261 0
1484575419.024883000 0 0
1484575419.050473000 277 0
1484575419.052404000 0 0
1484575419.065363000 362 0
1484575419.067307000 0 0
1484575419.094649000 347 0
1484575419.096547000 0 0
1484575419.114309000 395 0
1484575419.116282000 0 0
1484575419.129752000 261 0
1484575419.131797000 0 0
1484575419.152546000 271 0
1484575419.154582000 0 0
1484575417.993341000 0 0
1484575417.677799000 0 0
1484576171.233708000 0 0
1484576171.239453000 0 0
1484576171.289102000 0 0
1484576171.293028000 0 0
1484576171.302622000 0 0
1484576171.305638000 0 0
1484576171.314771000 0 0
1484576171.350225000 0 0
1484576178.441167000 0 0
1484576178.510666000 0 1243
1484576178.533730000 0 0
1484576178.533992000 0 0
1484576178.546462000 0 0
1484576178.548835000 0 0
1484576178.551280000 0 0
1484576178.586483000 1243 0
1484576178.593271000 1243 0
1484576178.606122000 1243 0
1484576178.611434000 1243 0
1484576171.243737000 522 0
1484576171.245921000 0 0
1484576171.252090000 0 0
1484576178.439751000 0 0
1484576178.540489000 348 0
1484576178.631074000 0 1243
1484576178.641795000 0 0
1484576178.627046000 0 174
1484576178.642416000 0 0
1484576178.648762000 0 0
1484576178.644999000 0 0
1484576171.313332000 0 0
1484576178.658130000 0 0
1484576181.524473000 0 0
1484576181.525874000 0 0
1484576183.521885000 0 0
1484576183.523238000 0 0
1484576171.310143000 446 0
1484576178.647204000 0 0
1484576178.651296000 174 0
1484576178.657806000 174 0
1484576178.653675000 23552 0
1484576178.676043000 0 0
1484576177.870447000 0 0
1484576284.933515000 0 0
1484576284.937281000 174 0
1484576284.954018000 0 0
1484576234.092893000 0 0
1484576386.023227000 0 0
1484576424.270440000 0 0
1484576424.299263000 0 0
1484576424.303525000 0 0
1484576424.313418000 0 0
1484576424.316766000 0 0
1484576424.335441000 0 0
1484576424.330509000 0 0
1484576424.384932000 0 0
1484576424.399647000 0 0
1484576424.412178000 0 0
1484576424.423960000 0 0
1484576424.445357000 0 0
1484576426.109213000 0 0
1484576426.140097000 0 0
1484576426.152467000 0 0
1484576426.165639000 0 0
1484576426.176812000 0 0
1484576427.954617000 0 0
1484576427.957275000 0 0
1484576427.960024000 0 0
1484576427.962561000 0 0
1484576424.321549000 402 0
1484576424.324796000 0 0
1484576424.349565000 80 0
1484576424.352466000 0 0
1484576424.404342000 141 0
1484576424.407036000 0 0
1484576424.416578000 241 0
1484576424.419157000 0 0
1484576424.428347000 188 0
1484576424.440397000 0 0
1484576424.450231000 245 0
1484576424.453274000 0 0
1484576424.390074000 201 0
1484576424.392908000 0 0
1484576426.144254000 312 0
1484576426.147492000 0 0
1484576426.156838000 910 0
1484576426.159765000 0 0
1484576426.169531000 368 0
1484576426.171950000 0 0
1484576426.180502000 307 0
1484576426.182496000 0 0
1484576505.456220000 0 0
1484576505.471982000 0 0
1484576505.488140000 0 0
1484576505.504205000 0 0
1484576505.594064000 0 0
1484576505.935365000 0 0
1484575418.301379000 0 0
1484576509.644745000 0 0
1484576521.076152000 0 0
1484576521.030388000 0 0
1484576505.459351000 312 0
1484576505.474502000 910 0
1484576505.490659000 368 0
1484576505.596804000 141 0
1484576505.940338000 201 0
1484576505.506854000 307 0
1484576404.320687000 0 0
1484576540.749318000 0 0
1484576541.277715000 0 0
1484576541.779804000 0 0
1484576541.777536000 0 0
1484576541.918670000 0 0
1484576541.923869000 0 0
1484576541.933523000 0 0
1484576541.939250000 0 0
1484576541.985216000 0 0
1484576541.987672000 0 0
1484576541.989671000 0 0
1484576541.992393000 0 0
1484576541.994829000 0 0
1484576542.011083000 0 0
1484576542.106140000 0 0
1484576541.944672000 0 0
1484576542.110550000 0 0
1484576542.112902000 0 0
1484576542.213506000 0 0
1484576542.211402000 0 0
1484576542.225195000 0 0
1484576542.227751000 0 0
1484576542.285914000 0 0
1484576542.300132000 0 0
1484576542.321952000 0 0
1484576542.317883000 0 0
1484576542.322671000 0 0
1484576542.337188000 0 0
1484576542.351506000 0 0
1484576542.349877000 0 0
1484576542.532487000 0 0
1484576542.536483000 0 0
1484576542.526989000 0 0
1484576542.512054000 0 0
1484576542.549199000 0 0
1484576542.592154000 0 0
1484576542.595349000 0 0
1484576542.600687000 0 0
1484576542.639923000 0 0
1484576542.321192000 0 0
1484576542.675198000 0 0
1484576542.673050000 0 0
1484576542.680548000 0 0
1484576542.688099000 0 0
1484576542.684859000 0 0
1484576542.763838000 0 0
1484576542.767919000 0 0
1484576542.781172000 0 0
1484576542.766391000 0 0
1484576542.810519000 0 0
1484576542.818477000 0 0
1484576542.828046000 0 0
1484576542.832280000 0 0
1484576542.846554000 0 0
1484576542.857996000 0 0
1484576542.860402000 0 0
1484576542.862977000 0 0
1484576542.869172000 0 0
1484576543.619100000 0 0
1484576543.620368000 0 0
1484576543.681833000 0 0
1484576543.689060000 0 0
1484576542.031684000 155672 0
1484576542.041303000 2048 0
1484576542.049284000 56832 0
1484576541.941725000 892 0
1484576543.684487000 23552 0
1484576543.706615000 0 0
1484576632.960330000 0 0
1484576632.980658000 0 0
1484576632.983137000 0 0
1484576632.985512000 0 0
1484576542.043729000 16384 17408
1484576633.001516000 0 0
1484576632.967220000 0 56832
1484576633.008485000 8192 0
1484576633.019520000 0 0
1484576632.990896000 16384 0
1484576633.034143000 0 0
1484576633.000458000 0 0
1484576633.037086000 0 0
1484576633.041470000 0 0
1484576633.014056000 0 0
1484576633.218826000 0 0
1484576633.245574000 0 0
1484576633.259926000 0 0
1484576633.262845000 0 0
1484576633.266430000 0 0
1484576633.268581000 0 0
1484576633.264451000 0 0
1484576633.279431000 0 0
1484576633.281746000 0 0
1484576633.293568000 0 0
1484576633.300532000 0 0
1484576633.267290000 0 0
1484576633.362748000 0 0
1484576633.359150000 0 0
1484576633.394419000 0 0
1484576633.398630000 0 0
1484576633.396619000 0 0
1484576541.782647000 0 0
1484576633.361100000 0 0
1484576633.976000000 0 0
1484576633.973363000 0 0
1484576634.024975000 0 0
1484576635.972234000 0 0
1484576635.971119000 0 0
1484576637.996480000 0 0
1484576637.995333000 0 0
1484576640.287099000 0 0
1484576640.310746000 0 0
1484576640.326792000 0 0
1484576640.350747000 0 0
1484576643.169666000 0 0
1484576643.190820000 0 0
1484576643.203253000 0 0
1484576643.212465000 0 0
1484576643.223553000 0 0
1484576643.233409000 0 0
1484576643.244788000 0 0
1484576643.255047000 0 0
1484576643.265571000 0 0
1484576633.046339000 75312 0
1484576633.055668000 2048 0
1484576633.063118000 2048 0
1484576633.265112000 446 0
1484576634.029131000 11776 0
1484576634.033356000 0 0
1484576644.972218000 0 0
1484576644.976409000 0 0
1484576644.984779000 0 0
1484576644.988203000 0 0
1484576644.997628000 0 0
1484576645.001722000 0 0
1484576643.198229000 0 0
1484576643.207664000 0 0
1484576644.993081000 402 0
1484576643.218028000 0 0
1484576643.240317000 0 0
1484576643.249142000 0 0
1484576643.258939000 184 0
1484576643.260904000 0 0
1484576643.269399000 170 0
1484576643.271338000 0 0
1484576643.225851000 175 0
1484576640.353362000 307 0
1484576640.331047000 368 0
1484576640.313477000 910 0
1484576640.290730000 312 0
1484576643.205634000 186 0
1484576644.996090000 0 0
1484576643.195412000 232 0
1484576643.216071000 177 0
1484576643.247140000 288 0
1484576643.237748000 224 0
1484576643.227849000 0 0
1484576696.126226000 0 0
1484576696.150109000 0 0
1484576696.438572000 0 0
1484576696.701932000 0 0
1484576698.798437000 0 0
1484576698.813826000 0 0
1484576698.830012000 0 0
1484576698.877913000 0 0
1484576699.750305000 0 0
1484576699.781894000 0 0
1484576699.821979000 0 0
1484576699.854219000 0 0
1484576699.910255000 0 0
1484576702.472964000 0 0
1484576702.487154000 0 0
1484576702.498599000 0 0
1484576702.507497000 0 0
1484576702.516949000 0 0
1484576702.546560000 0 0
1484576702.556795000 0 0
1484576702.566212000 0 0
1484576702.575509000 0 0
1484576702.585743000 0 0
1484576702.595123000 0 0
1484576702.604680000 0 0
1484576702.632917000 0 0
1484576705.511277000 0 0
1484576705.520447000 0 0
1484576705.531208000 0 0
1484576523.862200000 0 0
1484576711.992574000 0 0
1484576711.995716000 0 151518
1484576712.016021000 0 0
1484576712.016953000 0 0
1484576712.027184000 4096 0
1484576712.033230000 262144 0
1484576712.059170000 4096 0
1484576712.065511000 262144 0
1484576705.535393000 621 0
1484576705.537475000 0 0
1484576711.991052000 0 0
1484576712.020574000 414 0
1484576712.101921000 0 151518
1484576712.124216000 0 0
1484576712.097142000 0 207
1484576712.124982000 0 0
1484576702.637853000 3174 0
1484576702.493869000 0 0
1484576702.503166000 0 0
1484576702.513081000 0 0
1484576702.525057000 0 0
1484576702.553151000 0 0
1484576702.563065000 0 0
1484576702.572000000 0 0
1484576702.579838000 205 0
1484576702.581543000 0 0
1484576702.589791000 197 0
1484576702.591775000 0 0
1484576702.599155000 248 0
1484576702.601082000 0 0
1484576702.609639000 4327 0
1484576702.612593000 0 0
1484576705.526435000 0 0
1484576696.441353000 175 0
1484576696.152486000 177 0
1484576696.704409000 186 0
1484576696.128827000 232 0
1484576698.880488000 307 0
1484576698.832368000 368 0
1484576698.816260000 910 0
1484576698.800851000 312 0
1484576699.912992000 245 0
1484576699.857490000 188 0
1484576712.129744000 0 0
1484576699.826653000 241 0
1484576699.784529000 141 0
1484576699.752849000 201 0
1484576702.640727000 0 0
1484576702.570146000 343 0
1484576702.561087000 170 0
1484576702.550678000 546 0
1484576702.521819000 5869 0
1484576702.511246000 218 0
1484576702.501041000 246 0
1484576702.491712000 186 0
1484576705.524351000 207 0
1484576808.313414000 0 0
1484576808.316439000 207 0
1484576808.319165000 0 0
1484576848.090146000 0 0
1484576894.412891000 0 0
1484576896.051642000 0 0
1484576896.782906000 0 0
1484576896.804886000 0 0
1484576896.817056000 0 0
1484576896.829378000 0 0
1484576896.841985000 0 0
1484576896.885418000 0 0
1484576896.895682000 0 0
1484576896.919719000 0 0
1484576896.928925000 0 0
1484576896.940045000 0 0
1484576896.949065000 0 0
1484576896.958171000 0 0
1484576896.967069000 0 0
1484576896.056572000 80 0
1484576896.933555000 865 0
1484576896.943868000 476 0
1484576896.953158000 229 0
1484576896.961796000 190 0
1484576896.969322000 272 0
1484576896.811929000 0 0
1484576896.836965000 0 0
1484576896.851169000 0 0
1484576896.891891000 0 0
1484576896.900316000 2282 0
1484576896.903226000 0 0
1484576896.923936000 1303 0
1484576896.926226000 0 0
1484576913.172439000 0 0
1484576896.822409000 1168 0
1484576894.415729000 207 0
1484576896.059722000 0 0
1484576896.936235000 0 0
1484576896.945701000 0 0
1484576896.955500000 0 0
1484576896.963560000 0 0
1484576896.971591000 0 0
1484576896.809186000 982 0
1484576922.579269000 0 0
1484576896.889567000 199 0
1484576896.847467000 7583 0
1484576896.834247000 220 0
1484576896.825717000 0 0
1484576926.500289000 0 0
1484576926.531530000 0 0
1484576926.555938000 0 0
1484576926.580218000 0 0
1484576926.603897000 0 0
1484576926.635873000 0 0
1484576926.659768000 0 0
1484576926.699916000 0 0
1484576926.740094000 0 0
1484576926.779884000 0 0
1484576926.843724000 0 0
1484576927.035510000 0 0
1484576931.681741000 0 0
1484576931.685153000 0 1150
1484576931.693694000 0 0
1484576931.700173000 0 0
1484576931.755331000 1150 0
1484576931.760539000 1150 0
1484576931.781488000 1150 0
1484576931.786344000 1150 0
1484576927.037940000 9522 0
1484576927.621626000 0 0
1484576931.680255000 0 0
1484576931.708007000 6348 0
1484576931.817736000 0 1150
1484576931.833707000 0 0
1484576931.813386000 0 3174
1484576931.834209000 0 0
1484576931.845787000 0 0
1484576931.843379000 0 0
1484576931.851396000 6348 0
1484576931.857810000 6348 0
1484576922.611853000 1168 0
1484576922.582079000 982 0
1484576926.502967000 186 0
1484576926.534258000 246 0
1484576926.558742000 218 0
1484576926.585681000 5869 0
1484576926.606547000 546 0
1484576926.640072000 170 0
1484576926.662449000 343 0
1484576926.702665000 205 0
1484576926.744314000 197 0
1484576926.782624000 248 0
1484576926.848841000 4327 0
1484577071.595175000 0 0
1484577071.609544000 0 0
1484577071.612836000 1150 0
1484577071.618922000 0 0
1484577071.601149000 3174 0
1484577071.604568000 0 0
1484577198.674278000 0 0
1484577199.505409000 0 0
1484577199.519793000 0 0
1484577199.531924000 0 0
1484577199.547707000 0 0
1484577199.567142000 0 0
1484577199.578830000 0 0
1484577199.589752000 0 0
1484577199.602083000 0 0
1484577199.612399000 0 0
1484577198.680687000 0 0
1484577199.605971000 248 0
1484577199.509570000 186 0
1484577199.522421000 246 0
1484577199.536132000 218 0
1484577199.553506000 5869 0
1484577199.570909000 170 0
1484577199.581288000 205 0
1484577199.593951000 197 0
1484577198.677168000 3174 0
1484577199.617491000 4327 0
1484577201.337908000 0 0
1484576645.049249000 0 0
1484577233.535250000 0 0
1484577244.275769000 0 0
1484577331.505868000 0 0
1484577255.088454000 0 0
1484577337.989587000 0 0
1484577345.286110000 0 0
1484577405.156966000 0 0
1484577437.944926000 0 0
1484577616.290375000 0 0
1484577665.608457000 0 0
1484577760.690666000 0 0
1484577761.820122000 0 0
1484577761.867636000 0 0
1484577761.906666000 0 0
1484577761.938857000 0 0
1484577761.963170000 0 0
1484577761.995026000 0 0
1484577762.026670000 0 0
1484577762.059834000 0 0
1484577762.091005000 0 0
1484577762.130803000 0 0
1484577762.179298000 0 0
1484577762.244605000 0 0
1484577770.179847000 0 0
1484577770.184056000 0 1364
1484577770.192126000 0 0
1484577770.193940000 0 0
1484577770.212735000 1364 0
1484577770.217563000 1364 0
1484577770.229211000 1364 0
1484577770.234082000 1364 0
1484577761.999773000 6846 0
1484577764.045745000 0 0
1484577770.178341000 0 0
1484577770.203496000 4564 0
1484577770.262216000 0 1364
1484577770.269622000 0 0
1484577770.254332000 0 2282
1484577770.270513000 0 0
1484577770.277803000 0 0
1484577760.693387000 80 0
1484577760.696285000 0 0
1484577770.275798000 0 0
1484577770.282230000 4564 0
1484577770.291301000 4564 0
1484577761.824212000 982 0
1484577761.872594000 1168 0
1484577761.910769000 220 0
1484577761.944070000 7583 0
1484577761.967111000 199 0
1484577762.249299000 272 0
1484577762.181772000 190 0
1484577762.133105000 229 0
1484577762.093636000 476 0
1484577762.062193000 865 0
1484577762.030877000 1303 0
1484577800.798293000 0 0
1484577800.801397000 2282 0
1484577800.808316000 0 0
1484577863.672281000 0 0
1484577863.693928000 0 0
1484577863.697679000 1364 0
1484577863.704371000 0 0
1484577356.290957000 0 0
1484577865.891480000 0 0
1484577863.675866000 2282 0
1484577863.682352000 0 0
1484578054.381600000 0 0
1484578055.192976000 0 0
1484578055.209295000 0 0
1484578055.240702000 0 0
1484578055.528015000 0 0
1484578055.624413000 0 0
1484578054.384255000 2282 0
1484578054.387764000 0 0
1484578055.212095000 7583 0
1484578075.027506000 0 0
1484577866.570078000 0 0
1484578076.959645000 0 0
1484578076.996696000 0 1150
1484578077.005129000 0 0
1484578077.008110000 0 0
1484578077.035831000 1150 0
1484578077.040888000 1150 0
1484578077.054972000 1150 0
1484578077.059775000 1150 0
1484578057.418429000 0 0
1484578075.029205000 22749 0
1484578076.958166000 0 0
1484578077.014817000 15166 0
1484578077.085609000 0 1150
1484578077.093752000 0 0
1484578077.080847000 0 7583
1484578077.094245000 0 0
1484578077.101943000 0 0
1484578055.244381000 199 0
1484578084.016304000 0 0
1484578055.196061000 220 0
1484578086.480897000 0 0
1484578086.495841000 0 0
1484578086.509978000 0 0
1484578086.527732000 0 0
1484578086.547371000 0 0
1484578086.560546000 0 0
1484578086.572983000 0 0
1484578086.585610000 0 0
1484578086.607588000 0 0
1484578086.647847000 0 0
1484578086.711769000 0 0
1484578086.903050000 0 0
1484578077.099833000 0 0
1484578077.107678000 128911 0
1484578077.114138000 121328 0
1484578084.021099000 80 0
1484578086.716606000 4327 0
1484578088.787752000 0 0
1484578055.530588000 2336 0
1484578055.627487000 1964 0
1484578084.024254000 0 0
1484578086.485416000 186 0
1484578086.500172000 246 0
1484578086.514124000 218 0
1484578086.532749000 5869 0
1484578086.550982000 546 0
1484578086.564769000 170 0
1484578086.576549000 343 0
1484578086.589225000 205 0
1484578086.611565000 197 0
1484578086.651700000 248 0
1484578086.905691000 3174 0
1484578411.821296000 0 0
1484578411.833415000 0 0
1484578411.846112000 0 0
1484578411.863046000 0 0
1484578411.883404000 0 0
1484578411.897375000 0 0
1484578411.912356000 0 0
1484578411.926809000 0 0
1484578411.938114000 0 0
1484578411.949058000 0 0
1484578411.963911000 0 0
1484578413.501323000 0 0
1484578411.941713000 197 0
1484578411.825545000 186 0
1484578411.835993000 246 0
1484578411.850026000 218 0
1484578411.868325000 5869 0
1484578411.887513000 546 0
1484578411.901157000 170 0
1484578411.916308000 343 0
1484578411.929198000 205 0
1484578413.506313000 3174 0
1484578411.966361000 4327 0
1484578411.952904000 248 0
1484578415.205930000 0 0
1484576424.349381000 0 0
1484578075.480247000 0 0
1484575417.607740000 0 0
1484578462.246178000 0 0
1484578462.254259000 0 0
1484578462.263977000 0 0
1484578462.271017000 0 0
1484578462.278023000 0 0
1484578462.285009000 0 0
1484578462.293447000 0 0
1484578462.303930000 0 0
1484578462.311252000 0 0
1484578462.297380000 2887 0
1484578462.299800000 0 0
1484578462.318279000 0 0
1484578462.354330000 0 0
1484578462.362176000 0 0
1484578462.369278000 0 0
1484578462.376213000 0 0
1484578462.383777000 0 0
1484578462.390952000 0 0
1484578462.400057000 0 0
1484578462.407058000 0 0
1484578462.413832000 0 0
1484578462.420807000 0 0
1484578462.428317000 0 0
1484578462.435616000 0 0
1484578462.441478000 0 0
1484578462.449366000 0 0
1484578462.457687000 0 0
1484578462.249910000 0 0
1484578462.464449000 0 0
1484578462.466714000 0 0
1484578462.467296000 0 0
1484578462.470122000 0 0
1484578462.465626000 0 0
1484578462.485698000 0 0
1484578462.485626000 0 0
1484578462.472744000 0 0
1484578462.508761000 0 0
1484578462.511196000 0 0
1484578462.511993000 0 0
1484578462.528435000 0 0
1484578462.535011000 0 0
1484578462.541190000 0 0
1484578462.547701000 0 0
1484578462.555400000 0 0
1484578462.561978000 0 0
1484578462.573148000 0 0
1484578462.579910000 0 0
1484578462.586443000 0 0
1484578462.593616000 0 0
1484578462.600995000 0 0
1484578462.607929000 0 0
1484578462.613628000 0 0
1484578462.620177000 0 0
1484578462.626270000 0 0
1484578462.633030000 0 0
1484578462.639887000 0 0
1484578462.646833000 0 0
1484578462.654473000 0 0
1484578462.661004000 0 0
1484578462.666322000 0 0
1484578462.672842000 0 0
1484578462.678503000 0 0
1484578462.685077000 0 0
1484578462.691519000 0 0
1484578462.514672000 0 0
1484578462.697956000 0 0
1484578462.716245000 0 0
1484578462.723025000 0 0
1484578462.730850000 0 0
1484578462.737617000 0 0
1484578462.744393000 0 0
1484578462.750962000 0 0
1484578462.758454000 0 0
1484578462.765079000 0 0
1484578462.772603000 0 0
1484578462.779235000 0 0
1484578462.786967000 0 0
1484578462.793788000 0 0
1484578462.807936000 0 0
1484578462.814750000 0 0
1484578462.825307000 0 0
1484578462.831868000 0 0
1484578462.838485000 0 0
1484578462.845269000 0 0
1484578462.851813000 0 0
1484578462.858658000 0 0
1484578462.865318000 0 0
1484578462.873550000 0 0
1484578462.881047000 0 0
1484578462.888032000 0 0
1484578462.895061000 0 0
1484578462.793505000 0 0
1484578462.901779000 0 0
1484578462.923073000 0 0
1484578462.930067000 0 0
1484578462.936989000 0 0
1484578462.945110000 0 0
1484578462.951998000 0 0
1484578462.958647000 0 0
1484578462.965524000 0 0
1484578462.973078000 0 0
1484578462.979839000 0 0
1484578462.988003000 0 0
1484578462.994705000 0 0
1484578463.001184000 0 0
1484578463.007824000 0 0
1484578463.014894000 0 0
1484578463.022120000 0 0
1484578463.030644000 0 0
1484578463.037703000 0 0
1484578463.044313000 0 0
1484578463.051070000 0 0
1484578463.058682000 0 0
1484578463.065366000 0 0
1484578463.071834000 0 0
1484578463.078521000 0 0
1484578463.085135000 0 0
1484578463.092632000 0 0
1484578462.902423000 0 0
1484578463.099322000 0 0
1484578463.115214000 0 0
1484578463.122924000 0 0
1484578463.129395000 0 0
1484578463.135889000 0 0
1484578463.145718000 0 0
1484578463.152275000 0 0
1484578463.159671000 0 0
1484578463.168321000 0 0
1484578463.175088000 0 0
1484578463.181733000 0 0
1484578463.188124000 0 0
1484578463.194553000 0 0
1484578463.200982000 0 0
1484578463.207411000 0 0
1484578463.213899000 0 0
1484578463.221890000 0 0
1484578463.229212000 0 0
1484578463.235704000 0 0
1484578463.243139000 0 0
1484578463.252629000 0 0
1484578463.259286000 0 0
1484578463.268731000 0 0
1484578463.276142000 0 0
1484578463.285334000 0 0
1484578463.099851000 0 0
1484578463.342912000 0 0
1484578463.349940000 0 0
1484578463.357027000 0 0
1484578463.365222000 0 0
1484578463.373401000 0 0
1484578463.287585000 0 0
1484578463.381419000 0 0
1484578463.401815000 0 0
1484578463.410316000 0 0
1484578463.418070000 0 0
1484578462.698619000 0 0
1484578463.425778000 0 0
1484578463.428870000 0 0
1484578463.438195000 0 0
1484578463.466651000 0 0
1484578463.476068000 0 0
1484578463.485124000 0 0
1484578463.492991000 0 0
1484578463.500977000 0 0
1484578463.509245000 0 0
1484578463.516909000 0 0
1484578463.524500000 0 0
1484578463.532617000 0 0
1484578463.540314000 0 0
1484578463.548197000 0 0
1484578463.555342000 0 0
1484578463.563844000 0 0
1484578463.571279000 0 0
1484578463.578236000 0 0
1484578463.585156000 0 0
1484578463.592152000 0 0
1484578463.600101000 0 0
1484578463.607315000 0 0
1484578463.614563000 0 0
1484578463.441555000 0 0
1484578463.621396000 0 0
1484578463.628244000 0 0
1484578463.635906000 0 0
1484578463.642780000 0 0
1484578463.649520000 0 0
1484578463.656242000 0 0
1484578463.635707000 0 0
1484578463.663112000 0 0
1484578463.669996000 0 0
1484578463.663698000 0 0
1484578463.676629000 0 0
1484578463.682720000 0 0
1484578463.688050000 0 0
1484578463.694793000 0 0
1484578463.700230000 0 0
1484578463.706813000 0 0
1484578463.713442000 0 0
1484578463.720080000 0 0
1484578463.728522000 0 0
1484578463.736106000 0 0
1484578463.742993000 0 0
1484578463.749662000 0 0
1484578463.756198000 0 0
1484578463.762751000 0 0
1484578463.770583000 0 0
1484578463.776062000 0 0
1484578463.782823000 0 0
1484578463.789308000 0 0
1484578463.796920000 0 0
1484578463.805386000 0 0
1484578463.812062000 0 0
1484578463.821500000 0 0
1484578463.677313000 0 0
1484578463.831286000 0 0
1484578463.839063000 0 0
1484578463.857298000 0 0
1484578463.865544000 0 0
1484578463.873082000 0 0
1484578463.880900000 0 0
1484578463.888502000 0 0
1484578463.880638000 0 0
1484578463.895866000 0 0
1484578463.904136000 0 0
1484578463.910900000 0 0
1484578463.918109000 0 0
1484578463.925178000 0 0
1484578463.931063000 0 0
1484578463.939073000 0 0
1484578463.838938000 0 0
1484578463.946997000 0 0
1484578463.950327000 0 0
1484578463.953530000 0 0
1484578463.963033000 0 0
1484578463.968635000 0 0
1484578463.977752000 0 0
1484578463.985137000 0 0
1484578464.004350000 0 0
1484578464.014370000 0 0
1484578464.021419000 0 0
1484578463.966217000 0 0
1484578464.029675000 0 0
1484578464.030710000 0 0
1484578464.042768000 0 0
1484578464.042384000 0 0
1484578464.045188000 0 0
1484578462.248566000 0 0
1484578464.052761000 0 0
1484578464.058967000 0 0
1484578464.064566000 0 0
1484578464.070599000 0 0
1484578464.076015000 0 0
1484578464.082333000 0 0
1484578464.090050000 0 0
1484578464.096446000 0 0
1484578464.103632000 0 0
1484578464.110246000 0 0
1484578464.121846000 0 0
1484578464.129215000 0 0
1484578464.136846000 0 0
1484578464.144047000 0 0
1484578464.154155000 0 0
1484578464.160526000 0 0
1484578464.166985000 0 0
1484578464.176128000 0 0
1484578464.182822000 0 0
1484578464.189017000 0 0
1484578464.195488000 0 0
1484578464.201647000 0 0
1484578464.207918000 0 0
1484578464.214181000 0 0
1484578464.220572000 0 0
1484578464.227985000 0 0
1484578464.234726000 0 0
1484578464.241226000 0 0
1484578464.247713000 0 0
1484578464.256279000 0 0
1484578464.263103000 0 0
1484578464.270560000 0 0
1484578464.280917000 0 0
1484578464.287511000 0 0
1484578464.294482000 0 0
1484578464.301417000 0 0
1484578464.308492000 0 0
1484578464.323319000 0 0
1484578464.330840000 0 0
1484578464.337355000 0 0
1484578464.345298000 0 0
1484578464.351990000 0 0
1484578464.358748000 0 0
1484578464.365634000 0 0
1484578464.372113000 0 0
1484578464.379279000 0 0
1484578464.386034000 0 0
1484578464.393051000 0 0
1484578464.400582000 0 0
1484578464.406391000 0 0
1484578464.414207000 0 0
1484578464.420785000 0 0
1484578464.427405000 0 0
1484578464.433809000 0 0
1484578464.440106000 0 0
1484578464.446668000 0 0
1484578464.453503000 0 0
1484578464.460159000 0 0
1484578464.466886000 0 0
1484578464.473723000 0 0
1484578462.224094000 0 0
1484578462.223178000 0 0
1484578462.257770000 607 0
1484578462.259580000 0 0
1484578462.267262000 682 0
1484578462.268961000 0 0
1484578462.274405000 577 0
1484578462.276051000 0 0
1484578462.281297000 625 0
1484578462.282984000 0 0
1484578462.288855000 585 0
1484578462.291127000 0 0
1484578462.307248000 523 0
1484578462.308991000 0 0
1484578462.314380000 739 0
1484578462.316441000 0 0
1484578462.337227000 637 0
1484578462.351907000 0 0
1484578462.357582000 772 0
1484578462.359752000 0 0
1484578462.365554000 769 0
1484578462.367339000 0 0
1484578462.372513000 766 0
1484578462.374201000 0 0
1484578462.379529000 742 0
1484578462.381799000 0 0
1484578462.387337000 405 0
1484578462.389032000 0 0
1484578462.395454000 571 0
1484578462.397705000 0 0
1484578462.403407000 706 0
1484578462.405108000 0 0
1484578462.410213000 682 0
1484578462.411870000 0 0
1484578462.417105000 670 0
1484578462.418873000 0 0
1484578462.424317000 646 0
1484578462.426072000 0 0
1484578462.431990000 703 0
1484578462.433692000 0 0
1484578462.437899000 682 0
1484578462.439574000 0 0
1484578462.445297000 1082 0
1484578462.447379000 0 0
1484578462.453154000 950 0
1484578462.455385000 0 0
1484578462.460917000 640 0
1484578462.462651000 0 0
1484578462.470682000 270 0
1484578462.473080000 0 0
1484578462.507880000 201 0
1484578462.510331000 0 0
1484578462.513866000 982 0
1484578462.526901000 0 0
1484578462.537090000 1168 0
1484578462.539879000 0 0
1484578462.551705000 220 0
1484578462.554075000 0 0
1484578462.566827000 7583 0
1484578462.570296000 0 0
1484578462.583186000 199 0
1484578462.585153000 0 0
1484578462.595749000 2282 0
1484578462.598555000 0 0
1484578462.610042000 1303 0
1484578462.612288000 0 0
1484578462.622314000 865 0
1484578462.624958000 0 0
1484578462.636421000 476 0
1484578462.638517000 0 0
1484578462.650698000 229 0
1484578462.653019000 0 0
1484578462.663124000 190 0
1484578462.665039000 0 0
1484578462.674947000 272 0
1484578462.677191000 0 0
1484578462.688353000 188 0
1484578462.690243000 0 0
1484578462.700856000 211 0
1484578462.714833000 0 0
1484578462.727019000 249 0
1484578462.729500000 0 0
1484578462.741028000 198 0
1484578462.743083000 0 0
1484578462.754826000 226 0
1484578462.757164000 0 0
1484578462.768995000 260 0
1484578462.771309000 0 0
1484578462.783290000 257 0
1484578462.785622000 0 0
1484578462.804808000 246 0
1484578462.806698000 0 0
1484578462.819109000 4092 0
1484578462.822425000 0 0
1484578462.835224000 188 0
1484578462.837115000 0 0
1484578462.848559000 258 0
1484578462.850492000 0 0
1484578462.862008000 612 0
1484578462.863929000 0 0
1484578462.877435000 272 0
1484578462.879573000 0 0
1484578462.891770000 262 0
1484578462.893747000 0 0
1484578462.919287000 262 0
1484578462.921754000 0 0
1484578462.933666000 270 0
1484578462.935633000 0 0
1484578462.948599000 270 0
1484578462.950549000 0 0
1484578462.962166000 264 0
1484578462.964242000 0 0
1484578462.976562000 261 0
1484578462.978538000 0 0
1484578462.991436000 258 0
1484578462.993383000 0 0
1484578463.004537000 228 0
1484578463.006492000 0 0
1484578463.018726000 250 0
1484578463.020798000 0 0
1484578463.034462000 248 0
1484578463.036387000 0 0
1484578463.047882000 249 0
1484578463.049873000 0 0
1484578463.062096000 274 0
1484578463.064055000 0 0
1484578463.075317000 178 0
1484578463.077253000 0 0
1484578463.089066000 248 0
1484578463.091387000 0 0
1484578463.111954000 242 0
1484578463.113976000 0 0
1484578463.126158000 433 0
1484578463.128074000 0 0
1484578463.140078000 3058 0
1484578463.142971000 0 0
1484578463.156183000 137 0
1484578463.158413000 0 0
1484578463.171838000 173 0
1484578463.173748000 0 0
1484578463.184969000 335 0
1484578463.186842000 0 0
1484578463.197812000 335 0
1484578463.199715000 0 0
1484578463.210676000 165 0
1484578463.212621000 0 0
1484578463.225610000 272 0
1484578463.227859000 0 0
1484578463.239512000 188 0
1484578463.241758000 0 0
1484578463.256118000 180 0
1484578463.258021000 0 0
1484578463.272556000 241 0
1484578463.274801000 0 0
1484578463.289581000 845 0
1484578463.341829000 0 0
1484578463.353684000 262 0
1484578463.355672000 0 0
1484578462.531763000 392 0
1484578462.533732000 0 0
1484578462.544507000 424 0
1484578462.546453000 0 0
1484578462.558730000 261 0
1484578462.560692000 0 0
1484578462.576558000 261 0
1484578462.578517000 0 0
1484578462.590299000 261 0
1484578462.592235000 0 0
1484578462.604563000 442 0
1484578462.606656000 0 0
1484578462.616962000 261 0
1484578462.618918000 0 0
1484578462.629828000 261 0
1484578462.631738000 0 0
1484578462.643510000 402 0
1484578462.645447000 0 0
1484578462.657798000 297 0
1484578462.659747000 0 0
1484578462.669657000 392 0
1484578462.671597000 0 0
1484578462.681825000 424 0
1484578462.683778000 0 0
1484578462.694768000 261 0
1484578462.696704000 0 0
1484578462.719722000 197 0
1484578462.721754000 0 0
1484578462.734297000 267 0
1484578462.736373000 0 0
1484578462.747754000 232 0
1484578462.749706000 0 0
1484578462.761814000 266 0
1484578462.763759000 0 0
1484578462.776003000 293 0
1484578462.777902000 0 0
1484578462.790453000 222 0
1484578462.792416000 0 0
1484578462.811444000 224 0
1484578462.813487000 0 0
1484578462.828744000 255 0
1484578462.830663000 0 0
1484578462.841996000 727 0
1484578462.843931000 0 0
1484578462.855146000 1030 0
1484578462.857403000 0 0
1484578462.869390000 620 0
1484578462.872195000 0 0
1484578462.884733000 352 0
1484578462.886682000 0 0
1484578462.898568000 348 0
1484578462.900465000 0 0
1484578462.926692000 307 0
1484578462.928745000 0 0
1484578462.941248000 721 0
1484578462.943786000 0 0
1484578462.955361000 508 0
1484578462.957347000 0 0
1484578462.969497000 530 0
1484578462.971795000 0 0
1484578462.983940000 1240 0
1484578462.986673000 0 0
1484578462.998003000 210 0
1484578462.999932000 0 0
1484578463.011447000 487 0
1484578463.013472000 0 0
1484578463.026450000 1004 0
1484578463.029328000 0 0
1484578463.041133000 245 0
1484578463.043045000 0 0
1484578463.055146000 276 0
1484578463.057478000 0 0
1484578463.068584000 238 0
1484578463.070530000 0 0
1484578463.081959000 342 0
1484578463.083898000 0 0
1484578463.096012000 235 0
1484578463.097892000 0 0
1484578463.119011000 1182 0
1484578463.121666000 0 0
1484578463.132687000 168 0
1484578463.134587000 0 0
1484578463.149142000 162 0
1484578463.151035000 0 0
1484578463.164266000 974 0
1484578463.167029000 0 0
1484578463.178500000 534 0
1484578463.180431000 0 0
1484578463.191364000 786 0
1484578463.193311000 0 0
1484578463.204223000 180 0
1484578463.206127000 0 0
1484578463.217838000 1144 0
1484578463.220589000 0 0
1484578463.232504000 170 0
1484578463.234448000 0 0
1484578463.247289000 3421 0
1484578463.250107000 0 0
1484578463.263552000 2651 0
1484578463.266336000 0 0
1484578463.280137000 2213 0
1484578463.282904000 0 0
1484578463.346414000 238 0
1484578463.348513000 0 0
1484578463.360612000 236 0
1484578463.362698000 0 0
1484578463.368779000 217 0
1484578463.370815000 0 0
1484578463.376956000 231 0
1484578463.379292000 0 0
1484578463.520946000 244 0
1484578463.523207000 0 0
1484578463.536412000 215 0
1484578463.538855000 0 0
1484578463.551929000 213 0
1484578463.553932000 0 0
1484578463.567477000 267 0
1484578463.569923000 0 0
1484578463.581560000 230 0
1484578463.583860000 0 0
1484578463.596072000 202 0
1484578463.598788000 0 0
1484578463.611080000 220 0
1484578463.613114000 0 0
1484578463.624755000 176 0
1484578463.626827000 0 0
1484578463.639464000 186 0
1484578463.641479000 0 0
1484578463.652903000 306 0
1484578463.654929000 0 0
1484578463.666511000 214 0
1484578463.668710000 0 0
1484578463.679728000 207 0
1484578463.681427000 0 0
1484578463.691531000 193 0
1484578463.693529000 0 0
1484578463.703575000 126 0
1484578463.705496000 0 0
1484578463.716813000 209 0
1484578463.718771000 0 0
1484578463.732541000 228 0
1484578463.734834000 0 0
1484578463.746415000 267 0
1484578463.748343000 0 0
1484578463.405443000 263 0
1484578463.407769000 0 0
1484578463.413682000 192 0
1484578463.415632000 0 0
1484578463.421667000 317 0
1484578463.423712000 0 0
1484578463.779512000 292 0
1484578463.781505000 0 0
1484578463.793300000 129 0
1484578463.795654000 0 0
1484578463.808781000 183 0
1484578463.810761000 0 0
1484578463.825760000 2750 0
1484578463.828653000 0 0
1484578463.853747000 198 0
1484578463.855829000 0 0
1484578463.869151000 214 0
1484578463.871616000 0 0
1484578463.884796000 197 0
1484578463.887117000 0 0
1484578463.899987000 254 0
1484578463.902788000 0 0
1484578463.914443000 226 0
1484578463.916735000 0 0
1484578463.927495000 302 0
1484578463.929767000 0 0
1484578463.470444000 168 0
1484578463.472658000 0 0
1484578463.480585000 311 0
1484578463.483048000 0 0
1484578463.488800000 198 0
1484578463.491009000 0 0
1484578463.496719000 216 0
1484578463.498918000 0 0
1484578463.505016000 211 0
1484578463.507134000 0 0
1484578463.513346000 166 0
1484578463.515576000 0 0
1484578463.528703000 229 0
1484578463.531288000 0 0
1484578463.544301000 220 0
1484578463.546741000 0 0
1484578463.559623000 1163 0
1484578463.562454000 0 0
1484578463.574665000 211 0
1484578463.576936000 0 0
1484578463.588597000 199 0
1484578463.590848000 0 0
1484578463.603509000 277 0
1484578463.605902000 0 0
1484578463.618159000 248 0
1484578463.620107000 0 0
1484578463.632281000 245 0
1484578463.634600000 0 0
1484578463.646289000 207 0
1484578463.648241000 0 0
1484578463.659735000 207 0
1484578463.661707000 0 0
1484578463.673375000 273 0
1484578463.675311000 0 0
1484578463.684862000 186 0
1484578463.686772000 0 0
1484578463.696949000 246 0
1484578463.698847000 0 0
1484578463.710173000 218 0
1484578463.712138000 0 0
1484578463.722252000 5869 0
1484578463.725816000 0 0
1484578463.739592000 546 0
1484578463.741601000 0 0
1484578463.751825000 170 0
1484578463.753763000 0 0
1484578463.758399000 343 0
1484578463.760346000 0 0
1484578463.766081000 205 0
1484578463.767998000 0 0
1484578463.772779000 197 0
1484578463.774730000 0 0
1484578463.786109000 248 0
1484578463.788042000 0 0
1484578463.799089000 4327 0
1484578463.802500000 0 0
1484578463.816151000 3174 0
1484578463.819076000 0 0
1484578463.835279000 141 0
1484578463.837686000 0 0
1484578463.861621000 269 0
1484578463.864115000 0 0
1484578463.876963000 281 0
1484578463.879409000 0 0
1484578463.892473000 260 0
1484578463.894522000 0 0
1484578463.907663000 217 0
1484578463.909616000 0 0
1484578463.921579000 267 0
1484578463.923867000 0 0
1484578463.934606000 267 0
1484578463.936591000 0 0
1484578463.942674000 209 0
1484578463.944939000 0 0
1484578464.032959000 186 0
1484578464.041640000 0 0
1484578464.046154000 177 0
1484578464.051542000 0 0
1484578464.056021000 175 0
1484578464.057720000 0 0
1484578464.061048000 224 0
1484578464.063333000 0 0
1484578464.067399000 288 0
1484578464.069276000 0 0
1484578464.072665000 184 0
1484578464.074731000 0 0
1484578464.079266000 170 0
1484578464.081017000 0 0
1484578464.086099000 232 0
1484578464.088392000 0 0
1484578464.093464000 210 0
1484578464.095242000 0 0
1484578464.100256000 217 0
1484578464.102412000 0 0
1484578464.106851000 144 0
1484578464.108582000 0 0
1484578464.114609000 4178 0
1484578464.117852000 0 0
1484578464.125598000 156 0
1484578464.127865000 0 0
1484578464.133003000 156 0
1484578464.135543000 0 0
1484578464.140113000 803 0
1484578464.142277000 0 0
1484578464.147464000 264 0
1484578464.149307000 0 0
1484578463.972405000 740 0
1484578463.975264000 0 0
1484578463.981718000 186 0
1484578463.983999000 0 0
1484578464.157442000 238 0
1484578464.159263000 0 0
1484578464.163892000 369 0
1484578464.165702000 0 0
1484578464.170285000 255 0
1484578464.172082000 0 0
1484578464.007963000 205 0
1484578464.009995000 0 0
1484578464.018402000 249 0
1484578464.020419000 0 0
1484578464.179343000 241 0
1484578464.181502000 0 0
1484578464.185996000 268 0
1484578464.187759000 0 0
1484578464.192197000 206 0
1484578464.194271000 0 0
1484578464.198669000 206 0
1484578464.200474000 0 0
1484578464.204848000 206 0
1484578464.206654000 0 0
1484578464.211159000 196 0
1484578464.212939000 0 0
1484578464.217460000 189 0
1484578464.219258000 0 0
1484578464.224405000 269 0
1484578464.226731000 0 0
1484578464.231323000 205 0
1484578464.233453000 0 0
1484578464.238090000 251 0
1484578464.239939000 0 0
1484578464.244637000 247 0
1484578464.246463000 0 0
1484578464.251721000 430 0
1484578464.254352000 0 0
1484578464.259734000 243 0
1484578464.261879000 0 0
1484578464.266922000 509 0
1484578464.269298000 0 0
1484578464.274599000 2333 0
1484578464.277322000 0 0
1484578464.284451000 322 0
1484578464.286263000 0 0
1484578464.291166000 387 0
1484578464.293089000 0 0
1484578464.297964000 460 0
1484578464.300077000 0 0
1484578464.304861000 290 0
1484578464.306820000 0 0
1484578464.312509000 758 0
1484578464.315162000 0 0
1484578464.327579000 164 0
1484578464.329571000 0 0
1484578464.334323000 169 0
1484578464.336128000 0 0
1484578464.341443000 224 0
1484578464.344071000 0 0
1484578464.348703000 233 0
1484578464.350792000 0 0
1484578464.355509000 188 0
1484578464.357561000 0 0
1484578464.362162000 213 0
1484578464.364317000 0 0
1484578464.369095000 166 0
1484578464.370887000 0 0
1484578464.375497000 203 0
1484578464.377707000 0 0
1484578464.382781000 222 0
1484578464.384730000 0 0
1484578464.389436000 191 0
1484578464.391547000 0 0
1484578464.396536000 194 0
1484578464.398555000 0 0
1484578464.402734000 312 0
1484578464.405087000 0 0
1484578464.410339000 910 0
1484578464.412968000 0 0
1484578464.417797000 368 0
1484578464.419587000 0 0
1484578464.424080000 307 0
1484578464.425834000 0 0
1484578464.430822000 347 0
1484578464.432583000 0 0
1484578464.437168000 261 0
1484578464.438901000 0 0
1484578464.443423000 277 0
1484578464.445336000 0 0
1484578464.450123000 362 0
1484578464.452115000 0 0
1484578464.456835000 347 0
1484578464.458815000 0 0
1484578464.463523000 395 0
1484578464.465495000 0 0
1484578464.470593000 261 0
1484578464.472358000 0 0
1484578464.477423000 271 0
1484578464.479232000 0 0
1484579938.766712000 0 0
1484579938.773289000 0 0
