1484550959.813967000 0 0
1484550959.813973000 0 0
1484550959.831105000 0 0
1484550959.846683000 0 0
1484550959.848404000 0 0
1484550959.855401000 0 0
1484550959.864948000 0 0
1484550959.866027000 0 0
1484550959.867604000 0 0
1484550959.867602000 0 0
1484550959.869545000 0 0
1484550959.869344000 0 0
1484550959.871512000 0 0
1484550959.873033000 0 0
1484550959.874409000 0 0
1484550959.817637000 1144 0
1484550959.859736000 282 0
1484550960.289855000 0 0
1484550960.310729000 0 0
1484550960.322242000 0 0
1484550960.331978000 0 0
1484550960.346254000 0 0
1484550960.354780000 0 0
1484550960.360174000 0 0
1484550960.371455000 0 0
1484550960.376281000 0 0
1484550960.423474000 0 0
1484550960.480727000 0 0
1484550960.737959000 0 0
1484550960.811612000 0 0
1484550960.810970000 0 0
1484550960.840573000 0 0
1484550960.842796000 0 0
1484550960.844759000 0 0
1484550960.846921000 0 0
1484550960.848738000 0 0
1484550960.869593000 0 0
1484550960.883536000 0 0
1484550960.885451000 0 0
1484550960.913128000 0 0
1484550960.918241000 0 0
1484550960.964269000 0 0
1484550961.048547000 0 0
1484550961.102677000 0 0
1484550961.176101000 0 0
1484550961.318858000 0 0
1484550961.351105000 0 0
1484550961.353581000 0 18830
1484550961.476045000 0 0
1484550961.478622000 0 0
1484550961.341872000 18830 0
1484550961.346863000 0 0
1484550961.480934000 0 0
1484550961.555253000 0 0
1484550961.568417000 0 1544
1484550961.574473000 0 0
1484550961.634747000 0 0
1484550962.187758000 0 0
1484550962.218180000 0 0
1484550962.269957000 0 0
1484550962.411569000 0 0
1484550962.645373000 0 0
1484550962.655992000 0 0
1484550962.807592000 0 0
1484550962.806774000 0 0
1484550963.329658000 0 0
1484550963.353548000 0 0
1484550963.375724000 0 0
1484550963.388619000 0 0
1484550963.377629000 0 0
1484550963.390852000 0 0
1484550963.410410000 0 0
1484550963.412740000 0 0
1484550963.424166000 0 0
1484550963.435837000 0 0
1484550963.437958000 0 0
1484550963.451228000 0 0
1484550963.453560000 0 0
1484550963.455662000 0 0
1484550963.463850000 0 0
1484550963.466285000 0 0
1484550963.468381000 0 0
1484550963.404527000 0 0
1484550963.478574000 0 0
1484550963.480910000 0 0
1484550963.496960000 0 0
1484550963.499159000 0 0
1484550963.486750000 0 0
1484550963.511028000 0 0
1484550963.514498000 0 0
1484550963.517178000 0 0
1484550963.519593000 0 0
1484550963.522246000 0 0
1484550963.524585000 0 0
1484550963.526961000 0 0
1484550963.529441000 0 0
1484550963.582295000 0 0
1484550963.605134000 0 0
1484550963.607417000 0 0
1484550963.609775000 0 0
1484550963.612260000 0 0
1484550963.614623000 0 0
1484550964.227322000 0 0
1484550964.403303000 0 0
1484550964.425313000 0 0
1484550964.429859000 0 0
1484550964.477243000 131072 0
1484550964.506367000 0 0
1484550964.553930000 0 0
1484550964.823473000 0 0
1484550964.956859000 0 0
1484550965.184913000 0 0
1484550965.187377000 0 2
1484550965.194348000 0 0
1484550965.196468000 0 0
1484550964.433688000 2 0
1484550965.178790000 0 0
1484550965.199826000 0 0
1484550965.301836000 0 53
1484550961.552408000 204 0
1484550965.308624000 0 0
1484550966.342270000 0 0
1484550966.394217000 0 0
1484550959.820083000 0 0
1484550959.832732000 0 0
1484550972.434993000 0 70160
1484550972.597890000 0 0
1484550961.051030000 0 0
1484550980.209661000 0 0
1484550980.211784000 0 0
1484550960.326073000 10 0
1484550960.344307000 122 0
1484550960.389832000 208 0
1484550960.583032000 34008 0
1484550960.762946000 16384 0
1484550960.837742000 555 0
1484550960.938159000 497 0
1484550961.078235000 22833 0
1484550961.167927000 7418 0
1484550961.225613000 208620 0
1484550961.564089000 3072 0
1484550962.211863000 32661 0
1484550962.221416000 8 0
1484550962.274307000 504 0
1484550962.347415000 7633 0
1484550962.425185000 8705 0
1484550960.823838000 2196 0
1484550960.866952000 1683 0
1484550960.871205000 1694 0
1484550963.562578000 153 0
1484550963.337931000 1432 0
1484550964.230775000 363 0
1484550964.408025000 187 0
1484550965.319263000 24 0
1484550962.483754000 25 0
1484550965.381396000 9833 0
1484550965.388898000 55 0
1484550993.326312000 0 8720
1484550993.335037000 0 0
1484551007.320170000 0 0
1484551007.330483000 2655 4324
1484551008.675322000 0 7468
1484551017.966707000 0 0
1484551017.983008000 0 0
1484551018.016674000 0 0
1484551018.021972000 0 0
1484551018.052368000 0 66
1484551018.036429000 66 0
1484551018.058238000 0 0
1484551021.006088000 0 0
1484551021.046645000 0 137
1484551021.053853000 0 0
1484551021.025838000 137 0
1484551021.053222000 0 0
1484551021.075112000 0 0
1484551021.080882000 0 0
1484551021.102094000 0 0
1484551021.106608000 0 7274
1484551021.114763000 0 0
1484551021.113882000 0 0
1484551021.122520000 0 0
1484551021.127217000 0 0
1484551021.131545000 0 0
1484551021.135286000 0 0
1484551021.139208000 0 0
1484551021.143234000 0 0
1484551021.150489000 0 0
1484551007.344238000 0 0
1484551021.165361000 51 0
1484551095.394983000 0 0
1484551095.402584000 0 0
1484551095.405239000 0 1432
1484551095.410914000 0 0
1484551095.413415000 0 0
1484551095.415516000 0 0
1484551095.397478000 0 0
1484551095.417789000 0 0
1484551017.623682000 0 12738
1484551125.408671000 0 8719
1484551125.419519000 0 0
1484551117.255819000 0 0
1484550963.602626000 1768 12588
1484551117.265504000 0 22056
1484551134.295773000 0 0
1484551169.612939000 0 0
1484551169.615206000 0 0
1484551169.715691000 0 0
1484551169.989805000 0 0
1484551169.991462000 0 0
1484551169.998409000 0 0
1484551170.004076000 398 0
1484551170.005594000 282 0
1484551201.611276000 0 7633
1484551201.619823000 0 0
1484551264.245261000 0 363
1484551264.257896000 0 0
1484551264.256399000 0 0
1484551266.346141000 0 555
1484551323.173687000 0 208787
1484551323.198662000 0 0
1484551323.198099000 0 0
1484551416.073890000 0 0
1484551416.107363000 0 0
1484551416.111009000 0 0
1484551416.119801000 0 0
1484551416.139046000 0 0
1484551416.285669000 0 0
1484551416.292237000 0 0
1484551416.283982000 0 0
1484551134.364954000 0 10440
1484551621.184403000 0 8420
1484551621.195569000 0 0
1484551621.193875000 0 0
1484551682.159412000 0 0
1484551682.168570000 0 0
1484551693.367361000 0 0
1484551693.371443000 0 0
1484551693.380810000 0 0
1484551693.391175000 0 0
1484551693.407565000 0 0
1484551693.410873000 0 0
1484551693.414187000 0 0
1484551693.417773000 0 0
1484551693.434054000 0 0
1484551693.436952000 0 0
1484551693.451268000 0 0
1484551693.454050000 0 0
1484551693.456846000 0 0
1484551693.470097000 0 0
1484551693.473067000 0 0
1484551693.223890000 359012 0
1484551693.387867000 556 0
1484551693.395817000 504 0
1484551693.423482000 504 0
1484551693.440046000 282 0
1484551693.459930000 398 0
1484551693.548769000 0 0
1484551693.684169000 0 0
1484551694.100231000 0 0
1484551694.102056000 0 0
1484551694.314695000 0 0
1484551694.404990000 0 0
1484551694.449062000 0 0
1484551694.612977000 0 0
1484551694.614755000 0 0
1484551694.618410000 0 0
1484551694.625389000 0 0
1484551694.627436000 0 0
1484551694.629366000 0 0
1484551694.636578000 0 0
1484551694.638449000 0 0
1484551694.646206000 0 0
1484551694.647790000 0 0
1484551696.289485000 0 359538
1484551696.327271000 0 0
1484551696.326561000 0 0
1484551682.174959000 0 0
1484551694.104940000 282 0
1484551694.616709000 556 0
1484551694.620495000 504 0
1484551694.631418000 504 0
1484551694.640301000 398 0
1484551696.905466000 0 0
1484551815.743585000 0 0
1484551815.790438000 0 0
1484551815.797020000 0 0
1484551815.804348000 0 0
1484551816.438965000 0 0
1484551816.441194000 0 0
1484551816.443183000 0 0
1484551816.449578000 0 0
1484551816.459764000 0 0
1484551816.461339000 0 0
1484551816.463396000 0 0
1484551816.465866000 0 0
1484551816.476510000 0 0
1484551816.489989000 0 0
1484551815.808330000 282 0
1484551816.447876000 556 0
1484551816.492834000 0 0
1484551816.454957000 504 0
1484551816.468348000 504 0
1484551816.495444000 398 0
1484551816.503821000 0 0
1484551816.505869000 0 0
1484551817.036007000 0 360045
1484551817.073785000 0 0
1484551817.073275000 0 0
1484551807.090285000 0 0
1484551864.271311000 0 468
1484551864.285164000 0 0
1484551864.283507000 0 0
1484551818.377242000 0 0
1484551973.832706000 0 0
1484551985.885822000 0 0
1484552058.878824000 0 0
1484552059.012885000 0 0
1484552059.089768000 0 0
1484552059.094522000 0 33947
1484552059.305091000 0 0
1484552059.311789000 0 0
1484552059.317092000 0 0
1484552059.035922000 0 0
1484552059.321606000 0 0
1484552059.499765000 0 0
1484552088.925632000 0 0
1484552088.927846000 0 0
1484552088.935056000 0 0
1484552088.939926000 282 0
1484552164.275860000 0 363
1484552164.286120000 0 0
1484552164.285297000 0 0
1484552221.188730000 0 8722
1484552221.199114000 0 0
1484552221.198166000 0 0
1484551141.580925000 0 35986
1484552391.625002000 0 0
1484552088.799131000 0 0
1484552505.409303000 0 0
1484552684.667977000 0 0
1484552821.239968000 0 8730
1484552821.249997000 0 0
1484552821.249196000 0 0
1484551682.163219000 1850 14818
1484553044.106820000 0 0
1484553121.276261000 0 8730
1484553121.289151000 0 0
1484553121.287603000 0 0
1484552823.553746000 0 1553
1484553421.289845000 0 8730
1484553421.299943000 0 0
1484553421.298581000 0 0
1484553721.311121000 0 8730
1484553721.320341000 0 0
1484553721.319206000 0 0
1484554195.919291000 0 8738
1484554195.928943000 0 0
1484554195.928007000 0 0
1484555037.432831000 0 0
1484555037.436559000 0 0
1484555163.703727000 0 8738
1484555163.712627000 0 0
1484555163.712009000 0 0
1484555220.888934000 0 0
1484555220.898606000 0 0
1484555220.904474000 0 0
1484555234.507809000 0 0
1484555260.781215000 0 0
1484555463.728688000 0 8739
1484555463.738570000 0 0
1484555463.737882000 0 0
1484555464.363395000 0 468
1484555464.372879000 0 0
1484555464.372365000 0 0
1484555763.760714000 0 8740
1484555763.771217000 0 0
1484555763.769966000 0 0
1484555220.894777000 1553 7112
1484556063.781055000 0 8740
1484556063.794643000 0 0
1484556063.793549000 0 0
1484557024.439656000 0 0
1484557025.684193000 0 0
1484557025.919491000 0 0
1484557025.922465000 0 0
1484557026.155256000 0 0
1484557026.168649000 0 0
1484557026.177872000 0 0
1484557026.192799000 0 0
1484557026.201654000 0 0
1484557026.210064000 0 0
1484558802.501353000 0 8741
1484558802.513206000 0 0
1484558802.512203000 0 0
1484558804.562245000 0 0
1484558812.078987000 0 0
1484558812.089985000 0 0
1484552343.465212000 0 46672
1484558812.096131000 0 0
1484558842.145736000 0 0
1484558842.148318000 0 0
1484558842.156061000 0 0
1484558842.182233000 282 0
1484559102.526643000 0 8741
1484559102.535889000 0 0
1484559102.534856000 0 0
1484558812.085294000 1846 7881
1484559402.545974000 0 8741
1484559402.556398000 0 0
1484559402.555404000 0 0
1484559702.552409000 0 8748
1484559702.562313000 0 0
1484559702.561649000 0 0
1484560002.567494000 0 8748
1484560002.576240000 0 0
1484560002.575706000 0 0
1484560302.907269000 0 8748
1484560302.917978000 0 0
1484560302.916943000 0 0
1484560602.587985000 0 8748
1484560602.598437000 0 0
1484560602.597598000 0 0
1484560806.841483000 0 0
1484560806.845806000 0 0
1484561202.602587000 0 8751
1484561202.611163000 0 0
1484561202.610528000 0 0
1484561500.649659000 0 0
1484561500.661390000 0 0
1484561502.622886000 0 8751
1484561502.632652000 0 0
1484561502.631760000 0 0
1484561500.668211000 0 0
1484561512.932632000 0 0
1484561802.626005000 0 8751
1484561802.635314000 0 0
1484561802.634464000 0 0
1484561500.656073000 2025 6552
1484562102.694555000 0 8751
1484562102.707401000 0 0
1484562102.706147000 0 0
1484562402.691385000 0 8751
1484562402.703592000 0 0
1484562402.702573000 0 0
1484561824.713288000 0 1553
1484562441.794847000 0 0
1484562441.848016000 0 0
1484562441.850913000 0 0
1484562441.861206000 0 0
1484562443.205523000 0 0
1484562443.638961000 0 0
1484562443.738283000 0 0
1484562443.746445000 0 0
1484562443.765376000 0 0
1484562443.787476000 0 0
1484562443.891123000 0 0
1484562443.898030000 0 0
1484562443.915576000 0 0
1484562443.930278000 0 0
1484562443.936123000 0 0
1484562444.104544000 0 0
1484562444.202026000 0 0
1484562444.257231000 0 0
1484562444.260503000 0 0
1484562444.263454000 0 0
1484562444.266603000 0 0
1484562444.269099000 0 0
1484562444.291841000 0 0
1484562444.316537000 0 0
1484562444.453102000 0 0
1484562444.455937000 0 0
1484562444.458347000 0 0
1484562444.460931000 0 0
1484562444.474887000 0 0
1484562444.478736000 0 0
1484562444.485365000 0 0
1484562444.501139000 0 0
1484562444.539220000 0 0
1484562444.542458000 0 0
1484562444.567179000 0 0
1484562444.576511000 0 0
1484562444.962769000 0 0
1484562444.965935000 0 0
1484562444.968529000 0 0
1484562445.015041000 0 0
1484562445.220215000 0 0
1484562445.225435000 0 0
1484562445.233433000 0 0
1484562445.273583000 0 0
1484562445.294361000 0 0
1484562445.330520000 0 0
1484562445.490667000 0 0
1484562445.642318000 0 0
1484562445.647378000 0 18830
1484562445.856606000 0 0
1484562445.861053000 0 0
1484562445.619841000 18830 0
1484562445.630341000 0 0
1484562445.865289000 0 0
1484562445.945708000 0 0
1484562446.117606000 0 0
1484562446.175809000 0 0
1484562446.186598000 0 0
1484562446.190465000 0 2
1484562446.197893000 0 0
1484562446.200561000 0 0
1484562445.230325000 2 0
1484562446.170193000 0 0
1484562446.203084000 0 0
1484562446.414781000 131072 0
1484562446.444870000 0 0
1484562446.466891000 0 0
1484562446.477121000 0 0
1484562446.496509000 0 0
1484562446.501335000 0 0
1484562446.506436000 0 0
1484562446.521183000 0 0
1484562446.529375000 0 0
1484562446.532991000 0 80867
1484562446.564749000 0 0
1484562446.568701000 0 0
1484562444.233843000 80977 0
1484562446.463504000 0 0
1484562446.578350000 0 0
1484562446.672789000 0 0
1484562446.737497000 0 0
1484562446.749649000 0 0
1484562446.752995000 0 0
1484562446.760720000 0 53
1484562446.765523000 0 0
1484562446.017691000 241 0
1484562446.769488000 0 0
1484562446.782505000 0 0
1484562446.789892000 0 0
1484562446.799649000 0 0
1484562446.785242000 0 0
1484562446.781236000 0 0
1484562446.851761000 0 90
1484562446.858054000 0 0
1484562446.866553000 0 0
1484562446.973941000 0 0
1484562446.984518000 0 0
1484562446.967789000 0 4096
1484562446.992722000 0 0
1484562446.964776000 0 0
1484562447.003013000 0 0
1484562447.034186000 0 0
1484562459.053806000 0 0
1484562447.015036000 0 4096
1484562459.062699000 0 0
1484562459.068376000 0 0
1484562447.011340000 0 0
1484562459.076676000 0 0
1484562446.677292000 0 0
1484562441.870687000 282 0
1484562443.751638000 10 0
1484562443.781255000 10 0
1484562443.793403000 122 0
1484562443.960087000 208 0
1484562444.346504000 16384 0
1484562444.439119000 576 0
1484562471.383438000 0 0
1484562444.975387000 185 0
1484562445.320977000 7418 0
1484562445.375172000 237211 0
1484562446.012927000 116 0
1484562446.148532000 1842 0
1484562446.171189000 309 0
1484562446.179805000 6474 0
1484562446.692622000 9852 0
1484562446.779353000 29 0
1484562446.793858000 1251 0
1484562446.825596000 34995 0
1484562446.304942000 29 0
1484562448.589107000 1014 0
1484562476.664721000 0 0
1484562476.678677000 0 0
1484562476.687191000 0 0
1484562476.695795000 0 0
1484562476.703751000 0 0
1484562476.711881000 0 0
1484562476.718928000 0 0
1484562476.729246000 0 0
1484562476.733089000 0 80996
1484562476.770289000 0 0
1484562476.774832000 0 0
1484562476.777785000 0 0
1484562476.670528000 0 0
1484562476.780872000 0 0
1484562446.960927000 40960 0
1484562463.816043000 85 0
1484562495.537406000 0 1842
1484562495.548958000 0 0
1484562502.018999000 0 0
1484562502.031368000 0 0
1484562502.045600000 0 0
1484562502.052465000 0 0
1484562502.196387000 0 4429
1484562502.178703000 4429 0
1484562502.205614000 0 0
1484562505.147853000 0 0
1484562505.240683000 0 137
1484562505.250969000 0 0
1484562505.209282000 137 0
1484562505.249516000 0 0
1484562505.374393000 0 0
1484562505.395234000 0 0
1484562505.406093000 0 0
1484562505.412013000 0 13754
1484562505.422326000 0 0
1484562505.421561000 0 0
1484562505.444329000 0 0
1484562505.456508000 0 0
1484562505.481803000 0 0
1484562505.500551000 0 0
1484562505.508884000 0 0
1484562505.517634000 0 0
1484562505.524719000 0 0
1484562505.547875000 0 0
1484562505.554706000 0 0
1484562505.570273000 0 0
1484562505.576773000 0 0
1484562505.583464000 0 0
1484562505.620151000 0 0
1484562505.640228000 0 0
1484562505.694707000 0 0
1484562505.708576000 0 0
1484562505.745835000 0 0
1484562505.767413000 0 0
1484562505.800110000 0 0
1484562505.817229000 0 0
1484562505.843772000 0 0
1484562505.870509000 0 0
1484562505.994413000 0 0
1484562506.001700000 0 0
1484562506.010573000 0 0
1484562506.023035000 0 0
1484562506.036435000 0 0
1484562506.045689000 0 0
1484562506.051879000 0 0
1484562506.057576000 0 0
1484562506.072715000 0 0
1484562506.088573000 0 0
1484562506.094266000 0 0
1484562506.099542000 0 0
1484562506.113848000 0 0
1484562506.119500000 0 0
1484562506.124952000 0 0
1484562506.130707000 0 0
1484562506.152283000 0 0
1484562506.165933000 0 0
1484562506.267486000 0 0
1484562506.287355000 0 0
1484562506.320395000 0 0
1484562506.326226000 0 0
1484562506.331951000 0 0
1484562506.338846000 0 0
1484562506.355247000 0 0
1484562506.376091000 0 0
1484562506.401781000 0 0
1484562506.408747000 0 0
1484562506.426911000 0 0
1484562506.430982000 0 0
1484562506.443812000 0 0
1484562506.447476000 0 0
1484562506.450950000 0 0
1484562506.454124000 0 0
1484562506.457387000 0 0
1484562506.460441000 0 0
1484562506.463432000 0 0
1484562506.467199000 0 0
1484562506.472037000 0 0
1484562506.475973000 0 0
1484562506.479359000 0 0
1484562506.491246000 0 0
1484562506.503062000 0 0
1484562506.506739000 0 0
1484562506.511236000 0 0
1484562506.519763000 0 0
1484562506.532714000 0 0
1484562506.538124000 0 0
1484562506.542487000 0 0
1484562506.555972000 0 0
1484562506.568053000 0 0
1484562506.572134000 0 0
1484562506.583812000 0 0
1484562506.591747000 0 0
1484562506.602143000 0 0
1484562506.612744000 0 0
1484562506.617090000 0 0
1484562506.621817000 0 0
1484562506.626404000 0 0
1484562506.630558000 0 0
1484562506.634665000 0 0
1484562506.643708000 0 0
1484562506.647893000 0 0
1484562506.657985000 0 0
1484562506.695313000 0 0
1484562506.709814000 0 0
1484562505.669084000 51 0
1484562702.716467000 0 8751
1484562702.726488000 0 0
1484562702.725544000 0 0
1484562757.322813000 0 0
1484562757.334282000 0 0
1484562757.341015000 0 0
1484562805.446955000 0 15201
1484562805.456967000 0 0
1484562805.456196000 0 0
1484562810.495099000 0 0
1484562810.498123000 0 0
1484562810.505658000 0 0
1484562810.525167000 0 0
1484562810.557571000 0 0
1484562810.560045000 0 0
1484562810.562398000 0 0
1484562810.564905000 0 0
1484562810.587130000 0 0
1484562810.589965000 0 0
1484562810.609708000 0 0
1484562810.612823000 0 0
1484562810.615994000 0 0
1484562810.655156000 0 0
1484562810.658461000 0 0
1484562811.945972000 0 360596
1484562811.987703000 0 0
1484562811.986465000 0 0
1484562810.523121000 556 0
1484562810.542784000 504 0
1484562810.581133000 504 0
1484562810.595485000 282 0
1484562810.637839000 398 0
1484562887.690457000 0 0
1484562914.704259000 0 1862
1484562914.719028000 0 0
1484562914.717271000 0 0
1484562926.802965000 0 237378
1484562926.831729000 0 0
1484562926.831186000 0 0
1484562972.030205000 0 0
1484562972.053858000 0 0
1484562972.065282000 0 0
1484562972.078437000 0 0
1484562972.085121000 0 0
1484562972.094160000 0 0
1484562972.100191000 0 0
1484562972.110989000 0 0
1484562972.115517000 0 80998
1484562972.152553000 0 0
1484562972.157814000 0 0
1484562972.162477000 0 0
1484562972.043959000 0 0
1484562972.167074000 0 0
1484562972.302829000 0 0
1484562972.316348000 0 0
1484562972.316338000 0 0
1484562972.323281000 0 0
1484562972.323818000 0 0
1484562972.331581000 0 0
1484562972.335138000 0 0
1484562972.340452000 0 0
1484562972.350118000 0 0
1484562972.350648000 0 0
1484562972.352596000 0 0
1484562972.353409000 0 0
1484562972.357558000 0 0
1484562972.357754000 0 0
1484562972.330042000 0 0
1484562972.361710000 0 0
1484562972.383839000 0 0
1484562972.396057000 0 0
1484562972.405436000 0 0
1484562972.364865000 0 0
1484562972.415667000 0 0
1484562972.437076000 0 0
1484562972.418710000 0 0
1484562984.378147000 0 0
1484562972.345764000 0 4096
1484562984.388083000 0 0
1484562984.394116000 0 0
1484562972.338579000 0 0
1484562984.416079000 0 0
1484562972.345383000 29 0
1484563002.744168000 0 8751
1484563002.753270000 0 0
1484563002.752578000 0 0
1484562972.328608000 45056 0
1484563045.227089000 0 0
1484563045.235326000 0 0
1484563045.272772000 0 6474
1484563045.286623000 0 0
1484563045.285520000 0 0
1484563105.455517000 0 15500
1484563105.465664000 0 0
1484563105.465081000 0 0
1484563225.612185000 0 576
1484563286.202487000 0 1251
1484563286.214087000 0 0
1484563286.213009000 0 0
1484563302.762464000 0 8751
1484563302.771211000 0 0
1484563302.770605000 0 0
1484563405.489216000 0 15507
1484563405.500315000 0 0
1484563405.499227000 0 0
1484562757.329281000 1553 5127
1484563578.516956000 0 0
1484563578.526836000 0 0
1484563585.686931000 0 576
1484563578.534818000 0 0
1484563602.804897000 0 8751
1484563602.815821000 0 0
1484563602.814645000 0 0
1484563617.108882000 0 0
1484563617.154401000 0 0
1484563617.166461000 0 0
1484563617.174272000 0 0
1484563619.978149000 0 0
1484563640.310912000 0 0
1484563641.241676000 0 0
1484563641.261517000 0 0
1484563617.179882000 282 0
1484563643.458602000 0 0
1484563643.518897000 0 0
1484563643.531265000 0 0
1484563643.476957000 37842 0
1484563705.517028000 0 15510
1484563705.528636000 0 0
1484563705.527427000 0 0
1484563884.710845000 0 12894
1484558812.744489000 0 64498
1484563900.102967000 0 1862
1484563900.114051000 0 0
1484563900.112864000 0 0
1484563902.840636000 0 8752
1484563902.851584000 0 0
1484563902.850391000 0 0
1484563641.310687000 135168 0
1484563578.521529000 1740 16040
1484563891.887707000 0 71589
1484563890.981473000 0 0
1484564005.545861000 0 15510
1484564005.559116000 0 0
1484564005.557577000 0 0
1484564164.907603000 0 468
1484564164.918751000 0 0
1484564164.917803000 0 0
1484564202.855262000 0 8752
1484564202.868274000 0 0
1484564202.866770000 0 0
1484564305.566696000 0 15510
1484564305.579343000 0 0
1484564305.577808000 0 0
1484564502.882860000 0 8752
1484564502.893581000 0 0
1484564502.892538000 0 0
1484564605.597736000 0 15510
1484564605.609725000 0 0
1484564605.608739000 0 0
1484563923.701685000 0 14082
1484564802.914220000 0 8752
1484564802.932765000 0 0
1484564802.931660000 0 0
1484564871.930700000 0 0
1484564871.941344000 0 0
1484564873.555756000 0 0
1484564871.947978000 0 0
1484564903.939326000 0 8719
1484564903.954718000 0 0
1484564903.953338000 0 0
1484564905.618202000 0 15510
1484564905.629488000 0 0
1484564905.628426000 0 0
1484564993.838127000 0 0
1484564993.841545000 0 0
1484564993.849141000 0 0
1484564993.510713000 0 0
1484564993.854814000 282 0
1484565102.934946000 0 8759
1484565102.945529000 0 0
1484565102.944517000 0 0
1484565205.651517000 0 15510
1484565205.663820000 0 0
1484565205.662293000 0 0
1484564871.936920000 1958 4170
1484565402.980734000 0 8759
1484565402.991493000 0 0
1484565402.990565000 0 0
1484565505.665587000 0 15510
1484565505.677369000 0 0
1484565505.676226000 0 0
1484565703.032966000 0 8759
1484565703.046954000 0 0
1484565703.045695000 0 0
1484565734.037926000 0 0
1484564994.782385000 0 0
1484565805.675120000 0 15510
1484565805.684973000 0 0
1484565805.684372000 0 0
1484552686.200295000 0 0
1484565834.728599000 0 0
1484565893.688937000 0 0
1484565893.694981000 0 0
1484565893.700130000 0 0
1484566003.037506000 0 8759
1484566003.052022000 0 0
1484566003.051413000 0 0
1484566105.697553000 0 15510
1484566105.708301000 0 0
1484566105.707194000 0 0
1484565893.692018000 2096 4324
1484566336.454274000 0 0
1484566336.460131000 0 0
1484566339.549012000 0 8759
1484566339.562263000 0 0
1484566339.561197000 0 0
1484566639.568969000 0 8759
1484566639.579369000 0 0
1484566639.578419000 0 0
1484566643.646708000 0 15510
1484566643.658125000 0 0
1484566643.657070000 0 0
1484566939.583374000 0 8759
1484566939.593746000 0 0
1484566939.592529000 0 0
1484566943.658752000 0 15510
1484566943.671140000 0 0
1484566943.670157000 0 0
1484567239.594354000 0 8759
1484567239.605602000 0 0
1484567239.604610000 0 0
1484567243.670611000 0 15510
1484567243.681225000 0 0
1484567243.680395000 0 0
1484567370.733776000 0 0
1484567370.740214000 0 0
1484567396.073402000 0 0
1484567396.079224000 7418 0
1484567539.928442000 0 8759
1484567539.941538000 0 0
1484567539.940207000 0 0
1484567543.691781000 0 15520
1484567543.702242000 0 0
1484567543.701523000 0 0
1484567556.554249000 0 0
1484567556.565304000 0 0
1484567556.560791000 2173 4511
1484567556.572436000 0 0
1484567839.621428000 0 8759
1484567839.632060000 0 0
1484567839.630812000 0 0
1484567843.702751000 0 15520
1484567843.713588000 0 0
1484567843.712768000 0 0
1484568139.659957000 0 8759
1484568139.672897000 0 0
1484568139.671777000 0 0
1484568143.720330000 0 15520
1484568143.731989000 0 0
1484568143.730852000 0 0
1484567565.276018000 0 4791
1484568439.676631000 0 8759
1484568439.686020000 0 0
1484568439.685354000 0 0
1484568443.736459000 0 15521
1484568443.748198000 0 0
1484568443.746870000 0 0
1484568699.677638000 0 0
1484568699.681431000 0 0
1484568699.686962000 0 0
1484568699.689077000 0 0
1484568699.691548000 0 0
1484568699.693542000 0 0
1484568699.696371000 0 0
1484568699.698441000 0 0
1484568699.700742000 0 0
1484568699.703492000 0 0
1484568699.706807000 0 0
1484568699.715974000 0 0
1484568699.718911000 0 0
1484568699.738690000 0 0
1484568699.743064000 0 0
1484568699.746977000 0 0
1484568699.679928000 0 0
1484568699.756590000 0 0
1484570590.531281000 0 8759
1484570590.541429000 0 0
1484570590.540477000 0 0
1484570593.157341000 0 15521
1484570593.167665000 0 0
1484570593.166782000 0 0
1484570649.584798000 0 0
1484570649.594631000 0 0
1484570649.600720000 0 0
1484570890.550182000 0 8759
1484570890.559883000 0 0
1484570890.559229000 0 0
1484570893.168381000 0 15521
1484570893.180770000 0 0
1484570893.179571000 0 0
1484571190.563834000 0 8759
1484571190.574851000 0 0
1484571190.573705000 0 0
1484571193.180725000 0 15521
1484571193.191082000 0 0
1484571193.190000000 0 0
1484571366.192390000 0 1833
1484571366.205481000 0 0
1484571366.204884000 0 0
1484570649.590957000 1630 5370
1484571435.167765000 0 0
1484571435.210559000 0 0
1484571435.213130000 0 0
1484571435.221780000 0 0
1484571435.227480000 282 0
1484571490.576754000 0 8759
1484571490.593699000 0 0
1484571490.591818000 0 0
1484571493.187993000 0 15522
1484571493.199514000 0 0
1484571493.198348000 0 0
1484571609.119501000 0 0
1484571609.127321000 0 0
1484571609.132641000 0 0
1484571731.532604000 0 0
1484571731.535158000 0 0
1484571731.543886000 0 0
1484571731.552588000 0 0
1484571731.563171000 0 0
1484571731.564986000 0 0
1484571731.566848000 0 0
1484571731.568806000 0 0
1484571731.580447000 0 0
1484571731.582438000 0 0
1484571731.590625000 0 0
1484571731.592407000 0 0
1484571731.594199000 0 0
1484571731.605541000 0 0
1484571731.607577000 0 0
1484571732.319175000 0 0
1484571732.321208000 0 0
1484571732.858285000 0 361239
1484571732.900897000 0 0
1484571732.900361000 0 0
1484571732.905684000 0 0
1484571732.908474000 0 0
1484571732.911745000 0 0
1484571732.917636000 0 0
1484571732.919397000 0 0
1484571732.921206000 0 0
1484571732.928270000 0 0
1484571732.931006000 0 0
1484571732.936801000 0 0
1484571732.938835000 0 0
1484571732.150046000 0 0
1484571753.906177000 0 0
1484571731.584423000 282 0
1484571758.842689000 0 0
1484571758.845760000 0 0
1484571731.551108000 556 0
1484571731.558275000 504 0
1484571731.573456000 504 0
1484571731.598597000 398 0
1484571833.624238000 0 0
1484572090.591236000 0 8759
1484572090.603470000 0 0
1484572090.601950000 0 0
1484572093.210092000 0 15522
1484572093.221797000 0 0
1484572093.220769000 0 0
1484571609.124733000 1823 5766
1484572393.220440000 0 15522
1484572393.230586000 0 0
1484572393.229824000 0 0
1484572525.946418000 0 0
1484572525.951556000 0 0
1484572572.319757000 0 0
1484572572.328880000 0 0
1484572572.335439000 0 0
1484572690.615378000 0 8759
1484572690.625481000 0 0
1484572690.624851000 0 0
1484572993.252484000 0 15525
1484572993.263515000 0 0
1484572993.262548000 0 0
1484572572.325651000 1955 4042
1484573009.369077000 0 0
1484573009.376499000 0 0
1484550964.249030000 395566 428601
1484573013.373946000 0 0
1484573013.376877000 0 0
1484573013.379850000 0 0
1484573009.382533000 0 0
1484573290.633589000 0 8759
1484573290.642636000 0 0
1484573290.641841000 0 0
1484573313.463241000 0 0
1484573313.570088000 3469 5355
1484573461.364869000 0 15525
1484573461.377740000 0 0
1484573461.376705000 0 0
1484573009.372492000 2032 4196
1484573765.883665000 0 8759
1484573765.899744000 0 0
1484573765.899007000 0 0
1484573766.598492000 0 15525
1484573766.611939000 0 0
1484573766.610925000 0 0
1484573789.282289000 0 85
1484573789.289911000 0 0
1484573789.289260000 0 0
1484573789.355563000 0 0
1484573789.363181000 0 0
1484573789.366262000 0 1432
1484573789.372632000 0 0
1484573789.375179000 0 0
1484573789.377296000 0 0
1484573789.358393000 0 0
1484573789.379552000 0 0
1484573789.501624000 0 109
1484573789.517655000 0 0
1484550972.996625000 0 826008
1484573789.587368000 0 144
1484573789.591410000 0 0
1484573789.594667000 0 0
1484573789.597570000 0 0
1484550964.503483000 0 4096
1484573789.595649000 0 0
1484573789.607884000 0 0
1484573789.611770000 0 0
1484550964.500224000 0 0
1484573789.618155000 0 0
1484573789.628414000 0 0
1484573789.638206000 0 0
1484573789.648654000 0 0
1484573789.651811000 0 0
1484573789.654952000 0 0
1484573789.641323000 0 153
1484573789.667733000 0 0
1484573789.670162000 0 0
1484573789.631873000 0 0
1484573789.672462000 0 0
1484550963.361766000 10133 375842
1484573009.399650000 0 377398
1484573314.236343000 0 4720
1484573789.688788000 0 10131
1484573789.719987000 0 175
1484573789.726845000 0 0
1484573789.736059000 0 204
1484573789.737032000 0 555
1484573789.744483000 0 0
1484573789.757337000 0 0
1484550966.432531000 0 32768
1484573789.764265000 0 0
1484550966.430295000 0 3953192
1484573789.772690000 0 0
1484573789.775301000 0 0
1484573789.782713000 0 0
1484550966.365774000 0 4096
1484573789.790414000 0 0
1484573789.793927000 0 0
1484550966.363457000 0 0
1484573789.801490000 0 0
1484573789.805362000 0 0
1484573789.817924000 0 0
1484573789.822517000 0 34007
1484573789.852049000 0 0
1484573789.856487000 0 0
1484573789.808146000 0 0
1484573789.860177000 0 0
1484573789.944635000 0 0
1484550964.971816000 49783 785
1484550964.939414000 118897 591
1484563943.814775000 0 112616
1484550972.447897000 518435 17108
1484550966.445688000 0 0
1484550966.370951000 0 0
1484550960.358730000 0 0
1484573807.700770000 0 0
1484573807.737842000 0 0
1484573807.740613000 0 0
1484573807.748971000 0 0
1484573809.187107000 0 122
1484573809.194321000 0 0
1484573809.193796000 0 0
1484573809.381402000 0 146
1484573809.388917000 0 0
1484573809.388374000 0 0
1484573809.412518000 0 181
1484573809.415371000 0 0
1484573809.420607000 2 0
1484573809.423347000 0 0
1484573809.425037000 0 0
1484573809.422825000 0 0
1484573809.430323000 0 2
1484573809.437263000 0 0
1484573809.442434000 0 0
1484573809.979760000 0 212
1484573809.987866000 0 0
1484573809.987312000 0 0
1484573810.154081000 0 0
1484573810.156286000 0 0
1484573810.158087000 0 0
1484573810.196435000 0 0
1484562446.441266000 0 32768
1484573810.213703000 0 0
1484562446.438645000 0 98408
1484573810.222608000 0 1833
1484573810.226546000 0 0
1484573810.229289000 0 0
1484573810.229861000 0 576
1484573810.232014000 0 0
1484573810.231428000 0 0
1484573810.274614000 0 241
1484573810.288779000 0 0
1484573810.283295000 0 0
1484573810.302250000 0 0
1484562445.257197000 0 32768
1484573810.311988000 0 0
1484562445.254889000 80 1025664
1484573810.322149000 0 0
1484573810.325634000 0 0
1484573810.354531000 0 0
1484562446.836766000 0 32768
1484573810.361740000 0 0
1484562446.829673000 0 65648
1484573810.371647000 0 0
1484573810.374655000 0 0
1484573810.380165000 0 0
1484573810.388489000 0 0
1484573810.395017000 0 0
1484573810.401599000 0 0
1484573810.408485000 0 0
1484573810.415822000 0 0
1484573810.422467000 0 0
1484573810.433312000 0 0
1484573810.437424000 0 81117
1484573810.472633000 0 0
1484573810.477036000 0 0
1484573810.482157000 0 0
1484573810.384135000 0 0
1484573810.486510000 0 0
1484573810.540941000 0 6557
1484573810.548822000 0 0
1484573810.548263000 0 0
1484573810.556575000 0 0
1484573810.552989000 0 0
1484550961.665056000 2523136 884736
1484550962.678560000 29696 0
1484550964.491937000 98304 0
1484573789.659668000 2109 0
1484552058.988211000 65536 0
1484550960.973617000 6144 0
1484550960.796597000 266240 4096
1484550960.824002000 8192 4096
1484550966.421934000 1409024 2555904
1484550966.355488000 98304 0
1484564873.713394000 98304 0
1484550964.811033000 57192 0
1484551169.713585000 0 0
1484565841.324757000 0 0
1484551169.826914000 0 0
1484550962.812339000 0 0
1484562446.965844000 0 0
1484562446.845084000 0 0
1484562443.914100000 0 0
