0.000000000000 0.000353107345
0.000370979309 0.000706214690
0.000786066055 0.001059322035
0.001485109329 0.001412429380
0.001637935638 0.001765536725
0.001667976379 0.002118644070
0.001938104630 0.002471751415
0.002073049545 0.002824858760
0.002472877502 0.003177966105
0.002537965775 0.003531073450
0.003381013870 0.003884180795
0.003470182419 0.004237288140
0.003561019897 0.004590395485
0.003737926483 0.004943502830
0.004347085953 0.005296610175
0.004808902740 0.005649717520
0.005053997040 0.006002824865
0.005553007126 0.006355932210
0.005630016327 0.006709039555
0.005749940872 0.007062146900
0.006006956100 0.007415254245
0.006078958511 0.007768361590
0.006114006042 0.008121468935
0.006248950958 0.008474576280
0.006306886673 0.008827683625
0.006357908249 0.009180790970
0.006393909454 0.009533898315
0.006470918655 0.009887005660
0.006474018097 0.010240113005
0.006539106369 0.010593220350
0.006577014923 0.010946327695
0.006602048874 0.011299435040
0.006608963013 0.011652542385
0.006663084030 0.012005649730
0.006669998169 0.012358757075
0.006680965424 0.012711864420
0.006883859634 0.013064971765
0.006973981857 0.013418079110
0.007002115250 0.013771186455
0.007145881653 0.014124293800
0.007240056992 0.014477401145
0.007265806198 0.014830508490
0.007268905640 0.015183615835
0.007272958755 0.015536723180
0.007357835770 0.015889830525
0.007483005524 0.016242937870
0.007493972778 0.016596045215
0.007534027100 0.016949152560
0.007545948029 0.017302259905
0.007554054260 0.017655367250
0.007575988770 0.018008474595
0.007653951645 0.018361581940
0.007692098618 0.018714689285
0.007725000381 0.019067796630
0.007771968842 0.019420903975
0.007884979248 0.019774011320
0.007992982864 0.020127118665
0.008032083511 0.020480226010
0.008086919785 0.020833333355
0.008096933365 0.021186440700
0.008121967316 0.021539548045
0.008235931396 0.021892655390
0.008246898651 0.022245762735
0.008308887482 0.022598870080
0.008327960968 0.022951977425
0.008374929428 0.023305084770
0.008395910263 0.023658192115
0.008507013321 0.024011299460
0.008640050888 0.024364406805
0.008698940277 0.024717514150
0.008713960648 0.025070621495
0.008811950684 0.025423728840
0.008915901184 0.025776836185
0.008952856064 0.026129943530
0.008960008621 0.026483050875
0.008974790573 0.026836158220
0.009021997452 0.027189265565
0.009064912796 0.027542372910
0.009072065353 0.027895480255
0.009082078934 0.028248587600
0.009142875671 0.028601694945
0.009143829346 0.028954802290
0.009171009064 0.029307909635
0.009252786636 0.029661016980
0.009334802628 0.030014124325
0.009369850159 0.030367231670
0.009464979172 0.030720339015
0.009518146515 0.031073446360
0.009520053864 0.031426553705
0.009522914886 0.031779661050
0.009546995163 0.032132768395
0.009607076645 0.032485875740
0.009641885757 0.032838983085
0.009798049927 0.033192090430
0.009804010391 0.033545197775
0.009896993637 0.033898305120
0.009953975677 0.034251412465
0.010010957718 0.034604519810
0.010024785995 0.034957627155
0.010046958923 0.035310734500
0.010076045990 0.035663841845
0.010183095932 0.036016949190
0.010209083557 0.036370056535
0.010235071182 0.036723163880
0.010295152664 0.037076271225
0.010304927826 0.037429378570
0.010306835175 0.037782485915
0.010318040848 0.038135593260
0.010324954987 0.038488700605
0.010335922241 0.038841807950
0.010416030884 0.039194915295
0.010420799255 0.039548022640
0.010463953018 0.039901129985
0.010557889938 0.040254237330
0.010589122772 0.040607344675
0.010632991791 0.040960452020
0.010728836060 0.041313559365
0.010762929916 0.041666666710
0.010791063309 0.042019774055
0.010794162750 0.042372881400
0.010809183121 0.042725988745
0.010941982269 0.043079096090
0.010951042175 0.043432203435
0.011053085327 0.043785310780
0.011228084564 0.044138418125
0.011338949203 0.044491525470
0.011377096176 0.044844632815
0.011420965195 0.045197740160
0.011530876160 0.045550847505
0.011628150940 0.045903954850
0.011641025543 0.046257062195
0.011722087860 0.046610169540
0.011735916138 0.046963276885
0.011744976044 0.047316384230
0.011765003204 0.047669491575
0.011847972870 0.048022598920
0.011857032776 0.048375706265
0.011877059937 0.048728813610
0.011888027191 0.049081920955
0.011937141418 0.049435028300
0.011987924576 0.049788135645
0.012047052383 0.050141242990
0.012080192566 0.050494350335
0.012092113495 0.050847457680
0.012169837952 0.051200565025
0.012177944183 0.051553672370
0.012269020081 0.051906779715
0.012274980545 0.052259887060
0.012296915054 0.052612994405
0.012301921844 0.052966101750
0.012314081192 0.053319209095
0.012319087982 0.053672316440
0.012326002121 0.054025423785
0.012415885925 0.054378531130
0.012463092804 0.054731638475
0.012514114380 0.055084745820
0.012542009354 0.055437853165
0.012578964233 0.055790960510
0.012609004974 0.056144067855
0.012609958649 0.056497175200
0.012634992599 0.056850282545
0.012701988220 0.057203389890
0.012760877609 0.057556497235
0.012794017792 0.057909604580
0.012810945511 0.058262711925
0.012817859650 0.058615819270
0.012917995453 0.058968926615
0.012970924377 0.059322033960
0.013000011444 0.059675141305
0.013031005859 0.060381355994
0.013044834137 0.060734463339
0.013076066971 0.061087570684
0.013167858124 0.061440678029
0.013172864914 0.061793785374
0.013234853745 0.062146892719
0.013258934021 0.062500000064
0.013261079788 0.062853107409
0.013298988342 0.063206214754
0.013333082199 0.063559322099
0.013407945633 0.063912429444
0.013502120972 0.064265536789
0.013503074646 0.064618644134
0.013553857803 0.064971751479
0.013555049896 0.065324858824
0.013566017151 0.065677966169
0.013621091843 0.066031073514
0.013632059097 0.066384180859
0.013641119003 0.066737288204
0.013751029968 0.067090395549
0.013780832291 0.067443502894
0.013782978058 0.067796610239
0.013852119446 0.068149717584
0.013928890228 0.068502824929
0.013936996460 0.068855932274
0.013962030411 0.069209039619
0.013989925385 0.069915254308
0.014012098312 0.070268361653
0.014021158218 0.070621468998
0.014045000076 0.070974576343
0.014081001282 0.071327683688
0.014090061188 0.071680791033
0.014099121094 0.072033898378
0.014117002487 0.072387005723
0.014137029648 0.072740113068
0.014158010483 0.073093220413
0.014163017273 0.073446327758
0.014171838760 0.073799435103
0.014188051224 0.074152542448
0.014190912247 0.074505649793
0.014194965363 0.074858757138
0.014222145081 0.075211864483
0.014236927032 0.075564971828
0.014249801636 0.075918079173
0.014251947403 0.076271186518
0.014275074005 0.076624293863
0.014356136322 0.076977401208
0.014391899109 0.077330508553
0.014409065247 0.077683615898
0.014412879944 0.078036723243
0.014423847198 0.078389830588
0.014443874359 0.078742937933
0.014460086823 0.079096045278
0.014467000961 0.079449152623
0.014524936676 0.079802259968
0.014569044113 0.080155367313
0.014570951462 0.080508474658
0.014575004578 0.080861582003
0.014593124390 0.081214689348
0.014627933502 0.081567796693
0.014642953873 0.081920904038
0.014652013779 0.082274011383
0.014674186707 0.082627118728
0.014699935913 0.082980226073
0.014708995819 0.083333333418
0.014760971069 0.083686440763
0.014768123627 0.084039548108
0.014774084091 0.084392655453
0.014796018600 0.084745762798
0.014855861664 0.085098870143
0.014861106873 0.085451977488
0.014899015427 0.085805084833
0.014916896820 0.086158192178
0.014945030212 0.086511299523
0.015010833740 0.086864406868
0.015019178391 0.087217514213
0.015032052994 0.087570621558
0.015048980713 0.087923728903
0.015079975128 0.088276836248
0.015087127686 0.088629943593
0.015097856522 0.088983050938
0.015123844147 0.089336158283
0.015133142471 0.089689265628
0.015140056610 0.090042372973
0.015159130096 0.090395480318
0.015172004700 0.090748587663
0.015186786652 0.091101695008
0.015238046646 0.091454802353
0.015264987946 0.091807909698
0.015301942825 0.092161017043
0.015347003937 0.092514124388
0.015381097794 0.092867231733
0.015416145325 0.093220339078
0.015436172485 0.093573446423
0.015442132950 0.093926553768
0.015457868576 0.094279661113
0.015465974808 0.094632768458
0.015522003174 0.094985875803
0.015524148941 0.095338983148
0.015538215637 0.095692090493
0.015580892563 0.096045197838
0.015671968460 0.096398305183
0.015731096268 0.096751412528
0.015810012817 0.097104519873
0.015860080719 0.097457627218
0.015901088715 0.097810734563
0.015937805176 0.098163841908
0.015954971313 0.098516949253
0.015980958939 0.098870056598
0.016024112701 0.099223163943
0.016119003296 0.099576271288
0.016132116318 0.099929378633
0.016175985336 0.100282485978
0.016203880310 0.100635593323
0.016231060028 0.100988700668
0.016238927841 0.101341808013
0.016242980957 0.101694915358
0.016290903091 0.102048022703
0.016315937042 0.102401130048
0.016340017319 0.102754237393
0.016401052475 0.103107344738
0.016417026520 0.103460452083
0.016429185867 0.103813559428
0.016457080841 0.104166666773
0.016506195068 0.104519774118
0.016508817673 0.104872881463
0.016509056091 0.105225988808
0.016511917114 0.105579096153
0.016563177109 0.105932203498
0.016569137573 0.106285310843
0.016587018967 0.106638418188
0.016633033752 0.106991525533
0.016659975052 0.107344632878
0.016666173935 0.107697740223
0.016675949097 0.108050847568
0.016691923141 0.108403954913
0.016752958298 0.109110169602
0.016767978668 0.109463276947
0.016773939133 0.109816384292
0.016826868057 0.110169491637
0.016834974289 0.110522598982
0.016849994659 0.110875706327
0.016908168793 0.111228813672
0.016910791397 0.111581921017
0.016930818558 0.111935028362
0.016942977905 0.112288135707
0.016993999481 0.112641243052
0.017010927200 0.112994350397
0.017014980316 0.113347457742
0.017019987106 0.113700565087
0.017027139664 0.114053672432
0.017040014267 0.114759887121
0.017055034637 0.115112994466
0.017065048218 0.115466101811
0.017074108124 0.115819209156
0.017081975937 0.116172316501
0.017089843750 0.116525423846
0.017103910446 0.116878531191
0.017123937607 0.117231638536
0.017153024673 0.117584745881
0.017173051834 0.117937853226
0.017252922058 0.118290960571
0.017294168472 0.118644067916
0.017302989960 0.118997175261
0.017314910889 0.119350282606
0.017315864563 0.119703389951
0.017328977585 0.120056497296
0.017343044281 0.120409604641
0.017364025116 0.120762711986
0.017374038696 0.121115819331
0.017423152924 0.121468926676
0.017518997192 0.121822034021
0.017529010773 0.122175141366
0.017540931702 0.122528248711
0.017557144165 0.122881356056
0.017616987228 0.123234463401
0.017693042755 0.123587570746
0.017723083496 0.123940678091
0.017763137817 0.124293785436
0.017766952515 0.124646892781
0.017800092697 0.125000000126
0.017802953720 0.125353107471
0.017842054367 0.125706214816
0.017879009247 0.126059322161
0.017904996872 0.126412429506
0.017907142639 0.126765536851
0.017933130264 0.127118644196
0.017938852310 0.127471751541
0.017945051193 0.127824858886
0.017953872681 0.128177966231
0.018052101135 0.128531073576
0.018241167068 0.128884180921
0.018246889114 0.129237288266
0.018289089203 0.129590395611
0.018409013748 0.129943502956
0.018411159515 0.130296610301
0.018413066864 0.130649717646
0.018528938293 0.131002824991
0.018587112427 0.131355932336
0.019078016281 0.131709039681
0.019172906876 0.132062147026
0.019195795059 0.132415254371
0.019267082214 0.132768361716
0.019365072250 0.133121469061
0.019436120987 0.133474576406
0.019499778748 0.133827683751
0.019551992416 0.134180791096
0.019630908966 0.134533898441
0.019632101059 0.134887005786
0.019661903381 0.135240113131
0.019859075546 0.135593220476
0.019865036011 0.135946327821
0.019871950150 0.136299435166
0.019908189774 0.136652542511
0.019974946976 0.137005649856
0.020027875900 0.137358757201
0.020034074783 0.137711864546
0.020102024078 0.138064971891
0.020458936691 0.138418079236
0.020648002625 0.138771186581
0.020659923553 0.139124293926
0.020828962326 0.139477401271
0.020843029022 0.139830508616
0.020868062973 0.140183615961
0.021029949188 0.140536723306
0.021091938019 0.140889830651
0.021160125732 0.141242937996
0.021512985229 0.141596045341
0.021646976471 0.141949152686
0.021661043167 0.142302260031
0.021662950516 0.142655367376
0.021670818329 0.143008474721
0.021883010864 0.143361582066
0.021953105927 0.143714689411
0.021960020065 0.144067796756
0.022029876709 0.144420904101
0.022079944611 0.144774011446
0.022243976593 0.145127118791
0.022369861603 0.145480226136
0.022388935089 0.145833333481
0.022630929947 0.146186440826
0.022729873657 0.146539548171
0.023011922836 0.146892655516
0.023025035858 0.147245762861
0.023031949997 0.147598870206
0.023149013519 0.147951977551
0.023174047470 0.148305084896
0.023208856583 0.148658192241
0.023293972015 0.149011299586
0.023349046707 0.149364406931
0.023402929306 0.149717514276
0.023427963257 0.150070621621
0.023597002029 0.150423728966
0.023648977280 0.150776836311
0.023772954941 0.151129943656
0.024168968201 0.151483051001
0.024176120758 0.151836158346
0.024259090424 0.152189265691
0.024446964264 0.152542373036
0.024512052536 0.152895480381
0.024540901184 0.153248587726
0.024550199509 0.153601695071
0.024554967880 0.153954802416
0.024617195129 0.154307909761
0.024747133255 0.154661017106
0.024771928787 0.155014124451
0.025012016296 0.155367231796
0.025112152100 0.155720339141
0.025665044785 0.156073446486
0.025691032410 0.156426553831
0.026078939438 0.156779661176
0.026102066040 0.157132768521
0.026355981827 0.157485875866
0.026566982269 0.157838983211
0.026665925980 0.158192090556
0.026898860931 0.158545197901
0.026978015900 0.158898305246
0.027465820312 0.159251412591
0.027675867081 0.159604519936
0.027691125870 0.159957627281
0.027800083160 0.160310734626
0.027834892273 0.160663841971
0.027867078781 0.161016949316
0.027957916260 0.161370056661
0.028055906296 0.161723164006
0.028266906738 0.162076271351
0.028344869614 0.162429378696
0.028384923935 0.162782486041
0.028586149216 0.163135593386
0.028661966324 0.163488700731
0.028704881668 0.163841808076
0.028790950775 0.164194915421
0.028797864914 0.164548022766
0.028977870941 0.164901130111
0.028980016708 0.165254237456
0.029060125351 0.165607344801
0.029079914093 0.165960452146
0.029112100601 0.166313559491
0.029133081436 0.166666666836
0.029198169708 0.167019774181
0.029325008392 0.167372881526
0.029568910599 0.167725988871
0.029572010040 0.168079096216
0.029579162598 0.168432203561
0.029685974121 0.168785310906
0.029701948166 0.169138418251
0.029709100723 0.169491525596
0.029797077179 0.169844632941
0.029867172241 0.170197740286
0.029998779297 0.170550847631
0.030012845993 0.170903954976
0.030030965805 0.171257062321
0.030107975006 0.171610169666
0.030128002167 0.171963277011
0.030169010162 0.172316384356
0.030174016953 0.172669491701
0.030226945877 0.173022599046
0.030300855637 0.173375706391
0.030439853668 0.173728813736
0.030545234680 0.174081921081
0.030598163605 0.174435028426
0.030699968338 0.174788135771
0.030746936798 0.175141243116
0.030822992325 0.175494350461
0.030857086182 0.175847457806
0.030872106552 0.176200565151
0.030894041061 0.176553672496
0.030930042267 0.176906779841
0.030997037888 0.177259887186
0.031010866165 0.177612994531
0.031122922897 0.177966101876
0.031131982803 0.178319209221
0.031140089035 0.178672316566
0.031223058701 0.179025423911
0.031275033951 0.179378531256
0.031329870224 0.179731638601
0.031360864639 0.180084745946
0.031404018402 0.180437853291
0.031419992447 0.180790960636
0.031522035599 0.181144067981
0.031547069550 0.181497175326
0.031569004059 0.181850282671
0.031622886658 0.182203390016
0.031630992889 0.182556497361
0.031666040421 0.182909604706
0.031694889069 0.183262712051
0.031702995300 0.183615819396
0.031754970551 0.183968926741
0.031805992126 0.184322034086
0.031810998917 0.184675141431
0.031816005707 0.185028248776
0.031959056854 0.185381356121
0.032027006149 0.185734463466
0.032227993011 0.186087570811
0.032272100449 0.186440678156
0.032383203506 0.186793785501
0.032402992249 0.187146892846
0.032432079315 0.187500000191
0.032481908798 0.187853107536
0.032544851303 0.188206214881
0.032646894455 0.188559322226
0.032675027847 0.188912429571
0.032692909241 0.189265536916
0.032741069794 0.189618644261
0.032797813416 0.189971751606
0.032801866531 0.190324858951
0.032863855362 0.190677966296
0.032920837402 0.191031073641
0.033025026321 0.191384180986
0.033161163330 0.191737288331
0.033427000046 0.192090395676
0.033447027206 0.192443503021
0.033473968506 0.192796610366
0.033783912659 0.193149717711
0.034476995468 0.193502825056
0.034555196762 0.193855932401
0.034887075424 0.194209039746
0.035372972488 0.194562147091
0.035597085953 0.194915254436
0.035693168640 0.195268361781
0.035835027695 0.195621469126
0.036033868790 0.195974576471
0.036081790924 0.196327683816
0.036554098129 0.196680791161
0.036557912827 0.197033898506
0.036834001541 0.197387005851
0.037306070328 0.197740113196
0.037513017654 0.198093220541
0.037536859512 0.198446327886
0.038095951080 0.198799435231
0.038203001022 0.199152542576
0.038310050964 0.199505649921
0.038743972778 0.199858757266
0.038918972015 0.200211864611
0.039588928223 0.200564971956
0.039622068405 0.200918079301
0.040848016739 0.201271186646
0.041790008545 0.201624293991
0.041888952255 0.201977401336
0.042033910751 0.202330508681
0.042418003082 0.202683616026
0.042754888535 0.203036723371
0.043007850647 0.203389830716
0.043107032776 0.203742938061
0.043249130249 0.204096045406
0.043916940689 0.204449152751
0.044981002808 0.204802260096
0.045411109924 0.205155367441
0.045580148697 0.205508474786
0.045773983002 0.205861582131
0.046953916550 0.206214689476
0.047044992447 0.206567796821
0.047298908234 0.206920904166
0.048058986664 0.207274011511
0.050102949142 0.207627118856
0.050212144852 0.207980226201
0.050837039948 0.208333333546
0.050839900970 0.208686440891
0.052116155624 0.209039548236
0.054840087891 0.209392655581
0.055560827255 0.209745762926
0.055741071701 0.210098870271
0.055918931961 0.210451977616
0.056547880173 0.210805084961
0.056625843048 0.211158192306
0.058270931244 0.211511299651
0.059211015701 0.211864406996
0.059797048569 0.212217514341
0.060361862183 0.212570621686
0.061033010483 0.212923729031
0.061734914780 0.213276836376
0.061802864075 0.213629943721
0.062062025070 0.213983051066
0.062280178070 0.214336158411
0.064213991165 0.214689265756
0.064239978790 0.215042373101
0.064329862595 0.215395480446
0.064524173737 0.215748587791
0.064702987671 0.216101695136
0.064877986908 0.216454802481
0.065577030182 0.216807909826
0.065854072571 0.217161017171
0.066655874252 0.217514124516
0.067209005356 0.217867231861
0.067774057388 0.218220339206
0.068693161011 0.218573446551
0.069444179535 0.218926553896
0.071080207825 0.219279661241
0.072106838226 0.219632768586
0.072631120682 0.219985875931
0.073007106781 0.220338983276
0.073564052582 0.220692090621
0.075807094574 0.221045197966
0.076624870300 0.221398305311
0.077258110046 0.221751412656
0.077473878860 0.222104520001
0.080219984055 0.222457627346
0.082258939743 0.222810734691
0.082768917084 0.223163842036
0.089131116867 0.223516949381
0.091030120850 0.223870056726
0.091698169708 0.224223164071
0.093081951141 0.224576271416
0.094735145569 0.224929378761
0.096368074417 0.225282486106
0.099229097366 0.225635593451
0.099639177322 0.225988700796
0.103557109833 0.226341808141
0.104831933975 0.226694915486
0.109189987183 0.227048022831
0.111228942871 0.227401130176
0.118710994720 0.227754237521
0.119026899338 0.228107344866
0.123323202133 0.228460452211
0.125895023346 0.228813559556
0.140358924866 0.229166666901
0.141307115555 0.229519774246
0.148228883743 0.229872881591
0.149048805237 0.230225988936
0.154015064240 0.230579096281
0.154585123062 0.230932203626
0.156866073608 0.231285310971
0.157190084457 0.231638418316
0.157793998718 0.231991525661
0.158328056335 0.232344633006
0.159264087677 0.232697740351
0.164746999741 0.233050847696
0.166281938553 0.233403955041
0.170325040817 0.233757062386
0.170717954636 0.234110169731
0.170861959457 0.234463277076
0.172630071640 0.234816384421
0.173359870911 0.235169491766
0.177824020386 0.235522599111
0.180859804153 0.235875706456
0.182682991028 0.236228813801
0.188034057617 0.236581921146
0.189234972000 0.236935028491
0.193547010422 0.237288135836
0.199805974960 0.237641243181
0.205185890198 0.237994350526
0.208336114883 0.238347457871
0.216291904449 0.238700565216
0.217447996140 0.239053672561
0.226685047150 0.239406779906
0.228328943253 0.239759887251
0.231896877289 0.240112994596
0.239897012711 0.240466101941
0.241376876831 0.240819209286
0.245888948441 0.241172316631
0.247398853302 0.241525423976
0.250922918320 0.241878531321
0.253704071045 0.242231638666
0.262317895889 0.242584746011
0.264055013657 0.242937853356
0.266294956207 0.243290960701
0.292272090912 0.243644068046
0.296965122223 0.243997175391
0.303267955780 0.244350282736
0.306998968124 0.244703390081
0.313353061676 0.245056497426
0.314281940460 0.245409604771
0.315243005753 0.245762712116
0.331120014191 0.246115819461
0.337951898575 0.246468926806
0.343353033066 0.246822034151
0.364069223404 0.247175141496
0.368888139725 0.247528248841
0.385816097260 0.247881356186
0.390107870102 0.248234463531
0.391486167908 0.248587570876
0.393134117126 0.248940678221
0.404809951782 0.249293785566
0.410475015640 0.249646892911
0.415766954422 0.250000000256
0.421547889709 0.250353107601
0.422785043716 0.250706214946
0.424517154694 0.251059322291
0.429239034653 0.251412429636
0.434076070786 0.251765536981
0.436686038971 0.252118644326
0.438446998596 0.252471751671
0.453894138336 0.252824859016
0.455947875977 0.253177966361
0.469960927963 0.253531073706
0.472368001938 0.253884181051
0.473698854446 0.254237288396
0.474582910538 0.254590395741
0.477521896362 0.254943503086
0.478968858719 0.255296610431
0.479922056198 0.255649717776
0.483617067337 0.256002825121
0.495782852173 0.256355932466
0.515160083771 0.256709039811
0.540445089340 0.257062147156
0.554522037506 0.257415254501
0.561626911163 0.257768361846
0.572374105453 0.258121469191
0.595969915390 0.258474576536
0.605499982834 0.258827683881
0.606832981110 0.259180791226
0.642269134521 0.259533898571
0.671843051910 0.259887005916
0.674387931824 0.260240113261
0.691200971603 0.260593220606
0.700165987015 0.260946327951
0.756174802780 0.261299435296
0.770167112350 0.261652542641
0.812838077545 0.262005649986
0.815938949585 0.262358757331
0.817837953568 0.262711864676
0.822686910629 0.263064972021
0.823182821274 0.263418079366
0.826191902161 0.263771186711
0.827121973038 0.264124294056
0.827816009521 0.264477401401
0.830487966537 0.264830508746
0.832143068314 0.265183616091
0.835536003113 0.265536723436
0.850408792496 0.265889830781
0.851356029510 0.266242938126
0.874384164810 0.266596045471
0.880214929581 0.266949152816
0.892904996872 0.267302260161
0.905476093292 0.267655367506
0.910268068314 0.268008474851
0.911796808243 0.268361582196
0.939820051193 0.268714689541
0.968995094299 0.269067796886
0.987449884415 0.269420904231
1.048763990402 0.269774011576
1.053543090820 0.270127118921
1.078911066055 0.270480226266
1.102648019791 0.270833333611
1.111303091049 0.271186440956
1.112105131149 0.271539548301
1.114290952682 0.271892655646
1.141845941544 0.272245762991
1.165422916412 0.272598870336
1.180222988129 0.272951977681
1.211786031723 0.273305085026
1.219975948334 0.273658192371
1.222176074982 0.274011299716
1.226964950562 0.274364407061
1.315363168716 0.274717514406
1.343019008636 0.275070621751
1.362949132919 0.275423729096
1.364140033722 0.275776836441
1.450811147690 0.276129943786
1.463023900986 0.276483051131
1.484504938126 0.276836158476
1.529011011124 0.277189265821
1.535742044449 0.277542373166
1.562341928482 0.277895480511
1.694350004196 0.278248587856
1.707092046738 0.278601695201
1.710667848587 0.278954802546
1.776473999023 0.279307909891
1.789707899094 0.279661017236
1.864496946335 0.280014124581
1.897002935410 0.280367231926
1.908384084702 0.280720339271
1.922859191895 0.281073446616
1.935232877731 0.281426553961
1.952594995499 0.281779661306
2.012710094452 0.282132768651
2.086534976959 0.282485875996
2.094163894653 0.282838983341
2.105293989182 0.283192090686
2.143063783646 0.283545198031
2.166270017624 0.283898305376
2.197453975677 0.284251412721
2.217519998550 0.284604520066
2.395273208618 0.284957627411
2.400261878967 0.285310734756
2.515323877335 0.285663842101
2.560301780701 0.286016949446
2.570499181747 0.286370056791
2.656083822250 0.286723164136
2.670716047287 0.287076271481
2.719890117645 0.287429378826
2.730916976929 0.287782486171
2.863773107529 0.288135593516
2.872467041016 0.288488700861
2.889091968536 0.288841808206
2.908121824265 0.289194915551
2.910526990891 0.289548022896
2.919270038605 0.289901130241
3.003041982651 0.290254237586
3.034027099609 0.290607344931
3.048065900803 0.290960452276
3.219763040543 0.291313559621
3.259380817413 0.291666666966
3.307921886444 0.292019774311
3.366358041763 0.292372881656
3.401674985886 0.292725989001
3.419450998306 0.293079096346
3.460005044937 0.293432203691
3.488949060440 0.293785311036
3.606539964676 0.294138418381
3.677875995636 0.294491525726
3.708663940430 0.294844633071
3.755074024200 0.295197740416
3.780566930771 0.295550847761
3.900094032288 0.295903955106
3.974895954132 0.296257062451
4.087460994720 0.296610169796
4.137175083160 0.296963277141
4.386795043945 0.297316384486
4.797559976578 0.297669491831
4.831127882004 0.298022599176
4.858294010162 0.298375706521
4.913292169571 0.298728813866
4.913495063782 0.299081921211
5.000461101532 0.299435028556
5.758344888687 0.299788135901
6.067777156830 0.300141243246
6.227530002594 0.300494350591
6.238857030869 0.300847457936
6.549924850464 0.301200565281
6.626425981522 0.301553672626
6.646358013153 0.301906779971
6.871032953262 0.302259887316
7.191572904587 0.302612994661
7.233599901199 0.302966102006
7.269200801849 0.303319209351
7.711951017380 0.303672316696
7.931618213654 0.304025424041
8.097037076950 0.304378531386
8.182240009308 0.304731638731
8.361588001251 0.305084746076
8.527048826218 0.305437853421
8.787233114243 0.305790960766
8.868520021439 0.306144068111
8.914513826370 0.306497175456
8.942189216614 0.306850282801
9.005436897278 0.307203390146
9.108712196350 0.307556497491
9.446352958679 0.307909604836
9.474898815155 0.308262712181
9.481558799744 0.308615819526
9.534443140030 0.308968926871
9.617180109024 0.309322034216
9.631305932999 0.309675141561
9.657649040222 0.310028248906
9.931056022644 0.310381356251
9.985659837723 0.310734463596
10.481858968735 0.311087570941
10.508054971695 0.311440678286
10.577016115189 0.311793785631
10.616110086441 0.312146892976
10.680067062378 0.312500000321
10.735343933105 0.312853107666
11.251163005829 0.313206215011
11.346315145493 0.313559322356
11.864442110062 0.313912429701
11.883322000504 0.314265537046
11.985010862350 0.314618644391
12.026566982269 0.314971751736
12.103452920914 0.315324859081
12.172991037369 0.315677966426
12.364748001099 0.316031073771
12.732528924942 0.316384181116
12.814092159271 0.316737288461
12.871494054794 0.317090395806
13.253835201263 0.317443503151
13.289674997330 0.317796610496
13.402489185333 0.318149717841
13.466814994812 0.318502825186
13.546926021576 0.318855932531
13.961835861206 0.319209039876
14.508671998978 0.319562147221
15.114465951920 0.319915254566
15.440005064011 0.320268361911
15.680281162262 0.320621469256
16.166740894318 0.320974576601
16.620944023132 0.321327683946
17.024604797363 0.321680791291
17.297708034515 0.322033898636
17.305366039276 0.322387005981
17.483541965485 0.322740113326
17.564486026764 0.323093220671
17.688735008240 0.323446328016
17.998361825943 0.323799435361
18.815690040588 0.324152542706
18.926254987717 0.324505650051
19.006745100021 0.324858757396
19.428845882416 0.325211864741
19.616652011871 0.325564972086
19.694868087769 0.325918079431
20.428040981293 0.326271186776
20.478668928146 0.326624294121
20.499098062515 0.326977401466
20.560348033905 0.327330508811
20.653851032257 0.327683616156
20.814370155334 0.328036723501
20.902106046677 0.328389830846
21.326228141785 0.328742938191
21.405982017517 0.329096045536
21.419507026672 0.329449152881
21.424319982529 0.329802260226
21.433871030807 0.330155367571
21.434527873993 0.330508474916
21.438157081604 0.330861582261
21.439131975174 0.331214689606
21.439970016479 0.331567796951
21.440736055374 0.331920904296
21.442488193512 0.332274011641
21.446091175079 0.332627118986
21.447004079819 0.332980226331
21.447663068771 0.333333333676
21.449206829071 0.333686441021
21.449792861938 0.334039548366
21.449982166290 0.334392655711
21.451576948166 0.334745763056
21.451848983765 0.335098870401
21.451941967010 0.335451977746
21.453124046326 0.335805085091
21.453798055649 0.336158192436
21.482596874237 0.336511299781
21.668761014938 0.336864407126
21.742217063904 0.337217514471
21.775625944138 0.337570621816
21.778441905975 0.337923729161
21.808388948441 0.338276836506
21.810608148575 0.338629943851
21.810695886612 0.338983051196
21.812983036041 0.339336158541
21.850100040436 0.339689265886
21.872828960419 0.340042373231
21.883225917816 0.340395480576
21.884279012680 0.340748587921
21.884464025497 0.341101695266
21.884918212891 0.341454802611
21.888738870621 0.341807909956
22.076427936554 0.342161017301
22.269809961319 0.342514124646
23.010890960693 0.342867231991
23.139153957367 0.343220339336
23.928727149963 0.343573446681
24.072373867035 0.343926554026
24.130805015564 0.344279661371
24.385710000992 0.344632768716
24.937591075897 0.344985876061
24.986151218414 0.345338983406
25.503155946732 0.345692090751
25.534648895264 0.346045198096
25.756763935089 0.346398305441
25.895642042160 0.346751412786
25.978477001190 0.347104520131
26.470640182495 0.347457627476
27.035010099411 0.347810734821
27.169788837433 0.348163842166
27.482197046280 0.348516949511
27.573376178741 0.348870056856
27.678291797638 0.349223164201
27.740979909897 0.349576271546
28.100003957748 0.349929378891
28.408463954926 0.350282486236
28.507294893265 0.350635593581
28.694894075394 0.350988700926
28.830075979233 0.351341808271
28.849561929703 0.351694915616
29.628000974655 0.352048022961
29.886723995209 0.352401130306
29.943253040314 0.352754237651
30.573505163193 0.353107344996
31.357807159424 0.353460452341
31.398287057877 0.353813559686
31.603214979172 0.354166667031
32.106806039810 0.354519774376
32.200950860977 0.354872881721
32.484761953354 0.355225989066
32.951017856598 0.355579096411
33.121756076813 0.355932203756
33.233522891998 0.356285311101
33.450693845749 0.356638418446
33.454816102982 0.356991525791
33.459017992020 0.357344633136
33.462860107422 0.357697740481
33.592972993851 0.358050847826
33.656631946564 0.358403955171
33.848819017410 0.358757062516
33.929153919220 0.359110169861
34.069498062134 0.359463277206
34.707519054413 0.359816384551
34.858915090561 0.360169491896
35.070929050446 0.360522599241
35.327514171600 0.360875706586
35.490288019180 0.361228813931
35.788433074951 0.361581921276
35.990181922913 0.361935028621
36.031363964081 0.362288135966
37.065796136856 0.362641243311
37.147751092911 0.362994350656
37.679929971695 0.363347458001
37.802775859833 0.363700565346
37.913692951202 0.364053672691
38.658353090286 0.364406780036
38.824208021164 0.364759887381
39.457140922546 0.365112994726
39.736982822418 0.365466102071
39.792568922043 0.365819209416
40.477756023407 0.366172316761
40.962646961212 0.366525424106
41.063330888748 0.366878531451
41.590504884720 0.367231638796
42.435195922852 0.367584746141
42.707339048386 0.367937853486
43.380752086639 0.368290960831
44.612031936646 0.368644068176
45.266074180603 0.368997175521
45.984511852264 0.369350282866
46.766551017761 0.369703390211
46.804161071777 0.370056497556
47.116968154907 0.370409604901
49.631812095642 0.370762712246
49.752698898315 0.371115819591
49.795439958572 0.371468926936
49.880299091339 0.371822034281
50.000535011292 0.372175141626
50.235141038895 0.372528248971
50.384639024734 0.372881356316
51.477882862091 0.373234463661
51.642999887466 0.373587571006
51.961712121964 0.373940678351
51.964944124222 0.374293785696
52.324694871902 0.374646893041
53.133837938309 0.375000000386
53.216049909592 0.375353107731
53.255475044250 0.375706215076
53.548305034637 0.376059322421
54.313901901245 0.376412429766
55.595421075821 0.376765537111
55.893846035004 0.377118644456
56.193425178528 0.377471751801
56.218575000763 0.377824859146
56.756649971008 0.378177966491
57.217374086380 0.378531073836
57.266345977783 0.378884181181
58.058748006821 0.379237288526
58.297507047653 0.379590395871
58.371543884277 0.379943503216
58.471596002579 0.380296610561
59.010648012161 0.380649717906
59.108760118484 0.381002825251
59.228435039520 0.381355932596
60.051343917847 0.381709039941
60.055969953537 0.382062147286
60.456598997116 0.382415254631
60.474550962448 0.382768361976
60.808511018753 0.383121469321
61.415526151657 0.383474576666
62.207923889160 0.383827684011
62.651389837265 0.384180791356
62.909157037735 0.384533898701
63.148928880692 0.384887006046
63.322551965714 0.385240113391
63.873957157135 0.385593220736
63.914806127548 0.385946328081
64.326439142227 0.386299435426
64.388072013855 0.386652542771
64.857872009277 0.387005650116
65.859153032303 0.387358757461
66.894021987915 0.387711864806
67.106525897980 0.388064972151
67.175707817078 0.388418079496
67.614868879318 0.388771186841
67.662144899368 0.389124294186
68.804637193680 0.389477401531
69.578166961670 0.389830508876
69.712628841400 0.390183616221
69.953809976578 0.390536723566
70.051470041275 0.390889830911
70.106886863708 0.391242938256
70.740741968155 0.391596045601
71.181664943695 0.391949152946
71.761579990387 0.392302260291
71.786894083023 0.392655367636
71.944450139999 0.393008474981
72.063732862473 0.393361582326
72.098177909851 0.393714689671
72.120183944702 0.394067797016
73.253329038620 0.394420904361
73.366862058640 0.394774011706
74.031131029129 0.395127119051
74.688277959824 0.395480226396
75.082733869553 0.395833333741
75.084218025208 0.396186441086
75.086773157120 0.396539548431
75.093801975250 0.396892655776
75.093914985657 0.397245763121
75.095077037811 0.397598870466
75.096218109131 0.397951977811
75.096765041351 0.398305085156
75.098114013672 0.398658192501
75.101489067078 0.399011299846
75.105627775192 0.399364407191
75.149503946304 0.399717514536
75.159277200699 0.400070621881
75.222218036652 0.400423729226
75.227434158325 0.400776836571
75.240587949753 0.401129943916
75.246503829956 0.401483051261
75.247551918030 0.401836158606
75.250185012817 0.402189265951
75.258626937866 0.402542373296
75.307319879532 0.402895480641
75.308638095856 0.403248587986
75.310015916824 0.403601695331
75.317795038223 0.403954802676
75.401021957397 0.404307910021
75.406347990036 0.404661017366
75.412299871445 0.405014124711
75.418747901917 0.405367232056
75.428591012955 0.405720339401
75.755327939987 0.406073446746
75.931001186371 0.406426554091
77.454969882965 0.406779661436
77.476255178452 0.407132768781
77.487104177475 0.407485876126
77.532139062881 0.407838983471
77.852091073990 0.408192090816
77.971016168594 0.408545198161
78.647655010223 0.408898305506
78.888900995255 0.409251412851
79.692629098892 0.409604520196
79.730579137802 0.409957627541
79.994290113449 0.410310734886
80.374094009399 0.410663842231
80.472357034683 0.411016949576
80.985126018524 0.411370056921
81.660791873932 0.411723164266
81.821498155594 0.412076271611
82.135884046555 0.412429378956
82.266314029694 0.412782486301
82.535288095474 0.413135593646
82.540723800659 0.413488700991
82.780478954315 0.413841808336
82.979524135590 0.414194915681
83.350892066956 0.414548023026
83.527236938477 0.414901130371
85.009737014771 0.415254237716
85.265995979309 0.415607345061
86.430279970169 0.415960452406
86.483103036880 0.416313559751
87.087805986404 0.416666667096
87.204480171204 0.417019774441
87.210130929947 0.417372881786
89.193013191223 0.417725989131
89.740525960922 0.418079096476
90.615907907486 0.418432203821
91.128968000412 0.418785311166
91.839502096176 0.419138418511
91.874492883682 0.419491525856
92.392869949341 0.419844633201
93.696527957916 0.420197740546
94.806639909744 0.420550847891
96.844534873962 0.420903955236
97.362571001053 0.421257062581
97.572818994522 0.421610169926
98.314577102661 0.421963277271
98.966697931290 0.422316384616
98.969636201859 0.422669491961
99.292468070984 0.423022599306
99.436493158340 0.423375706651
99.629633903503 0.423728813996
101.671047925949 0.424081921341
101.756622076035 0.424435028686
101.762006998062 0.424788136031
101.784347772598 0.425141243376
101.800715923309 0.425494350721
101.862050056458 0.425847458066
102.310672998428 0.426200565411
102.332576990128 0.426553672756
102.948127985001 0.426906780101
104.299603939056 0.427259887446
104.483017206192 0.427612994791
104.947761058807 0.427966102136
105.314846992493 0.428319209481
106.194893121719 0.428672316826
106.636732101440 0.429025424171
107.100106954575 0.429378531516
107.597823143005 0.429731638861
108.551218986511 0.430084746206
108.643772840500 0.430437853551
110.413618087769 0.430790960896
111.471415996552 0.431144068241
111.665122032166 0.431497175586
112.273308992386 0.431850282931
112.304189920425 0.432203390276
112.610403060913 0.432556497621
113.205204010010 0.432909604966
113.803822040558 0.433262712311
114.623831987381 0.433615819656
114.773123025894 0.433968927001
114.905961036682 0.434322034346
115.314892053604 0.434675141691
115.453441143036 0.435028249036
115.707586050034 0.435381356381
116.025479078293 0.435734463726
117.114769935608 0.436087571071
119.049679994583 0.436440678416
119.152572154999 0.436793785761
119.733481884003 0.437146893106
120.019457817078 0.437500000451
120.141420125961 0.437853107796
120.153839111328 0.438206215141
120.381198883057 0.438559322486
120.780243873596 0.438912429831
121.698518991470 0.439265537176
121.760116100311 0.439618644521
122.590960025787 0.439971751866
124.531850099564 0.440324859211
125.273602008820 0.440677966556
126.337851047516 0.441031073901
126.580729007721 0.441384181246
126.878407001495 0.441737288591
127.119096994400 0.442090395936
127.237350940704 0.442443503281
127.526823043823 0.442796610626
127.682221889496 0.443149717971
128.302927017212 0.443502825316
128.563568115234 0.443855932661
128.699215888977 0.444209040006
129.124768972397 0.444562147351
129.160146951675 0.444915254696
129.176879882812 0.445268362041
129.692573070526 0.445621469386
129.811794042587 0.445974576731
131.324544906616 0.446327684076
131.413702011108 0.446680791421
131.904674053192 0.447033898766
132.068762063980 0.447387006111
132.864499807358 0.447740113456
133.429054975510 0.448093220801
133.598387956619 0.448446328146
134.273584127426 0.448799435491
134.387685060501 0.449152542836
134.729095935822 0.449505650181
135.029552936554 0.449858757526
136.146980047226 0.450211864871
136.375687122345 0.450564972216
136.668519973755 0.450918079561
136.977154970169 0.451271186906
139.039792060852 0.451624294251
139.234791040421 0.451977401596
139.498904228210 0.452330508941
139.851214885712 0.452683616286
139.980581998825 0.453036723631
140.227401971817 0.453389830976
140.564242124557 0.453742938321
140.844083070755 0.454096045666
141.015752077103 0.454449153011
141.872054815292 0.454802260356
141.971704959869 0.455155367701
142.503216981888 0.455508475046
143.856173038483 0.455861582391
144.201206922531 0.456214689736
144.461156845093 0.456567797081
144.499085903168 0.456920904426
144.640202999115 0.457274011771
144.704149961472 0.457627119116
144.866806030273 0.457980226461
145.107007026672 0.458333333806
146.799271106720 0.458686441151
146.947468996048 0.459039548496
147.369168043137 0.459392655841
147.447046041489 0.459745763186
147.815299987793 0.460098870531
147.982177972794 0.460451977876
148.208990097046 0.460805085221
148.229077100754 0.461158192566
148.260189056396 0.461511299911
148.292962074280 0.461864407256
148.501320838928 0.462217514601
148.503180027008 0.462570621946
148.510704994202 0.462923729291
148.619433879852 0.463276836636
148.621845006943 0.463629943981
148.719515085220 0.463983051326
149.096583127975 0.464336158671
149.106729030609 0.464689266016
149.561105012894 0.465042373361
149.771347999573 0.465395480706
149.986484050751 0.465748588051
150.331314086914 0.466101695396
150.345780849457 0.466454802741
150.932969093323 0.466807910086
151.306476116180 0.467161017431
151.312303781509 0.467514124776
151.410047054291 0.467867232121
151.527589082718 0.468220339466
151.529767036438 0.468573446811
151.697711944580 0.468926554156
151.740120887756 0.469279661501
151.781248807907 0.469632768846
151.830137014389 0.469985876191
152.048286199570 0.470338983536
152.088549852371 0.470692090881
152.363316059113 0.471045198226
152.577600002289 0.471398305571
152.700823068619 0.471751412916
153.010525941849 0.472104520261
153.768049001694 0.472457627606
154.986402034760 0.472810734951
155.201550960541 0.473163842296
155.565817117691 0.473516949641
155.649842023849 0.473870056986
156.118391036987 0.474223164331
156.158937931061 0.474576271676
156.785313844681 0.474929379021
158.150367021561 0.475282486366
158.174851894379 0.475635593711
158.434162855148 0.475988701056
159.058763027191 0.476341808401
159.464304924011 0.476694915746
160.034221887589 0.477048023091
160.134827136993 0.477401130436
160.228251934052 0.477754237781
160.444472074509 0.478107345126
160.818253993988 0.478460452471
163.886194944382 0.478813559816
164.055150032043 0.479166667161
165.007540225983 0.479519774506
165.116072893143 0.479872881851
165.666553020477 0.480225989196
166.093086957932 0.480579096541
166.354391098022 0.480932203886
167.159150123596 0.481285311231
167.979623794556 0.481638418576
168.712568044662 0.481991525921
170.337670087814 0.482344633266
170.402231931686 0.482697740611
170.851243972778 0.483050847956
171.244374990463 0.483403955301
171.265125036240 0.483757062646
171.320749998093 0.484110169991
171.729308128357 0.484463277336
171.762704849243 0.484816384681
172.397402048111 0.485169492026
172.903213024139 0.485522599371
173.265717983246 0.485875706716
173.402470111847 0.486228814061
173.718034982681 0.486581921406
174.018964052200 0.486935028751
175.325001001358 0.487288136096
175.511595964432 0.487641243441
176.131705999374 0.487994350786
177.074567079544 0.488347458131
179.259336948395 0.488700565476
179.589202880859 0.489053672821
179.628517150879 0.489406780166
179.660916090012 0.489759887511
179.823689937592 0.490112994856
180.637614965439 0.490466102201
180.682874917984 0.490819209546
181.001204013824 0.491172316891
182.550429821014 0.491525424236
182.803028821945 0.491878531581
182.944610118866 0.492231638926
183.517320156097 0.492584746271
184.016996860504 0.492937853616
184.366155862808 0.493290960961
184.794955015182 0.493644068306
184.995671987534 0.493997175651
185.812886953354 0.494350282996
186.279361963272 0.494703390341
186.347180843353 0.495056497686
186.680772066116 0.495409605031
187.156355857849 0.495762712376
187.167691946030 0.496115819721
187.390599966049 0.496468927066
187.434175968170 0.496822034411
187.772212982178 0.497175141756
188.457009077072 0.497528249101
188.576368808746 0.497881356446
188.818460226059 0.498234463791
191.939970016479 0.498587571136
192.064180850983 0.498940678481
192.916369915009 0.499293785826
194.447999954224 0.499646893171
194.744852066040 0.500000000516
195.571120977402 0.500353107861
196.859890937805 0.500706215206
197.693832159042 0.501059322551
197.714304924011 0.501412429896
198.206356048584 0.501765537241
198.221008062363 0.502118644586
198.257437229156 0.502471751931
198.318043947220 0.502824859276
200.339688062668 0.503177966621
200.601980924606 0.503531073966
204.644865989685 0.503884181311
204.902235031128 0.504237288656
205.811794042587 0.504590396001
207.148597955704 0.504943503346
208.158082008362 0.505296610691
208.197103023529 0.505649718036
209.408792018890 0.506002825381
209.596468925476 0.506355932726
210.156045913696 0.506709040071
210.824913024902 0.507062147416
211.110844135284 0.507415254761
211.502799034119 0.507768362106
211.632326126099 0.508121469451
212.820273160934 0.508474576796
212.936269998550 0.508827684141
212.953522920609 0.509180791486
213.594369173050 0.509533898831
213.958173036575 0.509887006176
214.210258007050 0.510240113521
214.765918970108 0.510593220866
216.663651943207 0.510946328211
216.908940076828 0.511299435556
217.552994012833 0.511652542901
218.222003936768 0.512005650246
221.419615030289 0.512358757591
221.956444978714 0.512711864936
222.492411851883 0.513064972281
222.684032201767 0.513418079626
222.768672943115 0.513771186971
223.231584072113 0.514124294316
224.296645164490 0.514477401661
224.612485885620 0.514830509006
224.627050161362 0.515183616351
224.644154071808 0.515536723696
224.707297086716 0.515889831041
224.722492933273 0.516242938386
224.731124162674 0.516596045731
224.732299089432 0.516949153076
224.735124111176 0.517302260421
224.780322074890 0.517655367766
224.786518096924 0.518008475111
224.794847011566 0.518361582456
224.799791097641 0.518714689801
224.819407939911 0.519067797146
224.875682830811 0.519420904491
224.892972946167 0.519774011836
224.942346096039 0.520127119181
224.943303823471 0.520480226526
224.944421052933 0.520833333871
224.946624040604 0.521186441216
224.946856975555 0.521539548561
224.947799921036 0.521892655906
224.950613975525 0.522245763251
224.955166101456 0.522598870596
224.955224037170 0.522951977941
227.939507007599 0.523305085286
227.986246109009 0.523658192631
228.107661962509 0.524011299976
228.273386001587 0.524364407321
228.282531976700 0.524717514666
228.499867916107 0.525070622011
229.488559961319 0.525423729356
229.496722936630 0.525776836701
230.082543134689 0.526129944046
230.384683847427 0.526483051391
230.784658908844 0.526836158736
231.214184999466 0.527189266081
231.238343000412 0.527542373426
231.957504034042 0.527895480771
232.341434001923 0.528248588116
232.425768136978 0.528601695461
232.905971050262 0.528954802806
233.134891986847 0.529307910151
233.902112960815 0.529661017496
234.686002016068 0.530014124841
234.935075044632 0.530367232186
235.476639986038 0.530720339531
235.656947135925 0.531073446876
236.138367891312 0.531426554221
236.937453031540 0.531779661566
236.941235065460 0.532132768911
238.444725036621 0.532485876256
238.651643037796 0.532838983601
239.085785865784 0.533192090946
239.430343866348 0.533545198291
239.566247940063 0.533898305636
239.577551841736 0.534251412981
239.724199056625 0.534604520326
239.738542079926 0.534957627671
239.768114089966 0.535310735016
240.034747838974 0.535663842361
240.375247001648 0.536016949706
240.603642940521 0.536370057051
241.919846057892 0.536723164396
243.136305093765 0.537076271741
243.842839956284 0.537429379086
243.925472974777 0.537782486431
246.281873941422 0.538135593776
246.499319076538 0.538488701121
246.905301094055 0.538841808466
247.062357187271 0.539194915811
247.702174186707 0.539548023156
248.437678098679 0.539901130501
249.678524017334 0.540254237846
249.798418045044 0.540607345191
250.354807853699 0.540960452536
252.944803953171 0.541313559881
253.287809848785 0.541666667226
258.700026035309 0.542019774571
259.943804025650 0.542372881916
261.186785936356 0.542725989261
261.820617914200 0.543079096606
262.338222026825 0.543432203951
262.920285940170 0.543785311296
263.885181903839 0.544138418641
263.993669033051 0.544491525986
264.514887094498 0.544844633331
266.372150897980 0.545197740676
266.578104972839 0.545550848021
266.580264806747 0.545903955366
266.591638088226 0.546257062711
266.708782911301 0.546610170056
267.935410022736 0.546963277401
271.564987897873 0.547316384746
271.641436100006 0.547669492091
271.923771858215 0.548022599436
271.971124172211 0.548375706781
272.211254835129 0.548728814126
272.307072877884 0.549081921471
272.348168134689 0.549435028816
272.878782987595 0.549788136161
274.618052005768 0.550141243506
275.693946838379 0.550494350851
277.766393184662 0.550847458196
277.815264940262 0.551200565541
278.158454179764 0.551553672886
278.167651176453 0.551906780231
278.168623924255 0.552259887576
278.173032999039 0.552612994921
278.181565999985 0.552966102266
278.199026823044 0.553319209611
278.227097988129 0.553672316956
278.240499973297 0.554025424301
278.263638973236 0.554378531646
278.268252134323 0.554731638991
278.275808095932 0.555084746336
278.373771905899 0.555437853681
278.584594011307 0.555790961026
278.588470935822 0.556144068371
278.588676929474 0.556497175716
278.590085029602 0.556850283061
278.590785026550 0.557203390406
278.592952966690 0.557556497751
278.594125986099 0.557909605096
278.595644950867 0.558262712441
278.595902919769 0.558615819786
278.596027851105 0.558968927131
278.596527099609 0.559322034476
278.596721887589 0.559675141821
278.597054004669 0.560028249166
278.598036050797 0.560381356511
278.598945856094 0.560734463856
278.601514816284 0.561087571201
278.601959943771 0.561440678546
278.604938983917 0.561793785891
278.605615139008 0.562146893236
278.605983972549 0.562500000581
278.607359886169 0.562853107926
278.613589048386 0.563206215271
278.614188909531 0.563559322616
278.621813058853 0.563912429961
278.622574090958 0.564265537306
278.633306980133 0.564618644651
278.636241912842 0.564971751996
278.647616863251 0.565324859341
279.505668163300 0.565677966686
279.908145904541 0.566031074031
280.354114770889 0.566384181376
280.420955896378 0.566737288721
282.083732128143 0.567090396066
282.568447828293 0.567443503411
282.963144063950 0.567796610756
284.560073137283 0.568149718101
286.279469013214 0.568502825446
286.465383052826 0.568855932791
287.497007131577 0.569209040136
287.842039823532 0.569562147481
287.845270156860 0.569915254826
289.304090023041 0.570268362171
290.416170835495 0.570621469516
290.543407201767 0.570974576861
290.885753154755 0.571327684206
292.776077985764 0.571680791551
293.374266147614 0.572033898896
293.995770931244 0.572387006241
295.920935869217 0.572740113586
296.059184074402 0.573093220931
296.172029972076 0.573446328276
296.446335077286 0.573799435621
296.592933893204 0.574152542966
296.644909143448 0.574505650311
296.736746072769 0.574858757656
296.853597879410 0.575211865001
297.162491083145 0.575564972346
297.170644998550 0.575918079691
297.649814128876 0.576271187036
297.827738046646 0.576624294381
298.076419115067 0.576977401726
298.118621110916 0.577330509071
298.224462985992 0.577683616416
298.274334907532 0.578036723761
298.360104084015 0.578389831106
298.486913919449 0.578742938451
298.551664113998 0.579096045796
298.590342998505 0.579449153141
298.905457019806 0.579802260486
298.916002035141 0.580155367831
298.959413051605 0.580508475176
299.106812000275 0.580861582521
299.113804101944 0.581214689866
299.185843944550 0.581567797211
299.190712928772 0.581920904556
299.193076848984 0.582274011901
299.194043159485 0.582627119246
299.202084064484 0.582980226591
299.202248096466 0.583333333936
299.243526935577 0.583686441281
299.327499866486 0.584039548626
299.371637821198 0.584392655971
299.501968145370 0.584745763316
299.540975093842 0.585098870661
299.543251991272 0.585451978006
299.544162034988 0.585805085351
299.545129060745 0.586158192696
299.550384044647 0.586511300041
299.789014101028 0.586864407386
299.807280063629 0.587217514731
299.807654142380 0.587570622076
299.856187105179 0.587923729421
299.859648942947 0.588276836766
299.862814903259 0.588629944111
299.863067865372 0.588983051456
299.870654106140 0.589336158801
299.872161865234 0.589689266146
299.880173921585 0.590042373491
299.968261957169 0.590395480836
300.011044025421 0.590748588181
300.011280059814 0.591101695526
300.011834144592 0.591454802871
300.011919975281 0.591807910216
300.012403964996 0.592161017561
300.012526988983 0.592514124906
300.012813091278 0.592867232251
300.012917041779 0.593220339596
300.013344049454 0.593573446941
300.014051914215 0.593926554286
300.014086008072 0.594279661631
300.014247179031 0.594632768976
300.014531135559 0.594985876321
300.014734029770 0.595338983666
300.014959096909 0.595692091011
300.015041112900 0.596045198356
300.015154123306 0.596398305701
300.015340805054 0.596751413046
300.016010046005 0.597104520391
300.016783952713 0.597457627736
300.016868829727 0.597810735081
300.016920089722 0.598163842426
300.017342090607 0.598516949771
300.017433881760 0.598870057116
300.017455816269 0.599223164461
300.017717838287 0.599576271806
300.017750024796 0.599929379151
300.017902851105 0.600282486496
300.018318891525 0.600635593841
300.018417835236 0.600988701186
300.018459081650 0.601341808531
300.018495082855 0.601694915876
300.018666982651 0.602048023221
300.018804788589 0.602401130566
300.019023180008 0.602754237911
300.019059181213 0.603107345256
300.019088983536 0.603460452601
300.019155979156 0.603813559946
300.019194126129 0.604166667291
300.019251108170 0.604519774636
300.019679069519 0.604872881981
300.019705057144 0.605225989326
300.019747972488 0.605579096671
300.019754886627 0.605932204016
300.019834041595 0.606285311361
300.020050048828 0.606638418706
300.020153999329 0.606991526051
300.020176887512 0.607344633396
300.020253181458 0.607697740741
300.020279884338 0.608050848086
300.020322084427 0.608403955431
300.020350933075 0.608757062776
300.020685911179 0.609110170121
300.020785093307 0.609463277466
300.020942926407 0.609816384811
300.021278142929 0.610169492156
300.021299123764 0.610522599501
300.021598100662 0.610875706846
300.021619081497 0.611228814191
300.021661043167 0.611581921536
300.021801948547 0.611935028881
300.021892070770 0.612288136226
300.022037029266 0.612641243571
300.022351980209 0.612994350916
300.022520065308 0.613347458261
300.022521972656 0.613700565606
300.022738933563 0.614053672951
300.022881984711 0.614406780296
300.022989988327 0.614759887641
300.023013114929 0.615112994986
300.023077011108 0.615466102331
300.023114919662 0.615819209676
300.023172855377 0.616172317021
300.023251056671 0.616525424366
300.023312091827 0.616878531711
300.023409843445 0.617231639056
300.023494958878 0.617584746401
300.023876905441 0.617937853746
300.024213075638 0.618290961091
300.024506092072 0.618644068436
300.024542093277 0.619350283125
300.024569034576 0.619703390470
300.024580001831 0.620056497815
300.024622917175 0.620409605160
300.024744033813 0.620762712505
300.024762868881 0.621115819850
300.024843215942 0.621468927195
300.025019168854 0.621822034540
300.025026798248 0.622175141885
300.025100946426 0.622528249230
300.025190114975 0.622881356575
300.025227069855 0.623234463920
300.025229930878 0.623587571265
300.025322914124 0.623940678610
300.025452852249 0.624293785955
300.025741100311 0.624646893300
300.025818109512 0.625000000645
300.025875091553 0.625353107990
300.025937080383 0.625706215335
300.025979995728 0.626059322680
300.026028156281 0.626412430025
300.026041030884 0.626765537370
300.026155948639 0.627118644715
300.026158094406 0.627471752060
300.026247024536 0.627824859405
300.026266098022 0.628177966750
300.026660919189 0.628531074095
300.026690959930 0.628884181440
300.026716947556 0.629237288785
300.026746988297 0.629590396130
300.026790142059 0.629943503475
300.026795864105 0.630296610820
300.026803016663 0.630649718165
300.026916980743 0.631002825510
300.026960134506 0.631355932855
300.026979923248 0.631709040200
300.026981830597 0.632062147545
300.027073144913 0.632415254890
300.027091979980 0.632768362235
300.027179956436 0.633121469580
300.027186870575 0.633474576925
300.027225017548 0.633827684270
300.027252197266 0.634180791615
300.027302980423 0.634533898960
300.027333021164 0.634887006305
300.027391910553 0.635240113650
300.027440071106 0.635593220995
300.027477025986 0.635946328340
300.027489185333 0.636299435685
300.027523040771 0.636652543030
300.027525186539 0.637005650375
300.027621984482 0.637358757720
300.027721881866 0.637711865065
300.027817010880 0.638064972410
300.027929067612 0.638418079755
300.027968883514 0.638771187100
300.027976036072 0.639124294445
300.028117895126 0.639477401790
300.028151035309 0.639830509135
300.028237104416 0.640183616480
300.028245925903 0.640536723825
300.028469085693 0.640889831170
300.028500080109 0.641242938515
300.028513193130 0.641596045860
300.028535127640 0.641949153205
300.028597116470 0.642302260550
300.028609991074 0.642655367895
300.028682947159 0.643008475240
300.028759002686 0.643361582585
300.028844118118 0.643714689930
300.028847932816 0.644067797275
300.028913974762 0.644420904620
300.029070854187 0.644774011965
300.029105901718 0.645127119310
300.029106140137 0.645480226655
300.029386043549 0.645833334000
300.029396057129 0.646186441345
300.029467105865 0.646539548690
300.029540061951 0.646892656035
300.029559850693 0.647245763380
300.029654026031 0.647598870725
300.029675960541 0.647951978070
300.029835939407 0.648305085415
300.029915809631 0.648658192760
300.029919147491 0.649011300105
300.029956102371 0.649364407450
300.029994010925 0.649717514795
300.030031919479 0.650070622140
300.030050039291 0.650423729485
300.030112981796 0.650776836830
300.030116081238 0.651129944175
300.030126094818 0.651483051520
300.030183792114 0.651836158865
300.030295848846 0.652189266210
300.030378103256 0.652542373555
300.030411005020 0.652895480900
300.030415058136 0.653248588245
300.030430078506 0.653601695590
300.030505895615 0.653954802935
300.030822038651 0.654307910280
300.030842065811 0.654661017625
300.030877113342 0.655014124970
300.030904054642 0.655367232315
300.030935049057 0.655720339660
300.031070947647 0.656073447005
300.031083822250 0.656426554350
300.031092882156 0.656779661695
300.031121015549 0.657132769040
300.031163930893 0.657485876385
300.031172037125 0.657838983730
300.031196117401 0.658192091075
300.031204938889 0.658545198420
300.031241893768 0.658898305765
300.031303167343 0.659251413110
300.031384944916 0.659604520455
300.031404018402 0.659957627800
300.031442880630 0.660310735145
300.031450033188 0.660663842490
300.031630039215 0.661016949835
300.031738042831 0.661370057180
300.031785011292 0.661723164525
300.031796932220 0.662076271870
300.031802892685 0.662429379215
300.031891107559 0.662782486560
300.031913042068 0.663135593905
300.032140970230 0.663488701250
300.032164096832 0.663841808595
300.032181024551 0.664194915940
300.032280921936 0.664548023285
300.032353878021 0.664901130630
300.032425880432 0.665254237975
300.032452106476 0.665607345320
300.032526969910 0.665960452665
300.032563924789 0.666313560010
300.032570838928 0.666666667355
300.032607078552 0.667019774700
300.032700061798 0.667372882045
300.032712936401 0.667725989390
300.032723903656 0.668079096735
300.032733917236 0.668432204080
300.032802820206 0.668785311425
300.032891988754 0.669138418770
300.032999038696 0.669491526115
300.033018827438 0.669844633460
300.033030986786 0.670197740805
300.033184051514 0.670550848150
300.033195972443 0.670903955495
300.033347129822 0.671257062840
300.033352851868 0.671610170185
300.033501148224 0.671963277530
300.033563852310 0.672316384875
300.033566951752 0.672669492220
300.033571004868 0.673022599565
300.033655166626 0.673375706910
300.033661127090 0.673728814255
300.033782958984 0.674081921600
300.033794164658 0.674435028945
300.033809900284 0.674788136290
300.033847808838 0.675141243635
300.033916950226 0.675494350980
300.033928871155 0.675847458325
300.033936977386 0.676200565670
300.034015893936 0.676553673015
300.034019947052 0.676906780360
300.034020185471 0.677259887705
300.034222841263 0.677612995050
300.034230947495 0.677966102395
300.034277915955 0.678319209740
300.034343004227 0.678672317085
300.034440994263 0.679025424430
300.034487009048 0.679378531775
300.034490108490 0.679731639120
300.034528970718 0.680084746465
300.034571886063 0.680437853810
300.034657955170 0.680790961155
300.034766912460 0.681144068500
300.034797906876 0.681497175845
300.034798860550 0.681850283190
300.034807205200 0.682203390535
300.034855127335 0.682556497880
300.034899950027 0.682909605225
300.034915924072 0.683262712570
300.034925937653 0.683615819915
300.034981012344 0.683968927260
300.035120010376 0.684322034605
300.035129070282 0.684675141950
300.035140991211 0.685028249295
300.035183191299 0.685381356640
300.035246849060 0.685734463985
300.035264015198 0.686087571330
300.035346984863 0.686440678675
300.035460948944 0.686793786020
300.035502910614 0.687146893365
300.035604953766 0.687500000710
300.035659074783 0.687853108055
300.035748004913 0.688206215400
300.035815954208 0.688559322745
300.035886049271 0.688912430090
300.035892009735 0.689265537435
300.035904884338 0.689618644780
300.035944938660 0.689971752125
300.036052942276 0.690324859470
300.036057949066 0.690677966815
300.036071062088 0.691031074160
300.036168098450 0.691384181505
300.036275863647 0.691737288850
300.036373853683 0.692090396195
300.036383867264 0.692443503540
300.036388874054 0.692796610885
300.036439895630 0.693149718230
300.036458969116 0.693502825575
300.036496877670 0.693855932920
300.036659002304 0.694209040265
300.036733150482 0.694562147610
300.036741018295 0.694915254955
300.036752939224 0.695268362300
300.036774158478 0.695621469645
300.036776065826 0.695974576990
300.036777973175 0.696327684335
300.036864995956 0.696680791680
300.036870956421 0.697033899025
300.036916971207 0.697387006370
300.036936044693 0.697740113715
300.037012100220 0.698093221060
300.037012815475 0.698446328405
300.037029981613 0.698799435750
300.037050962448 0.699152543095
300.037094116211 0.699505650440
300.037170886993 0.699858757785
300.037202119827 0.700211865130
300.037243127823 0.700564972475
300.037297964096 0.700918079820
300.037310838699 0.701271187165
300.037373065948 0.701624294510
300.037390947342 0.701977401855
300.037456989288 0.702330509200
300.037543058395 0.702683616545
300.037547111511 0.703036723890
300.037590026855 0.703389831235
300.037606000900 0.703742938580
300.037708044052 0.704096045925
300.037731885910 0.704449153270
300.037740945816 0.704802260615
300.037796020508 0.705155367960
300.037843942642 0.705508475305
300.037854194641 0.705861582650
300.037915945053 0.706214689995
300.038015127182 0.706567797340
300.038053035736 0.706920904685
300.038077831268 0.707274012030
300.038152933121 0.707627119375
300.038153171539 0.707980226720
300.038160085678 0.708333334065
300.038174152374 0.708686441410
300.038183927536 0.709039548755
300.038202047348 0.709392656100
300.038203954697 0.709745763445
300.038233995438 0.710098870790
300.038305044174 0.710451978135
300.038310050964 0.710805085480
300.038348913193 0.711158192825
300.038441896439 0.711511300170
300.038459062576 0.711864407515
300.038497924805 0.712217514860
300.038519144058 0.712570622205
300.038540124893 0.712923729550
300.038548946381 0.713276836895
300.038625001907 0.713629944240
300.038637161255 0.713983051585
300.038681983948 0.714336158930
300.038720846176 0.714689266275
300.038732051849 0.715042373620
300.038757085800 0.715395480965
300.038832902908 0.715748588310
300.038985013962 0.716101695655
300.038995027542 0.716454803000
300.039000034332 0.716807910345
300.039121866226 0.717161017690
300.039134025574 0.717514125035
300.039162874222 0.717867232380
300.039189100266 0.718220339725
300.039194822311 0.718573447070
300.039216995239 0.718926554415
300.039241790771 0.719279661760
300.039249181747 0.719632769105
300.039252996445 0.719985876450
300.039268970490 0.720338983795
300.039299011230 0.720692091140
300.039299964905 0.721045198485
300.039339065552 0.721398305830
300.039355993271 0.721751413175
300.039357185364 0.722457627864
300.039363861084 0.722810735209
300.039371967316 0.723163842554
300.039402008057 0.723516949899
300.039578914642 0.723870057244
300.039579868317 0.724223164589
300.039605140686 0.724576271934
300.039607048035 0.724929379279
300.039613008499 0.725282486624
300.039654016495 0.725635593969
300.039664030075 0.725988701314
300.039690017700 0.726341808659
300.039711952209 0.726694916004
300.039778947830 0.727048023349
300.039833068848 0.727401130694
300.039858102798 0.727754238039
300.039863109589 0.728107345384
300.039951086044 0.728460452729
300.039959907532 0.728813560074
300.039968013763 0.729166667419
300.039975881577 0.729519774764
300.039994955063 0.729872882109
300.040009021759 0.730225989454
300.040045022964 0.730579096799
300.040095090866 0.730932204144
300.040112972260 0.731285311489
300.040115833282 0.731638418834
300.040122032166 0.731991526179
300.040130138397 0.732344633524
300.040155887604 0.732697740869
300.040184020996 0.733050848214
300.040184974670 0.733403955559
300.040197849274 0.733757062904
300.040215015411 0.734110170249
300.040251970291 0.734463277594
300.040265083313 0.734816384939
300.040284156799 0.735169492284
300.040284872055 0.735522599629
300.040335178375 0.735875706974
300.040391206741 0.736228814319
300.040453910828 0.736581921664
300.040468931198 0.736935029009
300.040497779846 0.737288136354
300.040530920029 0.737641243699
300.040544033051 0.737994351044
300.040583848953 0.738347458389
300.040592193604 0.738700565734
300.040599822998 0.739053673079
300.040661096573 0.739406780424
300.040663003922 0.739759887769
300.040673017502 0.740112995114
300.040715932846 0.740466102459
300.040760040283 0.740819209804
300.040778160095 0.741172317149
300.040848016739 0.741525424494
300.040881156921 0.741878531839
300.040889024734 0.742231639184
300.040897846222 0.742584746529
300.040914058685 0.742937853874
300.040916204453 0.743290961219
300.040935993195 0.743644068564
300.040948152542 0.743997175909
300.040962934494 0.744350283254
300.040972948074 0.744703390599
300.040974140167 0.745056497944
300.040998220444 0.745409605289
300.041045904160 0.745762712634
300.041046142578 0.746115819979
300.041081905365 0.746468927324
300.041092157364 0.746822034669
300.041117191315 0.747175142014
300.041136980057 0.747528249359
300.041167020798 0.747881356704
300.041171073914 0.748234464049
300.041172981262 0.748587571394
300.041179895401 0.748940678739
300.041259050369 0.749293786084
300.041268110275 0.749646893429
300.041272163391 0.750000000774
300.041293859482 0.750353108119
300.041316986084 0.750706215464
300.041327953339 0.751059322809
300.041513919830 0.751412430154
300.041518926620 0.751765537499
300.041579961777 0.752118644844
300.041594028473 0.752471752189
300.041595220566 0.752824859534
300.041613817215 0.753177966879
300.041642904282 0.753531074224
300.041659116745 0.753884181569
300.041704177856 0.754237288914
300.041710853577 0.754590396259
300.041755914688 0.754943503604
300.041768789291 0.755296610949
300.041779041290 0.755649718294
300.041790008545 0.756002825639
300.041828870773 0.756355932984
300.041867971420 0.756709040329
300.041872024536 0.757062147674
300.041894912720 0.757415255019
300.041925907135 0.757768362364
300.041944980621 0.758121469709
300.041988134384 0.758474577054
300.041988849640 0.758827684399
300.042071104050 0.759180791744
300.042128801346 0.759533899089
300.042175054550 0.760240113778
300.042196989059 0.760593221123
300.042212963104 0.760946328468
300.042224884033 0.761299435813
300.042225122452 0.761652543158
300.042232036591 0.762005650503
300.042258024216 0.762358757848
300.042263984680 0.762711865193
300.042279005051 0.763064972538
300.042285919189 0.763418079883
300.042286872864 0.763771187228
300.042335987091 0.764477401917
300.042378187180 0.764830509262
300.042436122894 0.765183616607
300.042439937592 0.765536723952
300.042457103729 0.765889831297
300.042542934418 0.766242938642
300.042576074600 0.766596045987
300.042582988739 0.766949153332
300.042642831802 0.767302260677
300.042679071426 0.767655368022
300.042695045471 0.768008475367
300.042707920074 0.768361582712
300.042708873749 0.768714690057
300.042730093002 0.769067797402
300.042791128159 0.769420904747
300.042814016342 0.769774012092
300.042863130569 0.770127119437
300.042866945267 0.770480226782
300.042909145355 0.770833334127
300.042923927307 0.771186441472
300.042930126190 0.771539548817
300.042932987213 0.771892656162
300.042960166931 0.772245763507
300.042967081070 0.772598870852
300.043028831482 0.772951978197
300.043040990829 0.773305085542
300.043055057526 0.773658192887
300.043096065521 0.774011300232
300.043104887009 0.774364407577
300.043122053146 0.774717514922
300.043139219284 0.775070622267
300.043147087097 0.775423729612
300.043231010437 0.775776836957
300.043252944946 0.776129944302
300.043270111084 0.776483051647
300.043280839920 0.776836158992
300.043286085129 0.777189266337
300.043368101120 0.777542373682
300.043385982513 0.777895481027
300.043404102325 0.778248588372
300.043443918228 0.778601695717
300.043457984924 0.778954803062
300.043491125107 0.779307910407
300.043494939804 0.779661017752
300.043520927429 0.780014125097
300.043538093567 0.780367232442
300.043546199799 0.780720339787
300.043583869934 0.781073447132
300.043591022491 0.781426554477
300.043592929840 0.781779661822
300.043609857559 0.782132769167
300.043617010117 0.782485876512
300.043622970581 0.782838983857
300.043627977371 0.783192091202
300.043635845184 0.783545198547
300.043645143509 0.783898305892
300.043654918671 0.784251413237
300.043698072433 0.784604520582
300.043700933456 0.784957627927
300.043744802475 0.785310735272
300.043761968613 0.785663842617
300.043773889542 0.786016949962
300.043792009354 0.786370057307
300.043802022934 0.786723164652
300.043850898743 0.787076271997
300.043873071671 0.787429379342
300.043900012970 0.787782486687
300.043946027756 0.788135594032
300.043951988220 0.788488701377
300.043984889984 0.788841808722
300.043994903564 0.789194916067
300.044029951096 0.789548023412
300.044034957886 0.789901130757
300.044121980667 0.790254238102
300.044211864471 0.790607345447
300.044215917587 0.790960452792
300.044242858887 0.791313560137
300.044250011444 0.791666667482
300.044327020645 0.792019774827
300.044329881668 0.792372882172
300.044335842133 0.792725989517
300.044349193573 0.793079096862
300.044354915619 0.793432204207
300.044360160828 0.793785311552
300.044389963150 0.794138418897
300.044480085373 0.794491526242
300.044519901276 0.794844633587
300.044552087784 0.795197740932
300.044619798660 0.795550848277
300.044670104980 0.795903955622
300.044695138931 0.796257062967
300.044699907303 0.796610170312
300.044726133347 0.796963277657
300.044730901718 0.797316385002
300.044983863831 0.797669492347
300.045007944107 0.798022599692
300.045017957687 0.798375707037
300.045185089111 0.798728814382
300.045226097107 0.799081921727
300.045291900635 0.799435029072
300.045305013657 0.799788136417
300.045335054398 0.800141243762
300.045394897461 0.800494351107
300.045418024063 0.800847458452
300.045474052429 0.801200565797
300.045495986938 0.801553673142
300.045547008514 0.801906780487
300.045714139938 0.802259887832
300.045749902725 0.802612995177
300.045818090439 0.802966102522
300.045885801315 0.803319209867
300.045886039734 0.803672317212
300.045920848846 0.804025424557
300.045958042145 0.804378531902
300.046036958694 0.804731639247
300.046060085297 0.805084746592
300.046083211899 0.805437853937
300.046176910400 0.805790961282
300.046273946762 0.806144068627
300.046292066574 0.806497175972
300.046364784241 0.806850283317
300.046433210373 0.807203390662
300.046479940414 0.807556498007
300.046496152878 0.807909605352
300.046524047852 0.808262712697
300.046588897705 0.808615820042
300.046619176865 0.808968927387
300.046681165695 0.809322034732
300.046697139740 0.809675142077
300.046710014343 0.810028249422
300.046710968018 0.810381356767
300.046716928482 0.810734464112
300.046723842621 0.811087571457
300.046776056290 0.811440678802
300.046782016754 0.811793786147
300.046790838242 0.812146893492
300.046793937683 0.812500000837
300.046836853027 0.812853108182
300.046847105026 0.813206215527
300.046853065491 0.813559322872
300.046889066696 0.813912430217
300.046941041946 0.814265537562
300.046953916550 0.814618644907
300.047014951706 0.814971752252
300.047022819519 0.815324859597
300.047100067139 0.815677966942
300.047161102295 0.816031074287
300.047172069550 0.816384181632
300.047189950943 0.816737288977
300.047195911407 0.817090396322
300.047229766846 0.817443503667
300.047248125076 0.817796611012
300.047281026840 0.818149718357
300.047312974930 0.818502825702
300.047384977341 0.818855933047
300.047385931015 0.819209040392
300.047520160675 0.819562147737
300.047526121140 0.819915255082
300.047545194626 0.820268362427
300.047561883926 0.820621469772
300.047590970993 0.820974577117
300.047630786896 0.821327684462
300.047672986984 0.821680791807
300.047674894333 0.822033899152
300.047698020935 0.822387006497
300.047699928284 0.822740113842
300.047843933105 0.823093221187
300.047982931137 0.823446328532
300.047991037369 0.823799435877
300.048065185547 0.824152543222
300.048071861267 0.824505650567
300.048141002655 0.824858757912
300.048198223114 0.825211865257
300.048203945160 0.825564972602
300.048207044601 0.825918079947
300.048209905624 0.826271187292
300.048233985901 0.826624294637
300.048319101334 0.826977401982
300.048322916031 0.827330509327
300.048444986343 0.827683616672
300.048461198807 0.828036724017
300.048495054245 0.828389831362
300.048587799072 0.828742938707
300.048722982407 0.829096046052
300.048751831055 0.829449153397
300.048783063889 0.829802260742
300.048790931702 0.830155368087
300.048803091049 0.830508475432
300.048806190491 0.830861582777
300.048834085464 0.831214690122
300.048851966858 0.831567797467
300.048882007599 0.831920904812
300.048906087875 0.832274012157
300.048933982849 0.832627119502
300.048976898193 0.832980226847
300.048985004425 0.833333334192
300.049028873444 0.833686441537
300.049197912216 0.834039548882
300.049264907837 0.834392656227
300.049398183823 0.834745763572
300.049412012100 0.835098870917
300.049447059631 0.835451978262
300.049509048462 0.835805085607
300.049583911896 0.836158192952
300.049617052078 0.836511300297
300.049640893936 0.836864407642
300.049670934677 0.837217514987
300.049751043320 0.837570622332
300.049774885178 0.837923729677
300.049778938293 0.838276837022
300.049787998199 0.838629944367
300.049873828888 0.838983051712
300.049960136414 0.839336159057
300.049972057343 0.839689266402
300.049977064133 0.840042373747
300.049991846085 0.840395481092
300.050035953522 0.840748588437
300.050051927567 0.841101695782
300.050117969513 0.841454803127
300.050128221512 0.841807910472
300.050133943558 0.842161017817
300.050168037415 0.842514125162
300.050242900848 0.842867232507
300.050249099731 0.843220339852
300.050271034241 0.843573447197
300.050472974777 0.843926554542
300.050477981567 0.844279661887
300.050517082214 0.844632769232
300.050533056259 0.844985876577
300.050565004349 0.845338983922
300.050711154938 0.845692091267
300.050778150558 0.846045198612
300.050785064697 0.846398305957
300.050799131393 0.846751413302
300.050823211670 0.847104520647
300.050992965698 0.847457627992
300.051059961319 0.847810735337
300.051067113876 0.848163842682
300.051077127457 0.848516950027
300.051145076752 0.848870057372
300.051163911819 0.849223164717
300.051179170609 0.849576272062
300.051193952560 0.849929379407
300.051203966141 0.850282486752
300.051290035248 0.850635594097
300.051301956177 0.850988701442
300.051371812820 0.851341808787
300.051381111145 0.851694916132
300.051432847977 0.852048023477
300.051566123962 0.852401130822
300.051568031311 0.852754238167
300.051642179489 0.853107345512
300.051873922348 0.853460452857
300.051894903183 0.853813560202
300.051957845688 0.854166667547
300.051982879639 0.854872882236
300.052006006241 0.855225989581
300.052049875259 0.855579096926
300.052109956741 0.855932204271
300.052119970322 0.856285311616
300.052206039429 0.856638418961
300.052211999893 0.856991526306
300.052237033844 0.857344633651
300.052249908447 0.857697740996
300.052263021469 0.858050848341
300.052283048630 0.858403955686
300.052392005920 0.858757063031
300.052407026291 0.859110170376
300.052410840988 0.859463277721
300.052422046661 0.859816385066
300.052479028702 0.860169492411
300.052484035492 0.860522599756
300.052537202835 0.860875707101
300.052566051483 0.861228814446
300.052656173706 0.861581921791
300.052697181702 0.861935029136
300.052708148956 0.862288136481
300.052754163742 0.862641243826
300.052795886993 0.862994351171
300.052824974060 0.863347458516
300.052833080292 0.863700565861
300.052899122238 0.864053673206
300.052946805954 0.864406780551
300.053069829941 0.864759887896
300.053137063980 0.865112995241
300.053184032440 0.865466102586
300.053220987320 0.865819209931
300.053279876709 0.866172317276
300.053310155869 0.866525424621
300.053425073624 0.866878531966
300.053447961807 0.867231639311
300.053596019745 0.867584746656
300.053604125977 0.867937854001
300.053604841232 0.868290961346
300.053634881973 0.868644068691
300.053663969040 0.868997176036
300.053729057312 0.869350283381
300.053764104843 0.869703390726
300.053830862045 0.870056498071
300.053919076920 0.870409605416
300.053959131241 0.870762712761
300.053962945938 0.871115820106
300.053967952728 0.871468927451
300.054089784622 0.871822034796
300.054204940796 0.872175142141
300.054354906082 0.872528249486
300.054375171661 0.872881356831
300.054450988770 0.873234464176
300.054479122162 0.873587571521
300.054590940475 0.873940678866
300.054682970047 0.874293786211
300.054690122604 0.874646893556
300.054749965668 0.875000000901
300.054790019989 0.875353108246
300.054791927338 0.875706215591
300.054795026779 0.876059322936
300.054806947708 0.876412430281
300.054907798767 0.876765537626
300.054959058762 0.877118644971
300.054966926575 0.877471752316
300.054984092712 0.877824859661
300.055051088333 0.878177967006
300.055066108704 0.878531074351
300.055083990097 0.878884181696
300.055125951767 0.879237289041
300.055160999298 0.879590396386
300.055176019669 0.879943503731
300.055352926254 0.880296611076
300.055387020111 0.880649718421
300.055438041687 0.881002825766
300.055445194244 0.881355933111
300.055490016937 0.881709040456
300.055505037308 0.882062147801
300.055534839630 0.882415255146
300.055562973022 0.882768362491
300.055577039719 0.883121469836
300.055637121201 0.883474577181
300.055642843246 0.883827684526
300.055655002594 0.884180791871
300.055660009384 0.884533899216
300.055686950684 0.884887006561
300.055758953094 0.885240113906
300.055950880051 0.885593221251
300.055957794189 0.885946328596
300.055972099304 0.886299435941
300.056143999100 0.886652543286
300.056179046631 0.887005650631
300.056203126907 0.887358757976
300.056234836578 0.887711865321
300.056246995926 0.888064972666
300.056292057037 0.888418080011
300.056303977966 0.888771187356
300.056333065033 0.889124294701
300.056366920471 0.889477402046
300.056499004364 0.889830509391
300.056607007980 0.890183616736
300.056650876999 0.890536724081
300.056818962097 0.890889831426
300.056850910187 0.891242938771
300.056959152222 0.891596046116
300.057008981705 0.891949153461
300.057084083557 0.892302260806
300.057092189789 0.892655368151
300.057125091553 0.893008475496
300.057135105133 0.893361582841
300.057446002960 0.893714690186
300.057502985001 0.894067797531
300.057551145554 0.894420904876
300.057561874390 0.894774012221
300.057581901550 0.895127119566
300.057743072510 0.895480226911
300.057883977890 0.895833334256
300.057904005051 0.896186441601
300.057919025421 0.896539548946
300.058012962341 0.896892656291
300.058166027069 0.897245763636
300.058220148087 0.897598870981
300.058309078217 0.897951978326
300.058372974396 0.898305085671
300.058535099030 0.898658193016
300.058558940887 0.899011300361
300.058604001999 0.899364407706
300.058611154556 0.899717515051
300.058656930923 0.900070622396
300.058859825134 0.900423729741
300.058883905411 0.900776837086
300.058885097504 0.901129944431
300.058994054794 0.901483051776
300.059063911438 0.901836159121
300.059274911880 0.902189266466
300.059328079224 0.902542373811
300.059460878372 0.902895481156
300.059662818909 0.903248588501
300.059854984283 0.903601695846
300.060236930847 0.903954803191
300.060258865356 0.904307910536
300.060260057449 0.904661017881
300.060263872147 0.905014125226
300.060294151306 0.905367232571
300.060350894928 0.905720339916
300.060378074646 0.906073447261
300.060400962830 0.906426554606
300.060817956924 0.906779661951
300.060864925385 0.907132769296
300.060961961746 0.907485876641
300.061035871506 0.907838983986
300.061069011688 0.908192091331
300.061164855957 0.908545198676
300.061432123184 0.908898306021
300.061622142792 0.909251413366
300.061639070511 0.909604520711
300.061671018600 0.909957628056
300.061892986298 0.910310735401
300.061965942383 0.910663842746
300.062034845352 0.911016950091
300.062084197998 0.911370057436
300.062263011932 0.911723164781
300.062321901321 0.912076272126
300.062434911728 0.912429379471
300.062440156937 0.912782486816
300.062882900238 0.913135594161
300.063008785248 0.913488701506
300.063101053238 0.913841808851
300.063121080399 0.914194916196
300.063161134720 0.914548023541
300.063248872757 0.914901130886
300.063482046127 0.915254238231
300.063537120819 0.915607345576
300.063611984253 0.915960452921
300.063616037369 0.916313560266
300.063665151596 0.916666667611
300.063709974289 0.917019774956
300.063822031021 0.917372882301
300.063853025436 0.917725989646
300.063920974731 0.918079096991
300.064002990723 0.918432204336
300.064720153809 0.918785311681
300.065399885178 0.919138419026
300.065981149673 0.919491526371
300.066028833389 0.919844633716
300.066286087036 0.920197741061
300.066615819931 0.920550848406
300.066724061966 0.920903955751
300.066885948181 0.921257063096
300.067175865173 0.921610170441
300.067494869232 0.921963277786
300.067682027817 0.922316385131
300.067796945572 0.922669492476
300.068602085114 0.923022599821
300.068689107895 0.923375707166
300.068794965744 0.923728814511
300.069569110870 0.924081921856
300.069846153259 0.924435029201
300.070104122162 0.924788136546
300.070616960526 0.925141243891
300.070694923401 0.925494351236
300.071102857590 0.925847458581
300.071300983429 0.926200565926
300.071371078491 0.926553673271
300.071449041367 0.926906780616
300.071649074554 0.927259887961
300.072027921677 0.927612995306
300.072080135345 0.927966102651
300.072242021561 0.928319209996
300.072268009186 0.928672317341
300.072418928146 0.929025424686
300.072493076324 0.929378532031
300.072619915009 0.929731639376
300.072718858719 0.930084746721
300.072978973389 0.930437854066
300.072992086411 0.930790961411
300.073026180267 0.931144068756
300.073180913925 0.931497176101
300.073460102081 0.931850283446
300.073478937149 0.932203390791
300.074179887772 0.932556498136
300.074680805206 0.932909605481
300.074969053268 0.933262712826
300.074975013733 0.933615820171
300.075278997421 0.933968927516
300.075284957886 0.934322034861
300.075704813004 0.934675142206
300.075770854950 0.935028249551
300.075829982758 0.935381356896
300.076723814011 0.935734464241
300.076934099197 0.936087571586
300.077075958252 0.936440678931
300.077108860016 0.936793786276
300.077116966248 0.937146893621
300.077491044998 0.937500000966
300.077654123306 0.937853108311
300.078010082245 0.938206215656
300.078029870987 0.938559323001
300.078056097031 0.938912430346
300.078083992004 0.939265537691
300.078293085098 0.939618645036
300.078634977341 0.939971752381
300.078737020493 0.940324859726
300.079157114029 0.940677967071
300.079160928726 0.941031074416
300.079185009003 0.941384181761
300.079396963120 0.941737289106
300.079452991486 0.942090396451
300.079665899277 0.942443503796
300.080077171326 0.942796611141
300.080160856247 0.943149718486
300.080830097198 0.943502825831
300.081118106842 0.943855933176
300.081192016602 0.944209040521
300.081900119781 0.944562147866
300.082014083862 0.944915255211
300.082292079926 0.945268362556
300.082335948944 0.945621469901
300.082345962524 0.945974577246
300.082412958145 0.946327684591
300.082786083221 0.946680791936
300.082998991013 0.947033899281
300.083026170731 0.947387006626
300.083203077316 0.947740113971
300.084352970123 0.948093221316
300.084532022476 0.948446328661
300.084605932236 0.948799436006
300.084633111954 0.949152543351
300.084687948227 0.949505650696
300.085873126984 0.949858758041
300.086628198624 0.950211865386
300.087014913559 0.950564972731
300.087062120438 0.950918080076
300.087152004242 0.951271187421
300.087364912033 0.951624294766
300.087413072586 0.951977402111
300.087777137756 0.952330509456
300.087954998016 0.952683616801
300.088101863861 0.953036724146
300.088135004044 0.953389831491
300.088143110275 0.953742938836
300.088153839111 0.954096046181
300.091228008270 0.954449153526
300.091931104660 0.954802260871
300.092490911484 0.955155368216
300.092576980591 0.955508475561
300.093192100525 0.955861582906
300.093396902084 0.956214690251
300.093712806702 0.956567797596
300.094237089157 0.956920904941
300.094439983368 0.957274012286
300.094540119171 0.957627119631
300.094674110413 0.957980226976
300.094959974289 0.958333334321
300.095402002335 0.958686441666
300.098031997681 0.959039549011
300.098444938660 0.959392656356
300.098570823669 0.959745763701
300.099573850632 0.960098871046
300.101827144623 0.960451978391
300.102982044220 0.960805085736
300.103075981140 0.961158193081
300.104340076447 0.961511300426
300.104559898376 0.961864407771
300.105377912521 0.962217515116
300.105736017227 0.962570622461
300.105890035629 0.962923729806
300.106189012527 0.963276837151
300.108122110367 0.963629944496
300.110419034958 0.963983051841
300.110759973526 0.964336159186
300.112940073013 0.964689266531
300.113523006439 0.965042373876
300.115307092667 0.965395481221
300.121309041977 0.965748588566
300.121463060379 0.966101695911
300.127748966217 0.966454803256
300.128685951233 0.966807910601
300.128830909729 0.967161017946
300.131456851959 0.967514125291
300.142409801483 0.967867232636
300.144600868225 0.968220339981
300.145756006241 0.968573447326
300.146162986755 0.968926554671
300.149166107178 0.969279662016
300.150300979614 0.969632769361
300.154421806335 0.969985876706
300.157675981522 0.970338984051
300.158041954041 0.970692091396
300.158454895020 0.971045198741
300.159400939941 0.971398306086
300.163284778595 0.971751413431
300.163378000259 0.972104520776
300.171163082123 0.972457628121
300.178497076035 0.972810735466
300.184153079987 0.973163842811
300.191417932510 0.973516950156
300.194545984268 0.973870057501
300.220937967300 0.974223164846
300.226326942444 0.974576272191
300.252889156342 0.974929379536
300.265558958054 0.975282486881
300.269506931305 0.975635594226
300.300698995590 0.975988701571
300.324057102203 0.976341808916
300.357923030853 0.976694916261
300.362577915192 0.977048023606
300.363285064697 0.977401130951
300.367632865906 0.977754238296
300.371825218201 0.978107345641
300.372987031937 0.978460452986
300.374658107758 0.978813560331
300.376882076263 0.979166667676
300.383940935135 0.979519775021
300.394196033478 0.979872882366
300.397461891174 0.980225989711
300.397627115250 0.980579097056
300.399206161499 0.980932204401
300.399464845657 0.981285311746
300.399615049362 0.981638419091
300.416178941727 0.981991526436
300.417934894562 0.982344633781
300.421562910080 0.982697741126
300.422337055206 0.983050848471
300.423312902451 0.983403955816
300.424932956696 0.983757063161
300.427799940109 0.984110170506
300.427896022797 0.984463277851
300.436038017273 0.984816385196
300.438668012619 0.985169492541
300.449344158173 0.985522599886
300.450969934464 0.985875707231
300.454010963440 0.986228814576
300.484179019928 0.986581921921
300.495574951172 0.986935029266
301.561499118805 0.987288136611
306.719118833542 0.987641243956
307.937761068344 0.987994351301
308.489323854446 0.988347458646
312.765629053116 0.988700565991
316.173460960388 0.989053673336
319.540990829468 0.989406780681
327.408225059509 0.989759888026
341.321507930756 0.990112995371
344.769411087036 0.990466102716
350.760977983475 0.990819210061
354.463956117630 0.991172317406
355.437535047531 0.991525424751
356.780527830124 0.991878532096
383.634573936462 0.992231639441
386.825598001480 0.992584746786
417.317117929459 0.992937854131
423.917579889297 0.993290961476
428.749692916870 0.993644068821
433.345537900925 0.993997176166
453.764441967010 0.994350283511
453.766638040543 0.994703390856
454.884082794189 0.995056498201
496.628326892853 0.995409605546
513.326104164124 0.995762712891
559.119544029236 0.996115820236
600.122853994370 0.996468927581
743.977878093719 0.996822034926
748.328068017960 0.997175142271
787.124885797501 0.997528249616
805.313075065613 0.997881356961
849.656193971634 0.998234464306
885.291702985764 0.998587571651
897.774747133255 0.998940678996
900.070868015289 0.999293786341
1042.077142000198 0.999646893686
1115.359320163727 1.000000001031
