0.000596046448 0.000625390869
0.001420021057 0.001250781738
0.002264022827 0.001876172607
0.002279043198 0.002501563476
0.002403974533 0.003126954345
0.002612829208 0.003752345214
0.003875970840 0.004377736083
0.003989934921 0.005003126952
0.003994226456 0.005628517821
0.004734039307 0.006253908690
0.004857063293 0.006879299559
0.005034923553 0.007504690428
0.005108833313 0.008130081297
0.005239009857 0.008755472166
0.005367994308 0.009380863035
0.005386114120 0.010006253904
0.005401134491 0.010631644773
0.005534887314 0.011257035642
0.005966901779 0.011882426511
0.005977153778 0.012507817380
0.006120920181 0.013133208249
0.006276845932 0.013758599118
0.006414890289 0.014383989987
0.006469011307 0.015009380856
0.006502866745 0.015634771725
0.006517171860 0.016260162594
0.006741046906 0.016885553463
0.006778001785 0.017510944332
0.006824016571 0.018136335201
0.007218122482 0.018761726070
0.007899999619 0.019387116939
0.007921934128 0.020012507808
0.007930994034 0.020637898677
0.008511066437 0.021263289546
0.008975982666 0.021888680415
0.009179830551 0.022514071284
0.009795904160 0.023139462153
0.009925127029 0.023764853022
0.011142969131 0.024390243891
0.011295795441 0.025015634760
0.012737989426 0.025641025629
0.012928009033 0.026266416498
0.014585018158 0.026891807367
0.014755010605 0.027517198236
0.016599178314 0.028142589105
0.017155885696 0.028767979974
0.017261981964 0.029393370843
0.017266035080 0.030018761712
0.017533063889 0.030644152581
0.017632007599 0.031269543450
0.017744064331 0.031894934319
0.018352031708 0.032520325188
0.018435955048 0.033145716057
0.021965026855 0.033771106926
0.022830009460 0.034396497795
0.023601055145 0.035021888664
0.024389028549 0.035647279533
0.025987863541 0.036272670402
0.031716823578 0.036898061271
0.033038139343 0.037523452140
0.035923004150 0.038774233879
0.036092996597 0.039399624748
0.036662101746 0.040025015617
0.037525892258 0.040650406486
0.038851976395 0.041275797355
0.043511867523 0.041901188224
0.043565988541 0.042526579093
0.047242164612 0.043151969962
0.050544977188 0.043777360831
0.050863027573 0.044402751700
0.052753925323 0.045028142569
0.053595066071 0.045653533438
0.053702831268 0.046278924307
0.055530071259 0.046904315176
0.056428909302 0.047529706045
0.057006120682 0.048155096914
0.059117794037 0.048780487783
0.059129953384 0.049405878652
0.059254884720 0.050031269521
0.060512065887 0.050656660390
0.062211036682 0.051282051259
0.064652204514 0.051907442128
0.065806150436 0.052532832997
0.066914081573 0.053158223866
0.068532943726 0.053783614735
0.070271968842 0.054409005604
0.071181058884 0.055034396473
0.071703910828 0.055659787342
0.071760892868 0.056285178211
0.074290037155 0.056910569080
0.085880994797 0.057535959949
0.085940122604 0.058161350818
0.088475942612 0.058786741687
0.090351104736 0.059412132556
0.093020915985 0.060037523425
0.097673177719 0.060662914294
0.098366975784 0.061288305163
0.114820957184 0.061913696032
0.116068840027 0.062539086901
0.127562999725 0.063164477770
0.134243965149 0.063789868639
0.134686946869 0.064415259508
0.149237871170 0.065040650377
0.150335073471 0.065666041246
0.155158042908 0.066291432115
0.175474882126 0.066916822984
0.206135034561 0.067542213853
0.207530975342 0.068167604722
0.214188098907 0.068792995591
0.216599941254 0.069418386460
0.244508981705 0.070043777329
0.254829883575 0.070669168198
0.273191928864 0.071294559067
0.280303955078 0.071919949936
0.283797979355 0.072545340805
0.368675947189 0.073170731674
0.395055055618 0.073796122543
0.415465116501 0.074421513412
0.462827920914 0.075046904281
0.604295969009 0.075672295150
0.610368967056 0.076297686019
0.670598030090 0.076923076888
0.702610969543 0.077548467757
0.777267932892 0.078173858626
1.021481037140 0.078799249495
1.056045055389 0.079424640364
1.128175973892 0.080050031233
1.232012033463 0.080675422102
1.237983942032 0.081300812971
1.266377925873 0.081926203840
1.274371862411 0.082551594709
1.799494028091 0.083176985578
1.869578838348 0.083802376447
1.979400873184 0.084427767316
2.527915000916 0.085053158185
2.547776937485 0.085678549054
2.698621988297 0.086303939923
2.920083999634 0.086929330792
3.313765048981 0.087554721661
3.343033075333 0.088180112530
3.748045921326 0.088805503399
4.124186038971 0.089430894268
4.138800144196 0.090056285137
6.308758020401 0.090681676006
6.390047073364 0.091307066875
7.440800189972 0.091932457744
10.778458118439 0.092557848613
12.901446104050 0.093183239482
17.606019973755 0.093808630351
18.135873079300 0.094434021220
21.119204044342 0.095059412089
21.165941953659 0.095684802958
21.173266887665 0.096310193827
21.329803943634 0.096935584696
21.368970870972 0.097560975565
21.440203905106 0.098186366434
21.570768117905 0.098811757303
21.757184028625 0.099437148172
22.036375999451 0.100062539041
23.269533157349 0.100687929910
23.312785863876 0.101313320779
23.456986904144 0.101938711648
26.056075096130 0.102564102517
26.240713834763 0.103189493386
26.256867885590 0.103814884255
26.315565824509 0.104440275124
29.161027908325 0.105065665993
30.096939086914 0.105691056862
35.454319000244 0.106316447731
37.687379121780 0.106941838600
37.839542150497 0.107567229469
38.666946887970 0.108192620338
39.304854869843 0.108818011207
39.536541938782 0.109443402076
45.755510091782 0.110068792945
50.087444067001 0.110694183814
51.038496971130 0.111319574683
52.716439962387 0.111944965552
54.048869848251 0.112570356421
55.016382932663 0.113195747290
56.495784997940 0.113821138159
61.866174221039 0.114446529028
63.921701192856 0.115071919897
64.623420000076 0.115697310766
64.966588973999 0.116322701635
66.636513948441 0.116948092504
71.860697031021 0.117573483373
75.362806081772 0.118198874242
82.381442070007 0.118824265111
95.049762010574 0.119449655980
97.655639171600 0.120075046849
99.750063896179 0.120700437718
101.979243040085 0.121325828587
105.490092992783 0.121951219456
116.446502923965 0.122576610325
119.113003969193 0.123202001194
124.317639827728 0.123827392063
125.503039121628 0.124452782932
127.020000934601 0.125078173801
137.772874832153 0.125703564670
142.402838945389 0.126328955539
143.083614826202 0.126954346408
143.254092931747 0.127579737277
145.322138071060 0.128205128146
146.332989215851 0.128830519015
148.707305908203 0.129455909884
160.268453121185 0.130081300753
160.481566905975 0.130706691622
161.762362003326 0.131332082491
162.490404844284 0.131957473360
168.064441919327 0.132582864229
174.407484054565 0.133208255098
178.545699834824 0.133833645967
182.665265083313 0.134459036836
186.853746175766 0.135084427705
189.675893068314 0.135709818574
194.837691068649 0.136335209443
194.946381092072 0.136960600312
196.202831983566 0.137585991181
197.059268951416 0.138211382050
197.977000951767 0.138836772919
200.392739057541 0.139462163788
201.452873945236 0.140087554657
203.743981122971 0.140712945526
209.481393098831 0.141338336395
215.234158992767 0.141963727264
232.561433076859 0.142589118133
241.177016973495 0.143214509002
247.355922937393 0.143839899871
294.093656778336 0.144465290740
299.813980102539 0.145090681609
300.004803895950 0.145716072478
300.005597114563 0.146341463347
300.008764028549 0.146966854216
300.009258031845 0.147592245085
300.009330034256 0.148217635954
300.009352922440 0.148843026823
300.009488105774 0.149468417692
300.009684085846 0.150093808561
300.010046958923 0.150719199430
300.010398864746 0.151344590299
300.010425090790 0.151969981168
300.010461091995 0.152595372037
300.010933160782 0.153220762906
300.011085987091 0.153846153775
300.011229038239 0.154471544644
300.011304855347 0.155096935513
300.011343955994 0.155722326382
300.011382818222 0.156347717251
300.011631011963 0.156973108120
300.011667013168 0.157598498989
300.011777877808 0.158223889858
300.011848926544 0.158849280727
300.011914968491 0.159474671596
300.012290000916 0.160100062465
300.012552022934 0.160725453334
300.012583017349 0.161350844203
300.012625932693 0.161976235072
300.012966871262 0.162601625941
300.013117074966 0.163227016810
300.013386964798 0.163852407679
300.013644933701 0.164477798548
300.013693094254 0.165103189417
300.013751983643 0.165728580286
300.013857126236 0.166353971155
300.014017105103 0.166979362024
300.014049053192 0.167604752893
300.014355182648 0.168230143762
300.014605998993 0.168855534631
300.014631986618 0.169480925500
300.014674186707 0.170106316369
300.014703989029 0.170731707238
300.014843940735 0.171357098107
300.014955043793 0.171982488976
300.015007972717 0.172607879845
300.015060901642 0.173233270714
300.015173912048 0.173858661583
300.015594959259 0.174484052452
300.015599966049 0.175109443321
300.015697956085 0.175734834190
300.015748023987 0.176360225059
300.015836000443 0.176985615928
300.015877008438 0.177611006797
300.015936136246 0.178236397666
300.015964984894 0.178861788535
300.015986204147 0.179487179404
300.016032934189 0.180112570273
300.016075849533 0.180737961142
300.016285896301 0.181363352011
300.016545057297 0.181988742880
300.016685962677 0.182614133749
300.016822099686 0.183864915488
300.016824007034 0.184490306357
300.016833066940 0.185115697226
300.017015933990 0.185741088095
300.017088890076 0.186366478964
300.017105102539 0.186991869833
300.017177104950 0.187617260702
300.017287015915 0.188242651571
300.017366170883 0.188868042440
300.017376899719 0.189493433309
300.017395019531 0.190118824178
300.017410039902 0.190744215047
300.017594099045 0.191369605916
300.017662048340 0.191994996785
300.017719030380 0.192620387654
300.017910957336 0.193245778523
300.017940044403 0.193871169392
300.017957925797 0.194496560261
300.018033027649 0.195121951130
300.018069028854 0.195747341999
300.018096923828 0.196372732868
300.018136978149 0.196998123737
300.018169879913 0.197623514606
300.018198013306 0.198248905475
300.018296957016 0.198874296344
300.018310070038 0.199499687213
300.018389940262 0.200125078082
300.018469095230 0.200750468951
300.018494129181 0.201375859820
300.018549919128 0.202001250689
300.018556118011 0.202626641558
300.018602848053 0.203252032427
300.018653869629 0.203877423296
300.018683910370 0.204502814165
300.018739938736 0.205128205034
300.018796920776 0.205753595903
300.018916130066 0.206378986772
300.018954992294 0.207004377641
300.019030094147 0.207629768510
300.019208908081 0.208255159379
300.019261121750 0.208880550248
300.019267082214 0.209505941117
300.019304990768 0.210131331986
300.019372940063 0.210756722855
300.019419908524 0.211382113724
300.019565105438 0.212007504593
300.019582033157 0.212632895462
300.019585847855 0.213258286331
300.019681930542 0.213883677200
300.019763946533 0.214509068069
300.019783020020 0.215134458938
300.019806861877 0.215759849807
300.019847154617 0.216385240676
300.019903898239 0.217010631545
300.020019054413 0.217636022414
300.020030975342 0.218261413283
300.020115852356 0.218886804152
300.020118951797 0.219512195021
300.020139932632 0.220137585890
300.020153045654 0.220762976759
300.020246028900 0.221388367628
300.020326137543 0.222013758497
300.020356893539 0.222639149366
300.020359992981 0.223264540235
300.020361900330 0.223889931104
300.020380020142 0.224515321973
300.020385980606 0.225140712842
300.020421028137 0.225766103711
300.020597934723 0.226391494580
300.020617961884 0.227016885449
300.020618915558 0.227642276318
300.020653009415 0.228267667187
300.020684957504 0.228893058056
300.020752906799 0.229518448925
300.020785093307 0.230143839794
300.020796060562 0.230769230663
300.020841121674 0.231394621532
300.020881891251 0.232020012401
300.020915985107 0.232645403270
300.020959138870 0.233270794139
300.021145105362 0.233896185008
300.021146059036 0.234521575877
300.021156787872 0.235146966746
300.021208047867 0.235772357615
300.021230936050 0.236397748484
300.021235942841 0.237023139353
300.021322965622 0.237648530222
300.021398067474 0.238273921091
300.021403074265 0.238899311960
300.021425962448 0.239524702829
300.021427869797 0.240150093698
300.021444797516 0.240775484567
300.021463155746 0.241400875436
300.021476030350 0.242026266305
300.021490097046 0.242651657174
300.021578073502 0.243277048043
300.021605014801 0.243902438912
300.021624088287 0.244527829781
300.021665096283 0.245153220650
300.021713972092 0.245778611519
300.021744012833 0.246404002388
300.021750211716 0.247029393257
300.021761178970 0.247654784126
300.021773815155 0.248280174995
300.021871089935 0.248905565864
300.021995067596 0.249530956733
300.021996974945 0.250156347602
300.022011041641 0.251407129341
300.022058010101 0.252032520210
300.022077083588 0.252657911079
300.022091150284 0.253283301948
300.022104024887 0.253908692817
300.022155046463 0.254534083686
300.022159099579 0.255159474555
300.022195100784 0.255784865424
300.022202968597 0.256410256293
300.022220849991 0.257035647162
300.022229909897 0.257661038031
300.022245883942 0.258286428900
300.022261142731 0.258911819769
300.022265911102 0.259537210638
300.022275924683 0.260162601507
300.022303104401 0.260787992376
300.022306919098 0.261413383245
300.022308111191 0.262038774114
300.022541046143 0.262664164983
300.022576093674 0.263289555852
300.022705078125 0.263914946721
300.022707939148 0.264540337590
300.022708892822 0.265165728459
300.022713899612 0.265791119328
300.022716999054 0.266416510197
300.022775888443 0.267041901066
300.022797107697 0.267667291935
300.022881031036 0.268292682804
300.022917985916 0.268918073673
300.022961854935 0.269543464542
300.023020029068 0.270168855411
300.023112058640 0.270794246280
300.023165941238 0.271419637149
300.023197889328 0.272045028018
300.023203849792 0.272670418887
300.023211002350 0.273295809756
300.023214817047 0.273921200625
300.023219108582 0.274546591494
300.023231983185 0.275171982363
300.023236989975 0.275797373232
300.023255825043 0.276422764101
300.023277044296 0.277048154970
300.023313999176 0.277673545839
300.023379802704 0.278298936708
300.023386001587 0.278924327577
300.023396015167 0.279549718446
300.023398160934 0.280175109315
300.023480892181 0.280800500184
300.023490905762 0.281425891053
300.023519992828 0.282051281922
300.023528099060 0.282676672791
300.023533821106 0.283302063660
300.023535013199 0.283927454529
300.023541927338 0.284552845398
300.023544073105 0.285178236267
300.023561954498 0.285803627136
300.023591995239 0.286429018005
300.023608922958 0.287054408874
300.023635149002 0.287679799743
300.023714065552 0.288305190612
300.023744106293 0.288930581481
300.023777008057 0.289555972350
300.023788928986 0.290181363219
300.023805141449 0.290806754088
300.023832082748 0.291432144957
300.023885965347 0.292057535826
300.023890018463 0.292682926695
300.023944854736 0.293308317564
300.023945093155 0.293933708433
300.024033069611 0.294559099302
300.024044036865 0.295184490171
300.024105072021 0.295809881040
300.024154901505 0.296435271909
300.024173974991 0.297060662778
300.024237155914 0.297686053647
300.024255990982 0.298311444516
300.024393081665 0.298936835385
300.024399042130 0.299562226254
300.024447917938 0.300187617123
300.024475812912 0.300813007992
300.024487972260 0.301438398861
300.024495124817 0.302063789730
300.024541139603 0.302689180599
300.024642944336 0.303314571468
300.024646043777 0.303939962337
300.024664878845 0.304565353206
300.024744987488 0.305190744075
300.024767875671 0.305816134944
300.024785995483 0.306441525813
300.024811029434 0.307066916682
300.024826049805 0.307692307551
300.024857997894 0.308317698420
300.024895906448 0.308943089289
300.024914979935 0.309568480158
300.024936914444 0.310193871027
300.024980068207 0.310819261896
300.025032043457 0.311444652765
300.025057077408 0.312070043634
300.025090932846 0.312695434503
300.025156021118 0.313320825372
300.025201082230 0.313946216241
300.025231122971 0.314571607110
300.025244951248 0.315196997979
300.025429964066 0.315822388848
300.025454044342 0.316447779717
300.025460958481 0.317073170586
300.025476217270 0.317698561455
300.025502920151 0.318323952324
300.025525093079 0.318949343193
300.025596141815 0.319574734062
300.025600910187 0.320200124931
300.025633096695 0.320825515800
300.025707960129 0.321450906669
300.025822877884 0.322076297538
300.025830984116 0.322701688407
300.025882959366 0.323327079276
300.025910139084 0.323952470145
300.025911092758 0.324577861014
300.025972127914 0.325203251883
300.026046991348 0.325828642752
300.026106119156 0.326454033621
300.026223897934 0.327079424490
300.026256799698 0.327704815359
300.026270866394 0.328330206228
300.026309013367 0.328955597097
300.026379823685 0.329580987966
300.026384115219 0.330206378835
300.026475906372 0.330831769704
300.026481151581 0.331457160573
300.026556015015 0.332082551442
300.026557922363 0.332707942311
300.026563882828 0.333333333180
300.026599168777 0.333958724049
300.026629924774 0.334584114918
300.026677131653 0.335209505787
300.026730060577 0.335834896656
300.026793003082 0.336460287525
300.026880979538 0.337085678394
300.026985883713 0.337711069263
300.027094125748 0.338336460132
300.027115106583 0.338961851001
300.027159929276 0.339587241870
300.027173995972 0.340212632739
300.027264118195 0.340838023608
300.027271986008 0.341463414477
300.027339935303 0.342088805346
300.027379989624 0.342714196215
300.027399063110 0.343339587084
300.027507066727 0.343964977953
300.027546882629 0.344590368822
300.027615070343 0.345215759691
300.027617931366 0.345841150560
300.027622938156 0.346466541429
300.027630805969 0.347091932298
300.027646780014 0.347717323167
300.027652978897 0.348342714036
300.027672052383 0.348968104905
300.027724981308 0.349593495774
300.027798891068 0.350218886643
300.027813911438 0.350844277512
300.027826070786 0.351469668381
300.027848958969 0.352095059250
300.027863025665 0.352720450119
300.027870893478 0.353345840988
300.027878999710 0.353971231857
300.027894020081 0.354596622726
300.027895927429 0.355222013595
300.028077840805 0.355847404464
300.028079986572 0.356472795333
300.028096914291 0.357098186202
300.028114080429 0.357723577071
300.028161048889 0.358348967940
300.028208017349 0.358974358809
300.028250932693 0.359599749678
300.028276920319 0.360225140547
300.028299093246 0.360850531416
300.028317213058 0.361475922285
300.028341054916 0.362101313154
300.028376102448 0.362726704023
300.028391122818 0.363352094892
300.028392076492 0.363977485761
300.028403043747 0.364602876630
300.028414011002 0.365228267499
300.028559207916 0.365853658368
300.028589963913 0.366479049237
300.028639078140 0.367104440106
300.028740882874 0.367729830975
300.028758049011 0.368355221844
300.028810977936 0.368980612713
300.028901100159 0.369606003582
300.028934001923 0.370231394451
300.028937101364 0.370856785320
300.028970003128 0.371482176189
300.028990030289 0.372107567058
300.028995990753 0.372732957927
300.029036045074 0.373358348796
300.029258966446 0.373983739665
300.029289007187 0.374609130534
300.029375076294 0.375234521403
300.029519081116 0.375859912272
300.029592990875 0.376485303141
300.029721975327 0.377110694010
300.029757022858 0.377736084879
300.029772043228 0.378361475748
300.029793024063 0.378986866617
300.029803991318 0.379612257486
300.029920101166 0.380237648355
300.030040025711 0.380863039224
300.030131101608 0.381488430093
300.030144929886 0.382113820962
300.030214071274 0.382739211831
300.030218839645 0.383364602700
300.030256986618 0.383989993569
300.030275821686 0.384615384438
300.030315160751 0.385240775307
300.030327081680 0.385866166176
300.030345201492 0.386491557045
300.030346870422 0.387116947914
300.030395030975 0.387742338783
300.030459165573 0.388367729652
300.030514955521 0.388993120521
300.030539989471 0.389618511390
300.030540943146 0.390243902259
300.030544996262 0.390869293128
300.030566930771 0.391494683997
300.030575990677 0.392120074866
300.030582904816 0.392745465735
300.030615091324 0.393370856604
300.030645847321 0.393996247473
300.030648946762 0.394621638342
300.030655860901 0.395247029211
300.030672788620 0.395872420080
300.030744075775 0.396497810949
300.030770063400 0.397123201818
300.030838966370 0.397748592687
300.030921936035 0.398373983556
300.030963897705 0.398999374425
300.031025171280 0.399624765294
300.031053066254 0.400250156163
300.031057119370 0.400875547032
300.031059980392 0.401500937901
300.031108856201 0.402126328770
300.031109094620 0.402751719639
300.031151056290 0.403377110508
300.031178951263 0.404002501377
300.031193971634 0.404627892246
300.031230926514 0.405253283115
300.031244039536 0.405878673984
300.031304836273 0.406504064853
300.031316041946 0.407129455722
300.031339883804 0.407754846591
300.031384944916 0.408380237460
300.031385183334 0.409005628329
300.031399965286 0.409631019198
300.031418085098 0.410256410067
300.031423091888 0.410881800936
300.031430006027 0.412132582675
300.031458854675 0.412757973544
300.031476020813 0.413383364413
300.031584024429 0.414008755282
300.031603097916 0.414634146151
300.031605005264 0.415259537020
300.031649827957 0.415884927889
300.031694889069 0.416510318758
300.031712055206 0.417135709627
300.031766891479 0.417761100496
300.031773090363 0.418386491365
300.031775951385 0.419011882234
300.031778097153 0.419637273103
300.031795024872 0.420262663972
300.031811952591 0.420888054841
300.031845092773 0.421513445710
300.031877994537 0.422138836579
300.031981945038 0.422764227448
300.032096862793 0.423389618317
300.032133102417 0.424015009186
300.032201051712 0.424640400055
300.032284975052 0.425265790924
300.032335042953 0.425891181793
300.032335996628 0.426516572662
300.032349109650 0.427141963531
300.032371044159 0.427767354400
300.032406806946 0.428392745269
300.032418966293 0.429018136138
300.032584905624 0.429643527007
300.032602071762 0.430268917876
300.032681941986 0.430894308745
300.032692909241 0.431519699614
300.032699823380 0.432145090483
300.032720088959 0.432770481352
300.032733917236 0.433395872221
300.032773971558 0.434021263090
300.032787084579 0.434646653959
300.032796859741 0.435272044828
300.032801866531 0.435897435697
300.032876014709 0.436522826566
300.032884836197 0.437148217435
300.032892942429 0.437773608304
300.032902002335 0.438398999173
300.032941102982 0.439024390042
300.032951831818 0.439649780911
300.032958984375 0.440275171780
300.032974958420 0.440900562649
300.032989978790 0.441525953518
300.033001899719 0.442151344387
300.033036947250 0.442776735256
300.033072948456 0.443402126125
300.033079862595 0.444027516994
300.033083200455 0.444652907863
300.033099889755 0.445278298732
300.033119916916 0.445903689601
300.033210039139 0.446529080470
300.033221006393 0.447154471339
300.033227205276 0.447779862208
300.033281087875 0.448405253077
300.033288002014 0.449030643946
300.033328056335 0.449656034815
300.033336162567 0.450281425684
300.033344984055 0.450906816553
300.033367872238 0.451532207422
300.033370971680 0.452157598291
300.033398151398 0.452782989160
300.033428907394 0.453408380029
300.033448934555 0.454033770898
300.033457040787 0.454659161767
300.033480882645 0.455284552636
300.033498048782 0.455909943505
300.033509969711 0.456535334374
300.033539056778 0.457160725243
300.033554077148 0.457786116112
300.033557891846 0.458411506981
300.033562898636 0.459036897850
300.033566951752 0.459662288719
300.033620119095 0.460287679588
300.033648967743 0.460913070457
300.033652067184 0.461538461326
300.033659934998 0.462163852195
300.033688068390 0.462789243064
300.033720970154 0.463414633933
300.033730983734 0.464040024802
300.033746004105 0.464665415671
300.033885002136 0.465290806540
300.033887863159 0.465916197409
300.033895969391 0.466541588278
300.033897161484 0.467166979147
300.034027099609 0.467792370016
300.034029006958 0.468417760885
300.034048795700 0.469043151754
300.034070014954 0.469668542623
300.034079074860 0.470293933492
300.034138917923 0.470919324361
300.034169912338 0.471544715230
300.034173965454 0.472170106099
300.034176111221 0.472795496968
300.034184932709 0.473420887837
300.034194946289 0.474046278706
300.034235000610 0.474671669575
300.034343004227 0.475297060444
300.034346103668 0.475922451313
300.034396171570 0.476547842182
300.034415960312 0.477173233051
300.034515142441 0.477798623920
300.034515857697 0.478424014789
300.034562826157 0.479049405658
300.034598112106 0.479674796527
300.034626960754 0.480300187396
300.034693002701 0.480925578265
300.034764051437 0.481550969134
300.034768104553 0.482176360003
300.034780025482 0.482801750872
300.034793853760 0.483427141741
300.034801006317 0.484052532610
300.034825086594 0.484677923479
300.034835100174 0.485303314348
300.034850120544 0.485928705217
300.034851074219 0.486554096086
300.034932851791 0.487179486955
300.034965991974 0.487804877824
300.034967899323 0.488430268693
300.035009145737 0.489055659562
300.035012006760 0.489681050431
300.035034179688 0.490306441300
300.035036802292 0.490931832169
300.035069942474 0.491557223038
300.035108089447 0.492182613907
300.035111904144 0.492808004776
300.035140037537 0.493433395645
300.035140991211 0.494058786514
300.035155057907 0.494684177383
300.035156965256 0.495309568252
300.035174846649 0.495934959121
300.035230159760 0.496560349990
300.035291194916 0.497185740859
300.035304069519 0.497811131728
300.035308122635 0.498436522597
300.035312891006 0.499061913466
300.035327911377 0.499687304335
300.035353899002 0.500312695204
300.035402059555 0.500938086073
300.035413980484 0.502188867812
300.035430908203 0.502814258681
300.035463094711 0.503439649550
300.035470008850 0.504065040419
300.035503149033 0.504690431288
300.035536050797 0.505315822157
300.035552024841 0.505941213026
300.035577058792 0.506566603895
300.035585880280 0.507191994764
300.035586118698 0.507817385633
300.035622119904 0.508442776502
300.035683155060 0.509068167371
300.035693883896 0.509693558240
300.035730123520 0.510318949109
300.035746097565 0.510944339978
300.035757064819 0.511569730847
300.035794973373 0.512195121716
300.035799026489 0.512820512585
300.035823106766 0.513445903454
300.035874128342 0.514071294323
300.035933017731 0.514696685192
300.035947084427 0.515322076061
300.035965919495 0.515947466930
300.035989046097 0.516572857799
300.035994052887 0.517198248668
300.036028146744 0.517823639537
300.036075830460 0.518449030406
300.036087036133 0.519074421275
300.036103010178 0.519699812144
300.036160945892 0.520325203013
300.036166906357 0.520950593882
300.036190986633 0.521575984751
300.036205053329 0.522201375620
300.036212921143 0.522826766489
300.036265134811 0.523452157358
300.036294937134 0.524077548227
300.036302089691 0.524702939096
300.036325931549 0.525328329965
300.036333799362 0.525953720834
300.036382198334 0.526579111703
300.036405086517 0.527204502572
300.036511182785 0.527829893441
300.036549091339 0.528455284310
300.036562919617 0.529080675179
300.036674022675 0.529706066048
300.036704063416 0.530331456917
300.036725997925 0.530956847786
300.036776065826 0.531582238655
300.036780834198 0.532207629524
300.036837100983 0.532833020393
300.036851167679 0.533458411262
300.036892890930 0.534083802131
300.036900043488 0.534709193000
300.036921024323 0.535334583869
300.036931037903 0.535959974738
300.036946058273 0.536585365607
300.036963939667 0.537210756476
300.037045001984 0.537836147345
300.037045955658 0.538461538214
300.037059068680 0.539086929083
300.037116050720 0.539712319952
300.037162065506 0.540337710821
300.037263870239 0.540963101690
300.037297010422 0.541588492559
300.037417888641 0.542213883428
300.037420988083 0.542839274297
300.037429094315 0.543464665166
300.037431001663 0.544090056035
300.037500858307 0.544715446904
300.037589788437 0.545340837773
300.037626028061 0.545966228642
300.037631034851 0.546591619511
300.037640094757 0.547217010380
300.037641048431 0.547842401249
300.037680864334 0.548467792118
300.037753105164 0.549093182987
300.037758111954 0.550343964726
300.037770986557 0.550969355595
300.037779092789 0.551594746464
300.037806987762 0.552220137333
300.037819147110 0.552845528202
300.037867069244 0.553470919071
300.037924051285 0.554096309940
300.037992954254 0.554721700809
300.038065910339 0.555347091678
300.038083076477 0.555972482547
300.038142919540 0.556597873416
300.038203001022 0.557223264285
300.038266897202 0.557848655154
300.038305997849 0.558474046023
300.038308143616 0.559099436892
300.038322210312 0.559724827761
300.038327932358 0.560350218630
300.038354873657 0.560975609499
300.038427829742 0.561601000368
300.038429975510 0.562226391237
300.038455963135 0.562851782106
300.038465976715 0.563477172975
300.038475036621 0.564102563844
300.038484811783 0.564727954713
300.038584232330 0.565353345582
300.038666963577 0.565978736451
300.038688898087 0.566604127320
300.038775920868 0.567229518189
300.038810968399 0.567854909058
300.038815975189 0.568480299927
300.038831949234 0.569105690796
300.038840055466 0.569731081665
300.038861036301 0.570356472534
300.038881063461 0.570981863403
300.038887977600 0.571607254272
300.038918018341 0.572232645141
300.038922786713 0.572858036010
300.038925886154 0.573483426879
300.038949012756 0.574108817748
300.039137125015 0.574734208617
300.039158821106 0.575359599486
300.039173841476 0.575984990355
300.039205074310 0.576610381224
300.039315938950 0.577235772093
300.039340019226 0.577861162962
300.039347887039 0.578486553831
300.039378881454 0.579111944700
300.039459943771 0.579737335569
300.039512872696 0.580362726438
300.039517164230 0.580988117307
300.039520025253 0.581613508176
300.039528131485 0.582238899045
300.039553165436 0.582864289914
300.039598941803 0.583489680783
300.039600849152 0.584115071652
300.039618968964 0.584740462521
300.039620876312 0.585365853390
300.039664983749 0.585991244259
300.039677143097 0.586616635128
300.039714097977 0.587242025997
300.039791107178 0.587867416866
300.039807081223 0.588492807735
300.039861202240 0.589118198604
300.039864063263 0.589743589473
300.039878129959 0.590368980342
300.039893865585 0.590994371211
300.039910078049 0.591619762080
300.040003061295 0.592245152949
300.040030002594 0.592870543818
300.040039062500 0.593495934687
300.040085077286 0.594121325556
300.040138006210 0.594746716425
300.040141105652 0.595372107294
300.040151119232 0.595997498163
300.040160894394 0.596622889032
300.040230989456 0.597248279901
300.040306091309 0.597873670770
300.040312051773 0.598499061639
300.040329933167 0.599124452508
300.040343999863 0.599749843377
300.040416002274 0.600375234246
300.040454149246 0.601000625115
300.040459871292 0.601626015984
300.040553092957 0.602251406853
300.040625095367 0.602876797722
300.040693044662 0.603502188591
300.040754079819 0.604127579460
300.040771007538 0.604752970329
300.040817022324 0.605378361198
300.040827035904 0.606003752067
300.040837049484 0.606629142936
300.040848970413 0.607254533805
300.040867090225 0.607879924674
300.040884017944 0.608505315543
300.040889024734 0.609130706412
300.040975093842 0.609756097281
300.041069984436 0.610381488150
300.041101932526 0.611006879019
300.041180849075 0.611632269888
300.041224002838 0.612257660757
300.041244983673 0.612883051626
300.041345834732 0.613508442495
300.041348934174 0.614133833364
300.041357994080 0.614759224233
300.041367053986 0.615384615102
300.041374921799 0.616010005971
300.041425943375 0.616635396840
300.041427135468 0.617260787709
300.041435003281 0.617886178578
300.041460990906 0.618511569447
300.041465044022 0.619136960316
300.041495084763 0.619762351185
300.041519880295 0.620387742054
300.041550874710 0.621013132923
300.041559934616 0.621638523792
300.041573047638 0.622263914661
300.041683912277 0.622889305530
300.041697978973 0.623514696399
300.041731119156 0.624140087268
300.041739940643 0.624765478137
300.041779041290 0.625390869006
300.041795969009 0.626016259875
300.041804790497 0.626641650744
300.041825056076 0.627267041613
300.041862964630 0.627892432482
300.041869878769 0.628517823351
300.041915178299 0.629143214220
300.041928052902 0.629768605089
300.041939973831 0.630393995958
300.042019844055 0.631019386827
300.042035818100 0.631644777696
300.042097091675 0.632270168565
300.042242050171 0.632895559434
300.042246103287 0.633520950303
300.042273044586 0.634146341172
300.042283058167 0.634771732041
300.042370080948 0.635397122910
300.042428016663 0.636022513779
300.042497158051 0.636647904648
300.042585134506 0.637273295517
300.042603015900 0.637898686386
300.042632102966 0.638524077255
300.042634010315 0.639149468124
300.042665958405 0.639774858993
300.042697191238 0.640400249862
300.042737007141 0.641025640731
300.042926073074 0.641651031600
300.042937994003 0.642276422469
300.042948961258 0.642901813338
300.042965888977 0.643527204207
300.042969942093 0.644152595076
300.043016910553 0.644777985945
300.043059110641 0.645403376814
300.043087959290 0.646028767683
300.043113946915 0.646654158552
300.043159961700 0.647279549421
300.043162822723 0.647904940290
300.043164014816 0.648530331159
300.043237924576 0.649155722028
300.043284177780 0.649781112897
300.043317079544 0.650406503766
300.043339967728 0.651031894635
300.043349981308 0.651657285504
300.043390035629 0.652282676373
300.043512105942 0.652908067242
300.043553113937 0.653533458111
300.043578863144 0.654158848980
300.043586969376 0.654784239849
300.043623924255 0.655409630718
300.043640136719 0.656035021587
300.043662071228 0.656660412456
300.043785095215 0.657285803325
300.043792963028 0.657911194194
300.043821811676 0.658536585063
300.043825149536 0.659161975932
300.043856859207 0.659787366801
300.043904066086 0.660412757670
300.043914079666 0.661038148539
300.044014930725 0.661663539408
300.044033050537 0.662288930277
300.044044017792 0.662914321146
300.044081926346 0.663539712015
300.044099092484 0.664165102884
300.044119119644 0.664790493753
300.044141054153 0.665415884622
300.044159173965 0.666041275491
300.044179916382 0.666666666360
300.044199943542 0.667292057229
300.044207811356 0.667917448098
300.044225931168 0.668542838967
300.044243097305 0.669168229836
300.044246912003 0.669793620705
300.044296026230 0.670419011574
300.044305086136 0.671044402443
300.044322013855 0.671669793312
300.044358015060 0.672295184181
300.044383049011 0.672920575050
300.044447898865 0.673545965919
300.044485807419 0.674171356788
300.044492006302 0.674796747657
300.044493198395 0.675422138526
300.044532060623 0.676047529395
300.044561862946 0.676672920264
300.044568061829 0.677298311133
300.044703006744 0.677923702002
300.044803857803 0.678549092871
300.044878959656 0.679174483740
300.044886827469 0.679799874609
300.044891834259 0.680425265478
300.044939041138 0.681050656347
300.044954061508 0.681676047216
300.044971942902 0.682301438085
300.044987916946 0.682926828954
300.045018911362 0.683552219823
300.045022964478 0.684177610692
300.045057058334 0.684803001561
300.045109987259 0.685428392430
300.045153141022 0.686053783299
300.045179128647 0.686679174168
300.045185089111 0.687304565037
300.045217990875 0.687929955906
300.045220851898 0.688555346775
300.045253038406 0.689180737644
300.045265197754 0.689806128513
300.045273065567 0.690431519382
300.045282840729 0.691056910251
300.045307874680 0.691682301120
300.045331001282 0.692307691989
300.045386075974 0.692933082858
300.045392036438 0.693558473727
300.045416116714 0.694183864596
300.045495986938 0.694809255465
300.045497894287 0.695434646334
300.045502901077 0.696060037203
300.045523881912 0.696685428072
300.045583009720 0.697310818941
300.045589923859 0.697936209810
300.045623779297 0.698561600679
300.045624017715 0.699186991548
300.045631170273 0.699812382417
300.045663118362 0.700437773286
300.045757055283 0.701063164155
300.045801162720 0.701688555024
300.045814037323 0.702313945893
300.045916080475 0.702939336762
300.045936107635 0.703564727631
300.046055078506 0.704190118500
300.046137094498 0.704815509369
300.046149969101 0.705440900238
300.046207189560 0.706066291107
300.046223878860 0.706691681976
300.046314001083 0.707317072845
300.046339035034 0.707942463714
300.046358108521 0.708567854583
300.046379089355 0.709193245452
300.046383142471 0.709818636321
300.046423912048 0.710444027190
300.046424150467 0.711069418059
300.046518802643 0.711694808928
300.046530008316 0.712320199797
300.046535968781 0.712945590666
300.046555042267 0.713570981535
300.046564102173 0.714196372404
300.046572208405 0.714821763273
300.046595096588 0.715447154142
300.046645879745 0.716072545011
300.046669006348 0.716697935880
300.046669960022 0.717323326749
300.046679019928 0.717948717618
300.046752929688 0.718574108487
300.046767950058 0.719199499356
300.046821117401 0.719824890225
300.046823024750 0.720450281094
300.046827077866 0.721075671963
300.046849966049 0.721701062832
300.046884059906 0.722326453701
300.046936035156 0.722951844570
300.046993970871 0.723577235439
300.047036886215 0.724202626308
300.047070026398 0.724828017177
300.047146081924 0.725453408046
300.047178983688 0.726078798915
300.047208070755 0.726704189784
300.047306060791 0.727329580653
300.047344923019 0.727954971522
300.047362089157 0.728580362391
300.047370195389 0.729205753260
300.047380924225 0.729831144129
300.047463893890 0.730456534998
300.047475814819 0.731081925867
300.047484874725 0.731707316736
300.047575950623 0.732332707605
300.047657966614 0.732958098474
300.047696113586 0.733583489343
300.047710895538 0.734208880212
300.047731161118 0.734834271081
300.047773122787 0.735459661950
300.047796964645 0.736085052819
300.047861814499 0.736710443688
300.047921180725 0.737335834557
300.047976970673 0.737961225426
300.048009157181 0.738586616295
300.048030853271 0.739212007164
300.048084020615 0.739837398033
300.048115015030 0.740462788902
300.048138141632 0.741088179771
300.048156976700 0.741713570640
300.048188209534 0.742338961509
300.048189163208 0.742964352378
300.048218011856 0.743589743247
300.048257112503 0.744215134116
300.048324108124 0.744840524985
300.048348903656 0.745465915854
300.048352956772 0.746091306723
300.048367977142 0.746716697592
300.048403978348 0.747342088461
300.048579931259 0.747967479330
300.048580884933 0.748592870199
300.048590898514 0.749218261068
300.048593044281 0.749843651937
300.048604011536 0.750469042806
300.048644065857 0.751094433675
300.048663854599 0.751719824544
300.048671960831 0.752345215413
300.048679113388 0.752970606282
300.048712968826 0.753595997151
300.048719882965 0.754221388020
300.048721075058 0.754846778889
300.048732995987 0.755472169758
300.048889160156 0.756097560627
300.048914909363 0.756722951496
300.048981904984 0.757348342365
300.048986196518 0.757973733234
300.049118995667 0.759224514973
300.049202919006 0.759849905842
300.049216032028 0.760475296711
300.049230813980 0.761100687580
300.049259901047 0.761726078449
300.049273967743 0.762351469318
300.049289941788 0.762976860187
300.049309968948 0.763602251056
300.049332141876 0.764227641925
300.049349069595 0.764853032794
300.049386978149 0.765478423663
300.049389123917 0.766103814532
300.049392223358 0.766729205401
300.049417972565 0.767354596270
300.049439907074 0.767979987139
300.049479961395 0.768605378008
300.049484014511 0.769230768877
300.049499034882 0.769856159746
300.049503803253 0.770481550615
300.049552917480 0.771106941484
300.049605131149 0.771732332353
300.049607038498 0.772357723222
300.049612045288 0.772983114091
300.049622058868 0.773608504960
300.049654006958 0.774233895829
300.049685001373 0.774859286698
300.049690961838 0.775484677567
300.049742937088 0.776110068436
300.049753189087 0.776735459305
300.049793958664 0.777360850174
300.049900054932 0.777986241043
300.049951791763 0.778611631912
300.049957990646 0.779237022781
300.049958944321 0.779862413650
300.050004005432 0.780487804519
300.050034999847 0.781113195388
300.050038099289 0.781738586257
300.050153970718 0.782363977126
300.050155878067 0.782989367995
300.050156116486 0.783614758864
300.050200939178 0.784240149733
300.050227880478 0.784865540602
300.050255060196 0.785490931471
300.050315856934 0.786116322340
300.050339937210 0.786741713209
300.050351858139 0.787367104078
300.050357103348 0.787992494947
300.050362110138 0.788617885816
300.050434112549 0.789243276685
300.050435066223 0.789868667554
300.050472021103 0.790494058423
300.050505876541 0.791119449292
300.050594806671 0.791744840161
300.050706863403 0.792370231030
300.050780057907 0.792995621899
300.050909996033 0.793621012768
300.050943136215 0.794246403637
300.051001787186 0.794871794506
300.051120042801 0.795497185375
300.051203966141 0.796122576244
300.051218032837 0.796747967113
300.051235914230 0.797373357982
300.051244020462 0.797998748851
300.051293134689 0.798624139720
300.051297903061 0.799249530589
300.051315069199 0.799874921458
300.051326990128 0.800500312327
300.051385879517 0.801125703196
300.051393985748 0.801751094065
300.051403045654 0.802376484934
300.051409959793 0.803001875803
300.051509141922 0.803627266672
300.051545858383 0.804252657541
300.051630973816 0.804878048410
300.051733970642 0.805503439279
300.051743984222 0.806128830148
300.051744937897 0.806754221017
300.051785945892 0.807379611886
300.051795005798 0.808005002755
300.051958084106 0.808630393624
300.051973819733 0.809255784493
300.052027940750 0.809881175362
300.052045106888 0.810506566231
300.052220821381 0.811131957100
300.052274942398 0.811757347969
300.052276849747 0.812382738838
300.052366018295 0.813008129707
300.052397012711 0.813633520576
300.052489995956 0.814258911445
300.052532911301 0.814884302314
300.052586078644 0.815509693183
300.052658081055 0.816135084052
300.052828073502 0.816760474921
300.052834033966 0.817385865790
300.052890062332 0.818011256659
300.052937984467 0.818636647528
300.052939176559 0.819262038397
300.053030967712 0.819887429266
300.053049802780 0.820512820135
300.053149938583 0.821138211004
300.053179025650 0.821763601873
300.053231000900 0.822388992742
300.053272962570 0.823014383611
300.053322076797 0.823639774480
300.053419113159 0.824265165349
300.053437948227 0.824890556218
300.053456068039 0.825515947087
300.053471088409 0.826141337956
300.053554058075 0.826766728825
300.053652048111 0.827392119694
300.053689002991 0.828017510563
300.053707838058 0.828642901432
300.053847074509 0.829268292301
300.053995132446 0.829893683170
300.054062128067 0.830519074039
300.054116010666 0.831144464908
300.054123878479 0.831769855777
300.054169893265 0.832395246646
300.054173946381 0.833020637515
300.054184198380 0.833646028384
300.054184913635 0.834271419253
300.054327011108 0.834896810122
300.054384946823 0.835522200991
300.054388999939 0.836147591860
300.054466962814 0.836772982729
300.054600000381 0.837398373598
300.054637908936 0.838023764467
300.054694890976 0.838649155336
300.054740905762 0.839274546205
300.054787158966 0.839899937074
300.054936170578 0.840525327943
300.055094003677 0.841150718812
300.055172920227 0.841776109681
300.055188179016 0.842401500550
300.055227041245 0.843026891419
300.055265188217 0.843652282288
300.055519819260 0.844277673157
300.055563211441 0.844903064026
300.055643081665 0.845528454895
300.055644989014 0.846153845764
300.055670976639 0.846779236633
300.055875062943 0.847404627502
300.055881977081 0.848030018371
300.055984020233 0.848655409240
300.056015968323 0.849280800109
300.056064128876 0.849906190978
300.056113958359 0.850531581847
300.056170940399 0.851156972716
300.056327819824 0.851782363585
300.056370973587 0.852407754454
300.056730985641 0.853033145323
300.056972980499 0.853658536192
300.057008981705 0.854283927061
300.057113170624 0.854909317930
300.057291030884 0.855534708799
300.057293891907 0.856160099668
300.057295084000 0.856785490537
300.057646989822 0.857410881406
300.058183908463 0.858036272275
300.058226823807 0.858661663144
300.058234930038 0.859287054013
300.058260917664 0.859912444882
300.058269977570 0.860537835751
300.058290958405 0.861163226620
300.058320045471 0.861788617489
300.058356046677 0.862414008358
300.058403015137 0.863039399227
300.058624982834 0.863664790096
300.058654069901 0.864290180965
300.058869123459 0.864915571834
300.058871984482 0.865540962703
300.059255838394 0.866166353572
300.059302091599 0.866791744441
300.059386968613 0.867417135310
300.059565067291 0.868042526179
300.059868097305 0.868667917048
300.059893131256 0.869293307917
300.059966087341 0.869918698786
300.060135841370 0.870544089655
300.060343980789 0.871169480524
300.060795068741 0.871794871393
300.061283826828 0.872420262262
300.061851978302 0.873045653131
300.062224864960 0.873671044000
300.062373161316 0.874296434869
300.062428951263 0.874921825738
300.063489913940 0.875547216607
300.063779115677 0.876172607476
300.063890933990 0.876797998345
300.065408945084 0.877423389214
300.065944910049 0.878048780083
300.065958023071 0.878674170952
300.065979003906 0.879299561821
300.066112995148 0.879924952690
300.066338062286 0.880550343559
300.066639900208 0.881175734428
300.066966056824 0.881801125297
300.067276954651 0.882426516166
300.067695856094 0.883051907035
300.068432092667 0.883677297904
300.068822860718 0.884302688773
300.069201946259 0.884928079642
300.069380044937 0.885553470511
300.069448947906 0.886178861380
300.069784879684 0.886804252249
300.069865226746 0.887429643118
300.070411920547 0.888055033987
300.070933818817 0.888680424856
300.071546077728 0.889305815725
300.072597980499 0.889931206594
300.073575973511 0.890556597463
300.073678970337 0.891181988332
300.073760032654 0.891807379201
300.074002027512 0.892432770070
300.074007034302 0.893058160939
300.074027061462 0.893683551808
300.075501203537 0.894308942677
300.075863838196 0.894934333546
300.076257944107 0.895559724415
300.076422929764 0.896185115284
300.076515913010 0.896810506153
300.077033996582 0.897435897022
300.077114105225 0.898061287891
300.077121019363 0.898686678760
300.077419996262 0.899312069629
300.078221082687 0.899937460498
300.078234195709 0.900562851367
300.078346014023 0.901188242236
300.078388929367 0.901813633105
300.079120159149 0.902439023974
300.079431056976 0.903064414843
300.079780817032 0.903689805712
300.080183982849 0.904315196581
300.080451965332 0.904940587450
300.080683946609 0.905565978319
300.081694841385 0.906191369188
300.082831859589 0.906816760057
300.084854125977 0.907442150926
300.085577011108 0.908067541795
300.085725069046 0.908692932664
300.086328029633 0.909318323533
300.086833000183 0.909943714402
300.088340997696 0.910569105271
300.088571071625 0.911194496140
300.088701963425 0.911819887009
300.089872837067 0.912445277878
300.090406179428 0.913070668747
300.090594053268 0.913696059616
300.091634988785 0.914321450485
300.092067003250 0.914946841354
300.092864990234 0.915572232223
300.093569993973 0.916197623092
300.093993902206 0.916823013961
300.094089984894 0.917448404830
300.094460010529 0.918073795699
300.094761848450 0.918699186568
300.095688819885 0.919324577437
300.097270965576 0.919949968306
300.097277879715 0.920575359175
300.097574949265 0.921200750044
300.098408937454 0.921826140913
300.099158048630 0.922451531782
300.100349903107 0.923076922651
300.100647926331 0.923702313520
300.101470947266 0.924327704389
300.101541996002 0.924953095258
300.104166030884 0.925578486127
300.106514930725 0.926203876996
300.108818054199 0.926829267865
300.110804796219 0.927454658734
300.111004829407 0.928080049603
300.114611148834 0.928705440472
300.115360021591 0.929330831341
300.116253852844 0.929956222210
300.117606163025 0.930581613079
300.119536161423 0.931207003948
300.121440887451 0.931832394817
300.123146057129 0.932457785686
300.123185873032 0.933083176555
300.123323917389 0.933708567424
300.123826980591 0.934333958293
300.125879049301 0.934959349162
300.128334999084 0.935584740031
300.128620862961 0.936210130900
300.128847837448 0.936835521769
300.132102012634 0.937460912638
300.134357929230 0.938086303507
300.139666080475 0.938711694376
300.140799999237 0.939337085245
300.143599987030 0.939962476114
300.143748998642 0.940587866983
300.144217967987 0.941213257852
300.148849964142 0.941838648721
300.149384975433 0.942464039590
300.149692058563 0.943089430459
300.151741027832 0.943714821328
300.153386831284 0.944340212197
300.157707929611 0.944965603066
300.158931970596 0.945590993935
300.163571119308 0.946216384804
300.214313030243 0.946841775673
300.214996099472 0.947467166542
300.226098060608 0.948092557411
300.235753774643 0.948717948280
300.245980978012 0.949343339149
300.252124071121 0.949968730018
300.274215936661 0.950594120887
300.327749013901 0.951219511756
300.362413883209 0.951844902625
300.363198041916 0.952470293494
300.367990016937 0.953095684363
300.377660989761 0.953721075232
300.378388881683 0.954346466101
300.378629922867 0.954971856970
300.378697872162 0.955597247839
300.379284143448 0.956222638708
300.383208036423 0.956848029577
300.384639978409 0.957473420446
300.384812831879 0.958098811315
300.386779069901 0.958724202184
300.400937080383 0.959349593053
300.412342071533 0.959974983922
300.413600921631 0.960600374791
300.419724941254 0.961225765660
300.439815998077 0.961851156529
300.441602945328 0.962476547398
300.454226970673 0.963101938267
300.454237937927 0.963727329136
300.454735040665 0.964352720005
301.887089014053 0.964978110874
301.945647954941 0.965603501743
305.966202020645 0.966228892612
325.988190889359 0.966854283481
328.133247852325 0.967479674350
340.767081975937 0.968105065219
343.960841894150 0.968730456088
363.227313041687 0.969355846957
370.069270133972 0.969981237826
389.696615934372 0.970606628695
390.891189813614 0.971232019564
391.706604957581 0.971857410433
407.146225929260 0.972482801302
427.572096109390 0.973108192171
431.468380928040 0.973733583040
432.076715946198 0.974358973909
456.022469043732 0.974984364778
458.934756994247 0.975609755647
463.322276830673 0.976235146516
477.999424934387 0.976860537385
482.663281202316 0.977485928254
488.573949098587 0.978111319123
493.537787914276 0.978736709992
512.089308977127 0.979362100861
536.943967103958 0.979987491730
548.828780889511 0.980612882599
548.869246959686 0.981238273468
586.445060014725 0.981863664337
600.068840980530 0.982489055206
600.072469949722 0.983114446075
602.204651117325 0.983739836944
603.736421108246 0.984365227813
643.841276168823 0.984990618682
650.385590076447 0.985616009551
651.806275129318 0.986241400420
655.255579948425 0.986866791289
659.979537010193 0.987492182158
711.693702936172 0.988117573027
721.719352006912 0.988742963896
725.248286962509 0.989368354765
727.958409070969 0.989993745634
731.804122924805 0.990619136503
734.912636995316 0.991244527372
736.226659059525 0.991869918241
756.405200004578 0.992495309110
785.636523008347 0.993120699979
814.993495941162 0.993746090848
869.153052091599 0.994371481717
900.048225879669 0.994996872586
900.055261850357 0.995622263455
900.083107948303 0.996247654324
903.550168037415 0.996873045193
909.423125982285 0.997498436062
923.916085958481 0.998123826931
964.433182001114 0.998749217800
990.417236089706 0.999374608669
993.402817010880 0.999999999538
