2.000000000000 0.000376789751
10.000000000000 0.012810851545
20.000000000000 0.013187641296
47.000000000000 0.013564431047
48.000000000000 0.024114544084
51.000000000000 0.025621703089
52.000000000000 0.025998492840
55.000000000000 0.026375282591
67.000000000000 0.026752072342
70.000000000000 0.027505651845
80.000000000000 0.033911077617
111.000000000000 0.034664657120
113.000000000000 0.035041446871
117.000000000000 0.035418236622
119.000000000000 0.035795026373
120.000000000000 0.036171816124
122.000000000000 0.036548605875
129.000000000000 0.038055764880
133.000000000000 0.038432554631
134.000000000000 0.040316503388
137.000000000000 0.041446872642
165.000000000000 0.041823662393
175.000000000000 0.042954031647
180.000000000000 0.043707611150
191.000000000000 0.044084400901
195.000000000000 0.044461190652
197.000000000000 0.044837980403
202.000000000000 0.046345139408
213.000000000000 0.048982667667
214.000000000000 0.049736247170
225.000000000000 0.050489826673
226.000000000000 0.051996985678
229.000000000000 0.053127354932
230.000000000000 0.055011303689
245.000000000000 0.055388093440
256.000000000000 0.055764883191
268.000000000000 0.056141672942
272.000000000000 0.056518462693
281.000000000000 0.057648831947
282.000000000000 0.174076865104
283.000000000000 0.174453654855
286.000000000000 0.174830444606
293.000000000000 0.175207234357
295.000000000000 0.175584024108
302.000000000000 0.175960813859
304.000000000000 0.176337603610
334.000000000000 0.176714393361
360.000000000000 0.177091183112
396.000000000000 0.180859080625
398.000000000000 0.206480783715
402.000000000000 0.234363225313
430.000000000000 0.237377543324
440.000000000000 0.237754333075
446.000000000000 0.257724189895
454.000000000000 0.261115297657
458.000000000000 0.261492087408
462.000000000000 0.262245666911
504.000000000000 0.330444611900
512.000000000000 0.331198191403
544.000000000000 0.331951770906
547.000000000000 0.332328560657
552.000000000000 0.332705350408
556.000000000000 0.334966088916
560.000000000000 0.335719668419
564.000000000000 0.341748304440
566.000000000000 0.342501883943
568.000000000000 0.350414468721
570.000000000000 0.354559155986
572.000000000000 0.371891484547
574.000000000000 0.379050489822
576.000000000000 0.380934438579
578.000000000000 0.381688018082
582.000000000000 0.382064807833
584.000000000000 0.383571966838
703.000000000000 0.384325546341
712.000000000000 0.384702336092
749.000000000000 0.385079125843
796.000000000000 0.385832705346
797.000000000000 0.386209495097
802.000000000000 0.386586284848
804.000000000000 0.387339864351
846.000000000000 0.387716654102
856.000000000000 0.388093443853
869.000000000000 0.388470233604
892.000000000000 0.389223813107
921.000000000000 0.389600602858
1008.000000000000 0.391861341366
1068.000000000000 0.392238131117
1136.000000000000 0.392614920868
1140.000000000000 0.392991710619
1144.000000000000 0.393368500370
1146.000000000000 0.394122079873
1189.000000000000 0.394498869624
1249.000000000000 0.408063300671
1252.000000000000 0.421627731718
1317.000000000000 0.429163526744
1320.000000000000 0.430670685749
1321.000000000000 0.431047475500
1332.000000000000 0.431424265251
1338.000000000000 0.431801055002
1378.000000000000 0.432931424256
1397.000000000000 0.433308214007
1435.000000000000 0.434061793510
1446.000000000000 0.447249434806
1453.000000000000 0.451770911822
1492.000000000000 0.452147701573
1496.000000000000 0.455162019584
1509.000000000000 0.455538809335
1544.000000000000 0.455915599086
1597.000000000000 0.456292388837
1615.000000000000 0.456669178588
1617.000000000000 0.457045968339
1627.000000000000 0.457422758090
1638.000000000000 0.457799547841
1648.000000000000 0.458553127344
1651.000000000000 0.459306706847
1659.000000000000 0.459683496598
1664.000000000000 0.460437076101
1671.000000000000 0.460813865852
1677.000000000000 0.461190655603
1700.000000000000 0.461567445354
1725.000000000000 0.461944235105
1750.000000000000 0.462321024856
1766.000000000000 0.462697814607
1807.000000000000 0.463074604358
1823.000000000000 0.463451394109
1861.000000000000 0.463828183860
1889.000000000000 0.465335342865
1908.000000000000 0.465712132616
1915.000000000000 0.466088922367
1928.000000000000 0.466465712118
1933.000000000000 0.466842501869
1955.000000000000 0.467219291620
2033.000000000000 0.467596081371
2038.000000000000 0.473624717392
2065.000000000000 0.474001507143
2074.000000000000 0.474378296894
2092.000000000000 0.474755086645
2099.000000000000 0.475885455899
2121.000000000000 0.478146194407
2138.000000000000 0.487189148439
2167.000000000000 0.487565938190
2302.000000000000 0.487942727941
2329.000000000000 0.488319517692
2388.000000000000 0.488696307443
2453.000000000000 0.489073097194
2538.000000000000 0.489449886945
2571.000000000000 0.489826676696
2741.000000000000 0.490203466447
2790.000000000000 0.490580256198
2800.000000000000 0.490957045949
2852.000000000000 0.491333835700
2856.000000000000 0.495855312716
2857.000000000000 0.496232102467
2880.000000000000 0.499246420478
2951.000000000000 0.499623210229
2990.000000000000 0.504144687245
3022.000000000000 0.505651846250
3085.000000000000 0.506028636001
3097.000000000000 0.507535795006
3148.000000000000 0.512057272022
3167.000000000000 0.512434061773
3226.000000000000 0.512810851524
3248.000000000000 0.515825169535
3304.000000000000 0.526375282572
3368.000000000000 0.527882441577
3369.000000000000 0.528259231328
3383.000000000000 0.529766390333
3470.000000000000 0.534287867349
3576.000000000000 0.534664657100
3613.000000000000 0.536171816105
3644.000000000000 0.536548605856
3713.000000000000 0.538055764861
3781.000000000000 0.538432554612
3859.000000000000 0.538809344363
3878.000000000000 0.540316503368
3908.000000000000 0.541823662373
4018.000000000000 0.543330821378
4096.000000000000 0.544084400881
4125.000000000000 0.547098718892
4126.000000000000 0.553127354913
4158.000000000000 0.559155990934
4176.000000000000 0.559532780685
4221.000000000000 0.561039939690
4232.000000000000 0.561416729441
4274.000000000000 0.561793519192
4300.000000000000 0.573850791234
4330.000000000000 0.574227580985
4352.000000000000 0.575734739990
4372.000000000000 0.576111529741
4428.000000000000 0.576488319492
4470.000000000000 0.576865109243
4518.000000000000 0.578372268248
4526.000000000000 0.578749057999
4528.000000000000 0.581763376010
4575.000000000000 0.583270535015
4601.000000000000 0.583647324766
4621.000000000000 0.584024114517
4628.000000000000 0.590052750538
4690.000000000000 0.591559909543
4725.000000000000 0.600602863575
4734.000000000000 0.603617181586
4805.000000000000 0.606631499597
4827.000000000000 0.608138658602
4830.000000000000 0.620195930644
4838.000000000000 0.626224566665
4851.000000000000 0.627731725670
4920.000000000000 0.628108515421
4942.000000000000 0.634137151442
4969.000000000000 0.634513941193
4991.000000000000 0.634890730944
4999.000000000000 0.649962320997
5011.000000000000 0.651469480002
5021.000000000000 0.652976639007
5027.000000000000 0.655990957018
5046.000000000000 0.659005275029
5057.000000000000 0.660512434034
5058.000000000000 0.668048229060
5073.000000000000 0.668425018811
5076.000000000000 0.675960813837
5113.000000000000 0.677467972842
5114.000000000000 0.678975131847
5135.000000000000 0.680482290852
5173.000000000000 0.681989449857
5178.000000000000 0.683496608862
5183.000000000000 0.686510926873
5190.000000000000 0.689525244884
5191.000000000000 0.703089675931
5197.000000000000 0.706103993942
5208.000000000000 0.706857573445
5217.000000000000 0.708364732450
5224.000000000000 0.717407686482
5231.000000000000 0.721929163498
5237.000000000000 0.730972117530
5258.000000000000 0.731725697033
5267.000000000000 0.733232856038
5304.000000000000 0.738884702308
5312.000000000000 0.741899020319
5324.000000000000 0.744913338330
5349.000000000000 0.755463451367
5353.000000000000 0.758477769378
5355.000000000000 0.762999246394
5364.000000000000 0.763752825897
5379.000000000000 0.764129615648
5419.000000000000 0.767143933659
5443.000000000000 0.768651092664
5461.000000000000 0.786737000727
5517.000000000000 0.788244159732
5566.000000000000 0.789374528986
5577.000000000000 0.792388846997
5584.000000000000 0.801431801029
5590.000000000000 0.802938960034
5616.000000000000 0.803315749785
5670.000000000000 0.804069329288
5679.000000000000 0.805576488293
5689.000000000000 0.811605124314
5703.000000000000 0.811981914065
5708.000000000000 0.814996232076
5722.000000000000 0.819517709092
5750.000000000000 0.821024868097
5768.000000000000 0.822532027102
5818.000000000000 0.831574981134
5854.000000000000 0.833082140139
5862.000000000000 0.834589299144
5873.000000000000 0.847776940440
5880.000000000000 0.848153730191
5887.000000000000 0.849660889196
5916.000000000000 0.852675207207
5943.000000000000 0.858703843228
5964.000000000000 0.860211002233
6008.000000000000 0.861341371487
6068.000000000000 0.862848530492
6076.000000000000 0.863225320243
6082.000000000000 0.864732479248
6109.000000000000 0.873775433280
6124.000000000000 0.875282592285
6201.000000000000 0.878296910296
6241.000000000000 0.882818387312
6244.000000000000 0.885832705323
6249.000000000000 0.887339864328
6277.000000000000 0.894875659354
6305.000000000000 0.896382818359
6307.000000000000 0.902411454380
6380.000000000000 0.903918613385
6384.000000000000 0.906932931396
6459.000000000000 0.911454408412
6501.000000000000 0.911831198163
6520.000000000000 0.913338357168
6568.000000000000 0.920874152194
6583.000000000000 0.922381311199
6606.000000000000 0.922758100950
6612.000000000000 0.924265259955
6664.000000000000 0.925772418960
6814.000000000000 0.927279577965
6942.000000000000 0.930293895976
7031.000000000000 0.930670685727
7080.000000000000 0.947249434785
7083.000000000000 0.953278070806
7351.000000000000 0.956292388817
7485.000000000000 0.959306706828
7587.000000000000 0.959683496579
7719.000000000000 0.960060286330
7856.000000000000 0.961567445335
7921.000000000000 0.964581763346
7976.000000000000 0.967596081357
7988.000000000000 0.967972871108
8186.000000000000 0.968349660859
8192.000000000000 0.969103240362
8300.000000000000 0.970233609616
8376.000000000000 0.970987189119
8416.000000000000 0.972871137876
8571.000000000000 0.974378296881
8660.000000000000 0.974755086632
8904.000000000000 0.977769404643
9062.000000000000 0.980783722654
9246.000000000000 0.982290881659
9372.000000000000 0.987942727929
9411.000000000000 0.989449886934
9618.000000000000 0.990957045939
9634.000000000000 0.993971363950
9860.000000000000 0.994348153701
10752.000000000000 0.994724943452
12029.000000000000 0.995478522955
12214.000000000000 0.995855312706
13032.000000000000 0.996232102457
14116.000000000000 0.996985681960
15191.000000000000 0.997362471711
18733.000000000000 0.997739261462
19929.000000000000 0.998492840965
20591.000000000000 0.998869630716
22528.000000000000 0.999246420467
33138.000000000000 0.999623210218
34720.000000000000 0.999999999969
