2.000000000000 0.004312203536
6.000000000000 0.006899525658
10.000000000000 0.018542475205
20.000000000000 0.019404915912
48.000000000000 0.029754204398
67.000000000000 0.031047865459
80.000000000000 0.032341526520
85.000000000000 0.032772746874
104.000000000000 0.033635187581
111.000000000000 0.034066407935
133.000000000000 0.034497628289
134.000000000000 0.034928848643
139.000000000000 0.035360068997
150.000000000000 0.035791289351
197.000000000000 0.036653730058
201.000000000000 0.037516170765
202.000000000000 0.037947391119
208.000000000000 0.038378611473
213.000000000000 0.040534713241
226.000000000000 0.041828374302
274.000000000000 0.042690815009
282.000000000000 0.119879258304
306.000000000000 0.120310478658
331.000000000000 0.121172919365
392.000000000000 0.122466580426
398.000000000000 0.140577835277
402.000000000000 0.143165157399
446.000000000000 0.158257869775
454.000000000000 0.162138852957
504.000000000000 0.163001293664
556.000000000000 0.163432514018
564.000000000000 0.167313497200
568.000000000000 0.173350582150
570.000000000000 0.174213022857
572.000000000000 0.175075463564
574.000000000000 0.181543768868
576.000000000000 0.182837429929
584.000000000000 0.184131090990
689.000000000000 0.184562311344
703.000000000000 0.184993531698
802.000000000000 0.185424752052
810.000000000000 0.185855972406
892.000000000000 0.187149633467
983.000000000000 0.188443294528
1049.000000000000 0.188874514882
1087.000000000000 0.189736955589
1148.000000000000 0.190168175943
1159.000000000000 0.190599396297
1166.000000000000 0.191030616651
1195.000000000000 0.191461837005
1306.000000000000 0.192324277712
1317.000000000000 0.206123329027
1338.000000000000 0.206554549381
1378.000000000000 0.206985769735
1406.000000000000 0.207416990089
1444.000000000000 0.207848210443
1464.000000000000 0.208279430797
1553.000000000000 0.208710651151
1616.000000000000 0.209141871505
1630.000000000000 0.209573091859
1703.000000000000 0.210004312213
1750.000000000000 0.210435532567
1845.000000000000 0.210866752921
1846.000000000000 0.211297973275
1978.000000000000 0.211729193629
2013.000000000000 0.212160413983
2025.000000000000 0.212591634337
2026.000000000000 0.213022854691
2079.000000000000 0.214747736105
2096.000000000000 0.215178956459
2121.000000000000 0.217335058227
2128.000000000000 0.217766278581
2141.000000000000 0.218197498935
2173.000000000000 0.218628719289
2176.000000000000 0.219059939643
2307.000000000000 0.219491159997
2316.000000000000 0.220353600704
2319.000000000000 0.220784821058
2475.000000000000 0.221216041412
2764.000000000000 0.221647261766
2766.000000000000 0.222078482120
2779.000000000000 0.222509702474
2789.000000000000 0.222940922828
3000.000000000000 0.238464855558
3026.000000000000 0.238896075912
3242.000000000000 0.239327296266
3254.000000000000 0.239758516620
3304.000000000000 0.244933160863
3368.000000000000 0.260457093593
3376.000000000000 0.261319534300
3383.000000000000 0.264769297129
3384.000000000000 0.265200517483
3395.000000000000 0.266062958190
3516.000000000000 0.266494178544
3654.000000000000 0.266925398898
3677.000000000000 0.267356619252
3781.000000000000 0.267787839606
3803.000000000000 0.268219059960
3817.000000000000 0.271668822789
3878.000000000000 0.278568348447
3888.000000000000 0.280724450215
3908.000000000000 0.281586890922
3982.000000000000 0.282018111276
3988.000000000000 0.335489435122
4068.000000000000 0.337214316536
4096.000000000000 0.337645536890
4120.000000000000 0.338076757244
4126.000000000000 0.355325571388
4167.000000000000 0.355756791742
4376.000000000000 0.356188012096
4508.000000000000 0.356619232450
4514.000000000000 0.365243639522
4518.000000000000 0.372143165180
4528.000000000000 0.375592928009
4585.000000000000 0.376024148363
4690.000000000000 0.379473911192
4734.000000000000 0.381198792606
4827.000000000000 0.386373436849
4857.000000000000 0.391548081092
4893.000000000000 0.393272962506
4925.000000000000 0.394997843920
4988.000000000000 0.400172488163
4999.000000000000 0.403622250992
5011.000000000000 0.424320827965
5021.000000000000 0.425183268672
5057.000000000000 0.429064251854
5058.000000000000 0.432514014683
5076.000000000000 0.439413540341
5111.000000000000 0.441138421755
5113.000000000000 0.446313065998
5116.000000000000 0.448037947412
5178.000000000000 0.451487710241
5183.000000000000 0.454937473070
5190.000000000000 0.470461405800
5196.000000000000 0.473911168629
5224.000000000000 0.489435101359
5231.000000000000 0.494609745602
5237.000000000000 0.499784389845
5247.000000000000 0.500215610199
5250.000000000000 0.505390254442
5262.000000000000 0.508840017271
5267.000000000000 0.510564898685
5312.000000000000 0.517464424343
5324.000000000000 0.519189305757
5353.000000000000 0.547218628741
5355.000000000000 0.552393272984
5443.000000000000 0.554118154398
5461.000000000000 0.559292798641
5513.000000000000 0.592065545515
5517.000000000000 0.598965071173
5566.000000000000 0.600689952587
5577.000000000000 0.605864596830
5584.000000000000 0.616213885316
5586.000000000000 0.616645105670
5597.000000000000 0.620094868499
5661.000000000000 0.623544631328
5671.000000000000 0.625269512742
5689.000000000000 0.628719275571
5708.000000000000 0.632169038400
5719.000000000000 0.633893919814
5739.000000000000 0.636481241936
5768.000000000000 0.638206123350
5829.000000000000 0.639931004764
5854.000000000000 0.645105649007
5860.000000000000 0.650280293250
5862.000000000000 0.674428633052
5874.000000000000 0.676153514466
5880.000000000000 0.679603277295
5898.000000000000 0.681328158709
5916.000000000000 0.697714532146
6008.000000000000 0.703320396743
6080.000000000000 0.708495040986
6082.000000000000 0.715394566644
6124.000000000000 0.742992669274
6136.000000000000 0.744717550688
6201.000000000000 0.758516602003
6204.000000000000 0.758947822357
6241.000000000000 0.769297110843
6244.000000000000 0.779646399329
6249.000000000000 0.783096162158
6277.000000000000 0.791720569230
6305.000000000000 0.800344976302
6307.000000000000 0.805519620545
6390.000000000000 0.810694264788
6459.000000000000 0.814144027617
6528.000000000000 0.815868909031
6557.000000000000 0.817593790445
6568.000000000000 0.822768434688
6612.000000000000 0.841742130246
6690.000000000000 0.846916774489
6810.000000000000 0.848641655903
6877.000000000000 0.850366537317
6926.000000000000 0.853816300146
6942.000000000000 0.857266062975
7080.000000000000 0.860715825804
7351.000000000000 0.863303147926
7373.000000000000 0.869340232876
7418.000000000000 0.869771453230
7448.000000000000 0.871496334644
7485.000000000000 0.881845623130
7643.000000000000 0.899094437274
7686.000000000000 0.899525657628
7696.000000000000 0.899956877982
7719.000000000000 0.900819318689
7787.000000000000 0.904269081518
7854.000000000000 0.914618370004
7921.000000000000 0.930142302734
8192.000000000000 0.930573523088
8310.000000000000 0.931004743442
8376.000000000000 0.931435963796
8416.000000000000 0.932298404503
8571.000000000000 0.940922811575
8660.000000000000 0.941354031929
8740.000000000000 0.948253557587
8904.000000000000 0.955153083245
9062.000000000000 0.956877964659
9216.000000000000 0.957309185013
9372.000000000000 0.960758947842
9411.000000000000 0.961621388549
9511.000000000000 0.962052608903
9618.000000000000 0.965502371732
9634.000000000000 0.972401897390
9879.000000000000 0.977576541633
9956.000000000000 0.978007761987
10729.000000000000 0.979732643401
10880.000000000000 0.981457524815
11329.000000000000 0.983182406229
11361.000000000000 0.983613626583
12029.000000000000 0.984907287644
12031.000000000000 0.985769728351
12288.000000000000 0.986200948705
12662.000000000000 0.986632169059
14077.000000000000 0.987925830120
14361.000000000000 0.988357050474
14421.000000000000 0.988788270828
14745.000000000000 0.989219491182
14848.000000000000 0.990081931889
15208.000000000000 0.990513152243
16070.000000000000 0.990944372597
16384.000000000000 0.993100474365
17187.000000000000 0.993531694719
17649.000000000000 0.994394135426
18181.000000000000 0.995256576133
18349.000000000000 0.995687796487
22658.000000000000 0.996119016841
29274.000000000000 0.996550237195
29539.000000000000 0.996981457549
32849.000000000000 0.997412677903
37356.000000000000 0.997843898257
37624.000000000000 0.998706338964
40813.000000000000 0.999137559318
42339.000000000000 0.999568779672
42496.000000000000 1.000000000026
