2.000000000000 0.001013342341
6.000000000000 0.001182232731
10.000000000000 0.008444519507
23.000000000000 0.008613409897
24.000000000000 0.008782300287
29.000000000000 0.009795642628
40.000000000000 0.009964533018
42.000000000000 0.010302313798
46.000000000000 0.010977875359
47.000000000000 0.011484546529
48.000000000000 0.019760175646
50.000000000000 0.020266846816
51.000000000000 0.020773517986
53.000000000000 0.021111298766
55.000000000000 0.021280189156
56.000000000000 0.021449079546
57.000000000000 0.021617969936
58.000000000000 0.021786860326
59.000000000000 0.021955750716
60.000000000000 0.022293531496
63.000000000000 0.022969093057
64.000000000000 0.023306873837
66.000000000000 0.023813545007
67.000000000000 0.024320216177
70.000000000000 0.024657996957
80.000000000000 0.025502448908
82.000000000000 0.026009120078
84.000000000000 0.026346900858
95.000000000000 0.026853572028
111.000000000000 0.027022462418
119.000000000000 0.027191352808
122.000000000000 0.028542475929
129.000000000000 0.029049147099
133.000000000000 0.029218037489
134.000000000000 0.029724708659
137.000000000000 0.030062489439
144.000000000000 0.030231379829
146.000000000000 0.030400270219
173.000000000000 0.030738050999
183.000000000000 0.031244722169
201.000000000000 0.031413612559
202.000000000000 0.031582502949
208.000000000000 0.031751393339
212.000000000000 0.032089174119
226.000000000000 0.032764735680
236.000000000000 0.032933626070
243.000000000000 0.033440297240
245.000000000000 0.033609187630
257.000000000000 0.033778078020
266.000000000000 0.033946968410
267.000000000000 0.034115858800
274.000000000000 0.035635872311
282.000000000000 0.119574396209
300.000000000000 0.119743286599
302.000000000000 0.120081067379
306.000000000000 0.120249957769
315.000000000000 0.120418848159
352.000000000000 0.120587738549
355.000000000000 0.120756628939
363.000000000000 0.121094409719
392.000000000000 0.121263300109
396.000000000000 0.121938861670
398.000000000000 0.140516804585
402.000000000000 0.153521364626
432.000000000000 0.153690255016
436.000000000000 0.153859145406
442.000000000000 0.154028035796
446.000000000000 0.163823678424
454.000000000000 0.164837020765
462.000000000000 0.165005911155
473.000000000000 0.166019253496
474.000000000000 0.166188143886
478.000000000000 0.166525924666
481.000000000000 0.167032595836
486.000000000000 0.167708157397
489.000000000000 0.169059280518
494.000000000000 0.170072622859
497.000000000000 0.170410403639
500.000000000000 0.170748184419
503.000000000000 0.170917074809
504.000000000000 0.220908630289
506.000000000000 0.221246411069
509.000000000000 0.221584191849
512.000000000000 0.221753082239
519.000000000000 0.221921972629
526.000000000000 0.222428643799
537.000000000000 0.222597534189
550.000000000000 0.222766424579
551.000000000000 0.222935314969
552.000000000000 0.223273095749
556.000000000000 0.225299780431
558.000000000000 0.225975341992
560.000000000000 0.226482013162
562.000000000000 0.226988684332
564.000000000000 0.233406519157
566.000000000000 0.236446546179
568.000000000000 0.238304340471
569.000000000000 0.238473230861
570.000000000000 0.241851038664
572.000000000000 0.249788887000
574.000000000000 0.252153352462
576.000000000000 0.255700050655
578.000000000000 0.257557844947
580.000000000000 0.258064516117
586.000000000000 0.258571187287
593.000000000000 0.258740077677
630.000000000000 0.258908968067
638.000000000000 0.259246748847
644.000000000000 0.259415639237
647.000000000000 0.259753420017
670.000000000000 0.260091200797
674.000000000000 0.260428981577
693.000000000000 0.260766762357
696.000000000000 0.260935652747
699.000000000000 0.261442323917
712.000000000000 0.261611214307
717.000000000000 0.261948995087
721.000000000000 0.262117885477
787.000000000000 0.262455666257
804.000000000000 0.262624556647
846.000000000000 0.262793447037
881.000000000000 0.262962337427
900.000000000000 0.263131227817
909.000000000000 0.263300118207
972.000000000000 0.263469008597
983.000000000000 0.264144570158
985.000000000000 0.264313460548
1008.000000000000 0.264651241328
1043.000000000000 0.264989022108
1087.000000000000 0.265664583669
1110.000000000000 0.266171254839
1123.000000000000 0.266846816400
1140.000000000000 0.267015706790
1151.000000000000 0.267691268351
1161.000000000000 0.267860158741
1179.000000000000 0.268029049131
1184.000000000000 0.268197939521
1189.000000000000 0.269211281862
1195.000000000000 0.269549062642
1207.000000000000 0.269717953032
1215.000000000000 0.269886843422
1247.000000000000 0.270055733812
1249.000000000000 0.272757980054
1251.000000000000 0.272926870444
1252.000000000000 0.275629116686
1253.000000000000 0.275798007076
1261.000000000000 0.275966897466
1271.000000000000 0.276135787856
1286.000000000000 0.276473568636
1306.000000000000 0.277149130197
1315.000000000000 0.277318020587
1317.000000000000 0.284918088143
1320.000000000000 0.288464786336
1321.000000000000 0.288633676726
1345.000000000000 0.288802567116
1350.000000000000 0.288971457506
1351.000000000000 0.289140347896
1353.000000000000 0.289309238286
1360.000000000000 0.289478128676
1362.000000000000 0.289647019066
1371.000000000000 0.289815909456
1380.000000000000 0.289984799846
1400.000000000000 0.290491471016
1405.000000000000 0.290998142186
1426.000000000000 0.291335922966
1446.000000000000 0.294207059598
1451.000000000000 0.294375949988
1453.000000000000 0.295727073109
1457.000000000000 0.295895963499
1487.000000000000 0.297247086620
1488.000000000000 0.297415977010
1491.000000000000 0.299273771302
1496.000000000000 0.299949332863
1502.000000000000 0.300118223253
1510.000000000000 0.300624894423
1539.000000000000 0.300793784813
1574.000000000000 0.300962675203
1577.000000000000 0.301131565593
1583.000000000000 0.301300455983
1591.000000000000 0.301469346373
1593.000000000000 0.301638236763
1595.000000000000 0.301807127153
1600.000000000000 0.301976017543
1607.000000000000 0.302144907933
1611.000000000000 0.302313798323
1618.000000000000 0.302482688713
1620.000000000000 0.302651579103
1630.000000000000 0.302820469493
1635.000000000000 0.303327140663
1652.000000000000 0.304002702224
1656.000000000000 0.304171592614
1658.000000000000 0.304340483004
1664.000000000000 0.304678263784
1678.000000000000 0.304847154174
1679.000000000000 0.305016044564
1683.000000000000 0.305184934954
1685.000000000000 0.305353825344
1695.000000000000 0.305691606124
1697.000000000000 0.306029386904
1702.000000000000 0.306198277294
1707.000000000000 0.306367167684
1709.000000000000 0.306536058074
1711.000000000000 0.306873838854
1731.000000000000 0.307042729244
1739.000000000000 0.307549400414
1749.000000000000 0.307718290804
1750.000000000000 0.307887181194
1751.000000000000 0.308056071584
1769.000000000000 0.308224961974
1774.000000000000 0.308393852364
1778.000000000000 0.308562742754
1780.000000000000 0.308731633144
1782.000000000000 0.309238304314
1786.000000000000 0.309576085094
1792.000000000000 0.310082756264
1794.000000000000 0.310251646654
1796.000000000000 0.310420537044
1803.000000000000 0.310589427434
1814.000000000000 0.310927208214
1831.000000000000 0.311096098604
1835.000000000000 0.311264988994
1842.000000000000 0.312278331335
1850.000000000000 0.312447221725
1851.000000000000 0.312616112115
1852.000000000000 0.312953892895
1862.000000000000 0.313122783285
1872.000000000000 0.313291673675
1887.000000000000 0.313460564065
1892.000000000000 0.313629454455
1899.000000000000 0.313967235235
1903.000000000000 0.314136125625
1906.000000000000 0.314305016015
1913.000000000000 0.314473906405
1914.000000000000 0.314642796795
1916.000000000000 0.314811687185
1930.000000000000 0.314980577575
1933.000000000000 0.315149467965
1939.000000000000 0.315656139135
1943.000000000000 0.315825029525
1947.000000000000 0.315993919915
1960.000000000000 0.316331700695
1964.000000000000 0.316500591085
1974.000000000000 0.316669481475
1984.000000000000 0.316838371865
1986.000000000000 0.317007262255
1989.000000000000 0.317176152645
2001.000000000000 0.317682823815
2005.000000000000 0.317851714205
2008.000000000000 0.318020604595
2011.000000000000 0.318189494985
2012.000000000000 0.318358385375
2028.000000000000 0.318527275765
2029.000000000000 0.318696166155
2030.000000000000 0.319033946935
2033.000000000000 0.319371727715
2035.000000000000 0.319540618105
2036.000000000000 0.319878398885
2037.000000000000 0.320047289275
2044.000000000000 0.320216179665
2048.000000000000 0.326634014490
2049.000000000000 0.326802904880
2054.000000000000 0.326971795270
2056.000000000000 0.327140685660
2068.000000000000 0.327985137611
2074.000000000000 0.328154028001
2075.000000000000 0.328322918391
2092.000000000000 0.328491808781
2094.000000000000 0.328660699171
2116.000000000000 0.328829589561
2119.000000000000 0.328998479951
2121.000000000000 0.329167370341
2144.000000000000 0.329336260731
2147.000000000000 0.329505151121
2167.000000000000 0.329842931901
2172.000000000000 0.330011822291
2173.000000000000 0.330180712681
2189.000000000000 0.330349603071
2233.000000000000 0.330518493461
2249.000000000000 0.330687383851
2297.000000000000 0.330856274241
2306.000000000000 0.331025164631
2310.000000000000 0.331194055021
2316.000000000000 0.331362945411
2319.000000000000 0.331531835801
2329.000000000000 0.331700726191
2330.000000000000 0.331869616581
2332.000000000000 0.332376287751
2341.000000000000 0.332882958921
2358.000000000000 0.333051849311
2367.000000000000 0.333220739701
2396.000000000000 0.333389630091
2412.000000000000 0.333558520481
2477.000000000000 0.333727410871
2481.000000000000 0.333896301261
2507.000000000000 0.334065191651
2519.000000000000 0.334234082041
2525.000000000000 0.334402972431
2560.000000000000 0.334571862821
2566.000000000000 0.334740753211
2575.000000000000 0.334909643601
2592.000000000000 0.335078533991
2593.000000000000 0.335247424381
2610.000000000000 0.335416314771
2617.000000000000 0.336091876332
2619.000000000000 0.336260766722
2656.000000000000 0.336429657112
2660.000000000000 0.336598547502
2666.000000000000 0.336767437892
2674.000000000000 0.336936328282
2682.000000000000 0.337105218672
2694.000000000000 0.337274109062
2716.000000000000 0.337442999452
2740.000000000000 0.337611889842
2748.000000000000 0.338456341793
2766.000000000000 0.338625232183
2774.000000000000 0.338794122573
2777.000000000000 0.340820807255
2780.000000000000 0.340989697645
2782.000000000000 0.341158588035
2785.000000000000 0.341327478425
2797.000000000000 0.341834149595
2803.000000000000 0.342003039985
2807.000000000000 0.342171930375
2823.000000000000 0.342340820765
2825.000000000000 0.342509711155
2829.000000000000 0.342678601545
2832.000000000000 0.342847491935
2837.000000000000 0.343016382325
2838.000000000000 0.343185272715
2847.000000000000 0.343354163105
2851.000000000000 0.343523053495
2853.000000000000 0.343691943885
2866.000000000000 0.343860834275
2880.000000000000 0.344536395836
2902.000000000000 0.344705286226
2912.000000000000 0.344874176616
2914.000000000000 0.345043067006
2919.000000000000 0.345211957396
2923.000000000000 0.345380847786
2954.000000000000 0.345549738176
2980.000000000000 0.345718628566
2985.000000000000 0.345887518956
3000.000000000000 0.346394190126
3008.000000000000 0.346563080516
3011.000000000000 0.346731970906
3022.000000000000 0.349434217148
3039.000000000000 0.349603107538
3040.000000000000 0.349940888318
3041.000000000000 0.361425434847
3072.000000000000 0.361594325237
3087.000000000000 0.361763215627
3099.000000000000 0.361932106017
3137.000000000000 0.362100996407
3148.000000000000 0.363452119528
3152.000000000000 0.363621009918
3194.000000000000 0.363789900308
3195.000000000000 0.364465461869
3248.000000000000 0.365816584990
3269.000000000000 0.369194392793
3276.000000000000 0.375950008398
3279.000000000000 0.376118898788
3318.000000000000 0.377470021909
3341.000000000000 0.377638912299
3424.000000000000 0.377807802689
3442.000000000000 0.379834487371
3443.000000000000 0.380003377761
3446.000000000000 0.380510048931
3447.000000000000 0.380847829711
3476.000000000000 0.381016720101
3480.000000000000 0.381185610491
3505.000000000000 0.381354500881
3511.000000000000 0.381523391271
3519.000000000000 0.382198952832
3521.000000000000 0.382367843222
3533.000000000000 0.382536733612
3552.000000000000 0.384225637513
3559.000000000000 0.384394527903
3584.000000000000 0.384563418293
3613.000000000000 0.385238979854
3629.000000000000 0.385407870244
3631.000000000000 0.386758993365
3664.000000000000 0.386927883755
3688.000000000000 0.387096774145
3694.000000000000 0.387265664535
3707.000000000000 0.387434554925
3713.000000000000 0.389630129997
3721.000000000000 0.395034622481
3723.000000000000 0.395372403261
3725.000000000000 0.396892416772
3727.000000000000 0.397061307162
3729.000000000000 0.397736868723
3776.000000000000 0.397905759113
3781.000000000000 0.398074649503
3788.000000000000 0.398750211064
3811.000000000000 0.398919101454
3824.000000000000 0.399087991844
3836.000000000000 0.399763553405
3842.000000000000 0.399932443795
3849.000000000000 0.400101334185
3878.000000000000 0.401452457306
3882.000000000000 0.401621347696
3887.000000000000 0.403648032378
3888.000000000000 0.404323593939
3908.000000000000 0.404999155500
3930.000000000000 0.406350278621
3936.000000000000 0.410910319155
3941.000000000000 0.411585880716
3965.000000000000 0.411754771106
3976.000000000000 0.412261442276
3980.000000000000 0.412430332666
4007.000000000000 0.412599223056
4009.000000000000 0.412768113446
4032.000000000000 0.413443675007
4042.000000000000 0.413612565397
4058.000000000000 0.413781455787
4066.000000000000 0.414119236567
4096.000000000000 0.419523729051
4105.000000000000 0.419692619441
4120.000000000000 0.422225975293
4125.000000000000 0.422901536854
4133.000000000000 0.423070427244
4221.000000000000 0.425434892706
4230.000000000000 0.425603783096
4239.000000000000 0.425772673486
4282.000000000000 0.425941563876
4284.000000000000 0.426110454266
4306.000000000000 0.426279344656
4327.000000000000 0.426448235046
4381.000000000000 0.426954906216
4439.000000000000 0.432359398700
4477.000000000000 0.432528289090
4483.000000000000 0.432697179480
4514.000000000000 0.434048302601
4578.000000000000 0.434217192991
4621.000000000000 0.434386083381
4628.000000000000 0.436412768063
4662.000000000000 0.436581658453
4675.000000000000 0.442661712498
4690.000000000000 0.444688397180
4725.000000000000 0.446039520301
4734.000000000000 0.448066204983
4742.000000000000 0.448403985763
4794.000000000000 0.448572876153
4805.000000000000 0.449248437714
4817.000000000000 0.449586218494
4822.000000000000 0.449755108884
4837.000000000000 0.449923999274
4838.000000000000 0.450937341615
4844.000000000000 0.452795135907
4857.000000000000 0.454146259028
4890.000000000000 0.454315149418
4918.000000000000 0.454484039808
4940.000000000000 0.455159601369
4971.000000000000 0.455835162930
4974.000000000000 0.456172943710
4988.000000000000 0.456848505271
5011.000000000000 0.459550751513
5016.000000000000 0.459719641903
5021.000000000000 0.460395203464
5057.000000000000 0.461746326585
5058.000000000000 0.462084107365
5073.000000000000 0.462252997755
5076.000000000000 0.464955243997
5077.000000000000 0.465630805558
5111.000000000000 0.467657490240
5113.000000000000 0.469008613361
5114.000000000000 0.469177503751
5116.000000000000 0.469853065312
5117.000000000000 0.470190846092
5120.000000000000 0.470528626872
5131.000000000000 0.476946461697
5157.000000000000 0.477115352087
5158.000000000000 0.477790913648
5163.000000000000 0.477959804038
5173.000000000000 0.478635365599
5183.000000000000 0.479479817550
5190.000000000000 0.480155379111
5191.000000000000 0.480830940672
5196.000000000000 0.481506502233
5197.000000000000 0.482857625354
5212.000000000000 0.483026515744
5224.000000000000 0.483702077305
5231.000000000000 0.485728761987
5250.000000000000 0.486742104328
5258.000000000000 0.488768789010
5262.000000000000 0.489106569790
5267.000000000000 0.490964364082
5304.000000000000 0.491639925643
5310.000000000000 0.491808816033
5312.000000000000 0.493835500715
5324.000000000000 0.494511062276
5349.000000000000 0.495186623837
5379.000000000000 0.495862185398
5400.000000000000 0.496031075788
5401.000000000000 0.496199966178
5443.000000000000 0.496875527739
5450.000000000000 0.502786691394
5461.000000000000 0.503462252955
5468.000000000000 0.508866745439
5502.000000000000 0.510217868560
5508.000000000000 0.510386758950
5513.000000000000 0.512920114802
5561.000000000000 0.513089005192
5566.000000000000 0.513764566753
5577.000000000000 0.515622361045
5590.000000000000 0.517142374556
5597.000000000000 0.517480155336
5638.000000000000 0.517649045726
5661.000000000000 0.518493497677
5671.000000000000 0.519169059238
5675.000000000000 0.519337949628
5679.000000000000 0.520013511189
5689.000000000000 0.520689072750
5703.000000000000 0.520857963140
5736.000000000000 0.521364634310
5739.000000000000 0.522040195871
5750.000000000000 0.523391318992
5785.000000000000 0.523897990162
5814.000000000000 0.524573551723
5821.000000000000 0.524742442113
5823.000000000000 0.524911332503
5829.000000000000 0.525080222893
5852.000000000000 0.525249113283
5854.000000000000 0.528626921086
5873.000000000000 0.530146934597
5874.000000000000 0.531835838498
5880.000000000000 0.532342509668
5887.000000000000 0.533018071229
5941.000000000000 0.533186961619
5943.000000000000 0.535213646301
6008.000000000000 0.537071440593
6083.000000000000 0.543827056198
6119.000000000000 0.545853740880
6136.000000000000 0.546529302441
6187.000000000000 0.546698192831
6241.000000000000 0.547711535172
6244.000000000000 0.549062658293
6246.000000000000 0.550413781414
6268.000000000000 0.551089342975
6305.000000000000 0.552440466096
6307.000000000000 0.553116027657
6343.000000000000 0.553284918047
6347.000000000000 0.553453808437
6351.000000000000 0.554129369998
6352.000000000000 0.554804931559
6380.000000000000 0.555480493120
6384.000000000000 0.556831616241
6390.000000000000 0.557507177802
6459.000000000000 0.558182739363
6519.000000000000 0.558351629753
6528.000000000000 0.561222766385
6535.000000000000 0.561391656775
6557.000000000000 0.562067218336
6570.000000000000 0.562236108726
6612.000000000000 0.564262793408
6656.000000000000 0.564431683798
6659.000000000000 0.564600574188
6664.000000000000 0.565276135749
6690.000000000000 0.566627258870
6699.000000000000 0.566796149260
6731.000000000000 0.566965039650
6741.000000000000 0.567640601211
6758.000000000000 0.567978381991
6759.000000000000 0.568147272381
6778.000000000000 0.568316162771
6806.000000000000 0.568485053161
6810.000000000000 0.568653943551
6811.000000000000 0.568822833941
6877.000000000000 0.569329505111
6897.000000000000 0.570005066672
6919.000000000000 0.570173957062
6922.000000000000 0.570342847452
6938.000000000000 0.571693970573
6985.000000000000 0.571862860963
7003.000000000000 0.572031751353
7016.000000000000 0.573551764864
7034.000000000000 0.574227326425
7050.000000000000 0.576254011107
7083.000000000000 0.576929572668
7124.000000000000 0.578956257350
7168.000000000000 0.579294038130
7280.000000000000 0.579462928520
7292.000000000000 0.579631818910
7373.000000000000 0.579800709300
7448.000000000000 0.580476270861
7455.000000000000 0.580645161251
7486.000000000000 0.580814051641
7509.000000000000 0.581827393982
7578.000000000000 0.582502955543
7587.000000000000 0.582671845933
7589.000000000000 0.583009626713
7602.000000000000 0.585036311395
7604.000000000000 0.585205201785
7643.000000000000 0.585880763346
7660.000000000000 0.586218544126
7680.000000000000 0.586894105687
7732.000000000000 0.587062996077
7756.000000000000 0.587400776857
7787.000000000000 0.588583009588
7862.000000000000 0.588751899978
7893.000000000000 0.588920790368
7921.000000000000 0.589596351929
7982.000000000000 0.590271913490
8106.000000000000 0.590440803880
8169.000000000000 0.591116365441
8192.000000000000 0.593143050123
8205.000000000000 0.593311940513
8214.000000000000 0.593818611683
8298.000000000000 0.593987502073
8364.000000000000 0.594663063634
8378.000000000000 0.594831954024
8390.000000000000 0.595000844414
8416.000000000000 0.596351967535
8509.000000000000 0.596520857925
8571.000000000000 0.597196419486
8589.000000000000 0.597365309876
8704.000000000000 0.597703090656
8740.000000000000 0.599054213777
8793.000000000000 0.599223104167
8904.000000000000 0.602600911970
9106.000000000000 0.602769802360
9128.000000000000 0.602938692750
9130.000000000000 0.603107583140
9183.000000000000 0.603276473530
9187.000000000000 0.603614254310
9216.000000000000 0.604289815871
9249.000000000000 0.604458706261
9276.000000000000 0.604627596651
9296.000000000000 0.604796487041
9372.000000000000 0.605472048602
9489.000000000000 0.605640938992
9511.000000000000 0.606147610162
9547.000000000000 0.606316500552
9587.000000000000 0.606485390942
9591.000000000000 0.606654281332
9618.000000000000 0.607329842893
9634.000000000000 0.610707650696
9685.000000000000 0.610876541086
9702.000000000000 0.611045431476
9728.000000000000 0.611720993037
9783.000000000000 0.611889883427
9837.000000000000 0.612058773817
9965.000000000000 0.612396554597
9993.000000000000 0.613747677718
10045.000000000000 0.614423239279
10066.000000000000 0.614592129669
10136.000000000000 0.614761020059
10139.000000000000 0.614929910449
10253.000000000000 0.615098800839
10273.000000000000 0.615267691229
10274.000000000000 0.616618814350
10292.000000000000 0.616787704740
10348.000000000000 0.617294375910
10371.000000000000 0.617463266300
10469.000000000000 0.617632156690
10524.000000000000 0.618138827860
10567.000000000000 0.618307718250
10681.000000000000 0.618983279811
10710.000000000000 0.619152170201
10752.000000000000 0.619489950981
10820.000000000000 0.620165512542
10850.000000000000 0.622529978004
10880.000000000000 0.623205539565
10959.000000000000 0.624556662686
10973.000000000000 0.624725553076
10993.000000000000 0.624894443466
11052.000000000000 0.625063333856
11068.000000000000 0.627765580098
11135.000000000000 0.628441141659
11207.000000000000 0.629116703220
11264.000000000000 0.629285593610
11269.000000000000 0.629623374390
11308.000000000000 0.629792264780
11361.000000000000 0.629961155170
11382.000000000000 0.630636716731
11389.000000000000 0.630805607121
11434.000000000000 0.631143387901
11540.000000000000 0.631312278291
11551.000000000000 0.631481168681
11664.000000000000 0.631650059071
11673.000000000000 0.631818949461
11700.000000000000 0.631987839851
11726.000000000000 0.632663401412
11776.000000000000 0.633170072582
11802.000000000000 0.633338962972
11846.000000000000 0.633507853362
11885.000000000000 0.633676743752
11931.000000000000 0.633845634142
11973.000000000000 0.634352305312
11978.000000000000 0.635872318823
12029.000000000000 0.636041209213
12031.000000000000 0.636378989993
12123.000000000000 0.637054551554
12164.000000000000 0.640432359357
12216.000000000000 0.640601249747
12224.000000000000 0.640770140137
12240.000000000000 0.640939030527
12288.000000000000 0.642290153648
12348.000000000000 0.642459044038
12351.000000000000 0.642627934428
12555.000000000000 0.642796824818
12658.000000000000 0.642965715208
12696.000000000000 0.643134605598
12751.000000000000 0.643303495988
12788.000000000000 0.643472386378
12814.000000000000 0.643641276768
12817.000000000000 0.643810167158
12834.000000000000 0.643979057548
12891.000000000000 0.644992399889
13002.000000000000 0.645667961450
13004.000000000000 0.645836851840
13009.000000000000 0.646005742230
13128.000000000000 0.646174632620
13212.000000000000 0.647525755741
13303.000000000000 0.648201317302
13313.000000000000 0.648370207692
13384.000000000000 0.648539098082
13420.000000000000 0.649383550033
13516.000000000000 0.649721330813
13525.000000000000 0.649890221203
13655.000000000000 0.650059111593
13675.000000000000 0.650228001983
13698.000000000000 0.650396892373
13700.000000000000 0.650734673153
13824.000000000000 0.650903563543
13916.000000000000 0.651072453933
14024.000000000000 0.651410234713
14030.000000000000 0.651579125103
14046.000000000000 0.651748015493
14118.000000000000 0.651916905883
14144.000000000000 0.652085796273
14233.000000000000 0.652254686663
14242.000000000000 0.652423577053
14301.000000000000 0.653099138614
14340.000000000000 0.653436919394
14751.000000000000 0.655463604076
14794.000000000000 0.655632494466
14852.000000000000 0.655801384856
14875.000000000000 0.655970275246
14976.000000000000 0.656139165636
15007.000000000000 0.656308056026
15094.000000000000 0.656476946416
15158.000000000000 0.656814727196
15186.000000000000 0.656983617586
15203.000000000000 0.657152507976
15251.000000000000 0.657828069537
15472.000000000000 0.658503631098
15497.000000000000 0.659685863829
15588.000000000000 0.659854754219
15871.000000000000 0.660192534999
15872.000000000000 0.660530315779
15932.000000000000 0.660699206169
15940.000000000000 0.660868096559
16070.000000000000 0.661374767729
16080.000000000000 0.661543658119
16111.000000000000 0.661712548509
16130.000000000000 0.662388110070
16384.000000000000 0.663063671631
16387.000000000000 0.663232562021
16550.000000000000 0.663401452411
16572.000000000000 0.663570342801
16574.000000000000 0.663908123581
16705.000000000000 0.664077013971
16851.000000000000 0.664245904361
16856.000000000000 0.664414794751
16896.000000000000 0.664583685141
17051.000000000000 0.664752575531
17274.000000000000 0.665090356311
17416.000000000000 0.665765917872
17612.000000000000 0.665934808262
17649.000000000000 0.666272589042
17920.000000000000 0.666948150603
17931.000000000000 0.667117040993
18110.000000000000 0.667792602554
18181.000000000000 0.668468164115
18212.000000000000 0.668637054505
18243.000000000000 0.668805944895
18403.000000000000 0.668974835285
18432.000000000000 0.669143725675
18674.000000000000 0.669312616065
18871.000000000000 0.669481506455
18944.000000000000 0.670157068016
19070.000000000000 0.670494848796
19116.000000000000 0.670663739186
19125.000000000000 0.670832629576
19207.000000000000 0.671001519966
19226.000000000000 0.671170410356
19456.000000000000 0.671677081526
19816.000000000000 0.673028204647
19929.000000000000 0.673365985427
20009.000000000000 0.673534875817
20477.000000000000 0.673703766207
20619.000000000000 0.673872656597
20632.000000000000 0.674210437377
20756.000000000000 0.674885998938
20853.000000000000 0.675054889328
20992.000000000000 0.675223779718
21026.000000000000 0.675899341279
21194.000000000000 0.676068231669
21420.000000000000 0.676237122059
21574.000000000000 0.676406012449
21603.000000000000 0.676574902839
21700.000000000000 0.676743793229
21701.000000000000 0.676912683619
21708.000000000000 0.677081574009
21788.000000000000 0.677250464399
21851.000000000000 0.677419354789
22016.000000000000 0.677588245179
22253.000000000000 0.678770477910
22528.000000000000 0.678939368300
22538.000000000000 0.679108258690
22660.000000000000 0.680121601031
22662.000000000000 0.680290491421
22748.000000000000 0.689748353269
22971.000000000000 0.689917243659
23174.000000000000 0.690086134049
23222.000000000000 0.690255024439
23242.000000000000 0.690423914829
23254.000000000000 0.690761695609
23322.000000000000 0.690930585999
23422.000000000000 0.691099476389
23522.000000000000 0.691268366779
23648.000000000000 0.691437257169
24003.000000000000 0.691606147559
24056.000000000000 0.692281709120
24058.000000000000 0.692957270681
24315.000000000000 0.693126161071
24331.000000000000 0.693295051461
24513.000000000000 0.693463941851
24576.000000000000 0.693801722631
24814.000000000000 0.693970613021
25517.000000000000 0.694139503411
25660.000000000000 0.695321736142
25679.000000000000 0.695490626532
25750.000000000000 0.695659516922
25960.000000000000 0.695828407312
26049.000000000000 0.696335078482
26182.000000000000 0.696672859262
26373.000000000000 0.696841749652
26978.000000000000 0.697010640042
27400.000000000000 0.697179530432
27484.000000000000 0.697348420822
27504.000000000000 0.698023982383
27789.000000000000 0.698361763163
27860.000000000000 0.698530653553
28001.000000000000 0.698699543943
28069.000000000000 0.698868434333
28354.000000000000 0.699037324723
28419.000000000000 0.699206215113
28672.000000000000 0.701570680575
28812.000000000000 0.701739570965
29240.000000000000 0.701908461355
29318.000000000000 0.702077351745
29511.000000000000 0.702415132525
29646.000000000000 0.703090694086
29889.000000000000 0.703259584476
30071.000000000000 0.703935146037
30119.000000000000 0.704104036427
30208.000000000000 0.704272926817
30299.000000000000 0.704441817207
30493.000000000000 0.704610707597
30705.000000000000 0.704779597987
30765.000000000000 0.705455159548
30887.000000000000 0.705624049938
31110.000000000000 0.706299611499
31385.000000000000 0.706468501889
31405.000000000000 0.707144063450
31460.000000000000 0.707481844230
31500.000000000000 0.708157405791
31633.000000000000 0.708326296181
31661.000000000000 0.708495186571
31865.000000000000 0.708664076961
32405.000000000000 0.708832967351
32768.000000000000 0.710521871252
33116.000000000000 0.711197432813
33280.000000000000 0.711366323203
33315.000000000000 0.711704103983
33456.000000000000 0.712210775153
33901.000000000000 0.712379665543
34981.000000000000 0.713055227104
35169.000000000000 0.713224117494
35281.000000000000 0.713393007884
35389.000000000000 0.713561898274
35928.000000000000 0.715588582956
36025.000000000000 0.715757473346
36550.000000000000 0.715926363736
36632.000000000000 0.716264144516
36864.000000000000 0.716433034906
36947.000000000000 0.717784158027
37181.000000000000 0.717953048417
37263.000000000000 0.718121938807
37370.000000000000 0.718290829197
37781.000000000000 0.718966390758
38192.000000000000 0.720317513879
38592.000000000000 0.721330856220
38912.000000000000 0.721499746610
39001.000000000000 0.721668637000
39204.000000000000 0.722344198561
39333.000000000000 0.722513088951
39720.000000000000 0.723695321682
39868.000000000000 0.724033102462
40068.000000000000 0.724539773632
40309.000000000000 0.724708664022
40376.000000000000 0.725384225583
40960.000000000000 0.726397567924
41072.000000000000 0.726566458314
41454.000000000000 0.728424252606
42496.000000000000 0.728593142996
43008.000000000000 0.728930923776
43073.000000000000 0.729099814166
43632.000000000000 0.729775375727
44659.000000000000 0.729944266117
45056.000000000000 0.731970950799
45185.000000000000 0.732139841189
45208.000000000000 0.732308731579
45357.000000000000 0.732477621969
45898.000000000000 0.733153183530
47218.000000000000 0.733322073920
47316.000000000000 0.733490964310
47318.000000000000 0.733659854700
47418.000000000000 0.733828745090
47518.000000000000 0.733997635480
47618.000000000000 0.734166525870
47718.000000000000 0.734335416260
48838.000000000000 0.734504306650
49118.000000000000 0.734673197040
49218.000000000000 0.734842087430
49318.000000000000 0.735010977820
49418.000000000000 0.735179868210
49518.000000000000 0.735348758600
49626.000000000000 0.735517648990
49976.000000000000 0.735686539380
50380.000000000000 0.735855429770
50648.000000000000 0.737206552891
51200.000000000000 0.737375443281
51992.000000000000 0.737544333671
52098.000000000000 0.737713224061
52160.000000000000 0.737882114451
52164.000000000000 0.738051004841
52212.000000000000 0.738219895231
52376.000000000000 0.738895456792
52722.000000000000 0.739064347182
52845.000000000000 0.739571018352
53248.000000000000 0.740077689522
53258.000000000000 0.740246579912
54264.000000000000 0.740415470302
54272.000000000000 0.740753251082
54332.000000000000 0.740922141472
54364.000000000000 0.741091031862
54505.000000000000 0.742442154983
54717.000000000000 0.742611045373
54726.000000000000 0.742779935763
54808.000000000000 0.742948826153
54868.000000000000 0.743117716543
54928.000000000000 0.743286606933
55028.000000000000 0.743455497323
56378.000000000000 0.743624387713
57167.000000000000 0.743793278103
57192.000000000000 0.743962168493
57347.000000000000 0.744131058883
57400.000000000000 0.746157743565
58015.000000000000 0.746326633955
58320.000000000000 0.746495524345
58477.000000000000 0.746664414735
58716.000000000000 0.746833305125
58752.000000000000 0.747002195515
58791.000000000000 0.747171085905
59265.000000000000 0.747339976295
59431.000000000000 0.748859989806
59657.000000000000 0.749028880196
59689.000000000000 0.749197770586
60183.000000000000 0.749366660976
60483.000000000000 0.749535551366
60720.000000000000 0.749704441756
60862.000000000000 0.749873332146
60906.000000000000 0.750042222536
61440.000000000000 0.750211112926
61767.000000000000 0.750380003316
61842.000000000000 0.752068907217
62105.000000000000 0.752237797607
63034.000000000000 0.752406687997
63051.000000000000 0.753082249558
63185.000000000000 0.753251139948
63206.000000000000 0.753420030338
63308.000000000000 0.753588920728
63863.000000000000 0.753757811118
64279.000000000000 0.753926701508
64501.000000000000 0.754095591898
64536.000000000000 0.754264482288
64742.000000000000 0.754433372678
65000.000000000000 0.754771153458
65216.000000000000 0.754940043848
65333.000000000000 0.755108934238
65536.000000000000 0.756966728530
66026.000000000000 0.757135618920
66218.000000000000 0.757304509310
67553.000000000000 0.757811180480
68384.000000000000 0.757980070870
69241.000000000000 0.758148961260
69587.000000000000 0.758317851650
69664.000000000000 0.758486742040
69949.000000000000 0.758655632430
71950.000000000000 0.758824522820
72136.000000000000 0.759162303600
72351.000000000000 0.759331193990
72570.000000000000 0.759500084380
73728.000000000000 0.759837865160
74110.000000000000 0.760006755550
74609.000000000000 0.760175645940
74745.000000000000 0.760344536330
74795.000000000000 0.760513426720
75427.000000000000 0.761864549841
75501.000000000000 0.762540111402
76135.000000000000 0.762709001792
76390.000000000000 0.762877892182
76776.000000000000 0.772335754030
77231.000000000000 0.772504644420
77824.000000000000 0.772673534810
78099.000000000000 0.772842425200
78359.000000000000 0.773180205980
79301.000000000000 0.773349096370
79321.000000000000 0.773686877150
79327.000000000000 0.774024657930
79369.000000000000 0.774193548320
79438.000000000000 0.780273602365
79830.000000000000 0.787535889141
79920.000000000000 0.787704779531
80060.000000000000 0.789055902652
80347.000000000000 0.789224793042
80384.000000000000 0.789393683432
80486.000000000000 0.790407025773
80588.000000000000 0.790575916163
80690.000000000000 0.790744806553
80792.000000000000 0.790913696943
80875.000000000000 0.793109272015
80894.000000000000 0.793278162405
80996.000000000000 0.793447052795
81098.000000000000 0.793615943185
81193.000000000000 0.793784833575
81200.000000000000 0.793953723965
81302.000000000000 0.794122614355
81310.000000000000 0.794798175916
81404.000000000000 0.794967066306
81496.000000000000 0.795135956696
81506.000000000000 0.795304847086
81608.000000000000 0.795473737476
81710.000000000000 0.795642627866
81812.000000000000 0.795811518256
81874.000000000000 0.795980408646
81914.000000000000 0.796149299036
81920.000000000000 0.796318189426
82016.000000000000 0.796487079816
82043.000000000000 0.796655970206
82118.000000000000 0.796824860596
82220.000000000000 0.796993750986
82322.000000000000 0.797162641376
82498.000000000000 0.799527106838
82747.000000000000 0.800709339569
82832.000000000000 0.800878229959
82923.000000000000 0.801047120349
82934.000000000000 0.801216010739
83036.000000000000 0.801384901129
83138.000000000000 0.801553791519
83240.000000000000 0.801722681909
83342.000000000000 0.801891572299
83444.000000000000 0.802060462689
83517.000000000000 0.802229353079
83546.000000000000 0.802398243469
83551.000000000000 0.805776051272
83640.000000000000 0.805944941662
83648.000000000000 0.806113832052
83750.000000000000 0.806282722442
83852.000000000000 0.806451612832
83954.000000000000 0.806620503222
84056.000000000000 0.806789393612
84158.000000000000 0.806958284002
84260.000000000000 0.807127174392
84343.000000000000 0.807296064782
84362.000000000000 0.807464955172
84464.000000000000 0.807633845562
84566.000000000000 0.807802735952
84668.000000000000 0.807971626342
84770.000000000000 0.808140516732
85501.000000000000 0.808309407122
85557.000000000000 0.808478297512
85600.000000000000 0.808647187902
85741.000000000000 0.808816078292
85998.000000000000 0.811687214924
86695.000000000000 0.811856105314
87134.000000000000 0.812024995704
87649.000000000000 0.812193886094
88178.000000000000 0.812362776484
88898.000000000000 0.812531666874
88904.000000000000 0.812700557264
89357.000000000000 0.812869447654
89846.000000000000 0.818273940138
90681.000000000000 0.819456172869
90906.000000000000 0.819625063259
91511.000000000000 0.819793953649
91546.000000000000 0.819962844039
93396.000000000000 0.820131734429
93720.000000000000 0.820300624819
93744.000000000000 0.820469515209
94208.000000000000 0.820807295989
94896.000000000000 0.820976186379
95508.000000000000 0.821145076769
95582.000000000000 0.821313967159
95964.000000000000 0.821482857549
96056.000000000000 0.821651747939
96068.000000000000 0.821820638329
98206.000000000000 0.821989528719
98304.000000000000 0.824522884571
98484.000000000000 0.824691774961
98587.000000000000 0.824860665351
98701.000000000000 0.825029555741
98877.000000000000 0.825198446131
98908.000000000000 0.825367336521
99611.000000000000 0.825536226911
100285.000000000000 0.825705117301
102002.000000000000 0.827056240422
102054.000000000000 0.827225130812
103693.000000000000 0.827394021202
104214.000000000000 0.830771829005
104521.000000000000 0.831278500175
105008.000000000000 0.831447390565
105618.000000000000 0.831616280955
106210.000000000000 0.832967404076
107327.000000000000 0.833136294466
107650.000000000000 0.833305184856
107763.000000000000 0.833474075246
107994.000000000000 0.833642965636
108494.000000000000 0.833811856026
108993.000000000000 0.836514102268
110115.000000000000 0.836682992658
110189.000000000000 0.836851883048
110467.000000000000 0.837020773438
110577.000000000000 0.837189663828
112507.000000000000 0.837358554218
112640.000000000000 0.837527444608
112662.000000000000 0.837865225388
112670.000000000000 0.838371896558
113115.000000000000 0.838540786948
113196.000000000000 0.838709677338
113306.000000000000 0.838878567728
114688.000000000000 0.839047458118
114927.000000000000 0.840736362019
115245.000000000000 0.840905252409
115753.000000000000 0.841074142799
116263.000000000000 0.841243033189
117279.000000000000 0.841411923579
117514.000000000000 0.841580813969
117600.000000000000 0.841749704359
117714.000000000000 0.842087485139
117906.000000000000 0.842256375529
118114.000000000000 0.842425265919
118808.000000000000 0.842594156309
119320.000000000000 0.842931937089
119544.000000000000 0.851714237376
119989.000000000000 0.852389798937
120343.000000000000 0.852727579717
120856.000000000000 0.852896470107
121368.000000000000 0.853065360497
122794.000000000000 0.853234250887
125464.000000000000 0.853403141277
126301.000000000000 0.853909812447
126880.000000000000 0.854247593227
127085.000000000000 0.854585374007
127318.000000000000 0.854754264397
128721.000000000000 0.854923154787
128722.000000000000 0.855092045177
129827.000000000000 0.855260935567
130048.000000000000 0.855767606737
130319.000000000000 0.855936497127
130421.000000000000 0.856105387517
130944.000000000000 0.856274277907
131072.000000000000 0.856443168297
131354.000000000000 0.857456510638
132411.000000000000 0.857625401028
133117.000000000000 0.857794291418
133661.000000000000 0.857963181808
135235.000000000000 0.858132072198
135798.000000000000 0.858300962588
136264.000000000000 0.858469852978
137240.000000000000 0.858638743368
138106.000000000000 0.858807633758
139593.000000000000 0.858976524148
141983.000000000000 0.859145414538
143360.000000000000 0.859483195318
145456.000000000000 0.859820976098
146729.000000000000 0.859989866488
148789.000000000000 0.860158756878
151552.000000000000 0.860496537658
152714.000000000000 0.863029893510
153105.000000000000 0.863198783900
153513.000000000000 0.864549907021
153648.000000000000 0.864718797411
154112.000000000000 0.865056578191
155125.000000000000 0.865225468581
155777.000000000000 0.865394358971
156487.000000000000 0.872825536137
156828.000000000000 0.872994426527
157255.000000000000 0.873163316917
157517.000000000000 0.873332207307
158885.000000000000 0.873501097697
159286.000000000000 0.873669988087
159919.000000000000 0.874345549648
160511.000000000000 0.874514440038
162816.000000000000 0.875190001599
163376.000000000000 0.875358891989
163840.000000000000 0.876203343940
164248.000000000000 0.876372234330
164400.000000000000 0.876541124720
165413.000000000000 0.876878905500
165695.000000000000 0.877047795890
166272.000000000000 0.877216686280
168299.000000000000 0.877385576670
168448.000000000000 0.877554467060
168952.000000000000 0.877723357450
171101.000000000000 0.878061138230
171181.000000000000 0.878567809400
172077.000000000000 0.878736699790
173847.000000000000 0.878905590180
174186.000000000000 0.879243370960
175353.000000000000 0.880256713301
175535.000000000000 0.880425603691
175598.000000000000 0.880594494081
176128.000000000000 0.880932274861
176176.000000000000 0.881101165251
176280.000000000000 0.882452288372
177420.000000000000 0.882621178762
177721.000000000000 0.882790069152
177808.000000000000 0.882958959542
177920.000000000000 0.883127849932
178753.000000000000 0.883296740322
179125.000000000000 0.883465630712
179947.000000000000 0.883634521102
180043.000000000000 0.883803411492
180139.000000000000 0.883972301882
180224.000000000000 0.884141192272
180235.000000000000 0.884310082662
180331.000000000000 0.884478973052
180427.000000000000 0.884647863442
180523.000000000000 0.884816753832
180619.000000000000 0.884985644222
181272.000000000000 0.885154534612
181349.000000000000 0.885492315392
181445.000000000000 0.885661205782
181464.000000000000 0.885830096172
181494.000000000000 0.885998986562
181507.000000000000 0.886167876952
181541.000000000000 0.886336767342
181637.000000000000 0.886505657732
181733.000000000000 0.886674548122
181829.000000000000 0.886843438512
181925.000000000000 0.887012328902
181928.000000000000 0.887181219292
182021.000000000000 0.887350109682
182117.000000000000 0.887519000072
182213.000000000000 0.887687890462
182309.000000000000 0.887856780852
182405.000000000000 0.888025671242
182500.000000000000 0.888194561632
183527.000000000000 0.888363452022
183623.000000000000 0.888532342412
183719.000000000000 0.888701232802
183815.000000000000 0.888870123192
183899.000000000000 0.889039013582
183911.000000000000 0.889207903972
184007.000000000000 0.889376794362
184103.000000000000 0.889714575142
184199.000000000000 0.889883465532
184234.000000000000 0.890052355922
184295.000000000000 0.890221246312
184391.000000000000 0.890390136702
184487.000000000000 0.890559027092
184583.000000000000 0.890727917482
185141.000000000000 0.890896807872
185614.000000000000 0.891065698262
185730.000000000000 0.891234588652
186145.000000000000 0.891403479042
187430.000000000000 0.891572369432
188097.000000000000 0.893599054114
188416.000000000000 0.893767944504
188971.000000000000 0.893936834894
190187.000000000000 0.894105725284
193470.000000000000 0.894274615674
194266.000000000000 0.894443506064
194560.000000000000 0.894781286844
196332.000000000000 0.894950177234
196608.000000000000 0.895456848404
196858.000000000000 0.895963519574
197120.000000000000 0.896132409964
197533.000000000000 0.896301300354
198570.000000000000 0.896470190744
198704.000000000000 0.896807971524
199128.000000000000 0.900016888937
199604.000000000000 0.900185779327
199784.000000000000 0.900354669717
200704.000000000000 0.900523560107
201509.000000000000 0.900692450497
204800.000000000000 0.900861340887
205210.000000000000 0.901030231277
205299.000000000000 0.901199121667
205353.000000000000 0.901368012057
205769.000000000000 0.901536902447
206058.000000000000 0.901705792837
206419.000000000000 0.901874683227
206960.000000000000 0.902043573617
207483.000000000000 0.902212464007
207739.000000000000 0.902381354397
208834.000000000000 0.902550244787
209420.000000000000 0.902719135177
209530.000000000000 0.902888025567
210127.000000000000 0.903225806347
210780.000000000000 0.903394696737
211487.000000000000 0.903563587127
217088.000000000000 0.903732477517
218681.000000000000 0.903901367907
220886.000000000000 0.904070258297
221037.000000000000 0.904239148687
221117.000000000000 0.904408039077
222250.000000000000 0.904576929467
222292.000000000000 0.904745819857
222425.000000000000 0.904914710247
223397.000000000000 0.905083600637
223817.000000000000 0.905252491027
224091.000000000000 0.905421381417
225324.000000000000 0.905590271807
226261.000000000000 0.905759162197
226746.000000000000 0.905928052587
229376.000000000000 0.906096942977
229751.000000000000 0.906265833367
230632.000000000000 0.906434723757
233692.000000000000 0.906603614147
233826.000000000000 0.906772504537
234583.000000000000 0.906941394927
235336.000000000000 0.907110285317
235870.000000000000 0.907279175707
235930.000000000000 0.907448066097
238020.000000000000 0.907616956487
238611.000000000000 0.907785846877
239009.000000000000 0.907954737267
239465.000000000000 0.908123627657
239479.000000000000 0.908292518047
240043.000000000000 0.908461408437
240970.000000000000 0.908630298827
241380.000000000000 0.908799189217
241664.000000000000 0.908968079607
242166.000000000000 0.909136969997
242784.000000000000 0.909305860387
243509.000000000000 0.909474750777
245357.000000000000 0.909643641167
245442.000000000000 0.909812531557
247297.000000000000 0.909981421947
247509.000000000000 0.910150312337
249925.000000000000 0.910319202727
250035.000000000000 0.910825873897
251593.000000000000 0.910994764287
254007.000000000000 0.911163654677
256050.000000000000 0.911332545067
259701.000000000000 0.911501435457
262124.000000000000 0.913528120139
262144.000000000000 0.913865900919
262708.000000000000 0.914203681699
263079.000000000000 0.914372572089
263395.000000000000 0.914541462479
267386.000000000000 0.914710352869
269333.000000000000 0.914879243259
269518.000000000000 0.915048133649
270251.000000000000 0.915217024039
270450.000000000000 0.915385914429
272000.000000000000 0.915554804819
272043.000000000000 0.915723695209
274432.000000000000 0.915892585599
274534.000000000000 0.916061475989
275997.000000000000 0.916230366379
276170.000000000000 0.916399256769
276559.000000000000 0.916568147159
277502.000000000000 0.916737037549
278176.000000000000 0.916905927939
278528.000000000000 0.917074818329
280610.000000000000 0.917243708719
281797.000000000000 0.917412599109
281912.000000000000 0.917581489499
282083.000000000000 0.917750379889
283383.000000000000 0.917919270279
285491.000000000000 0.918088160669
286778.000000000000 0.918257051059
289155.000000000000 0.918425941449
289248.000000000000 0.919101503010
290426.000000000000 0.919270393400
291405.000000000000 0.919439283790
293021.000000000000 0.919608174180
295287.000000000000 0.919777064570
295908.000000000000 0.919945954960
295917.000000000000 0.920114845350
298421.000000000000 0.920283735740
299008.000000000000 0.920452626130
304226.000000000000 0.920621516520
304880.000000000000 0.920790406910
305168.000000000000 0.920959297300
306030.000000000000 0.921128187690
307749.000000000000 0.921297078080
309288.000000000000 0.921465968470
309297.000000000000 0.921634858860
309429.000000000000 0.921803749250
309949.000000000000 0.921972639640
315392.000000000000 0.922141530030
315973.000000000000 0.922310420420
316119.000000000000 0.922479310810
316654.000000000000 0.922648201200
318517.000000000000 0.922817091590
319488.000000000000 0.922985981980
321231.000000000000 0.923154872370
321721.000000000000 0.923323762760
322208.000000000000 0.923492653150
324249.000000000000 0.923661543540
326434.000000000000 0.923830433930
327163.000000000000 0.923999324320
327680.000000000000 0.924168214710
327957.000000000000 0.924337105100
328112.000000000000 0.924505995490
329600.000000000000 0.924674885880
330650.000000000000 0.924843776270
332192.000000000000 0.925012666660
333292.000000000000 0.925181557050
334428.000000000000 0.925350447440
335403.000000000000 0.925519337830
337272.000000000000 0.925857118610
337290.000000000000 0.926026009000
340349.000000000000 0.926194899390
340525.000000000000 0.926363789780
341577.000000000000 0.926532680170
342362.000000000000 0.926701570560
344215.000000000000 0.926870460950
348921.000000000000 0.927039351340
351630.000000000000 0.927208241730
352256.000000000000 0.927377132120
354126.000000000000 0.927546022510
356765.000000000000 0.927714912900
358381.000000000000 0.927883803290
359009.000000000000 0.928052693680
359012.000000000000 0.928221584070
361266.000000000000 0.928390474460
362305.000000000000 0.928559364850
362652.000000000000 0.928728255240
362724.000000000000 0.928897145630
364952.000000000000 0.929066036020
367966.000000000000 0.929234926410
368324.000000000000 0.929403816800
368874.000000000000 0.929572707190
369219.000000000000 0.929741597580
370106.000000000000 0.929910487970
370697.000000000000 0.930079378360
371181.000000000000 0.930248268750
371903.000000000000 0.930417159140
372517.000000000000 0.930586049530
373759.000000000000 0.930754939920
373880.000000000000 0.930923830310
375181.000000000000 0.931092720700
377068.000000000000 0.931261611090
380640.000000000000 0.933119405382
383160.000000000000 0.933794966943
385664.000000000000 0.933963857333
388462.000000000000 0.934132747723
388491.000000000000 0.934301638113
391322.000000000000 0.934470528503
392590.000000000000 0.934639418893
393216.000000000000 0.934808309283
393631.000000000000 0.934977199673
394402.000000000000 0.935146090063
395200.000000000000 0.936666103574
397576.000000000000 0.936834993964
398438.000000000000 0.937003884354
398447.000000000000 0.937172774744
398456.000000000000 0.937679445914
398935.000000000000 0.937848336304
398973.000000000000 0.938017226694
399360.000000000000 0.938186117084
399366.000000000000 0.938355007474
399843.000000000000 0.938523897864
400135.000000000000 0.938692788254
400698.000000000000 0.938861678644
402313.000000000000 0.939030569034
404574.000000000000 0.939199459424
405660.000000000000 0.939368349814
406693.000000000000 0.939706130594
411617.000000000000 0.939875020984
411709.000000000000 0.940043911374
412490.000000000000 0.940212801764
412501.000000000000 0.940381692154
412854.000000000000 0.940550582544
413696.000000000000 0.940719472934
419454.000000000000 0.940888363324
420670.000000000000 0.941057253714
421472.000000000000 0.941226144104
421830.000000000000 0.941395034494
425223.000000000000 0.941563924884
426670.000000000000 0.941732815274
434780.000000000000 0.941901705664
437464.000000000000 0.942070596054
438950.000000000000 0.942239486444
438993.000000000000 0.942408376834
440306.000000000000 0.942577267224
441622.000000000000 0.942746157614
441690.000000000000 0.942915048004
442368.000000000000 0.943083938394
442761.000000000000 0.943252828784
443364.000000000000 0.943421719174
444110.000000000000 0.943590609564
444597.000000000000 0.943759499954
446038.000000000000 0.943928390344
446084.000000000000 0.944097280734
447496.000000000000 0.944266171124
447939.000000000000 0.944603951904
449358.000000000000 0.944772842294
449619.000000000000 0.944941732684
450502.000000000000 0.945110623074
450556.000000000000 0.945279513464
450560.000000000000 0.945448403854
451822.000000000000 0.945617294244
452960.000000000000 0.945786184634
457407.000000000000 0.945955075024
464896.000000000000 0.946123965414
465930.000000000000 0.946292855804
467869.000000000000 0.946461746194
468626.000000000000 0.946630636584
468964.000000000000 0.946799526974
469864.000000000000 0.946968417364
471040.000000000000 0.947137307754
475663.000000000000 0.947306198144
481299.000000000000 0.947475088534
482194.000000000000 0.947643978924
483993.000000000000 0.947812869314
485165.000000000000 0.947981759704
489901.000000000000 0.948319540484
491520.000000000000 0.948488430874
491528.000000000000 0.948657321264
492685.000000000000 0.948826211654
497476.000000000000 0.948995102044
498734.000000000000 0.949163992434
499979.000000000000 0.949332882824
500683.000000000000 0.949501773214
501118.000000000000 0.949670663604
503322.000000000000 0.949839553994
504737.000000000000 0.950008444384
510152.000000000000 0.950177334774
511559.000000000000 0.950346225164
512759.000000000000 0.950515115554
515365.000000000000 0.950684005944
516518.000000000000 0.950852896334
518848.000000000000 0.951021786724
520016.000000000000 0.951190677114
520349.000000000000 0.951359567504
522150.000000000000 0.951528457894
522509.000000000000 0.951697348284
523643.000000000000 0.951866238674
524288.000000000000 0.952710690625
524760.000000000000 0.952879581015
525118.000000000000 0.953048471405
526306.000000000000 0.953217361795
528744.000000000000 0.953386252185
529135.000000000000 0.953555142575
529913.000000000000 0.953724032965
539573.000000000000 0.953892923355
548864.000000000000 0.954061813745
549027.000000000000 0.954230704135
558133.000000000000 0.954399594525
558314.000000000000 0.954568484915
559457.000000000000 0.954737375305
560570.000000000000 0.954906265695
561808.000000000000 0.955075156085
562929.000000000000 0.955244046475
564002.000000000000 0.955412936865
566120.000000000000 0.955581827255
570510.000000000000 0.955750717645
571611.000000000000 0.955919608035
573671.000000000000 0.956088498425
574745.000000000000 0.956257388815
574933.000000000000 0.956426279205
575635.000000000000 0.956595169595
575752.000000000000 0.956764059985
577536.000000000000 0.957101840765
577999.000000000000 0.957270731155
578626.000000000000 0.957439621545
579343.000000000000 0.957608511935
581382.000000000000 0.957777402325
586247.000000000000 0.957946292715
589824.000000000000 0.958115183105
592421.000000000000 0.958284073495
592830.000000000000 0.958452963885
596281.000000000000 0.958790744665
603757.000000000000 0.958959635055
604959.000000000000 0.959128525445
606211.000000000000 0.959297415835
608886.000000000000 0.959466306225
609728.000000000000 0.959635196615
609848.000000000000 0.959804087005
610982.000000000000 0.959972977395
611980.000000000000 0.960310758175
612363.000000000000 0.960479648565
613571.000000000000 0.960648538955
614202.000000000000 0.960817429345
617475.000000000000 0.961155210125
617723.000000000000 0.961324100515
618355.000000000000 0.961661881295
620037.000000000000 0.961830771685
620270.000000000000 0.962168552465
621409.000000000000 0.962337442855
622592.000000000000 0.962506333245
624326.000000000000 0.962844114025
624477.000000000000 0.963013004415
624747.000000000000 0.963181894805
625714.000000000000 0.963350785195
626307.000000000000 0.963519675585
627093.000000000000 0.963688565975
627390.000000000000 0.963857456365
627510.000000000000 0.964026346755
628761.000000000000 0.964195237145
629990.000000000000 0.964364127535
631229.000000000000 0.964533017925
645204.000000000000 0.965039689095
647168.000000000000 0.965208579485
647498.000000000000 0.965546360265
648279.000000000000 0.965715250655
652843.000000000000 0.965884141045
655360.000000000000 0.966053031435
655603.000000000000 0.966221921825
660018.000000000000 0.966390812215
663539.000000000000 0.966559702605
663878.000000000000 0.966728592995
665288.000000000000 0.967066373775
665290.000000000000 0.967404154555
666205.000000000000 0.967573044945
666522.000000000000 0.967910825725
667575.000000000000 0.968079716115
667584.000000000000 0.968248606505
671301.000000000000 0.968417496895
674324.000000000000 0.968586387285
676876.000000000000 0.968755277675
680507.000000000000 0.968924168065
681861.000000000000 0.969093058455
682434.000000000000 0.969261948845
683037.000000000000 0.969430839235
683445.000000000000 0.969599729625
684084.000000000000 0.969768620015
685330.000000000000 0.969937510405
689235.000000000000 0.970106400795
689471.000000000000 0.970275291185
696993.000000000000 0.970444181575
721723.000000000000 0.970613071965
725733.000000000000 0.970781962355
726731.000000000000 0.970950852745
727059.000000000000 0.971119743135
728297.000000000000 0.971288633525
730815.000000000000 0.971457523915
731065.000000000000 0.971626414305
731702.000000000000 0.971795304695
732124.000000000000 0.971964195085
734260.000000000000 0.972133085475
735809.000000000000 0.972301975865
737280.000000000000 0.972639756645
738763.000000000000 0.972808647035
751276.000000000000 0.972977537425
759051.000000000000 0.973146427815
778048.000000000000 0.973315318205
778240.000000000000 0.973484208595
790400.000000000000 0.973653098985
791392.000000000000 0.973821989375
792231.000000000000 0.973990879765
792614.000000000000 0.974159770155
793525.000000000000 0.974328660545
795671.000000000000 0.974497550935
799051.000000000000 0.974666441325
799095.000000000000 0.974835331715
800658.000000000000 0.975004222105
802776.000000000000 0.975173112495
802820.000000000000 0.975510893275
803330.000000000000 0.975679783665
803862.000000000000 0.975848674055
804036.000000000000 0.976017564445
805580.000000000000 0.976186454835
805754.000000000000 0.976355345225
813386.000000000000 0.976524235615
818406.000000000000 0.976693126005
821717.000000000000 0.976862016395
823214.000000000000 0.977030906785
823679.000000000000 0.977199797175
824933.000000000000 0.977368687565
830822.000000000000 0.977537577955
832101.000000000000 0.977706468345
833243.000000000000 0.977875358735
834144.000000000000 0.978044249125
834246.000000000000 0.978213139515
834502.000000000000 0.978382029905
842086.000000000000 0.978550920295
846551.000000000000 0.978719810685
848410.000000000000 0.978888701075
849716.000000000000 0.979057591465
850853.000000000000 0.979226481855
851968.000000000000 0.979395372245
852667.000000000000 0.979564262635
854342.000000000000 0.979733153025
854746.000000000000 0.980239824195
855672.000000000000 0.980408714585
861557.000000000000 0.980577604975
862749.000000000000 0.980746495365
862869.000000000000 0.980915385755
867305.000000000000 0.981084276145
868352.000000000000 0.981253166535
879243.000000000000 0.981422056925
881708.000000000000 0.981590947315
905308.000000000000 0.981759837705
906666.000000000000 0.981928728095
907897.000000000000 0.982097618485
909326.000000000000 0.982266508875
910557.000000000000 0.982435399265
913913.000000000000 0.982604289655
925702.000000000000 0.982773180045
927258.000000000000 0.982942070435
929714.000000000000 0.983110960825
932567.000000000000 0.983448741605
932956.000000000000 0.983617631995
934319.000000000000 0.983786522385
936677.000000000000 0.983955412775
938641.000000000000 0.984124303165
943069.000000000000 0.984293193555
954368.000000000000 0.984462083945
961987.000000000000 0.984630974335
962914.000000000000 0.984799864725
973070.000000000000 0.984968755115
974848.000000000000 0.985137645505
980653.000000000000 0.985306535895
984190.000000000000 0.985475426285
984614.000000000000 0.985644316675
986638.000000000000 0.985813207065
986947.000000000000 0.985982097455
1017994.000000000000 0.986150987845
1019174.000000000000 0.986319878235
1020404.000000000000 0.986488768625
1021534.000000000000 0.986657659015
1038744.000000000000 0.986826549405
1041486.000000000000 0.986995439795
1043165.000000000000 0.987164330185
1048576.000000000000 0.987839891746
1055389.000000000000 0.988008782136
1112920.000000000000 0.988177672526
1123737.000000000000 0.988346562916
1125023.000000000000 0.988515453306
1127484.000000000000 0.988684343696
1128839.000000000000 0.988853234086
1130294.000000000000 0.989022124476
1142802.000000000000 0.989191014866
1142906.000000000000 0.989359905256
1149141.000000000000 0.989528795646
1150582.000000000000 0.989697686036
1178377.000000000000 0.989866576426
1179465.000000000000 0.990035466816
1188368.000000000000 0.990204357206
1210088.000000000000 0.990373247596
1223047.000000000000 0.990542137986
1231346.000000000000 0.990711028376
1232060.000000000000 0.990879918766
1234250.000000000000 0.991048809156
1235635.000000000000 0.991217699546
1256344.000000000000 0.991555480326
1278240.000000000000 0.991724370716
1293796.000000000000 0.991893261106
1296558.000000000000 0.992062151496
1310037.000000000000 0.992231041886
1325980.000000000000 0.992399932276
1326082.000000000000 0.992568822666
1360415.000000000000 0.992737713056
1396862.000000000000 0.992906603446
1400792.000000000000 0.993075493836
1401400.000000000000 0.993244384226
1414385.000000000000 0.993413274616
1439800.000000000000 0.993582165006
1469525.000000000000 0.993751055396
1478157.000000000000 0.993919945786
1493991.000000000000 0.994088836176
1495709.000000000000 0.994257726566
1496898.000000000000 0.994426616956
1497215.000000000000 0.994595507346
1505201.000000000000 0.994764397736
1507729.000000000000 0.994933288126
1511424.000000000000 0.995102178516
1519039.000000000000 0.995271068906
1536822.000000000000 0.995439959296
1544161.000000000000 0.995608849686
1564938.000000000000 0.995777740076
1569630.000000000000 0.995946630466
1573066.000000000000 0.996115520856
1573219.000000000000 0.996284411246
1586957.000000000000 0.996453301636
1596344.000000000000 0.996622192026
1619500.000000000000 0.996791082416
1626608.000000000000 0.996959972806
1628797.000000000000 0.997128863196
1630059.000000000000 0.997297753586
1634348.000000000000 0.997466643976
1659202.000000000000 0.997635534366
1765270.000000000000 0.997804424756
1873354.000000000000 0.997973315146
1955987.000000000000 0.998142205536
1958723.000000000000 0.998311095926
1967231.000000000000 0.998479986316
2000412.000000000000 0.998648876706
2086400.000000000000 0.998817767096
2103804.000000000000 0.998986657486
2187264.000000000000 0.999155547876
2226234.000000000000 0.999324438266
2247900.000000000000 0.999493328656
2296168.000000000000 0.999662219046
2372768.000000000000 0.999831109436
2509091.000000000000 0.999999999826
