2.000000000000 0.000588235294
6.000000000000 0.001470588235
10.000000000000 0.004411764706
29.000000000000 0.005000000000
37.000000000000 0.005294117647
47.000000000000 0.006764705882
48.000000000000 0.012352941176
51.000000000000 0.012941176470
63.000000000000 0.013235294117
64.000000000000 0.013529411764
66.000000000000 0.013823529411
67.000000000000 0.014117647058
70.000000000000 0.014999999999
80.000000000000 0.016176470587
89.000000000000 0.016764705881
106.000000000000 0.017058823528
111.000000000000 0.018235294116
122.000000000000 0.019117647057
137.000000000000 0.019411764704
138.000000000000 0.019705882351
150.000000000000 0.019999999998
173.000000000000 0.020294117645
175.000000000000 0.020882352939
195.000000000000 0.021470588233
201.000000000000 0.021764705880
208.000000000000 0.022058823527
213.000000000000 0.023823529409
243.000000000000 0.024411764703
254.000000000000 0.024705882350
258.000000000000 0.025294117644
263.000000000000 0.025588235291
274.000000000000 0.025882352938
281.000000000000 0.026176470585
282.000000000000 0.072941176467
395.000000000000 0.073235294114
396.000000000000 0.073529411761
398.000000000000 0.081470588232
402.000000000000 0.087352941173
439.000000000000 0.087647058820
446.000000000000 0.092352941173
454.000000000000 0.094999999997
467.000000000000 0.095294117644
504.000000000000 0.110588235291
550.000000000000 0.111176470585
552.000000000000 0.111764705879
560.000000000000 0.112058823526
564.000000000000 0.113823529408
566.000000000000 0.116764705879
568.000000000000 0.117647058820
570.000000000000 0.118823529408
572.000000000000 0.119999999996
574.000000000000 0.121470588231
576.000000000000 0.122352941172
578.000000000000 0.122647058819
613.000000000000 0.122941176466
646.000000000000 0.123235294113
703.000000000000 0.123529411760
804.000000000000 0.123823529407
853.000000000000 0.124117647054
945.000000000000 0.124411764701
983.000000000000 0.124705882348
1008.000000000000 0.125294117642
1053.000000000000 0.125882352936
1095.000000000000 0.126176470583
1128.000000000000 0.126470588230
1132.000000000000 0.126764705877
1140.000000000000 0.127058823524
1306.000000000000 0.128235294112
1317.000000000000 0.137647058818
1338.000000000000 0.137941176465
1355.000000000000 0.138235294112
1356.000000000000 0.138529411759
1359.000000000000 0.139117647053
1360.000000000000 0.139411764700
1362.000000000000 0.139705882347
1371.000000000000 0.139999999994
1378.000000000000 0.140588235288
1385.000000000000 0.140882352935
1397.000000000000 0.141176470582
1410.000000000000 0.141470588229
1464.000000000000 0.141764705876
1496.000000000000 0.142941176464
1635.000000000000 0.143235294111
1645.000000000000 0.143529411758
1648.000000000000 0.143823529405
1704.000000000000 0.144117647052
1740.000000000000 0.144411764699
1774.000000000000 0.144705882346
1796.000000000000 0.144999999993
1845.000000000000 0.145294117640
1886.000000000000 0.145588235287
1906.000000000000 0.145882352934
1958.000000000000 0.146176470581
1992.000000000000 0.146470588228
2003.000000000000 0.146764705875
2025.000000000000 0.147058823522
2036.000000000000 0.147352941169
2048.000000000000 0.149117647051
2068.000000000000 0.150294117639
2099.000000000000 0.150588235286
2111.000000000000 0.150882352933
2123.000000000000 0.151176470580
2159.000000000000 0.151470588227
2190.000000000000 0.151764705874
2192.000000000000 0.152058823521
2266.000000000000 0.152647058815
2285.000000000000 0.152941176462
2310.000000000000 0.153235294109
2393.000000000000 0.153529411756
2601.000000000000 0.153823529403
2606.000000000000 0.154117647050
2622.000000000000 0.154411764697
2670.000000000000 0.154999999991
2737.000000000000 0.155294117638
2766.000000000000 0.155588235285
2772.000000000000 0.155882352932
2777.000000000000 0.160588235285
2872.000000000000 0.160882352932
2932.000000000000 0.161176470579
2972.000000000000 0.161470588226
2980.000000000000 0.162352941167
3003.000000000000 0.162647058814
3011.000000000000 0.162941176461
3022.000000000000 0.167647058814
3041.000000000000 0.168823529402
3137.000000000000 0.169117647049
3269.000000000000 0.173823529402
3304.000000000000 0.174999999990
3368.000000000000 0.179705882343
3446.000000000000 0.185588235284
3462.000000000000 0.185882352931
3470.000000000000 0.188235294107
3533.000000000000 0.188823529401
3638.000000000000 0.189117647048
3701.000000000000 0.189411764695
3713.000000000000 0.192941176460
3723.000000000000 0.193235294107
3781.000000000000 0.194705882342
3907.000000000000 0.195294117636
3988.000000000000 0.197647058812
4018.000000000000 0.199705882341
4096.000000000000 0.206470588223
4120.000000000000 0.209117647047
4154.000000000000 0.209411764694
4162.000000000000 0.209705882341
4517.000000000000 0.221470588223
4528.000000000000 0.223823529399
4624.000000000000 0.224117647046
4628.000000000000 0.225294117634
4722.000000000000 0.225588235281
4770.000000000000 0.226764705869
4794.000000000000 0.227058823516
4820.000000000000 0.227352941163
4844.000000000000 0.237941176457
4870.000000000000 0.238235294104
4918.000000000000 0.238529411751
4971.000000000000 0.247941176457
4988.000000000000 0.252647058810
5011.000000000000 0.254999999986
5058.000000000000 0.262352941162
5076.000000000000 0.267058823515
5095.000000000000 0.267352941162
5111.000000000000 0.268529411750
5113.000000000000 0.269705882338
5121.000000000000 0.269999999985
5131.000000000000 0.272352941161
5156.000000000000 0.272647058808
5168.000000000000 0.272941176455
5173.000000000000 0.273235294102
5178.000000000000 0.275588235278
5183.000000000000 0.276764705866
5190.000000000000 0.277941176454
5191.000000000000 0.280294117630
5219.000000000000 0.280588235277
5224.000000000000 0.281764705865
5250.000000000000 0.282941176453
5254.000000000000 0.283235294100
5261.000000000000 0.289117647041
5317.000000000000 0.289411764688
5324.000000000000 0.291470588217
5341.000000000000 0.291764705864
5349.000000000000 0.294117647040
5355.000000000000 0.294411764687
5379.000000000000 0.295588235275
5461.000000000000 0.296764705863
5468.000000000000 0.303823529392
5517.000000000000 0.307352941157
5525.000000000000 0.307647058804
5566.000000000000 0.308823529392
5582.000000000000 0.309999999980
5584.000000000000 0.311470588215
5616.000000000000 0.312647058803
5722.000000000000 0.314999999979
5818.000000000000 0.315588235273
5903.000000000000 0.316764705861
5916.000000000000 0.317941176449
5943.000000000000 0.319117647037
6082.000000000000 0.320294117625
6124.000000000000 0.322647058801
6244.000000000000 0.324999999977
6292.000000000000 0.332058823506
6305.000000000000 0.333235294094
6307.000000000000 0.335588235270
6362.000000000000 0.335882352917
6384.000000000000 0.339411764682
6519.000000000000 0.339705882329
6612.000000000000 0.340882352917
6652.000000000000 0.351470588211
6664.000000000000 0.352647058799
6690.000000000000 0.353823529387
6750.000000000000 0.354999999975
6816.000000000000 0.356176470563
6839.000000000000 0.357352941151
6938.000000000000 0.358529411739
7003.000000000000 0.360588235268
7168.000000000000 0.360882352915
7280.000000000000 0.361176470562
7485.000000000000 0.362352941150
7509.000000000000 0.363529411738
7514.000000000000 0.364705882326
7602.000000000000 0.375294117620
7606.000000000000 0.376470588208
7680.000000000000 0.376764705855
7739.000000000000 0.377058823502
7741.000000000000 0.377647058796
7774.000000000000 0.377941176443
7854.000000000000 0.379117647031
7921.000000000000 0.380294117619
8192.000000000000 0.381764705854
8310.000000000000 0.382058823501
8364.000000000000 0.391470588207
8416.000000000000 0.392941176442
8571.000000000000 0.395294117618
8660.000000000000 0.395882352912
8679.000000000000 0.396176470559
8740.000000000000 0.397352941147
8904.000000000000 0.398529411735
8905.000000000000 0.398823529382
8933.000000000000 0.399117647029
9037.000000000000 0.401176470558
9106.000000000000 0.402352941146
9187.000000000000 0.403529411734
9393.000000000000 0.405882352910
9411.000000000000 0.407058823498
9511.000000000000 0.407647058792
9634.000000000000 0.409999999968
9879.000000000000 0.411176470556
9993.000000000000 0.418235294085
10044.000000000000 0.418529411732
10045.000000000000 0.424411764673
10059.000000000000 0.425588235261
10136.000000000000 0.426764705849
10274.000000000000 0.427941176437
10348.000000000000 0.428235294084
10507.000000000000 0.428529411731
10681.000000000000 0.441470588202
10702.000000000000 0.442647058790
10729.000000000000 0.443823529378
10850.000000000000 0.444411764672
10880.000000000000 0.446764705848
10907.000000000000 0.447058823495
10959.000000000000 0.449411764671
11068.000000000000 0.463529411730
11135.000000000000 0.467058823495
11164.000000000000 0.467352941142
11207.000000000000 0.493235294083
11226.000000000000 0.493529411730
11329.000000000000 0.493823529377
11382.000000000000 0.513529411730
11416.000000000000 0.514117647024
11440.000000000000 0.517647058789
11447.000000000000 0.525882352907
11726.000000000000 0.528235294083
11870.000000000000 0.528529411730
11978.000000000000 0.540294117612
12029.000000000000 0.540588235259
12123.000000000000 0.552941176435
12164.000000000000 0.557647058788
12194.000000000000 0.558235294082
12288.000000000000 0.559117647023
12351.000000000000 0.559999999964
12448.000000000000 0.564411764670
12779.000000000000 0.564705882317
13067.000000000000 0.571764705846
13086.000000000000 0.572058823493
13180.000000000000 0.572352941140
13186.000000000000 0.572647058787
13212.000000000000 0.580588235258
13236.000000000000 0.580882352905
13339.000000000000 0.581176470552
13548.000000000000 0.584705882317
13629.000000000000 0.584999999964
13654.000000000000 0.585294117611
13696.000000000000 0.585588235258
13752.000000000000 0.585882352905
13798.000000000000 0.586176470552
13850.000000000000 0.586470588199
13948.000000000000 0.586764705846
14024.000000000000 0.587058823493
14115.000000000000 0.587352941140
14272.000000000000 0.587941176434
14595.000000000000 0.588235294081
14693.000000000000 0.588529411728
14728.000000000000 0.594411764669
14751.000000000000 0.602352941140
14848.000000000000 0.603823529375
14946.000000000000 0.604117647022
15204.000000000000 0.609999999963
15208.000000000000 0.610294117610
15251.000000000000 0.612647058786
15440.000000000000 0.612941176433
15538.000000000000 0.613235294080
15636.000000000000 0.613529411727
15734.000000000000 0.613823529374
15803.000000000000 0.615294117609
15819.000000000000 0.616470588197
15832.000000000000 0.616764705844
15930.000000000000 0.617058823491
15993.000000000000 0.617352941138
16028.000000000000 0.617647058785
16070.000000000000 0.618529411726
16126.000000000000 0.618823529373
16224.000000000000 0.619117647020
16322.000000000000 0.619411764667
16347.000000000000 0.619705882314
16384.000000000000 0.620294117608
16420.000000000000 0.620588235255
16518.000000000000 0.620882352902
16616.000000000000 0.621176470549
16664.000000000000 0.621470588196
16714.000000000000 0.621764705843
16812.000000000000 0.622058823490
16910.000000000000 0.622352941137
16979.000000000000 0.622647058784
17008.000000000000 0.622941176431
17106.000000000000 0.623235294078
17151.000000000000 0.630294117607
17204.000000000000 0.630588235254
17302.000000000000 0.630882352901
17349.000000000000 0.631176470548
17358.000000000000 0.631470588195
17402.000000000000 0.631764705842
17408.000000000000 0.632058823489
17436.000000000000 0.632352941136
17504.000000000000 0.632647058783
17565.000000000000 0.634999999959
17606.000000000000 0.635294117606
17708.000000000000 0.635588235253
17810.000000000000 0.635882352900
17812.000000000000 0.638235294076
17912.000000000000 0.638529411723
18110.000000000000 0.648235294076
18181.000000000000 0.654117647017
18234.000000000000 0.658823529370
18243.000000000000 0.659411764664
18744.000000000000 0.666470588193
18944.000000000000 0.666764705840
19070.000000000000 0.669117647016
19429.000000000000 0.669411764663
19456.000000000000 0.669705882310
19551.000000000000 0.669999999957
19929.000000000000 0.670294117604
19962.000000000000 0.670588235251
20146.000000000000 0.681176470545
20544.000000000000 0.684705882310
20717.000000000000 0.689411764663
20795.000000000000 0.689705882310
20985.000000000000 0.690882352898
21102.000000000000 0.699117647016
21535.000000000000 0.699411764663
21801.000000000000 0.699705882310
22253.000000000000 0.700882352898
22512.000000000000 0.701176470545
22660.000000000000 0.705882352898
22820.000000000000 0.706764705839
22974.000000000000 0.707058823486
23196.000000000000 0.714117647015
23216.000000000000 0.717647058780
23554.000000000000 0.718823529368
23664.000000000000 0.719117647015
24056.000000000000 0.728529411721
24069.000000000000 0.728823529368
24513.000000000000 0.735882352897
24576.000000000000 0.738235294073
25203.000000000000 0.738529411720
25205.000000000000 0.738823529367
25581.000000000000 0.748235294073
26404.000000000000 0.748529411720
26907.000000000000 0.749117647014
27188.000000000000 0.752647058779
28392.000000000000 0.752941176426
28672.000000000000 0.754117647014
29110.000000000000 0.754705882308
29240.000000000000 0.754999999955
29646.000000000000 0.760882352896
30071.000000000000 0.770294117602
30244.000000000000 0.770588235249
30288.000000000000 0.770882352896
30684.000000000000 0.771176470543
30707.000000000000 0.772352941131
30726.000000000000 0.772647058778
30765.000000000000 0.778529411719
30987.000000000000 0.784117647013
31405.000000000000 0.809999999954
31589.000000000000 0.810294117601
31924.000000000000 0.810588235248
32140.000000000000 0.810882352895
32768.000000000000 0.811176470542
32849.000000000000 0.812352941130
32901.000000000000 0.822647058777
33534.000000000000 0.822941176424
34981.000000000000 0.824117647012
35277.000000000000 0.824411764659
35320.000000000000 0.824705882306
35936.000000000000 0.824999999953
36707.000000000000 0.825294117600
36947.000000000000 0.831176470541
37265.000000000000 0.831470588188
37362.000000000000 0.832058823482
37781.000000000000 0.833529411717
37842.000000000000 0.833823529364
38192.000000000000 0.834411764658
39720.000000000000 0.848529411717
40266.000000000000 0.849705882305
40376.000000000000 0.855294117599
40960.000000000000 0.857058823481
41454.000000000000 0.858235294069
41994.000000000000 0.861764705834
42405.000000000000 0.862058823481
42496.000000000000 0.862647058775
42788.000000000000 0.871764705834
43073.000000000000 0.874999999952
45056.000000000000 0.876176470540
45440.000000000000 0.876470588187
45727.000000000000 0.876764705834
45812.000000000000 0.877058823481
45898.000000000000 0.878235294069
46021.000000000000 0.886470588187
47316.000000000000 0.887058823481
47741.000000000000 0.890588235246
49718.000000000000 0.890882352893
49818.000000000000 0.891176470540
49918.000000000000 0.891470588187
49976.000000000000 0.891764705834
50648.000000000000 0.892941176422
51341.000000000000 0.893235294069
52041.000000000000 0.893529411716
52376.000000000000 0.909999999951
52439.000000000000 0.910294117598
52847.000000000000 0.910882352892
52864.000000000000 0.911176470539
52964.000000000000 0.911470588186
53248.000000000000 0.912352941127
53264.000000000000 0.912647058774
53564.000000000000 0.912941176421
53664.000000000000 0.913235294068
53695.000000000000 0.913529411715
53764.000000000000 0.913823529362
54164.000000000000 0.914117647009
54682.000000000000 0.914411764656
55156.000000000000 0.914705882303
55228.000000000000 0.914999999950
55328.000000000000 0.915294117597
55964.000000000000 0.915588235244
56244.000000000000 0.915882352891
56295.000000000000 0.916176470538
56344.000000000000 0.916470588185
56644.000000000000 0.916764705832
56744.000000000000 0.917058823479
56765.000000000000 0.917647058773
56790.000000000000 0.917941176420
56944.000000000000 0.918235294067
57044.000000000000 0.918529411714
57144.000000000000 0.918823529361
57297.000000000000 0.919117647008
57344.000000000000 0.919705882302
57347.000000000000 0.921176470537
57392.000000000000 0.921470588184
57648.000000000000 0.921764705831
58368.000000000000 0.922352941125
58533.000000000000 0.922647058772
58806.000000000000 0.922941176419
59309.000000000000 0.923235294066
59431.000000000000 0.926764705831
60530.000000000000 0.927058823478
60706.000000000000 0.927352941125
61440.000000000000 0.927647058772
61771.000000000000 0.927941176419
61985.000000000000 0.928235294066
62736.000000000000 0.928529411713
62846.000000000000 0.928823529360
63745.000000000000 0.929411764654
65536.000000000000 0.933823529360
66244.000000000000 0.934117647007
66429.000000000000 0.934411764654
66439.000000000000 0.934705882301
69566.000000000000 0.935294117595
71515.000000000000 0.935588235242
72746.000000000000 0.935882352889
73547.000000000000 0.936176470536
73752.000000000000 0.936470588183
75410.000000000000 0.936764705830
75427.000000000000 0.942058823477
75705.000000000000 0.942352941124
75776.000000000000 0.942647058771
77695.000000000000 0.942941176418
79324.000000000000 0.943529411712
79372.000000000000 0.943823529359
79694.000000000000 0.944117647006
79830.000000000000 0.945294117594
79914.000000000000 0.945588235241
80060.000000000000 0.946176470535
80486.000000000000 0.946764705829
80875.000000000000 0.949117647005
81295.000000000000 0.951470588181
81310.000000000000 0.965588235240
81496.000000000000 0.966176470534
81920.000000000000 0.968529411710
82200.000000000000 0.968823529357
82456.000000000000 0.969117647004
82498.000000000000 0.971470588180
84766.000000000000 0.971764705827
85087.000000000000 0.972058823474
86016.000000000000 0.972352941121
86097.000000000000 0.972647058768
86506.000000000000 0.972941176415
87012.000000000000 0.973235294062
87081.000000000000 0.973529411709
88144.000000000000 0.973823529356
88749.000000000000 0.974117647003
89572.000000000000 0.974411764650
89818.000000000000 0.974705882297
90636.000000000000 0.974999999944
90675.000000000000 0.975294117591
92752.000000000000 0.975588235238
94208.000000000000 0.975882352885
95156.000000000000 0.976176470532
98304.000000000000 0.978823529356
99084.000000000000 0.979117647003
100488.000000000000 0.979411764650
101413.000000000000 0.979705882297
102400.000000000000 0.979999999944
104752.000000000000 0.980294117591
104892.000000000000 0.980588235238
105823.000000000000 0.980882352885
106496.000000000000 0.981176470532
106647.000000000000 0.981470588179
108993.000000000000 0.982352941120
110189.000000000000 0.982647058767
110943.000000000000 0.982941176414
117301.000000000000 0.983235294061
118862.000000000000 0.983529411708
119544.000000000000 0.984117647002
119714.000000000000 0.984411764649
124718.000000000000 0.984705882296
125785.000000000000 0.984999999943
126301.000000000000 0.986470588178
126846.000000000000 0.986764705825
128035.000000000000 0.987058823472
130146.000000000000 0.987352941119
131072.000000000000 0.987941176413
131571.000000000000 0.988235294060
135168.000000000000 0.988529411707
142695.000000000000 0.988823529354
143030.000000000000 0.989117647001
143083.000000000000 0.989411764648
147456.000000000000 0.989705882295
150040.000000000000 0.989999999942
153008.000000000000 0.990294117589
153600.000000000000 0.991176470530
160778.000000000000 0.991470588177
162161.000000000000 0.991764705824
162384.000000000000 0.992058823471
168422.000000000000 0.992352941118
170116.000000000000 0.992647058765
172032.000000000000 0.992941176412
185517.000000000000 0.993235294059
194560.000000000000 0.993529411706
196608.000000000000 0.994705882294
198704.000000000000 0.994999999941
202142.000000000000 0.995294117588
205696.000000000000 0.995588235235
206962.000000000000 0.995882352882
227538.000000000000 0.996176470529
233472.000000000000 0.996470588176
238011.000000000000 0.996764705823
239507.000000000000 0.997058823470
242907.000000000000 0.997352941117
248038.000000000000 0.997941176411
249564.000000000000 0.998235294058
254338.000000000000 0.998529411705
256002.000000000000 0.998823529352
262144.000000000000 0.999117646999
269618.000000000000 0.999411764646
299168.000000000000 0.999705882293
327680.000000000000 0.999999999940
