2.000000000000 0.000254355844
10.000000000000 0.012463436348
20.000000000000 0.013226503879
39.000000000000 0.013480859723
40.000000000000 0.013735215567
41.000000000000 0.013989571411
42.000000000000 0.014371105177
43.000000000000 0.014625461021
44.000000000000 0.015642884396
45.000000000000 0.016151596084
46.000000000000 0.016914663615
47.000000000000 0.018313620756
48.000000000000 0.034465216839
49.000000000000 0.035101106449
50.000000000000 0.038026198653
51.000000000000 0.039679511638
52.000000000000 0.040569757091
53.000000000000 0.042095892154
54.000000000000 0.044257916827
55.000000000000 0.045911229812
56.000000000000 0.046801475265
57.000000000000 0.048836322016
58.000000000000 0.049980923313
59.000000000000 0.050998346688
60.000000000000 0.052270125907
61.000000000000 0.053287549282
62.000000000000 0.054304972657
63.000000000000 0.054432150579
64.000000000000 0.055703929798
65.000000000000 0.055831107720
66.000000000000 0.056085463564
67.000000000000 0.057738776549
68.000000000000 0.057993132393
70.000000000000 0.061681292128
71.000000000000 0.061935647972
73.000000000000 0.062317181738
76.000000000000 0.062825893426
77.000000000000 0.063207427192
78.000000000000 0.063461783036
80.000000000000 0.075798041462
81.000000000000 0.076815464837
82.000000000000 0.076942642759
83.000000000000 0.077196998603
84.000000000000 0.079740557041
85.000000000000 0.079867734963
89.000000000000 0.080249268729
90.000000000000 0.080503624573
91.000000000000 0.080757980417
92.000000000000 0.081012336261
94.000000000000 0.081266692105
100.000000000000 0.081648225871
101.000000000000 0.081775403793
103.000000000000 0.082284115481
104.000000000000 0.083555894700
107.000000000000 0.083810250544
109.000000000000 0.084191784310
110.000000000000 0.085082029763
111.000000000000 0.088643011577
112.000000000000 0.090041968718
113.000000000000 0.092203993391
114.000000000000 0.093475772610
115.000000000000 0.093984484298
116.000000000000 0.095129085595
117.000000000000 0.095637797283
118.000000000000 0.096528042736
119.000000000000 0.099834668706
120.000000000000 0.100216202472
121.000000000000 0.100470558316
122.000000000000 0.106702276490
123.000000000000 0.107338166100
124.000000000000 0.108482767397
125.000000000000 0.108737123241
126.000000000000 0.109373012851
127.000000000000 0.112170927133
128.000000000000 0.112552460899
129.000000000000 0.132519394639
130.000000000000 0.133409640092
131.000000000000 0.133791173858
132.000000000000 0.134935775155
133.000000000000 0.154902708895
134.000000000000 0.205010810129
135.000000000000 0.205137988051
136.000000000000 0.206664123114
137.000000000000 0.207808724411
138.000000000000 0.209970749084
139.000000000000 0.210479460772
140.000000000000 0.212768663366
142.000000000000 0.214549154273
143.000000000000 0.214803510117
144.000000000000 0.224596210104
145.000000000000 0.224850565948
146.000000000000 0.225867989323
147.000000000000 0.226376701011
148.000000000000 0.228920259449
149.000000000000 0.229047437371
150.000000000000 0.230192038668
151.000000000000 0.230446394512
152.000000000000 0.231082284122
153.000000000000 0.231336639966
154.000000000000 0.233117130873
156.000000000000 0.234007376326
158.000000000000 0.234388910092
159.000000000000 0.234516088014
160.000000000000 0.235915045155
162.000000000000 0.236805290608
163.000000000000 0.237059646452
164.000000000000 0.239857560734
165.000000000000 0.241383695797
166.000000000000 0.242655475016
168.000000000000 0.243545720469
170.000000000000 0.244690321766
171.000000000000 0.245071855532
172.000000000000 0.245962100985
173.000000000000 0.246216456829
174.000000000000 0.247742591892
175.000000000000 0.250413328252
176.000000000000 0.251430751627
177.000000000000 0.252193819158
178.000000000000 0.253211242533
179.000000000000 0.253592776299
180.000000000000 0.255627623050
181.000000000000 0.256263512660
182.000000000000 0.260587562005
183.000000000000 0.261350629536
184.000000000000 0.262240874989
185.000000000000 0.262368052911
186.000000000000 0.263512654208
187.000000000000 0.264148543818
188.000000000000 0.265420323037
189.000000000000 0.266056212647
190.000000000000 0.267455169788
191.000000000000 0.268599771085
192.000000000000 0.269362838616
193.000000000000 0.269744372382
194.000000000000 0.271016151601
195.000000000000 0.271143329523
196.000000000000 0.272287930820
197.000000000000 0.276866336009
198.000000000000 0.278392471072
199.000000000000 0.279155538603
200.000000000000 0.279664250291
201.000000000000 0.279791428213
202.000000000000 0.283479587948
203.000000000000 0.283606765870
204.000000000000 0.283861121714
206.000000000000 0.285005723011
207.000000000000 0.285641612621
208.000000000000 0.289329772356
209.000000000000 0.290092839887
210.000000000000 0.292254864560
211.000000000000 0.292509220404
212.000000000000 0.293526643779
213.000000000000 0.294544067154
214.000000000000 0.295815846373
215.000000000000 0.297723515202
216.000000000000 0.298740938577
217.000000000000 0.299885539874
218.000000000000 0.301030141171
219.000000000000 0.302683454156
220.000000000000 0.303319343766
221.000000000000 0.304718300907
222.000000000000 0.305735724282
223.000000000000 0.306117258048
224.000000000000 0.307261859345
225.000000000000 0.309805417783
226.000000000000 0.324558056725
227.000000000000 0.325066768413
228.000000000000 0.325829835944
229.000000000000 0.328246216460
230.000000000000 0.330153885289
231.000000000000 0.330408241133
232.000000000000 0.332061554118
233.000000000000 0.332570265806
234.000000000000 0.332951799572
235.000000000000 0.333714867103
236.000000000000 0.336639959307
237.000000000000 0.337657382682
238.000000000000 0.338420450213
240.000000000000 0.338929161901
241.000000000000 0.339183517745
242.000000000000 0.340836830730
243.000000000000 0.341218364496
244.000000000000 0.341345542418
245.000000000000 0.341854254106
246.000000000000 0.342490143716
247.000000000000 0.342998855404
248.000000000000 0.343380389170
249.000000000000 0.344397812545
250.000000000000 0.344779346311
251.000000000000 0.345796769686
252.000000000000 0.346305481374
253.000000000000 0.346814193062
254.000000000000 0.348976217735
255.000000000000 0.350375174876
256.000000000000 0.352028487861
257.000000000000 0.352918733314
258.000000000000 0.353681800845
259.000000000000 0.353936156689
260.000000000000 0.355462291752
261.000000000000 0.356098181362
263.000000000000 0.356352537206
264.000000000000 0.356861248894
265.000000000000 0.357115604738
266.000000000000 0.357624316426
267.000000000000 0.358768917723
268.000000000000 0.359786341098
269.000000000000 0.360930942395
270.000000000000 0.361058120317
271.000000000000 0.361694009927
272.000000000000 0.362075543693
273.000000000000 0.362584255381
274.000000000000 0.363220144991
275.000000000000 0.363474500835
276.000000000000 0.363856034601
277.000000000000 0.364491924211
278.000000000000 0.365127813821
279.000000000000 0.365763703431
280.000000000000 0.366018059275
281.000000000000 0.368052906026
282.000000000000 0.465725550055
283.000000000000 0.466107083821
284.000000000000 0.466234261743
285.000000000000 0.467378863040
286.000000000000 0.468269108493
287.000000000000 0.468777820181
288.000000000000 0.469159353947
289.000000000000 0.469795243557
290.000000000000 0.469922421479
291.000000000000 0.470558311089
292.000000000000 0.471067022777
293.000000000000 0.471830090308
294.000000000000 0.472211624074
295.000000000000 0.473101869527
296.000000000000 0.473229047449
297.000000000000 0.474373648746
298.000000000000 0.474500826668
299.000000000000 0.474628004590
300.000000000000 0.475645427965
301.000000000000 0.475772605887
302.000000000000 0.487091440937
303.000000000000 0.487218618859
304.000000000000 0.487345796781
305.000000000000 0.487854508469
306.000000000000 0.489380643532
307.000000000000 0.489762177298
308.000000000000 0.490398066908
309.000000000000 0.490525244830
310.000000000000 0.491033956518
311.000000000000 0.491288312362
312.000000000000 0.491542668206
313.000000000000 0.491669846128
314.000000000000 0.492178557816
315.000000000000 0.492560091582
316.000000000000 0.492687269504
317.000000000000 0.493195981192
318.000000000000 0.493577514958
319.000000000000 0.493831870802
320.000000000000 0.493959048724
321.000000000000 0.495358005865
322.000000000000 0.495485183787
324.000000000000 0.495612361709
327.000000000000 0.495993895475
328.000000000000 0.496248251319
330.000000000000 0.497520030538
331.000000000000 0.498664631835
332.000000000000 0.498791809757
333.000000000000 0.499682055210
335.000000000000 0.500699478585
337.000000000000 0.500826656507
338.000000000000 0.501208190273
339.000000000000 0.501335368195
340.000000000000 0.501462546117
342.000000000000 0.501589724039
343.000000000000 0.501844079883
344.000000000000 0.501971257805
345.000000000000 0.502352791571
346.000000000000 0.503370214946
347.000000000000 0.503497392868
348.000000000000 0.503751748712
350.000000000000 0.503878926634
352.000000000000 0.504006104556
354.000000000000 0.504514816244
357.000000000000 0.504769172088
358.000000000000 0.506295307151
359.000000000000 0.506422485073
362.000000000000 0.506549662995
363.000000000000 0.507821442214
365.000000000000 0.508075798058
368.000000000000 0.508330153902
369.000000000000 0.508584509746
373.000000000000 0.509093221434
374.000000000000 0.509474755200
375.000000000000 0.509856288966
378.000000000000 0.510110644810
382.000000000000 0.510237822732
383.000000000000 0.510365000654
386.000000000000 0.510746534420
391.000000000000 0.510873712342
392.000000000000 0.512018313639
396.000000000000 0.512654203249
397.000000000000 0.512908559093
398.000000000000 0.540887701914
402.000000000000 0.577387765503
403.000000000000 0.578150833034
404.000000000000 0.578405188878
405.000000000000 0.578532366800
406.000000000000 0.578659544722
409.000000000000 0.578786722644
410.000000000000 0.578913900566
413.000000000000 0.579295434332
414.000000000000 0.579549790176
416.000000000000 0.579676968098
418.000000000000 0.579804146020
419.000000000000 0.579931323942
420.000000000000 0.580058501864
424.000000000000 0.580185679786
427.000000000000 0.580312857708
428.000000000000 0.580567213552
430.000000000000 0.584128195366
431.000000000000 0.584255373288
432.000000000000 0.585654330429
434.000000000000 0.586035864195
436.000000000000 0.586417397961
439.000000000000 0.586671753805
440.000000000000 0.586926109649
442.000000000000 0.587180465493
445.000000000000 0.587689177181
446.000000000000 0.604349484952
450.000000000000 0.604985374562
451.000000000000 0.605112552484
454.000000000000 0.607020221313
455.000000000000 0.607656110923
456.000000000000 0.607910466767
458.000000000000 0.608037644689
460.000000000000 0.608546356377
462.000000000000 0.609818135596
463.000000000000 0.609945313518
464.000000000000 0.610454025206
466.000000000000 0.611089914816
468.000000000000 0.611217092738
472.000000000000 0.611725804426
473.000000000000 0.612107338192
475.000000000000 0.612234516114
478.000000000000 0.614142184943
480.000000000000 0.614269362865
481.000000000000 0.615159608318
485.000000000000 0.615668320006
486.000000000000 0.616304209616
487.000000000000 0.616431387538
488.000000000000 0.616558565460
489.000000000000 0.617321632991
490.000000000000 0.617575988835
491.000000000000 0.618084700523
494.000000000000 0.619102123898
497.000000000000 0.619610835586
498.000000000000 0.619865191430
500.000000000000 0.619992369352
501.000000000000 0.620119547274
504.000000000000 0.693246852374
505.000000000000 0.693628386140
507.000000000000 0.693755564062
508.000000000000 0.693882741984
512.000000000000 0.694391453672
513.000000000000 0.694900165360
516.000000000000 0.695154521204
517.000000000000 0.695281699126
518.000000000000 0.695408877048
519.000000000000 0.695536054970
520.000000000000 0.695790410814
526.000000000000 0.695917588736
528.000000000000 0.696044766658
529.000000000000 0.696171944580
530.000000000000 0.696299122502
531.000000000000 0.696426300424
532.000000000000 0.696553478346
533.000000000000 0.697189367956
535.000000000000 0.697316545878
537.000000000000 0.697570901722
538.000000000000 0.697952435488
541.000000000000 0.698333969254
543.000000000000 0.698588325098
544.000000000000 0.700495993927
546.000000000000 0.700750349771
547.000000000000 0.700877527693
549.000000000000 0.701004705615
550.000000000000 0.701386239381
551.000000000000 0.701513417303
552.000000000000 0.702785196522
553.000000000000 0.702912374444
554.000000000000 0.703548264054
556.000000000000 0.704820043273
557.000000000000 0.705328754961
558.000000000000 0.706346178336
559.000000000000 0.706600534180
560.000000000000 0.707490779633
562.000000000000 0.707617957555
564.000000000000 0.716393234167
566.000000000000 0.718682436761
568.000000000000 0.726058756232
570.000000000000 0.730891517265
572.000000000000 0.735342744532
574.000000000000 0.739412438033
575.000000000000 0.739539615955
576.000000000000 0.741701640628
578.000000000000 0.742464708159
580.000000000000 0.743609309456
582.000000000000 0.745644156207
584.000000000000 0.745771334129
585.000000000000 0.745898512051
586.000000000000 0.746025689973
593.000000000000 0.746152867895
597.000000000000 0.746280045817
607.000000000000 0.746788757505
630.000000000000 0.746915935427
634.000000000000 0.747043113349
636.000000000000 0.747297469193
638.000000000000 0.749968205553
641.000000000000 0.750095383475
650.000000000000 0.750222561397
651.000000000000 0.750349739319
652.000000000000 0.750476917241
655.000000000000 0.750731273085
656.000000000000 0.750858451007
658.000000000000 0.750985628929
660.000000000000 0.751494340617
661.000000000000 0.751621518539
666.000000000000 0.751748696461
668.000000000000 0.751875874383
669.000000000000 0.752130230227
674.000000000000 0.752257408149
683.000000000000 0.752384586071
684.000000000000 0.752511763993
685.000000000000 0.752638941915
687.000000000000 0.752893297759
689.000000000000 0.753020475681
691.000000000000 0.753147653603
693.000000000000 0.753274831525
698.000000000000 0.753402009447
708.000000000000 0.753529187369
716.000000000000 0.753656365291
721.000000000000 0.754292254901
729.000000000000 0.754419432823
732.000000000000 0.754546610745
741.000000000000 0.754673788667
745.000000000000 0.754800966589
748.000000000000 0.755182500355
749.000000000000 0.755309678277
753.000000000000 0.755436856199
756.000000000000 0.755564034121
766.000000000000 0.755945567887
768.000000000000 0.756072745809
770.000000000000 0.756199923731
772.000000000000 0.756327101653
776.000000000000 0.756454279575
779.000000000000 0.757090169185
781.000000000000 0.757344525029
784.000000000000 0.757853236717
790.000000000000 0.757980414639
791.000000000000 0.758234770483
792.000000000000 0.758361948405
793.000000000000 0.758489126327
796.000000000000 0.758870660093
802.000000000000 0.758997838015
804.000000000000 0.759888083468
810.000000000000 0.760269617234
825.000000000000 0.760651151000
832.000000000000 0.761032684766
840.000000000000 0.761287040610
842.000000000000 0.761541396454
846.000000000000 0.762431641907
862.000000000000 0.762685997751
863.000000000000 0.762813175673
872.000000000000 0.762940353595
878.000000000000 0.763194709439
892.000000000000 0.765102378268
901.000000000000 0.765229556190
921.000000000000 0.765611089956
923.000000000000 0.766119801644
926.000000000000 0.766374157488
930.000000000000 0.766501335410
933.000000000000 0.766628513332
934.000000000000 0.766882869176
983.000000000000 0.767264402942
985.000000000000 0.767518758786
1008.000000000000 0.768536182161
1010.000000000000 0.768663360083
1011.000000000000 0.768917715927
1015.000000000000 0.769044893849
1016.000000000000 0.769299249693
1017.000000000000 0.769807961381
1024.000000000000 0.770062317225
1026.000000000000 0.770189495147
1043.000000000000 0.770443850991
1049.000000000000 0.770571028913
1052.000000000000 0.770698206835
1070.000000000000 0.770952562679
1074.000000000000 0.771206918523
1084.000000000000 0.771334096445
1087.000000000000 0.772224341898
1091.000000000000 0.772351519820
1099.000000000000 0.772478697742
1104.000000000000 0.772605875664
1121.000000000000 0.773368943195
1123.000000000000 0.775149434102
1125.000000000000 0.775403789946
1128.000000000000 0.775658145790
1132.000000000000 0.775785323712
1136.000000000000 0.775912501634
1137.000000000000 0.776039679556
1140.000000000000 0.776166857478
1144.000000000000 0.776294035400
1150.000000000000 0.776802747088
1159.000000000000 0.777565814619
1162.000000000000 0.777692992541
1166.000000000000 0.778328882151
1176.000000000000 0.778456060073
1188.000000000000 0.778583237995
1209.000000000000 0.778710415917
1210.000000000000 0.778837593839
1220.000000000000 0.778964771761
1234.000000000000 0.779091949683
1242.000000000000 0.779219127605
1249.000000000000 0.780872440590
1252.000000000000 0.782398575653
1254.000000000000 0.782525753575
1268.000000000000 0.782652931497
1272.000000000000 0.783415999028
1279.000000000000 0.783670354872
1286.000000000000 0.784179066560
1294.000000000000 0.784306244482
1295.000000000000 0.784433422404
1305.000000000000 0.784560600326
1308.000000000000 0.784687778248
1313.000000000000 0.784942134092
1316.000000000000 0.785450845780
1317.000000000000 0.785959557468
1320.000000000000 0.786468269156
1321.000000000000 0.787104158766
1324.000000000000 0.787231336688
1329.000000000000 0.787358514610
1330.000000000000 0.787867226298
1332.000000000000 0.788248760064
1333.000000000000 0.788503115908
1338.000000000000 0.788630293830
1345.000000000000 0.788757471752
1348.000000000000 0.788884649674
1378.000000000000 0.789774895127
1380.000000000000 0.790283606815
1389.000000000000 0.790410784737
1397.000000000000 0.793208699019
1403.000000000000 0.793335876941
1404.000000000000 0.794098944472
1406.000000000000 0.794353300316
1408.000000000000 0.794480478238
1423.000000000000 0.794607656160
1427.000000000000 0.794734834082
1432.000000000000 0.794862012004
1437.000000000000 0.795116367848
1442.000000000000 0.796642502911
1446.000000000000 0.799694773037
1448.000000000000 0.799949128881
1451.000000000000 0.800076306803
1453.000000000000 0.802111153554
1456.000000000000 0.802365509398
1480.000000000000 0.802492687320
1485.000000000000 0.803382932773
1486.000000000000 0.803764466539
1492.000000000000 0.805036245758
1502.000000000000 0.805417779524
1504.000000000000 0.805544957446
1506.000000000000 0.806053669134
1508.000000000000 0.806562380822
1509.000000000000 0.806943914588
1518.000000000000 0.807198270432
1522.000000000000 0.807579804198
1524.000000000000 0.807706982120
1534.000000000000 0.807834160042
1544.000000000000 0.808215693808
1550.000000000000 0.808342871730
1553.000000000000 0.808470049652
1554.000000000000 0.808724405496
1556.000000000000 0.808851583418
1577.000000000000 0.808978761340
1582.000000000000 0.809360295106
1583.000000000000 0.809487473028
1598.000000000000 0.809614650950
1605.000000000000 0.809741828872
1608.000000000000 0.809996184716
1611.000000000000 0.810123362638
1629.000000000000 0.810250540560
1633.000000000000 0.810504896404
1635.000000000000 0.811140786014
1638.000000000000 0.811395141858
1643.000000000000 0.811776675624
1648.000000000000 0.812921276921
1651.000000000000 0.813811522374
1657.000000000000 0.813938700296
1659.000000000000 0.814956123671
1664.000000000000 0.815973547046
1667.000000000000 0.816482258734
1671.000000000000 0.816736614578
1683.000000000000 0.817118148344
1694.000000000000 0.817372504188
1697.000000000000 0.817626860032
1703.000000000000 0.818008393798
1711.000000000000 0.818135571720
1716.000000000000 0.818262749642
1722.000000000000 0.818389927564
1730.000000000000 0.818771461330
1739.000000000000 0.820170418471
1740.000000000000 0.820297596393
1748.000000000000 0.820424774315
1750.000000000000 0.820679130159
1756.000000000000 0.820806308081
1765.000000000000 0.821060663925
1766.000000000000 0.821187841847
1781.000000000000 0.821315019769
1793.000000000000 0.821696553535
1796.000000000000 0.821823731457
1806.000000000000 0.822205265223
1808.000000000000 0.822332443145
1828.000000000000 0.822586798989
1851.000000000000 0.822713976911
1855.000000000000 0.822841154833
1862.000000000000 0.823095510677
1873.000000000000 0.823349866521
1889.000000000000 0.823858578209
1897.000000000000 0.823985756131
1899.000000000000 0.824112934053
1915.000000000000 0.824240111975
1925.000000000000 0.824494467819
1933.000000000000 0.824621645741
1949.000000000000 0.824748823663
1957.000000000000 0.824876001585
1969.000000000000 0.825003179507
1970.000000000000 0.825130357429
1978.000000000000 0.826147780804
1996.000000000000 0.826656492492
1998.000000000000 0.826783670414
2002.000000000000 0.827165204180
2003.000000000000 0.827292382102
2015.000000000000 0.827419560024
2018.000000000000 0.827546737946
2020.000000000000 0.828055449634
2029.000000000000 0.828182627556
2033.000000000000 0.828436983400
2048.000000000000 0.832379498979
2066.000000000000 0.832888210667
2092.000000000000 0.833269744433
2098.000000000000 0.833524100277
2099.000000000000 0.833778456121
2107.000000000000 0.833905634043
2119.000000000000 0.834032811965
2121.000000000000 0.835050235340
2128.000000000000 0.835558947028
2133.000000000000 0.835686124950
2138.000000000000 0.839247106764
2152.000000000000 0.839374284686
2167.000000000000 0.839628640530
2175.000000000000 0.839755818452
2191.000000000000 0.840010174296
2195.000000000000 0.840137352218
2196.000000000000 0.840518885984
2198.000000000000 0.840646063906
2200.000000000000 0.840773241828
2206.000000000000 0.840900419750
2213.000000000000 0.841027597672
2223.000000000000 0.841154775594
2228.000000000000 0.841281953516
2257.000000000000 0.841663487282
2267.000000000000 0.841790665204
2277.000000000000 0.842045021048
2302.000000000000 0.842299376892
2313.000000000000 0.842426554814
2319.000000000000 0.842553732736
2343.000000000000 0.842680910658
2359.000000000000 0.842935266502
2376.000000000000 0.843062444424
2385.000000000000 0.843189622346
2452.000000000000 0.843316800268
2453.000000000000 0.843698334034
2477.000000000000 0.843825511956
2502.000000000000 0.844207045722
2560.000000000000 0.844588579488
2585.000000000000 0.844842935332
2602.000000000000 0.845351647020
2605.000000000000 0.845478824942
2614.000000000000 0.845733180786
2636.000000000000 0.845860358708
2666.000000000000 0.845987536630
2678.000000000000 0.846114714552
2695.000000000000 0.846241892474
2713.000000000000 0.846369070396
2716.000000000000 0.846496248318
2718.000000000000 0.846750604162
2722.000000000000 0.846877782084
2741.000000000000 0.848276739225
2800.000000000000 0.848403917147
2809.000000000000 0.848785450913
2841.000000000000 0.848912628835
2845.000000000000 0.849421340523
2875.000000000000 0.849548518445
2879.000000000000 0.849802874289
2880.000000000000 0.850820297664
2893.000000000000 0.851074653508
2896.000000000000 0.851201831430
2911.000000000000 0.852219254805
2951.000000000000 0.852600788571
2959.000000000000 0.852982322337
3018.000000000000 0.853109500259
3022.000000000000 0.854635635322
3048.000000000000 0.854762813244
3096.000000000000 0.855525880775
3097.000000000000 0.856034592463
3142.000000000000 0.856161770385
3148.000000000000 0.858196617136
3160.000000000000 0.858450972980
3161.000000000000 0.858578150902
3191.000000000000 0.858705328824
3204.000000000000 0.858832506746
3236.000000000000 0.858959684668
3248.000000000000 0.861503243106
3284.000000000000 0.861630421028
3296.000000000000 0.861757598950
3302.000000000000 0.861884776872
3304.000000000000 0.865445758686
3318.000000000000 0.865572936608
3334.000000000000 0.865700114530
3362.000000000000 0.865827292452
3368.000000000000 0.866336004140
3376.000000000000 0.866463182062
3383.000000000000 0.867989317125
3470.000000000000 0.868498028813
3478.000000000000 0.868625206735
3480.000000000000 0.869133918423
3524.000000000000 0.869261096345
3535.000000000000 0.869515452189
3613.000000000000 0.872567722315
3693.000000000000 0.872694900237
3713.000000000000 0.873203611925
3781.000000000000 0.873330789847
3788.000000000000 0.873839501535
3879.000000000000 0.873966679457
3882.000000000000 0.874093857379
3888.000000000000 0.874729746989
3914.000000000000 0.874856924911
3941.000000000000 0.875365636599
3977.000000000000 0.875492814521
3980.000000000000 0.875619992443
3983.000000000000 0.877146127506
4012.000000000000 0.877273305428
4075.000000000000 0.877400483350
4078.000000000000 0.877527661272
4096.000000000000 0.882360422305
4110.000000000000 0.882487600227
4119.000000000000 0.882741956071
4120.000000000000 0.882996311915
4125.000000000000 0.885031158666
4126.000000000000 0.885539870354
4158.000000000000 0.886430115807
4176.000000000000 0.886557293729
4221.000000000000 0.887066005417
4286.000000000000 0.887320361261
4300.000000000000 0.889355208012
4352.000000000000 0.889863919700
4446.000000000000 0.890372631388
4518.000000000000 0.890881343076
4573.000000000000 0.891898766451
4597.000000000000 0.892153122295
4598.000000000000 0.892280300217
4601.000000000000 0.892407478139
4608.000000000000 0.892534656061
4615.000000000000 0.894060791124
4628.000000000000 0.896095637875
4637.000000000000 0.896349993719
4663.000000000000 0.896477171641
4664.000000000000 0.896604349563
4666.000000000000 0.896731527485
4673.000000000000 0.896858705407
4690.000000000000 0.897367417095
4725.000000000000 0.901437110596
4734.000000000000 0.902454533971
4770.000000000000 0.902963245659
4805.000000000000 0.904998092410
4827.000000000000 0.906524227473
4830.000000000000 0.908559074224
4838.000000000000 0.909576497599
4865.000000000000 0.910085209287
4868.000000000000 0.910212387209
4906.000000000000 0.910593920975
4925.000000000000 0.911102632663
4942.000000000000 0.911992878116
4988.000000000000 0.912501589804
4999.000000000000 0.915681037852
5057.000000000000 0.918224596290
5058.000000000000 0.918733307978
5099.000000000000 0.920259443041
5113.000000000000 0.920768154729
5116.000000000000 0.922803001480
5135.000000000000 0.922930179402
5178.000000000000 0.923438891090
5183.000000000000 0.923947602778
5196.000000000000 0.924329136544
5197.000000000000 0.926872694982
5208.000000000000 0.927890118357
5217.000000000000 0.928398830045
5250.000000000000 0.929416253420
5258.000000000000 0.929543431342
5262.000000000000 0.930052143030
5267.000000000000 0.931069566405
5304.000000000000 0.931578278093
5312.000000000000 0.932850057312
5335.000000000000 0.934884904063
5353.000000000000 0.935393615751
5355.000000000000 0.935902327439
5430.000000000000 0.936665394970
5461.000000000000 0.938700241721
5513.000000000000 0.939208953409
5515.000000000000 0.939336131331
5566.000000000000 0.940862266394
5577.000000000000 0.941370978082
5580.000000000000 0.941625333926
5590.000000000000 0.943151468989
5632.000000000000 0.943660180677
5670.000000000000 0.944168892365
5671.000000000000 0.944677604053
5689.000000000000 0.947221162491
5703.000000000000 0.947475518335
5739.000000000000 0.947857052101
5750.000000000000 0.950909322227
5768.000000000000 0.951926745602
5776.000000000000 0.952053923524
5860.000000000000 0.952562635212
5873.000000000000 0.953580058587
5874.000000000000 0.953707236509
5887.000000000000 0.954215948197
5898.000000000000 0.954724659885
5943.000000000000 0.956759506636
5950.000000000000 0.958158463777
6079.000000000000 0.958667175465
6080.000000000000 0.959684598840
6109.000000000000 0.963245580654
6136.000000000000 0.964771715717
6140.000000000000 0.965280427405
6201.000000000000 0.968332697531
6241.000000000000 0.969350120906
6249.000000000000 0.970367544281
6277.000000000000 0.971893679344
6384.000000000000 0.972402391032
6390.000000000000 0.972911102720
6459.000000000000 0.973546992330
6496.000000000000 0.973674170252
6528.000000000000 0.974182881940
6583.000000000000 0.974691593628
6612.000000000000 0.975200305316
6635.000000000000 0.975963372847
6656.000000000000 0.976090550769
6686.000000000000 0.976599262457
6690.000000000000 0.977107974145
6758.000000000000 0.979142820896
6814.000000000000 0.979651532584
6942.000000000000 0.982195091022
7034.000000000000 0.982449446866
7080.000000000000 0.983975581929
7175.000000000000 0.984484293617
7229.000000000000 0.984611471539
7322.000000000000 0.985120183227
7373.000000000000 0.985628894915
7472.000000000000 0.985756072837
7479.000000000000 0.985883250759
7482.000000000000 0.986010428681
7485.000000000000 0.986519140369
7578.000000000000 0.986773496213
7643.000000000000 0.987155029979
7680.000000000000 0.987282207901
7681.000000000000 0.987409385823
7921.000000000000 0.987918097511
8192.000000000000 0.989189876730
8416.000000000000 0.989317054652
8571.000000000000 0.992369324778
8806.000000000000 0.993132392309
8871.000000000000 0.993259570231
9062.000000000000 0.994276993606
9216.000000000000 0.994404171528
9250.000000000000 0.994531349450
9259.000000000000 0.994658527372
9634.000000000000 0.995167239060
9728.000000000000 0.995294416982
10274.000000000000 0.996311840357
10956.000000000000 0.996439018279
10963.000000000000 0.996566196201
11135.000000000000 0.996693374123
11329.000000000000 0.996820552045
11568.000000000000 0.996947729967
11867.000000000000 0.997074907889
12698.000000000000 0.997456441655
12991.000000000000 0.997583619577
13015.000000000000 0.997710797499
13032.000000000000 0.997837975421
13128.000000000000 0.997965153343
13278.000000000000 0.998092331265
13279.000000000000 0.998346687109
13391.000000000000 0.998473865031
13938.000000000000 0.998601042953
14798.000000000000 0.998855398797
14848.000000000000 0.999109754641
16401.000000000000 0.999236932563
18603.000000000000 0.999364110485
19303.000000000000 0.999491288407
19456.000000000000 0.999618466329
24576.000000000000 0.999745644251
26179.000000000000 0.999872822173
31985.000000000000 1.000000000095
