2.000000000000 0.000158915139
8.000000000000 0.000185400996
10.000000000000 0.001933467528
20.000000000000 0.002092382667
24.000000000000 0.002145354380
29.000000000000 0.002251297806
33.000000000000 0.002277783663
36.000000000000 0.002304269520
39.000000000000 0.002648585655
40.000000000000 0.002781014938
41.000000000000 0.002807500795
42.000000000000 0.003125331074
43.000000000000 0.003602076492
44.000000000000 0.004529081471
45.000000000000 0.005191227885
46.000000000000 0.006568492426
47.000000000000 0.007786841827
48.000000000000 0.016897976481
49.000000000000 0.017851467317
50.000000000000 0.019837906558
51.000000000000 0.021135713529
52.000000000000 0.021983260939
53.000000000000 0.023519440619
54.000000000000 0.025161563725
55.000000000000 0.025876681852
56.000000000000 0.026697743405
57.000000000000 0.027571776671
58.000000000000 0.028578239220
59.000000000000 0.029399300773
60.000000000000 0.030273334039
61.000000000000 0.030961966309
62.000000000000 0.031703570292
63.000000000000 0.032339230849
64.000000000000 0.033213264115
65.000000000000 0.033769467103
66.000000000000 0.034325670091
67.000000000000 0.035491047779
68.000000000000 0.035994279053
69.000000000000 0.036285623475
70.000000000000 0.038404491999
71.000000000000 0.038881237417
72.000000000000 0.039225553552
73.000000000000 0.039543383831
74.000000000000 0.039781756540
75.000000000000 0.040179044388
76.000000000000 0.040390931240
77.000000000000 0.040947134228
78.000000000000 0.041211992794
79.000000000000 0.041344422077
80.000000000000 0.047224282232
81.000000000000 0.047727513506
82.000000000000 0.048945862907
83.000000000000 0.049104778046
84.000000000000 0.050958788005
85.000000000000 0.051091217288
86.000000000000 0.051250132427
87.000000000000 0.051382561710
88.000000000000 0.051514990993
89.000000000000 0.051541476850
90.000000000000 0.051620934420
91.000000000000 0.051700391990
92.000000000000 0.051991736412
93.000000000000 0.052044708125
94.000000000000 0.052177137408
95.000000000000 0.052547939400
96.000000000000 0.052600911113
97.000000000000 0.052706854539
99.000000000000 0.052759826252
100.000000000000 0.052865769678
101.000000000000 0.052998198961
102.000000000000 0.053051170674
103.000000000000 0.053104142387
104.000000000000 0.053739802944
105.000000000000 0.053845746370
106.000000000000 0.054163576649
107.000000000000 0.054190062506
108.000000000000 0.054322491789
109.000000000000 0.054587350355
110.000000000000 0.055143553343
111.000000000000 0.055858671470
112.000000000000 0.057103506728
113.000000000000 0.060096408518
114.000000000000 0.060864498358
115.000000000000 0.061102871067
116.000000000000 0.061712045768
117.000000000000 0.062294734612
118.000000000000 0.064466574849
119.000000000000 0.066744358513
120.000000000000 0.067777306919
121.000000000000 0.068015679628
122.000000000000 0.075087403328
123.000000000000 0.076093865877
124.000000000000 0.078821909102
125.000000000000 0.079563513085
126.000000000000 0.082159127027
127.000000000000 0.084754740969
128.000000000000 0.086555779215
129.000000000000 0.090237313276
130.000000000000 0.091376205108
131.000000000000 0.092144294948
132.000000000000 0.093865875624
133.000000000000 0.109730903699
134.000000000000 0.151552071196
135.000000000000 0.152028816614
136.000000000000 0.153300137729
137.000000000000 0.153909312430
138.000000000000 0.156478440516
139.000000000000 0.156822756651
140.000000000000 0.158994596888
141.000000000000 0.159312427167
142.000000000000 0.161537239117
143.000000000000 0.161669668400
144.000000000000 0.170357029349
145.000000000000 0.170436486919
146.000000000000 0.171999152456
147.000000000000 0.172369954448
148.000000000000 0.175177455243
149.000000000000 0.175442313809
150.000000000000 0.177773069186
151.000000000000 0.178011441895
152.000000000000 0.180262739702
153.000000000000 0.180871914403
154.000000000000 0.182778896075
155.000000000000 0.183149698067
156.000000000000 0.185374510017
157.000000000000 0.185480453443
158.000000000000 0.187096090693
159.000000000000 0.187466892685
160.000000000000 0.190486280332
161.000000000000 0.190539252045
162.000000000000 0.194114842680
163.000000000000 0.194353215389
164.000000000000 0.196869371761
165.000000000000 0.198379065584
166.000000000000 0.199703358412
167.000000000000 0.199888759408
168.000000000000 0.202219514785
169.000000000000 0.202510859207
170.000000000000 0.205530246854
171.000000000000 0.205954020559
172.000000000000 0.208205318366
173.000000000000 0.208946922349
174.000000000000 0.212707913979
175.000000000000 0.213528975532
176.000000000000 0.215541900630
177.000000000000 0.217846170150
178.000000000000 0.219832609391
179.000000000000 0.221474732497
180.000000000000 0.224838436279
181.000000000000 0.227407564365
182.000000000000 0.233419853802
183.000000000000 0.236200868740
184.000000000000 0.239458629096
185.000000000000 0.239988346227
186.000000000000 0.245285517538
187.000000000000 0.246980612357
188.000000000000 0.248622735463
189.000000000000 0.250000000004
190.000000000000 0.252992901794
191.000000000000 0.255906346015
192.000000000000 0.259137620514
193.000000000000 0.260700286051
194.000000000000 0.261759720313
195.000000000000 0.263269414136
196.000000000000 0.264434791824
197.000000000000 0.267692552180
198.000000000000 0.270367623692
199.000000000000 0.271135713532
200.000000000000 0.272380548790
201.000000000000 0.273413497196
202.000000000000 0.274631846597
203.000000000000 0.275585337433
204.000000000000 0.277518804961
205.000000000000 0.279002012928
206.000000000000 0.282683546989
207.000000000000 0.284007839817
208.000000000000 0.287927746587
209.000000000000 0.290364445390
210.000000000000 0.292748172480
211.000000000000 0.294602182439
212.000000000000 0.296429706541
213.000000000000 0.298628032635
214.000000000000 0.301541476856
215.000000000000 0.303342515102
216.000000000000 0.304587350360
217.000000000000 0.307845110716
218.000000000000 0.309248861113
219.000000000000 0.310758554936
220.000000000000 0.313777942583
221.000000000000 0.315075749554
222.000000000000 0.316320584812
223.000000000000 0.318359995767
224.000000000000 0.320161034013
225.000000000000 0.323524737795
226.000000000000 0.338065473042
227.000000000000 0.339389765870
228.000000000000 0.342382667660
229.000000000000 0.346223116860
230.000000000000 0.349613306499
231.000000000000 0.351626231597
232.000000000000 0.353294840560
233.000000000000 0.355228308088
234.000000000000 0.358009323026
235.000000000000 0.360525479398
236.000000000000 0.362564890353
237.000000000000 0.364683758877
238.000000000000 0.365796164852
239.000000000000 0.367305858675
240.000000000000 0.368550693933
241.000000000000 0.369980930187
242.000000000000 0.372311685564
243.000000000000 0.373688950105
244.000000000000 0.374483525802
245.000000000000 0.377291026597
246.000000000000 0.378721262851
247.000000000000 0.379807182970
248.000000000000 0.382482254482
249.000000000000 0.384654094719
250.000000000000 0.385925415834
251.000000000000 0.387249708662
252.000000000000 0.388547515633
253.000000000000 0.389739379178
254.000000000000 0.391619874993
255.000000000000 0.392255535550
256.000000000000 0.394321432361
257.000000000000 0.397579192717
258.000000000000 0.400810467216
259.000000000000 0.402505562035
260.000000000000 0.404068227572
261.000000000000 0.405683864822
262.000000000000 0.406716813228
263.000000000000 0.408332450478
264.000000000000 0.410371861433
265.000000000000 0.411484267408
266.000000000000 0.413391249080
267.000000000000 0.416119292305
268.000000000000 0.418105731546
269.000000000000 0.419377052661
270.000000000000 0.422105095886
271.000000000000 0.422926157439
272.000000000000 0.423455874570
273.000000000000 0.424780167398
274.000000000000 0.427587668193
275.000000000000 0.428567644885
276.000000000000 0.429653565004
277.000000000000 0.430474626557
278.000000000000 0.431004343688
279.000000000000 0.431428117393
280.000000000000 0.432381608229
281.000000000000 0.434023731335
282.000000000000 0.463714376530
283.000000000000 0.464614895653
284.000000000000 0.465541900632
285.000000000000 0.466362962185
286.000000000000 0.467607797443
287.000000000000 0.469170462980
288.000000000000 0.469806123537
289.000000000000 0.470627185090
290.000000000000 0.471156902221
291.000000000000 0.471713105209
292.000000000000 0.472030935488
293.000000000000 0.473408200029
294.000000000000 0.473990888873
295.000000000000 0.475209238274
296.000000000000 0.476692446241
297.000000000000 0.477195677515
298.000000000000 0.479049687474
299.000000000000 0.479367517753
300.000000000000 0.480294522732
301.000000000000 0.480612353011
302.000000000000 0.488928911969
303.000000000000 0.489379171530
304.000000000000 0.489776459378
305.000000000000 0.490412119935
306.000000000000 0.491180209775
307.000000000000 0.491762898619
308.000000000000 0.492239644037
309.000000000000 0.493934738856
310.000000000000 0.495126602401
311.000000000000 0.496186036663
312.000000000000 0.496583324511
313.000000000000 0.497801673912
314.000000000000 0.498490306182
315.000000000000 0.500344316141
316.000000000000 0.500688632276
317.000000000000 0.501191863550
318.000000000000 0.501509693829
319.000000000000 0.502118868530
320.000000000000 0.504396652194
321.000000000000 0.506277148009
322.000000000000 0.506780379283
323.000000000000 0.507760355975
324.000000000000 0.508448988245
325.000000000000 0.510859201191
326.000000000000 0.512527810154
327.000000000000 0.512792668720
328.000000000000 0.513560758560
329.000000000000 0.513693187843
330.000000000000 0.514381820113
331.000000000000 0.514805593818
332.000000000000 0.514885051388
333.000000000000 0.515096938240
334.000000000000 0.515865028080
335.000000000000 0.516156372502
336.000000000000 0.516606632063
337.000000000000 0.517162835051
338.000000000000 0.517480665330
339.000000000000 0.517772009752
340.000000000000 0.518540099592
341.000000000000 0.518593071305
342.000000000000 0.518884415727
343.000000000000 0.519202246006
344.000000000000 0.519414132858
345.000000000000 0.519573047997
346.000000000000 0.522830808353
347.000000000000 0.523863756759
348.000000000000 0.524340502177
349.000000000000 0.524870219308
350.000000000000 0.525029134447
351.000000000000 0.526273969705
352.000000000000 0.527518804963
353.000000000000 0.527624748389
354.000000000000 0.527810149385
355.000000000000 0.527942578668
356.000000000000 0.529002012930
357.000000000000 0.529346329065
358.000000000000 0.531094395597
359.000000000000 0.532100858146
360.000000000000 0.532365716712
361.000000000000 0.532418688425
362.000000000000 0.533027863126
363.000000000000 0.533610551970
364.000000000000 0.534537556949
365.000000000000 0.534828901371
366.000000000000 0.535596991211
367.000000000000 0.535623477068
368.000000000000 0.536365081051
369.000000000000 0.536629939617
370.000000000000 0.536682911330
372.000000000000 0.537186142604
373.000000000000 0.537451001170
374.000000000000 0.537742345592
375.000000000000 0.538166119297
376.000000000000 0.538298548580
377.000000000000 0.538510435432
378.000000000000 0.538669350571
379.000000000000 0.538987180850
380.000000000000 0.539357982842
381.000000000000 0.539649327264
382.000000000000 0.540337959534
383.000000000000 0.540655789813
384.000000000000 0.541079563518
385.000000000000 0.541132535231
386.000000000000 0.541291450370
387.000000000000 0.541503337222
388.000000000000 0.541529823079
390.000000000000 0.541847653358
391.000000000000 0.542350884632
392.000000000000 0.543330861324
393.000000000000 0.543357347181
394.000000000000 0.543834092599
395.000000000000 0.544178408734
396.000000000000 0.544469753156
397.000000000000 0.544628668295
398.000000000000 0.557739167289
399.000000000000 0.558957516690
400.000000000000 0.559036974260
401.000000000000 0.559275346969
402.000000000000 0.566135183816
403.000000000000 0.566876787799
404.000000000000 0.567300561504
405.000000000000 0.568439453336
406.000000000000 0.568571882619
407.000000000000 0.568624854332
408.000000000000 0.568889712898
409.000000000000 0.569048628037
410.000000000000 0.569154571463
412.000000000000 0.569578345168
413.000000000000 0.569816717877
414.000000000000 0.569922661303
415.000000000000 0.570134548155
416.000000000000 0.570478864290
417.000000000000 0.570531836003
418.000000000000 0.570584807716
419.000000000000 0.570717236999
420.000000000000 0.571008581421
421.000000000000 0.571035067278
422.000000000000 0.571246954130
423.000000000000 0.571352897556
424.000000000000 0.571617756122
425.000000000000 0.571670727835
426.000000000000 0.571909100544
427.000000000000 0.572015043970
428.000000000000 0.572332874249
429.000000000000 0.572385845962
430.000000000000 0.573312850941
431.000000000000 0.573710138789
432.000000000000 0.574822544764
433.000000000000 0.574928488190
434.000000000000 0.575749549743
435.000000000000 0.575829007313
436.000000000000 0.576491153727
438.000000000000 0.576808984006
439.000000000000 0.576967899145
440.000000000000 0.577365186993
441.000000000000 0.577497616276
442.000000000000 0.577656531415
443.000000000000 0.577762474841
444.000000000000 0.577788960698
445.000000000000 0.578000847550
446.000000000000 0.584013136987
447.000000000000 0.584092594557
448.000000000000 0.584330967266
449.000000000000 0.584383938979
450.000000000000 0.584913656110
451.000000000000 0.585814175233
452.000000000000 0.587059010491
453.000000000000 0.587138468061
454.000000000000 0.587906557901
455.000000000000 0.588197902323
456.000000000000 0.588568704315
458.000000000000 0.589283822442
459.000000000000 0.589389765868
460.000000000000 0.589575166864
462.000000000000 0.590687572839
463.000000000000 0.591031888974
464.000000000000 0.591614577818
465.000000000000 0.591852950527
466.000000000000 0.592144294949
467.000000000000 0.592170780806
468.000000000000 0.592647526224
469.000000000000 0.592700497937
470.000000000000 0.593336158494
471.000000000000 0.593389130207
472.000000000000 0.593706960486
473.000000000000 0.594395592756
474.000000000000 0.594633965465
475.000000000000 0.594792880604
476.000000000000 0.595057739170
477.000000000000 0.595110710883
478.000000000000 0.596276088571
480.000000000000 0.596646890563
481.000000000000 0.597706324825
482.000000000000 0.597732810682
483.000000000000 0.597812268252
484.000000000000 0.598209556100
485.000000000000 0.598792244944
486.000000000000 0.600593283190
487.000000000000 0.600699226616
488.000000000000 0.600778684186
489.000000000000 0.602924038567
490.000000000000 0.603135925419
491.000000000000 0.603241868845
492.000000000000 0.603321326415
493.000000000000 0.603347812272
494.000000000000 0.606579086771
495.000000000000 0.606632058484
496.000000000000 0.607029346332
497.000000000000 0.607744464459
498.000000000000 0.608035808881
499.000000000000 0.608088780594
500.000000000000 0.608989299717
501.000000000000 0.609307129996
502.000000000000 0.609492530992
503.000000000000 0.610949253102
504.000000000000 0.631952537348
505.000000000000 0.633038457467
506.000000000000 0.633462231172
508.000000000000 0.633806547307
509.000000000000 0.634415722008
510.000000000000 0.634548151291
511.000000000000 0.634601123004
512.000000000000 0.636402161250
513.000000000000 0.636719991529
514.000000000000 0.637196736947
515.000000000000 0.637249708660
516.000000000000 0.637567538939
517.000000000000 0.638044284357
518.000000000000 0.638229685353
519.000000000000 0.638335628779
520.000000000000 0.638388600492
521.000000000000 0.638441572205
522.000000000000 0.638494543918
523.000000000000 0.638547515631
524.000000000000 0.638865345910
525.000000000000 0.638918317623
526.000000000000 0.639156690332
527.000000000000 0.639262633758
528.000000000000 0.639395063041
530.000000000000 0.639606949893
532.000000000000 0.639686407463
533.000000000000 0.640904756864
534.000000000000 0.642440936544
535.000000000000 0.642467422401
536.000000000000 0.642520394114
537.000000000000 0.642679309253
538.000000000000 0.642758766823
540.000000000000 0.643103082958
541.000000000000 0.643129568815
542.000000000000 0.643182540528
543.000000000000 0.643209026385
544.000000000000 0.649804004667
545.000000000000 0.649883462237
546.000000000000 0.650121834946
547.000000000000 0.650439665225
548.000000000000 0.650757495504
549.000000000000 0.650783981361
550.000000000000 0.650889924787
551.000000000000 0.650942896500
552.000000000000 0.651313698492
553.000000000000 0.651472613631
554.000000000000 0.651949359049
556.000000000000 0.652690963032
557.000000000000 0.652849878171
558.000000000000 0.653167708450
560.000000000000 0.653644453868
561.000000000000 0.653803369007
562.000000000000 0.653962284146
564.000000000000 0.656319525379
565.000000000000 0.656346011236
566.000000000000 0.658094077768
568.000000000000 0.659444856452
569.000000000000 0.659550799878
570.000000000000 0.661086979558
571.000000000000 0.661139951271
572.000000000000 0.661855069398
574.000000000000 0.663762051070
575.000000000000 0.664026909636
576.000000000000 0.664794999476
577.000000000000 0.664847971189
578.000000000000 0.665748490312
579.000000000000 0.665907405451
580.000000000000 0.666145778160
582.000000000000 0.666225235730
583.000000000000 0.666437122582
584.000000000000 0.666569551865
585.000000000000 0.666622523578
586.000000000000 0.667496556844
587.000000000000 0.667549528557
589.000000000000 0.667681957840
590.000000000000 0.667708443697
591.000000000000 0.667734929554
592.000000000000 0.667787901267
593.000000000000 0.667867358837
594.000000000000 0.667893844694
596.000000000000 0.668185189116
597.000000000000 0.669509481944
599.000000000000 0.669535967801
600.000000000000 0.669641911227
601.000000000000 0.669721368797
602.000000000000 0.669774340510
603.000000000000 0.669827312223
604.000000000000 0.670092170789
606.000000000000 0.670198114215
607.000000000000 0.670251085928
609.000000000000 0.670277571785
610.000000000000 0.670304057642
612.000000000000 0.670357029355
613.000000000000 0.670383515212
614.000000000000 0.670436486925
615.000000000000 0.670489458638
616.000000000000 0.670542430351
617.000000000000 0.671284034334
618.000000000000 0.671389977760
619.000000000000 0.672078610030
620.000000000000 0.672740756444
622.000000000000 0.672846699870
623.000000000000 0.673058586722
625.000000000000 0.673138044292
626.000000000000 0.673217501862
627.000000000000 0.673296959432
630.000000000000 0.673482360428
632.000000000000 0.673535332141
634.000000000000 0.673588303854
635.000000000000 0.673641275567
636.000000000000 0.673800190706
637.000000000000 0.673932619989
638.000000000000 0.676978493493
640.000000000000 0.677269837915
642.000000000000 0.677455238911
644.000000000000 0.677481724768
645.000000000000 0.677508210625
646.000000000000 0.677640639908
647.000000000000 0.677720097478
648.000000000000 0.677746583335
649.000000000000 0.677799555048
650.000000000000 0.678011441900
652.000000000000 0.678170357039
653.000000000000 0.678302786322
654.000000000000 0.678355758035
655.000000000000 0.678382243892
656.000000000000 0.678673588314
658.000000000000 0.678885475166
660.000000000000 0.678991418592
661.000000000000 0.679044390305
662.000000000000 0.679097362018
663.000000000000 0.679203305444
666.000000000000 0.679362220583
667.000000000000 0.679441678153
668.000000000000 0.679468164010
669.000000000000 0.679547621580
670.000000000000 0.679600593293
672.000000000000 0.679706536719
673.000000000000 0.679733022576
674.000000000000 0.679865451859
676.000000000000 0.679891937716
677.000000000000 0.679944909429
678.000000000000 0.679997881142
679.000000000000 0.681163258830
680.000000000000 0.681189744687
681.000000000000 0.681825405244
682.000000000000 0.681984320383
683.000000000000 0.682037292096
684.000000000000 0.682116749666
685.000000000000 0.682169721379
686.000000000000 0.682196207236
687.000000000000 0.682249178949
688.000000000000 0.682302150662
689.000000000000 0.682408094088
691.000000000000 0.682514037514
692.000000000000 0.683017268788
693.000000000000 0.683149698071
694.000000000000 0.683308613210
696.000000000000 0.683388070780
698.000000000000 0.683838330341
700.000000000000 0.684209132333
702.000000000000 0.684368047472
703.000000000000 0.684500476755
704.000000000000 0.684606420181
705.000000000000 0.684712363607
706.000000000000 0.684791821177
709.000000000000 0.684818307034
710.000000000000 0.684871278747
711.000000000000 0.684924250460
712.000000000000 0.685003708030
713.000000000000 0.685056679743
714.000000000000 0.685109651456
715.000000000000 0.685162623169
716.000000000000 0.685215594882
718.000000000000 0.685295052452
719.000000000000 0.685400995878
721.000000000000 0.686804746275
726.000000000000 0.686857717988
727.000000000000 0.686910689701
728.000000000000 0.687202034123
729.000000000000 0.687255005836
730.000000000000 0.687387435119
731.000000000000 0.687440406832
732.000000000000 0.687493378545
733.000000000000 0.687572836115
735.000000000000 0.687625807828
736.000000000000 0.687652293685
737.000000000000 0.688023095677
738.000000000000 0.688155524960
739.000000000000 0.688208496673
740.000000000000 0.688261468386
741.000000000000 0.688287954243
742.000000000000 0.688340925956
743.000000000000 0.688393897669
744.000000000000 0.688658756235
747.000000000000 0.688711727948
748.000000000000 0.688897128944
749.000000000000 0.688923614801
750.000000000000 0.688950100658
753.000000000000 0.688976586515
754.000000000000 0.689161987511
755.000000000000 0.689267930937
758.000000000000 0.689320902650
759.000000000000 0.689347388507
761.000000000000 0.689426846077
762.000000000000 0.689506303647
766.000000000000 0.689665218786
767.000000000000 0.689956563208
768.000000000000 0.690009534921
769.000000000000 0.690115478347
771.000000000000 0.690141964204
772.000000000000 0.690645195478
774.000000000000 0.690751138904
775.000000000000 0.690777624761
776.000000000000 0.690804110618
777.000000000000 0.690857082331
778.000000000000 0.690883568188
779.000000000000 0.690936539901
780.000000000000 0.690963025758
782.000000000000 0.691095455041
784.000000000000 0.691174912611
786.000000000000 0.691227884324
787.000000000000 0.691254370181
793.000000000000 0.691651658029
794.000000000000 0.691704629742
796.000000000000 0.692181375160
797.000000000000 0.692287318586
798.000000000000 0.692525691295
800.000000000000 0.692631634721
801.000000000000 0.692711092291
802.000000000000 0.692790549861
803.000000000000 0.692896493287
804.000000000000 0.692975950857
805.000000000000 0.693028922570
808.000000000000 0.693081894283
810.000000000000 0.693161351853
811.000000000000 0.693214323566
813.000000000000 0.693267295279
815.000000000000 0.693320266992
816.000000000000 0.693373238705
819.000000000000 0.693505667988
820.000000000000 0.693638097271
821.000000000000 0.693664583128
822.000000000000 0.693717554841
825.000000000000 0.693876469980
826.000000000000 0.693955927550
828.000000000000 0.694035385120
832.000000000000 0.694088356833
833.000000000000 0.694114842690
836.000000000000 0.694220786116
838.000000000000 0.694618073964
840.000000000000 0.695041847669
842.000000000000 0.695386163804
843.000000000000 0.695439135517
844.000000000000 0.695465621374
845.000000000000 0.695598050657
846.000000000000 0.695783451653
848.000000000000 0.695889395079
850.000000000000 0.695942366792
851.000000000000 0.696021824362
853.000000000000 0.696048310219
854.000000000000 0.696101281932
856.000000000000 0.696127767789
857.000000000000 0.696207225359
860.000000000000 0.696233711216
862.000000000000 0.696260197073
863.000000000000 0.696551541495
865.000000000000 0.696604513208
874.000000000000 0.696657484921
875.000000000000 0.696710456634
878.000000000000 0.696736942491
880.000000000000 0.696816400061
881.000000000000 0.696895857631
882.000000000000 0.696948829344
888.000000000000 0.696975315201
890.000000000000 0.697028286914
892.000000000000 0.697346117193
894.000000000000 0.698034749463
897.000000000000 0.698061235320
899.000000000000 0.698167178746
900.000000000000 0.698193664603
901.000000000000 0.698246636316
902.000000000000 0.698326093886
903.000000000000 0.698379065599
908.000000000000 0.698458523169
910.000000000000 0.698590952452
912.000000000000 0.698617438309
915.000000000000 0.698643924166
916.000000000000 0.698696895879
918.000000000000 0.698855811018
919.000000000000 0.698908782731
921.000000000000 0.699279584723
923.000000000000 0.699359042293
924.000000000000 0.699412014006
926.000000000000 0.699544443289
934.000000000000 0.699570929146
937.000000000000 0.699650386716
940.000000000000 0.699729844286
943.000000000000 0.699835787712
948.000000000000 0.700021188708
950.000000000000 0.700074160421
951.000000000000 0.700312533130
953.000000000000 0.700418476556
956.000000000000 0.700471448269
958.000000000000 0.700524419982
960.000000000000 0.700762792691
961.000000000000 0.700842250261
962.000000000000 0.700868736118
965.000000000000 0.700895221975
970.000000000000 0.700948193688
971.000000000000 0.701027651258
972.000000000000 0.701080622971
974.000000000000 0.701186566397
976.000000000000 0.701213052254
978.000000000000 0.701266023967
982.000000000000 0.701318995680
983.000000000000 0.701477910819
985.000000000000 0.701504396676
987.000000000000 0.701530882533
988.000000000000 0.701822226955
997.000000000000 0.701875198668
999.000000000000 0.701928170381
1002.000000000000 0.701981142094
1004.000000000000 0.702034113807
1006.000000000000 0.702166543090
1008.000000000000 0.702749231934
1009.000000000000 0.702881661217
1011.000000000000 0.703225977352
1017.000000000000 0.703278949065
1018.000000000000 0.703305434922
1019.000000000000 0.703384892492
1020.000000000000 0.703411378349
1022.000000000000 0.703517321775
1024.000000000000 0.703543807632
1027.000000000000 0.703914609624
1028.000000000000 0.703967581337
1030.000000000000 0.704073524763
1031.000000000000 0.704100010620
1033.000000000000 0.704126496477
1036.000000000000 0.704152982334
1037.000000000000 0.704205954047
1039.000000000000 0.704232439904
1041.000000000000 0.704311897474
1042.000000000000 0.704364869187
1043.000000000000 0.704682699466
1048.000000000000 0.704735671179
1051.000000000000 0.704974043888
1052.000000000000 0.705027015601
1055.000000000000 0.705053501458
1057.000000000000 0.705079987315
1058.000000000000 0.705106473172
1059.000000000000 0.705159444885
1064.000000000000 0.705291874168
1065.000000000000 0.705318360025
1066.000000000000 0.705371331738
1068.000000000000 0.705530246877
1070.000000000000 0.705583218590
1071.000000000000 0.705609704447
1072.000000000000 0.705636190304
1074.000000000000 0.705715647874
1076.000000000000 0.706086449866
1078.000000000000 0.706192393292
1082.000000000000 0.706245365005
1084.000000000000 0.706324822575
1087.000000000000 0.706536709427
1088.000000000000 0.706589681140
1089.000000000000 0.706616166997
1091.000000000000 0.706695624567
1097.000000000000 0.706801567993
1099.000000000000 0.707145884128
1103.000000000000 0.707198855841
1104.000000000000 0.707278313411
1105.000000000000 0.707410742694
1106.000000000000 0.707463714407
1107.000000000000 0.707490200264
1110.000000000000 0.707622629547
1111.000000000000 0.707993431539
1117.000000000000 0.708152346678
1119.000000000000 0.708231804248
1123.000000000000 0.709317724367
1124.000000000000 0.709450153650
1125.000000000000 0.709503125363
1128.000000000000 0.709556097076
1129.000000000000 0.709609068789
1132.000000000000 0.709635554646
1134.000000000000 0.711065790900
1136.000000000000 0.711251191896
1140.000000000000 0.711304163609
1141.000000000000 0.711410107035
1143.000000000000 0.711569022174
1144.000000000000 0.711621993887
1148.000000000000 0.711674965600
1150.000000000000 0.713052230141
1152.000000000000 0.713264116993
1156.000000000000 0.713317088706
1157.000000000000 0.713370060419
1158.000000000000 0.713396546276
1159.000000000000 0.713608433128
1161.000000000000 0.713634918985
1163.000000000000 0.713687890698
1165.000000000000 0.713714376555
1166.000000000000 0.713740862412
1167.000000000000 0.713979235121
1168.000000000000 0.714032206834
1169.000000000000 0.715568386514
1171.000000000000 0.715674329940
1172.000000000000 0.715727301653
1174.000000000000 0.715753787510
1176.000000000000 0.715780273367
1177.000000000000 0.715806759224
1178.000000000000 0.715833245081
1182.000000000000 0.715886216794
1183.000000000000 0.715912702651
1185.000000000000 0.715992160221
1186.000000000000 0.716071617791
1189.000000000000 0.716124589504
1193.000000000000 0.716177561217
1194.000000000000 0.716415933926
1200.000000000000 0.716521877352
1202.000000000000 0.716574849065
1203.000000000000 0.716601334922
1204.000000000000 0.716654306635
1205.000000000000 0.716680792492
1207.000000000000 0.716813221775
1209.000000000000 0.716866193488
1210.000000000000 0.717184023767
1211.000000000000 0.717263481337
1215.000000000000 0.717289967194
1216.000000000000 0.717369424764
1220.000000000000 0.717501854047
1225.000000000000 0.717581311617
1229.000000000000 0.717607797474
1231.000000000000 0.717634283331
1232.000000000000 0.717660769188
1233.000000000000 0.717766712614
1234.000000000000 0.717872656040
1235.000000000000 0.717899141897
1236.000000000000 0.717925627754
1239.000000000000 0.717952113611
1240.000000000000 0.718058057037
1241.000000000000 0.718190486320
1242.000000000000 0.718216972177
1243.000000000000 0.718481830743
1244.000000000000 0.718693717595
1246.000000000000 0.718773175165
1247.000000000000 0.718799661022
1249.000000000000 0.719408835723
1250.000000000000 0.719514779149
1251.000000000000 0.719620722575
1252.000000000000 0.719779637714
1253.000000000000 0.719912066997
1254.000000000000 0.720759614407
1255.000000000000 0.720865557833
1257.000000000000 0.720997987116
1259.000000000000 0.721156902255
1260.000000000000 0.721633647673
1263.000000000000 0.721713105243
1264.000000000000 0.721766076956
1266.000000000000 0.722269308230
1267.000000000000 0.722295794087
1269.000000000000 0.722957940501
1271.000000000000 0.723037398071
1272.000000000000 0.723620086915
1273.000000000000 0.723646572772
1274.000000000000 0.723673058629
1275.000000000000 0.723990888908
1276.000000000000 0.724176289904
1283.000000000000 0.724229261617
1284.000000000000 0.724706007035
1286.000000000000 0.724970865601
1290.000000000000 0.724997351458
1292.000000000000 0.725076809028
1294.000000000000 0.725103294885
1296.000000000000 0.725209238311
1298.000000000000 0.728599427950
1302.000000000000 0.728625913807
1303.000000000000 0.728678885520
1306.000000000000 0.728731857233
1308.000000000000 0.729288060221
1311.000000000000 0.729314546078
1313.000000000000 0.730082635918
1314.000000000000 0.730162093488
1315.000000000000 0.730188579345
1316.000000000000 0.731645301455
1317.000000000000 0.732042589303
1318.000000000000 0.732095561016
1320.000000000000 0.732519334721
1321.000000000000 0.733790655836
1323.000000000000 0.733817141693
1324.000000000000 0.734797118385
1326.000000000000 0.734823604242
1329.000000000000 0.735300349660
1330.000000000000 0.735512236512
1331.000000000000 0.735565208225
1332.000000000000 0.736598156631
1333.000000000000 0.736624642488
1334.000000000000 0.736810043484
1335.000000000000 0.736915986910
1336.000000000000 0.736995444480
1337.000000000000 0.737207331332
1338.000000000000 0.737260303045
1339.000000000000 0.737286788902
1341.000000000000 0.737339760615
1342.000000000000 0.737551647467
1345.000000000000 0.738054878741
1346.000000000000 0.738081364598
1348.000000000000 0.738743511012
1349.000000000000 0.738928912008
1352.000000000000 0.738981883721
1353.000000000000 0.739087827147
1354.000000000000 0.739114313004
1355.000000000000 0.739140798861
1358.000000000000 0.739299714000
1363.000000000000 0.739326199857
1364.000000000000 0.739379171570
1365.000000000000 0.739432143283
1366.000000000000 0.739538086709
1369.000000000000 0.739670515992
1370.000000000000 0.740147261410
1374.000000000000 0.740200233123
1379.000000000000 0.740279690693
1380.000000000000 0.741603983521
1382.000000000000 0.741630469378
1383.000000000000 0.741656955235
1385.000000000000 0.741736412805
1386.000000000000 0.741815870375
1388.000000000000 0.741842356232
1389.000000000000 0.741868842089
1390.000000000000 0.741974785515
1391.000000000000 0.742530988503
1393.000000000000 0.742636931929
1394.000000000000 0.742663417786
1395.000000000000 0.742716389499
1396.000000000000 0.742742875356
1397.000000000000 0.743749337905
1398.000000000000 0.743855281331
1399.000000000000 0.744226083323
1405.000000000000 0.744437970175
1406.000000000000 0.744702828741
1407.000000000000 0.744755800454
1408.000000000000 0.744941201450
1410.000000000000 0.744994173163
1411.000000000000 0.745126602446
1412.000000000000 0.745179574159
1414.000000000000 0.745312003442
1415.000000000000 0.745338489299
1419.000000000000 0.745470918582
1420.000000000000 0.745497404439
1421.000000000000 0.745576862009
1423.000000000000 0.745603347866
1424.000000000000 0.745656319579
1426.000000000000 0.745974149858
1427.000000000000 0.746186036710
1430.000000000000 0.746212522567
1432.000000000000 0.746265494280
1433.000000000000 0.746371437706
1434.000000000000 0.746503866989
1435.000000000000 0.746583324559
1436.000000000000 0.746609810416
1437.000000000000 0.746636296273
1438.000000000000 0.746662782130
1440.000000000000 0.746715753843
1442.000000000000 0.748516792089
1443.000000000000 0.748596249659
1444.000000000000 0.748755164798
1445.000000000000 0.749655683921
1446.000000000000 0.754237737105
1447.000000000000 0.754264222962
1448.000000000000 0.754370166388
1449.000000000000 0.754396652245
1450.000000000000 0.754423138102
1451.000000000000 0.754635024954
1452.000000000000 0.754767454237
1453.000000000000 0.755085284516
1454.000000000000 0.755376628938
1455.000000000000 0.758475474155
1456.000000000000 0.758501960012
1457.000000000000 0.760567856823
1458.000000000000 0.760594342680
1459.000000000000 0.762236465786
1460.000000000000 0.762262951643
1461.000000000000 0.763746159610
1463.000000000000 0.765255853433
1464.000000000000 0.765785570564
1465.000000000000 0.767268778531
1466.000000000000 0.767374721957
1467.000000000000 0.767772009805
1468.000000000000 0.767824981518
1469.000000000000 0.767983896657
1470.000000000000 0.769573048050
1471.000000000000 0.769652505620
1473.000000000000 0.769758449046
1474.000000000000 0.769784934903
1475.000000000000 0.771268142870
1476.000000000000 0.771321114583
1477.000000000000 0.771480029722
1479.000000000000 0.771506515579
1481.000000000000 0.771533001436
1483.000000000000 0.771585973149
1484.000000000000 0.771665430719
1485.000000000000 0.771691916576
1486.000000000000 0.771930289285
1487.000000000000 0.772248119564
1488.000000000000 0.772274605421
1489.000000000000 0.772327577134
1491.000000000000 0.773281067970
1492.000000000000 0.773519440679
1494.000000000000 0.775214535498
1495.000000000000 0.801541476911
1496.000000000000 0.801567962768
1497.000000000000 0.801673906194
1498.000000000000 0.801726877907
1500.000000000000 0.801779849620
1502.000000000000 0.801832821333
1504.000000000000 0.801885793046
1506.000000000000 0.802309566751
1507.000000000000 0.802336052608
1508.000000000000 0.802521453604
1509.000000000000 0.802574425317
1510.000000000000 0.802627397030
1511.000000000000 0.802759826313
1512.000000000000 0.802971713165
1513.000000000000 0.802998199022
1514.000000000000 0.803845746432
1516.000000000000 0.804163576711
1517.000000000000 0.804269520137
1518.000000000000 0.804375463563
1519.000000000000 0.804481406989
1520.000000000000 0.804666807985
1521.000000000000 0.804931666551
1522.000000000000 0.805011124121
1523.000000000000 0.805117067547
1524.000000000000 0.805275982686
1525.000000000000 0.805461383682
1526.000000000000 0.805885157387
1528.000000000000 0.806017586670
1529.000000000000 0.806044072527
1531.000000000000 0.806070558384
1533.000000000000 0.806150015954
1534.000000000000 0.806335416950
1535.000000000000 0.806997563364
1536.000000000000 0.807077020934
1537.000000000000 0.807182964360
1538.000000000000 0.807394851212
1539.000000000000 0.807686195634
1540.000000000000 0.807792139060
1546.000000000000 0.807845110773
1547.000000000000 0.807977540056
1548.000000000000 0.808030511769
1549.000000000000 0.808083483482
1550.000000000000 0.808162941052
1552.000000000000 0.808189426909
1554.000000000000 0.808427799618
1557.000000000000 0.808480771331
1558.000000000000 0.808931030892
1559.000000000000 0.808957516749
1561.000000000000 0.809116431888
1562.000000000000 0.809169403601
1563.000000000000 0.809275347027
1565.000000000000 0.809354804597
1566.000000000000 0.809407776310
1567.000000000000 0.810281809576
1570.000000000000 0.811049899416
1571.000000000000 0.811129356986
1573.000000000000 0.811155842843
1577.000000000000 0.811235300413
1578.000000000000 0.811288272126
1582.000000000000 0.811367729696
1583.000000000000 0.811420701409
1587.000000000000 0.811844475114
1588.000000000000 0.811870960971
1589.000000000000 0.811923932684
1590.000000000000 0.811976904397
1592.000000000000 0.812029876110
1593.000000000000 0.812056361967
1594.000000000000 0.812109333680
1595.000000000000 0.812135819537
1596.000000000000 0.812241762963
1597.000000000000 0.812268248820
1598.000000000000 0.812506621529
1601.000000000000 0.812718508381
1604.000000000000 0.812903909377
1605.000000000000 0.813009852803
1606.000000000000 0.813062824516
1607.000000000000 0.813115796229
1608.000000000000 0.813539569934
1611.000000000000 0.813566055791
1612.000000000000 0.813592541648
1613.000000000000 0.813698485074
1614.000000000000 0.813751456787
1615.000000000000 0.813830914357
1616.000000000000 0.813857400214
1617.000000000000 0.813883886071
1618.000000000000 0.813910371928
1621.000000000000 0.813963343641
1622.000000000000 0.814016315354
1623.000000000000 0.814095772924
1625.000000000000 0.814122258781
1627.000000000000 0.814201716351
1628.000000000000 0.814307659777
1629.000000000000 0.814334145634
1630.000000000000 0.814387117347
1631.000000000000 0.814466574917
1632.000000000000 0.814572518343
1633.000000000000 0.814599004200
1635.000000000000 0.814943320335
1636.000000000000 0.814969806192
1637.000000000000 0.815049263762
1638.000000000000 0.815075749619
1642.000000000000 0.815128721332
1643.000000000000 0.815314122328
1645.000000000000 0.815340608185
1648.000000000000 0.816558957586
1651.000000000000 0.818227566549
1652.000000000000 0.818677826110
1654.000000000000 0.818730797823
1658.000000000000 0.818783769536
1659.000000000000 0.819048628102
1660.000000000000 0.819154571528
1662.000000000000 0.819260514954
1663.000000000000 0.819313486667
1664.000000000000 0.819975633081
1667.000000000000 0.820637779495
1668.000000000000 0.820717237065
1678.000000000000 0.820770208778
1679.000000000000 0.820902638061
1680.000000000000 0.821591270331
1682.000000000000 0.821644242044
1683.000000000000 0.822412331884
1686.000000000000 0.822491789454
1687.000000000000 0.822571247024
1689.000000000000 0.822677190450
1690.000000000000 0.822862591446
1694.000000000000 0.822995020729
1697.000000000000 0.823577709573
1699.000000000000 0.823657167143
1700.000000000000 0.823683653000
1701.000000000000 0.823736624713
1704.000000000000 0.823974997422
1705.000000000000 0.824027969135
1706.000000000000 0.824107426705
1708.000000000000 0.824769573119
1711.000000000000 0.825961436664
1713.000000000000 0.826014408377
1714.000000000000 0.826067380090
1715.000000000000 0.826120351803
1716.000000000000 0.826252781086
1719.000000000000 0.826385210369
1720.000000000000 0.826464667939
1722.000000000000 0.826888441644
1724.000000000000 0.826914927501
1726.000000000000 0.826941413358
1727.000000000000 0.826994385071
1728.000000000000 0.827073842641
1730.000000000000 0.827232757780
1736.000000000000 0.827285729493
1738.000000000000 0.827338701206
1739.000000000000 0.829563513156
1740.000000000000 0.829695942439
1741.000000000000 0.829722428296
1742.000000000000 0.829801885866
1746.000000000000 0.829854857579
1747.000000000000 0.830517003993
1748.000000000000 0.830649433276
1749.000000000000 0.830728890846
1750.000000000000 0.831020235268
1761.000000000000 0.831073206981
1763.000000000000 0.831099692838
1764.000000000000 0.831126178695
1765.000000000000 0.831152664552
1766.000000000000 0.831179150409
1768.000000000000 0.831205636266
1772.000000000000 0.831338065549
1774.000000000000 0.831391037262
1776.000000000000 0.831444008975
1780.000000000000 0.831523466545
1781.000000000000 0.831867782680
1782.000000000000 0.832026697819
1783.000000000000 0.832053183676
1784.000000000000 0.832106155389
1785.000000000000 0.832185612959
1788.000000000000 0.832265070529
1791.000000000000 0.832318042242
1792.000000000000 0.832423985668
1793.000000000000 0.832635872520
1794.000000000000 0.832688844233
1796.000000000000 0.833271533077
1797.000000000000 0.833324504790
1798.000000000000 0.833377476503
1801.000000000000 0.833430448216
1802.000000000000 0.833483419929
1803.000000000000 0.833536391642
1804.000000000000 0.833695306781
1806.000000000000 0.833721792638
1807.000000000000 0.833801250208
1808.000000000000 0.833880707778
1809.000000000000 0.834119080487
1811.000000000000 0.834304481483
1813.000000000000 0.834357453196
1814.000000000000 0.834410424909
1820.000000000000 0.834436910766
1822.000000000000 0.834463396623
1826.000000000000 0.834516368336
1832.000000000000 0.834675283475
1835.000000000000 0.834701769332
1836.000000000000 0.834728255189
1839.000000000000 0.834754741046
1842.000000000000 0.834781226903
1844.000000000000 0.834807712760
1845.000000000000 0.834860684473
1846.000000000000 0.834966627899
1851.000000000000 0.834993113756
1857.000000000000 0.835046085469
1859.000000000000 0.835099057182
1864.000000000000 0.835337429891
1865.000000000000 0.835416887461
1866.000000000000 0.835443373318
1868.000000000000 0.835496345031
1869.000000000000 0.835522830888
1870.000000000000 0.835602288458
1872.000000000000 0.835655260171
1873.000000000000 0.835681746028
1874.000000000000 0.835708231885
1875.000000000000 0.835973090451
1876.000000000000 0.835999576308
1877.000000000000 0.836052548021
1886.000000000000 0.836105519734
1888.000000000000 0.836158491447
1889.000000000000 0.836343892443
1891.000000000000 0.836396864156
1892.000000000000 0.836423350013
1897.000000000000 0.836502807583
1898.000000000000 0.836608751009
1899.000000000000 0.836635236866
1902.000000000000 0.836661722723
1903.000000000000 0.836688208580
1905.000000000000 0.836741180293
1906.000000000000 0.836873609576
1907.000000000000 0.836926581289
1909.000000000000 0.837032524715
1910.000000000000 0.837164953998
1911.000000000000 0.837270897424
1912.000000000000 0.837323869137
1919.000000000000 0.837456298420
1923.000000000000 0.837562241846
1924.000000000000 0.837615213559
1926.000000000000 0.837721156985
1928.000000000000 0.837774128698
1929.000000000000 0.837827100411
1932.000000000000 0.838197902403
1934.000000000000 0.838224388260
1942.000000000000 0.838250874117
1944.000000000000 0.838277359974
1945.000000000000 0.838303845831
1948.000000000000 0.838462760970
1949.000000000000 0.838515732683
1951.000000000000 0.838595190253
1957.000000000000 0.838674647823
1960.000000000000 0.838780591249
1963.000000000000 0.838807077106
1970.000000000000 0.838833562963
1971.000000000000 0.838886534676
1972.000000000000 0.839734082086
1973.000000000000 0.839813539656
1974.000000000000 0.839972454795
1978.000000000000 0.840687572922
1981.000000000000 0.840740544635
1986.000000000000 0.840820002205
1987.000000000000 0.840846488062
1992.000000000000 0.840978917345
1993.000000000000 0.841005403202
1998.000000000000 0.841111346628
1999.000000000000 0.841137832485
2002.000000000000 0.841164318342
2003.000000000000 0.841217290055
2004.000000000000 0.841270261768
2011.000000000000 0.841296747625
2012.000000000000 0.841349719338
2014.000000000000 0.841376205195
2015.000000000000 0.841429176908
2016.000000000000 0.841455662765
2019.000000000000 0.841535120335
2020.000000000000 0.841614577905
2022.000000000000 0.841641063762
2023.000000000000 0.841667549619
2028.000000000000 0.841694035476
2030.000000000000 0.841773493046
2033.000000000000 0.841799978903
2040.000000000000 0.841852950616
2046.000000000000 0.841879436473
2047.000000000000 0.841958894043
2048.000000000000 0.846435003800
2051.000000000000 0.846461489657
2054.000000000000 0.846514461370
2061.000000000000 0.846567433083
2063.000000000000 0.846620404796
2064.000000000000 0.846673376509
2067.000000000000 0.846699862366
2071.000000000000 0.846752834079
2074.000000000000 0.846832291649
2076.000000000000 0.846858777506
2082.000000000000 0.846911749219
2085.000000000000 0.847123636071
2086.000000000000 0.847203093641
2087.000000000000 0.847229579498
2092.000000000000 0.847256065355
2093.000000000000 0.847282551212
2098.000000000000 0.847388494638
2099.000000000000 0.847414980495
2102.000000000000 0.847494438065
2107.000000000000 0.847573895635
2108.000000000000 0.847653353205
2114.000000000000 0.847679839062
2115.000000000000 0.847759296632
2121.000000000000 0.848077126911
2128.000000000000 0.848156584481
2129.000000000000 0.848183070338
2133.000000000000 0.848236042051
2138.000000000000 0.848447928903
2142.000000000000 0.848474414760
2143.000000000000 0.848739273326
2144.000000000000 0.848765759183
2152.000000000000 0.848818730896
2155.000000000000 0.848924674322
2158.000000000000 0.848977646035
2159.000000000000 0.849163047031
2164.000000000000 0.849533849023
2166.000000000000 0.849560334880
2167.000000000000 0.849586820737
2168.000000000000 0.849692764163
2173.000000000000 0.849745735876
2180.000000000000 0.850964085277
2181.000000000000 0.850990571134
2182.000000000000 0.852235406392
2185.000000000000 0.852341349818
2186.000000000000 0.852367835675
2189.000000000000 0.852473779101
2193.000000000000 0.852500264958
2194.000000000000 0.852553236671
2196.000000000000 0.852924038663
2198.000000000000 0.852977010376
2199.000000000000 0.853029982089
2200.000000000000 0.853082953802
2210.000000000000 0.853188897228
2213.000000000000 0.853241868941
2214.000000000000 0.853268354798
2215.000000000000 0.853347812368
2223.000000000000 0.853427269938
2227.000000000000 0.853559699221
2229.000000000000 0.853665642647
2238.000000000000 0.853718614360
2239.000000000000 0.853771586073
2249.000000000000 0.853851043643
2250.000000000000 0.853904015356
2257.000000000000 0.854089416352
2258.000000000000 0.854274817348
2262.000000000000 0.854327789061
2264.000000000000 0.854380760774
2266.000000000000 0.854619133483
2267.000000000000 0.854672105196
2268.000000000000 0.854831020335
2270.000000000000 0.854910477905
2271.000000000000 0.855016421331
2282.000000000000 0.855122364757
2284.000000000000 0.855148850614
2292.000000000000 0.855201822327
2295.000000000000 0.855307765753
2302.000000000000 0.855334251610
2304.000000000000 0.855360737467
2314.000000000000 0.855440195037
2322.000000000000 0.855466680894
2323.000000000000 0.855546138464
2332.000000000000 0.855572624321
2333.000000000000 0.855625596034
2334.000000000000 0.855731539460
2338.000000000000 0.856102341452
2341.000000000000 0.856155313165
2347.000000000000 0.856208284878
2351.000000000000 0.856234770735
2354.000000000000 0.856287742448
2355.000000000000 0.856393685874
2358.000000000000 0.856473143444
2359.000000000000 0.856738002010
2362.000000000000 0.856817459580
2364.000000000000 0.856870431293
2365.000000000000 0.856923403006
2366.000000000000 0.857029346432
2369.000000000000 0.857055832289
2371.000000000000 0.857082318146
2395.000000000000 0.857135289859
2398.000000000000 0.857214747429
2402.000000000000 0.857267719142
2411.000000000000 0.857532577708
2413.000000000000 0.857612035278
2414.000000000000 0.857638521135
2423.000000000000 0.857717978705
2425.000000000000 0.857770950418
2429.000000000000 0.857876893844
2438.000000000000 0.857956351414
2439.000000000000 0.858115266553
2440.000000000000 0.858141752410
2441.000000000000 0.858194724123
2442.000000000000 0.858221209980
2444.000000000000 0.858274181693
2445.000000000000 0.858353639263
2448.000000000000 0.858406610976
2449.000000000000 0.858486068546
2451.000000000000 0.858539040259
2452.000000000000 0.858592011972
2453.000000000000 0.858724441255
2455.000000000000 0.858777412968
2457.000000000000 0.858830384681
2463.000000000000 0.858856870538
2466.000000000000 0.858936328108
2473.000000000000 0.858989299821
2474.000000000000 0.859095243247
2478.000000000000 0.860578451214
2482.000000000000 0.860631422927
2494.000000000000 0.860657908784
2506.000000000000 0.860684394641
2508.000000000000 0.860763852211
2517.000000000000 0.860816823924
2518.000000000000 0.860949253207
2519.000000000000 0.860975739064
2521.000000000000 0.861081682490
2525.000000000000 0.861108168347
2528.000000000000 0.861240597630
2531.000000000000 0.861267083487
2533.000000000000 0.861346541057
2537.000000000000 0.861373026914
2538.000000000000 0.861399512771
2540.000000000000 0.861425998628
2541.000000000000 0.861505456198
2549.000000000000 0.861531942055
2550.000000000000 0.861717343051
2553.000000000000 0.861743828908
2555.000000000000 0.861770314765
2558.000000000000 0.861849772335
2560.000000000000 0.861876258192
2562.000000000000 0.861902744049
2565.000000000000 0.861955715762
2566.000000000000 0.861982201619
2568.000000000000 0.862194088471
2569.000000000000 0.862220574328
2570.000000000000 0.862353003611
2574.000000000000 0.862432461181
2575.000000000000 0.862485432894
2587.000000000000 0.862564890464
2592.000000000000 0.862697319747
2603.000000000000 0.862776777317
2605.000000000000 0.862803263174
2612.000000000000 0.862829749031
2617.000000000000 0.863015150027
2620.000000000000 0.863041635884
2624.000000000000 0.863094607597
2630.000000000000 0.863121093454
2632.000000000000 0.863147579311
2633.000000000000 0.863174065168
2640.000000000000 0.863227036881
2649.000000000000 0.863280008594
2651.000000000000 0.863332980307
2655.000000000000 0.863385952020
2660.000000000000 0.863438923733
2665.000000000000 0.863465409590
2666.000000000000 0.863491895447
2671.000000000000 0.863518381304
2672.000000000000 0.863624324730
2679.000000000000 0.863703782300
2680.000000000000 0.863968640866
2682.000000000000 0.864021612579
2685.000000000000 0.864127556005
2686.000000000000 0.864233499431
2690.000000000000 0.864259985288
2695.000000000000 0.864498357997
2696.000000000000 0.864577815567
2698.000000000000 0.864630787280
2705.000000000000 0.864710244850
2706.000000000000 0.864763216563
2716.000000000000 0.865107532698
2718.000000000000 0.865266447837
2720.000000000000 0.865292933694
2721.000000000000 0.865372391264
2727.000000000000 0.865425362977
2731.000000000000 0.865451848834
2735.000000000000 0.865478334691
2737.000000000000 0.866219938674
2739.000000000000 0.866246424531
2741.000000000000 0.867305858793
2742.000000000000 0.867332344650
2748.000000000000 0.867570717359
2750.000000000000 0.867676660785
2755.000000000000 0.867729632498
2757.000000000000 0.867756118355
2760.000000000000 0.867782604212
2761.000000000000 0.867809090069
2769.000000000000 0.867835575926
2780.000000000000 0.868047462778
2787.000000000000 0.868073948635
2797.000000000000 0.868100434492
2800.000000000000 0.868126920349
2803.000000000000 0.868153406206
2808.000000000000 0.868365293058
2811.000000000000 0.868391778915
2813.000000000000 0.868471236485
2823.000000000000 0.868497722342
2825.000000000000 0.868524208199
2829.000000000000 0.868709609195
2834.000000000000 0.868736095052
2839.000000000000 0.868762580909
2840.000000000000 0.868789066766
2844.000000000000 0.868815552623
2845.000000000000 0.869239326328
2846.000000000000 0.869265812185
2847.000000000000 0.869292298042
2853.000000000000 0.869345269755
2854.000000000000 0.869371755612
2856.000000000000 0.869398241469
2858.000000000000 0.869477699039
2867.000000000000 0.869530670752
2868.000000000000 0.869583642465
2870.000000000000 0.869689585891
2879.000000000000 0.869769043461
2881.000000000000 0.869795529318
2883.000000000000 0.869848501031
2887.000000000000 0.869901472744
2888.000000000000 0.870033902027
2911.000000000000 0.870457675732
2914.000000000000 0.870537133302
2918.000000000000 0.870590105015
2919.000000000000 0.870616590872
2929.000000000000 0.870643076729
2933.000000000000 0.870669562586
2938.000000000000 0.870696048443
2949.000000000000 0.870881449439
2951.000000000000 0.870907935296
2953.000000000000 0.871013878722
2962.000000000000 0.871040364579
2972.000000000000 0.871093336292
2976.000000000000 0.871119822149
2980.000000000000 0.871172793862
2986.000000000000 0.871225765575
2997.000000000000 0.871252251432
2999.000000000000 0.871278737289
3001.000000000000 0.871305223146
3004.000000000000 0.871331709003
3008.000000000000 0.871358194860
3009.000000000000 0.871490624143
3012.000000000000 0.871543595856
3016.000000000000 0.871570081713
3022.000000000000 0.871676025139
3026.000000000000 0.871808454422
3027.000000000000 0.871861426135
3034.000000000000 0.871887911992
3036.000000000000 0.871940883705
3040.000000000000 0.871967369562
3045.000000000000 0.872046827132
3046.000000000000 0.872126284702
3048.000000000000 0.872179256415
3057.000000000000 0.872205742272
3058.000000000000 0.872258713985
3066.000000000000 0.872338171555
3071.000000000000 0.872364657412
3072.000000000000 0.872603030121
3083.000000000000 0.873026803826
3095.000000000000 0.874139209801
3098.000000000000 0.874165695658
3130.000000000000 0.874192181515
3138.000000000000 0.874271639085
3148.000000000000 0.874483525937
3154.000000000000 0.874510011794
3161.000000000000 0.874589469364
3171.000000000000 0.875013243069
3174.000000000000 0.875119186495
3180.000000000000 0.875172158208
3181.000000000000 0.875198644065
3191.000000000000 0.875304587491
3195.000000000000 0.875410530917
3196.000000000000 0.875463502630
3201.000000000000 0.875489988487
3202.000000000000 0.875516474344
3204.000000000000 0.875569446057
3235.000000000000 0.875622417770
3248.000000000000 0.875834304622
3251.000000000000 0.875887276335
3254.000000000000 0.875913762192
3260.000000000000 0.875993219762
3262.000000000000 0.876046191475
3264.000000000000 0.876072677332
3265.000000000000 0.876125649045
3273.000000000000 0.876205106615
3280.000000000000 0.876681852033
3298.000000000000 0.876867253029
3302.000000000000 0.876920224742
3304.000000000000 0.877132111594
3318.000000000000 0.877582371155
3334.000000000000 0.877635342868
3342.000000000000 0.877661828725
3349.000000000000 0.877741286295
3366.000000000000 0.877767772152
3368.000000000000 0.877873715578
3369.000000000000 0.877979659004
3376.000000000000 0.878112088287
3382.000000000000 0.878138574144
3383.000000000000 0.878880178127
3388.000000000000 0.878906663984
3421.000000000000 0.878959635697
3422.000000000000 0.878986121554
3424.000000000000 0.879012607411
3436.000000000000 0.879118550837
3442.000000000000 0.879224494263
3444.000000000000 0.879250980120
3446.000000000000 0.879462866972
3448.000000000000 0.879489352829
3449.000000000000 0.879542324542
3470.000000000000 0.880177985099
3500.000000000000 0.880204470956
3508.000000000000 0.880230956813
3519.000000000000 0.880336900239
3522.000000000000 0.880363386096
3524.000000000000 0.880495815379
3538.000000000000 0.880813645658
3566.000000000000 0.880840131515
3570.000000000000 0.880866617372
3584.000000000000 0.880919589085
3592.000000000000 0.880946074942
3599.000000000000 0.881369848647
3607.000000000000 0.881396334504
3608.000000000000 0.881422820361
3611.000000000000 0.881449306218
3614.000000000000 0.881475792075
3615.000000000000 0.882243881915
3620.000000000000 0.882270367772
3631.000000000000 0.882376311198
3638.000000000000 0.882429282911
3640.000000000000 0.882455768768
3670.000000000000 0.882508740481
3686.000000000000 0.882535226338
3689.000000000000 0.882561712195
3693.000000000000 0.882694141478
3699.000000000000 0.882747113191
3713.000000000000 0.882853056617
3718.000000000000 0.882879542474
3725.000000000000 0.883197372753
3729.000000000000 0.883409259605
3735.000000000000 0.883435745462
3738.000000000000 0.883462231319
3744.000000000000 0.883488717176
3788.000000000000 0.883806547455
3806.000000000000 0.883859519168
3824.000000000000 0.883886005025
3825.000000000000 0.883912490882
3836.000000000000 0.884018434308
3847.000000000000 0.884760038291
3856.000000000000 0.884786524148
3882.000000000000 0.884813010005
3887.000000000000 0.884918953431
3888.000000000000 0.885130840283
3892.000000000000 0.885157326140
3899.000000000000 0.885210297853
3902.000000000000 0.885236783710
3904.000000000000 0.885289755423
3908.000000000000 0.886349189685
3933.000000000000 0.886375675542
3938.000000000000 0.886402161399
3939.000000000000 0.886455133112
3941.000000000000 0.886772963391
3950.000000000000 0.886799449248
3956.000000000000 0.886878906818
3976.000000000000 0.887514567375
3980.000000000000 0.887541053232
3983.000000000000 0.887964826937
3988.000000000000 0.888070770363
3992.000000000000 0.888097256220
4003.000000000000 0.888203199646
4009.000000000000 0.888229685503
4021.000000000000 0.888256171360
4043.000000000000 0.888282657217
4044.000000000000 0.888309143074
4056.000000000000 0.888335628931
4058.000000000000 0.888362114788
4059.000000000000 0.888388600645
4060.000000000000 0.888415086502
4092.000000000000 0.888468058215
4096.000000000000 0.897102447451
4120.000000000000 0.898585655418
4125.000000000000 0.898718084701
4134.000000000000 0.898744570558
4138.000000000000 0.898771056415
4141.000000000000 0.898797542272
4147.000000000000 0.898850513985
4151.000000000000 0.898876999842
4170.000000000000 0.898903485699
4178.000000000000 0.898982943269
4187.000000000000 0.899035914982
4188.000000000000 0.899062400839
4197.000000000000 0.899088886696
4201.000000000000 0.899194830122
4217.000000000000 0.899221315979
4239.000000000000 0.899247801836
4241.000000000000 0.899274287693
4251.000000000000 0.899300773550
4254.000000000000 0.899327259407
4267.000000000000 0.899406716977
4268.000000000000 0.899486174547
4273.000000000000 0.899512660404
4274.000000000000 0.899539146261
4286.000000000000 0.899777518970
4294.000000000000 0.899804004827
4298.000000000000 0.899830490684
4300.000000000000 0.900042377536
4320.000000000000 0.900068863393
4322.000000000000 0.900810467376
4327.000000000000 0.900969382515
4337.000000000000 0.900995868372
4345.000000000000 0.901022354229
4346.000000000000 0.901048840086
4347.000000000000 0.901101811799
4350.000000000000 0.901128297656
4359.000000000000 0.901154783513
4360.000000000000 0.901313698652
4364.000000000000 0.901525585504
4372.000000000000 0.901552071361
4392.000000000000 0.901658014787
4394.000000000000 0.901684500644
4411.000000000000 0.901710986501
4420.000000000000 0.902452590484
4424.000000000000 0.902664477336
4427.000000000000 0.902690963193
4433.000000000000 0.902717449050
4435.000000000000 0.902743934907
4450.000000000000 0.902770420764
4470.000000000000 0.902796906621
4473.000000000000 0.902823392478
4475.000000000000 0.902982307617
4477.000000000000 0.903035279330
4488.000000000000 0.903061765187
4501.000000000000 0.903247166183
4507.000000000000 0.904518487298
4518.000000000000 0.904624430724
4533.000000000000 0.904650916581
4540.000000000000 0.904677402438
4554.000000000000 0.904703888295
4568.000000000000 0.904730374152
4575.000000000000 0.904942261004
4577.000000000000 0.904968746861
4585.000000000000 0.905021718574
4599.000000000000 0.905048204431
4608.000000000000 0.905180633714
4615.000000000000 0.905604407419
4628.000000000000 0.905710350845
4631.000000000000 0.905736836702
4676.000000000000 0.905763322559
4703.000000000000 0.905789808416
4704.000000000000 0.905816294273
4720.000000000000 0.905842780130
4725.000000000000 0.905948723556
4729.000000000000 0.905975209413
4734.000000000000 0.906081152839
4742.000000000000 0.906107638696
4761.000000000000 0.906134124553
4770.000000000000 0.906187096266
4774.000000000000 0.906213582123
4776.000000000000 0.906240067980
4781.000000000000 0.906293039693
4789.000000000000 0.906346011406
4791.000000000000 0.906372497263
4805.000000000000 0.906478440689
4808.000000000000 0.906557898259
4822.000000000000 0.906584384116
4826.000000000000 0.906690327542
4827.000000000000 0.907140587103
4830.000000000000 0.907352473955
4838.000000000000 0.907458417381
4844.000000000000 0.907484903238
4857.000000000000 0.907590846664
4873.000000000000 0.907643818377
4874.000000000000 0.907749761803
4878.000000000000 0.908491365786
4890.000000000000 0.908597309212
4893.000000000000 0.909021082917
4899.000000000000 0.909153512200
4906.000000000000 0.909259455626
4915.000000000000 0.909312427339
4920.000000000000 0.909418370765
4925.000000000000 0.909444856622
4927.000000000000 0.910186460605
4931.000000000000 0.910212946462
4932.000000000000 0.910318889888
4933.000000000000 0.910345375745
4940.000000000000 0.910398347458
4941.000000000000 0.910451319171
4956.000000000000 0.910477805028
4960.000000000000 0.910504290885
4963.000000000000 0.910530776742
4969.000000000000 0.910636720168
4974.000000000000 0.910742663594
4984.000000000000 0.910795635307
4987.000000000000 0.910848607020
4988.000000000000 0.910954550446
5013.000000000000 0.911060493872
5021.000000000000 0.912093442278
5023.000000000000 0.912119928135
5040.000000000000 0.912649645266
5046.000000000000 0.912755588692
5055.000000000000 0.912808560405
5057.000000000000 0.913258819966
5058.000000000000 0.913285305823
5063.000000000000 0.913603136102
5069.000000000000 0.913920966381
5073.000000000000 0.913973938094
5077.000000000000 0.914079881520
5083.000000000000 0.914106367377
5085.000000000000 0.914318254229
5087.000000000000 0.914344740086
5099.000000000000 0.914477169369
5113.000000000000 0.914689056221
5114.000000000000 0.914900943073
5120.000000000000 0.914980400643
5136.000000000000 0.915006886500
5156.000000000000 0.915033372357
5157.000000000000 0.915059858214
5158.000000000000 0.915377688493
5173.000000000000 0.915483631919
5178.000000000000 0.915960377337
5182.000000000000 0.915986863194
5183.000000000000 0.916198750046
5189.000000000000 0.916304693472
5197.000000000000 0.916516580324
5231.000000000000 0.916728467176
5234.000000000000 0.916754953033
5237.000000000000 0.916860896459
5238.000000000000 0.916940354029
5250.000000000000 0.917046297455
5254.000000000000 0.917072783312
5258.000000000000 0.917178726738
5261.000000000000 0.917628986299
5267.000000000000 0.917734929725
5312.000000000000 0.917946816577
5316.000000000000 0.918688420560
5324.000000000000 0.919112194265
5329.000000000000 0.919138680122
5335.000000000000 0.919244623548
5353.000000000000 0.919350566974
5360.000000000000 0.919377052831
5379.000000000000 0.919482996257
5390.000000000000 0.919535967970
5393.000000000000 0.919588939683
5399.000000000000 0.919615425540
5413.000000000000 0.919641911397
5419.000000000000 0.920065685102
5430.000000000000 0.920807289085
5442.000000000000 0.920860260798
5469.000000000000 0.920966204224
5482.000000000000 0.921125119363
5502.000000000000 0.921469435498
5517.000000000000 0.921893209203
5565.000000000000 0.921946180916
5577.000000000000 0.921999152629
5584.000000000000 0.922211039481
5608.000000000000 0.922237525338
5616.000000000000 0.922449412190
5618.000000000000 0.922475898047
5622.000000000000 0.922502383904
5626.000000000000 0.922555355617
5632.000000000000 0.922846700039
5651.000000000000 0.922873185896
5667.000000000000 0.923296959601
5670.000000000000 0.923429388884
5687.000000000000 0.923535332310
5688.000000000000 0.924276936293
5689.000000000000 0.924700709998
5690.000000000000 0.924780167568
5695.000000000000 0.924833139281
5697.000000000000 0.924939082707
5703.000000000000 0.924965568564
5706.000000000000 0.924992054421
5722.000000000000 0.925415828126
5736.000000000000 0.925733658405
5750.000000000000 0.925945545257
5768.000000000000 0.926157432109
5789.000000000000 0.926369318961
5812.000000000000 0.926422290674
5818.000000000000 0.927163894657
5822.000000000000 0.927243352227
5829.000000000000 0.927428753223
5838.000000000000 0.927481724936
5854.000000000000 0.928223328919
5861.000000000000 0.928647102624
5862.000000000000 0.928858989476
5869.000000000000 0.929070876328
5873.000000000000 0.929282763180
5895.000000000000 0.929309249037
5900.000000000000 0.929335734894
5903.000000000000 0.929547621746
5916.000000000000 0.929759508598
5943.000000000000 0.929865452024
5950.000000000000 0.930050853020
5977.000000000000 0.930103824733
6000.000000000000 0.930527598438
6079.000000000000 0.930845428717
6080.000000000000 0.931163258996
6082.000000000000 0.931481089275
6096.000000000000 0.931507575132
6100.000000000000 0.931534060989
6109.000000000000 0.931745947841
6136.000000000000 0.933017268956
6143.000000000000 0.933096726526
6144.000000000000 0.933255641665
6148.000000000000 0.933308613378
6172.000000000000 0.933361585091
6190.000000000000 0.933467528517
6201.000000000000 0.933785358796
6207.000000000000 0.933811844653
6221.000000000000 0.935083165768
6237.000000000000 0.935189109194
6244.000000000000 0.935295052620
6266.000000000000 0.936248543456
6277.000000000000 0.936566373735
6339.000000000000 0.936592859592
6348.000000000000 0.936672317162
6351.000000000000 0.936778260588
6352.000000000000 0.936884204014
6358.000000000000 0.936910689871
6360.000000000000 0.937334463576
6362.000000000000 0.937360949433
6366.000000000000 0.937387435290
6370.000000000000 0.938129039273
6373.000000000000 0.938208496843
6380.000000000000 0.938393897839
6384.000000000000 0.939056044253
6390.000000000000 0.939267931105
6398.000000000000 0.939373874531
6415.000000000000 0.939400360388
6434.000000000000 0.939612247240
6459.000000000000 0.939797648236
6505.000000000000 0.939824134093
6519.000000000000 0.939877105806
6520.000000000000 0.939956563376
6534.000000000000 0.939983049233
6536.000000000000 0.940009535090
6542.000000000000 0.940194936086
6559.000000000000 0.940221421943
6568.000000000000 0.940645195648
6571.000000000000 0.940671681505
6583.000000000000 0.940883568357
6596.000000000000 0.940910054214
6606.000000000000 0.941015997640
6608.000000000000 0.941201398636
6612.000000000000 0.941307342062
6627.000000000000 0.941333827919
6632.000000000000 0.941439771345
6644.000000000000 0.941466257202
6652.000000000000 0.941678144054
6656.000000000000 0.941943002620
6657.000000000000 0.942260832899
6664.000000000000 0.942472719751
6698.000000000000 0.942499205608
6709.000000000000 0.942525691465
6736.000000000000 0.942578663178
6750.000000000000 0.942684606604
6753.000000000000 0.942711092461
6760.000000000000 0.942764064174
6768.000000000000 0.942790550031
6799.000000000000 0.942817035888
6802.000000000000 0.942922979314
6835.000000000000 0.942975951027
6839.000000000000 0.943187837879
6870.000000000000 0.943214323736
6878.000000000000 0.943240809593
6889.000000000000 0.943267295450
6910.000000000000 0.943373238876
6924.000000000000 0.943399724733
6926.000000000000 0.944776989274
6929.000000000000 0.945518593257
6936.000000000000 0.945545079114
6937.000000000000 0.945598050827
6942.000000000000 0.945624536684
6957.000000000000 0.945651022541
6960.000000000000 0.945677508398
6991.000000000000 0.945703994255
7003.000000000000 0.945730480112
7016.000000000000 0.945836423538
7034.000000000000 0.946260197243
7044.000000000000 0.946313168956
7050.000000000000 0.946419112382
7054.000000000000 0.946445598239
7060.000000000000 0.946472084096
7062.000000000000 0.946578027522
7080.000000000000 0.946683970948
7125.000000000000 0.946763428518
7133.000000000000 0.946816400231
7154.000000000000 0.946842886088
7166.000000000000 0.946869371945
7168.000000000000 0.947001801228
7198.000000000000 0.948273122343
7270.000000000000 0.948299608200
7305.000000000000 0.948511495052
7350.000000000000 0.948537980909
7351.000000000000 0.948643924335
7354.000000000000 0.948670410192
7359.000000000000 0.948908782901
7381.000000000000 0.948935268758
7385.000000000000 0.948961754615
7437.000000000000 0.948988240472
7485.000000000000 0.949094183898
7514.000000000000 0.949306070750
7519.000000000000 0.949412014176
7537.000000000000 0.949438500033
7549.000000000000 0.949491471746
7568.000000000000 0.949517957603
7571.000000000000 0.949544443460
7578.000000000000 0.949968217165
7583.000000000000 0.950074160591
7589.000000000000 0.950180104017
7606.000000000000 0.950391990869
7643.000000000000 0.950497934295
7646.000000000000 0.951239538278
7649.000000000000 0.951345481704
7654.000000000000 0.951398453417
7663.000000000000 0.951822227122
7680.000000000000 0.952060599831
7686.000000000000 0.952087085688
7688.000000000000 0.952166543258
7741.000000000000 0.952193029115
7756.000000000000 0.952219514972
7769.000000000000 0.952272486685
7779.000000000000 0.952298972542
7784.000000000000 0.952325458399
7790.000000000000 0.952351944256
7856.000000000000 0.952881661387
7931.000000000000 0.952908147244
7932.000000000000 0.952961118957
7962.000000000000 0.952987604814
7988.000000000000 0.953093548240
8001.000000000000 0.953146519953
8009.000000000000 0.953331920949
8018.000000000000 0.953358406806
8022.000000000000 0.953384892663
8023.000000000000 0.953411378520
8071.000000000000 0.953437864377
8169.000000000000 0.953649751229
8179.000000000000 0.953676237086
8192.000000000000 0.955079987483
8205.000000000000 0.955132959196
8214.000000000000 0.955238902622
8226.000000000000 0.955265388479
8260.000000000000 0.955371331905
8274.000000000000 0.955397817762
8293.000000000000 0.955424303619
8312.000000000000 0.955450789476
8313.000000000000 0.955477275333
8318.000000000000 0.955609704616
8362.000000000000 0.955636190473
8369.000000000000 0.955662676330
8373.000000000000 0.955689162187
8416.000000000000 0.955901049039
8437.000000000000 0.956059964178
8464.000000000000 0.956271851030
8488.000000000000 0.956298336887
8544.000000000000 0.956324822744
8554.000000000000 0.956351308601
8571.000000000000 0.956563195453
8579.000000000000 0.956616167166
8585.000000000000 0.956642653023
8630.000000000000 0.956669138880
8704.000000000000 0.956775082306
8728.000000000000 0.956801568163
8762.000000000000 0.956828054020
8806.000000000000 0.957225341868
8818.000000000000 0.957781544856
8864.000000000000 0.957808030713
8871.000000000000 0.958019917565
9037.000000000000 0.958072889278
9044.000000000000 0.958125860991
9062.000000000000 0.958655578122
9169.000000000000 0.958682063979
9186.000000000000 0.958735035692
9216.000000000000 0.958788007405
9231.000000000000 0.958814493262
9240.000000000000 0.958840979119
9243.000000000000 0.958893950832
9250.000000000000 0.958920436689
9270.000000000000 0.958946922546
9285.000000000000 0.958973408403
9317.000000000000 0.959052865973
9372.000000000000 0.959264752825
9379.000000000000 0.959291238682
9399.000000000000 0.959317724539
9475.000000000000 0.959741498244
9499.000000000000 0.959926899240
9522.000000000000 0.959953385097
9634.000000000000 0.960165271949
9644.000000000000 0.960324187088
9686.000000000000 0.960350672945
9728.000000000000 0.960562559797
9801.000000000000 0.960615531510
9808.000000000000 0.960642017367
9822.000000000000 0.961410107207
9882.000000000000 0.961436593064
9921.000000000000 0.961463078921
9993.000000000000 0.961674965773
10038.000000000000 0.961701451630
10045.000000000000 0.961913338482
10066.000000000000 0.962019281908
10133.000000000000 0.962045767765
10240.000000000000 0.962125225335
10375.000000000000 0.962151711192
10407.000000000000 0.962363598044
10527.000000000000 0.962390083901
10552.000000000000 0.962416569758
10636.000000000000 0.962443055615
10665.000000000000 0.962469541472
10666.000000000000 0.962496027329
10710.000000000000 0.962575484899
10729.000000000000 0.962681428325
10752.000000000000 0.962840343464
10790.000000000000 0.962866829321
10815.000000000000 0.962972772747
10820.000000000000 0.963396546452
10842.000000000000 0.963449518165
10852.000000000000 0.963476004022
10862.000000000000 0.963528975735
10878.000000000000 0.963634919161
10880.000000000000 0.963846806013
10912.000000000000 0.963873291870
10918.000000000000 0.963899777727
10920.000000000000 0.963926263584
10935.000000000000 0.964032207010
10959.000000000000 0.964085178723
10964.000000000000 0.964111664580
11005.000000000000 0.964138150437
11024.000000000000 0.964164636294
11042.000000000000 0.964297065577
11068.000000000000 0.964403009003
11135.000000000000 0.964614895855
11207.000000000000 0.964747325138
11222.000000000000 0.964773810995
11228.000000000000 0.964800296852
11267.000000000000 0.964826782709
11272.000000000000 0.964853268566
11322.000000000000 0.964906240279
11382.000000000000 0.965012183705
11387.000000000000 0.965038669562
11444.000000000000 0.965065155419
11447.000000000000 0.965488929124
11459.000000000000 0.965515414981
11462.000000000000 0.965541900838
11541.000000000000 0.965568386695
11568.000000000000 0.965621358408
11575.000000000000 0.965647844265
11664.000000000000 0.965674330122
11701.000000000000 0.965727301835
11726.000000000000 0.966045132114
11738.000000000000 0.966124589684
11776.000000000000 0.966283504823
11826.000000000000 0.966336476536
11846.000000000000 0.966389448249
11930.000000000000 0.966415934106
12026.000000000000 0.966442419963
12029.000000000000 0.966521877533
12031.000000000000 0.966574849246
12037.000000000000 0.966601335103
12044.000000000000 0.966627820960
12048.000000000000 0.966654306817
12092.000000000000 0.966680792674
12108.000000000000 0.966760250244
12130.000000000000 0.966786736101
12134.000000000000 0.966813221958
12148.000000000000 0.966839707815
12181.000000000000 0.966866193672
12187.000000000000 0.966892679529
12191.000000000000 0.966919165386
12193.000000000000 0.966945651243
12264.000000000000 0.966972137100
12288.000000000000 0.967475368374
12338.000000000000 0.967501854231
12341.000000000000 0.968296429928
12392.000000000000 0.968322915785
12403.000000000000 0.968375887498
12416.000000000000 0.968428859211
12428.000000000000 0.968455345068
12436.000000000000 0.968481830925
12446.000000000000 0.968508316782
12448.000000000000 0.968534802639
12518.000000000000 0.968561288496
12575.000000000000 0.968587774353
12595.000000000000 0.968614260210
12624.000000000000 0.968667231923
12698.000000000000 0.969091005628
12785.000000000000 0.969196949054
12794.000000000000 0.969302892480
12800.000000000000 0.969329378337
12816.000000000000 0.969355864194
12889.000000000000 0.969382350051
12965.000000000000 0.969435321764
12990.000000000000 0.969461807621
13002.000000000000 0.969567751047
13011.000000000000 0.969594236904
13067.000000000000 0.969912067183
13100.000000000000 0.969965038896
13115.000000000000 0.970018010609
13128.000000000000 0.970150439892
13177.000000000000 0.970176925749
13196.000000000000 0.970203411606
13198.000000000000 0.970229897463
13255.000000000000 0.970256383320
13270.000000000000 0.970282869177
13271.000000000000 0.970309355034
13299.000000000000 0.970362326747
13312.000000000000 0.970388812604
13314.000000000000 0.970441784317
13316.000000000000 0.970468270174
13318.000000000000 0.970494756031
13319.000000000000 0.970521241888
13324.000000000000 0.970547727745
13329.000000000000 0.970574213602
13334.000000000000 0.970600699459
13353.000000000000 0.970627185316
13355.000000000000 0.970733128742
13361.000000000000 0.970759614599
13364.000000000000 0.970812586312
13391.000000000000 0.970839072169
13392.000000000000 0.970865558026
13460.000000000000 0.970918529739
13482.000000000000 0.970945015596
13492.000000000000 0.971156902448
13508.000000000000 0.971183388305
13545.000000000000 0.971209874162
13548.000000000000 0.971421761014
13550.000000000000 0.971448246871
13561.000000000000 0.971660133723
13602.000000000000 0.971686619580
13631.000000000000 0.971713105437
13632.000000000000 0.971739591294
13662.000000000000 0.971766077151
13673.000000000000 0.971792563008
13678.000000000000 0.971819048865
13708.000000000000 0.972057421574
13739.000000000000 0.972110393287
13756.000000000000 0.972136879144
13795.000000000000 0.972163365001
13798.000000000000 0.972269308427
13808.000000000000 0.972375251853
13824.000000000000 0.972534166992
13875.000000000000 0.972560652849
13876.000000000000 0.972587138706
13899.000000000000 0.972613624563
13926.000000000000 0.972640110420
13938.000000000000 0.972693082133
13999.000000000000 0.972746053846
14012.000000000000 0.972772539703
14024.000000000000 0.972851997273
14031.000000000000 0.973063884125
14099.000000000000 0.973249285121
14116.000000000000 0.973355228547
14130.000000000000 0.973381714404
14136.000000000000 0.973487657830
14315.000000000000 0.973514143687
14336.000000000000 0.973540629544
14380.000000000000 0.973567115401
14413.000000000000 0.973620087114
14436.000000000000 0.973646572971
14443.000000000000 0.973673058828
14444.000000000000 0.973699544685
14501.000000000000 0.973726030542
14535.000000000000 0.973752516399
14551.000000000000 0.973779002256
14566.000000000000 0.973805488113
14610.000000000000 0.973858459826
14613.000000000000 0.973884945683
14751.000000000000 0.974123318392
14798.000000000000 0.974176290105
14848.000000000000 0.974388176957
14889.000000000000 0.974414662814
14911.000000000000 0.974441148671
14956.000000000000 0.974467634528
14957.000000000000 0.974494120385
14980.000000000000 0.974520606242
15001.000000000000 0.974547092099
15046.000000000000 0.974573577956
15115.000000000000 0.974600063813
15153.000000000000 0.974732493096
15211.000000000000 0.974758978953
15302.000000000000 0.974785464810
15310.000000000000 0.974838436523
15330.000000000000 0.974891408236
15360.000000000000 0.975023837519
15459.000000000000 0.975050323376
15526.000000000000 0.975103295089
15568.000000000000 0.975129780946
15582.000000000000 0.975156266803
15598.000000000000 0.975182752660
15607.000000000000 0.975288696086
15643.000000000000 0.975315181943
15819.000000000000 0.975394639513
15854.000000000000 0.975447611226
15868.000000000000 0.975474097083
15872.000000000000 0.975659498079
15883.000000000000 0.975712469792
15944.000000000000 0.975765441505
15967.000000000000 0.975791927362
16130.000000000000 0.975897870788
16167.000000000000 0.975950842501
16260.000000000000 0.975977328358
16269.000000000000 0.976003814215
16296.000000000000 0.976189215211
16384.000000000000 0.977275135330
16436.000000000000 0.977301621187
16464.000000000000 0.977328107044
16488.000000000000 0.977354592901
16520.000000000000 0.977381078758
16571.000000000000 0.977434050471
16676.000000000000 0.977460536328
16759.000000000000 0.977487022185
16780.000000000000 0.977539993898
16832.000000000000 0.977566479755
16844.000000000000 0.977592965612
16896.000000000000 0.977857824178
16920.000000000000 0.977884310035
16949.000000000000 0.977910795892
17004.000000000000 0.977937281749
17010.000000000000 0.977963767606
17064.000000000000 0.977990253463
17114.000000000000 0.978016739320
17203.000000000000 0.978043225177
17366.000000000000 0.978096196890
17408.000000000000 0.978202140316
17432.000000000000 0.978281597886
17607.000000000000 0.978308083743
17612.000000000000 0.978334569600
17617.000000000000 0.978361055457
17668.000000000000 0.978387541314
17803.000000000000 0.978466998884
17812.000000000000 0.978572942310
17814.000000000000 0.978625914023
17920.000000000000 0.978811315019
17968.000000000000 0.978837800876
17987.000000000000 0.978864286733
18110.000000000000 0.978970230159
18128.000000000000 0.979023201872
18234.000000000000 0.979341032151
18243.000000000000 0.979420489721
18254.000000000000 0.979446975578
18278.000000000000 0.979473461435
18294.000000000000 0.979526433148
18344.000000000000 0.979552919005
18432.000000000000 0.979738320001
18443.000000000000 0.979791291714
18627.000000000000 0.979817777571
18744.000000000000 0.980135607850
18880.000000000000 0.980877211833
18900.000000000000 0.980903697690
18944.000000000000 0.981142070399
19036.000000000000 0.981168556256
19199.000000000000 0.981221527969
19208.000000000000 0.981327471395
19237.000000000000 0.981406928965
19438.000000000000 0.981433414822
19456.000000000000 0.981486386535
19461.000000000000 0.981592329961
19609.000000000000 0.981618815818
19615.000000000000 0.981645301675
19849.000000000000 0.981698273388
19903.000000000000 0.981724759245
19968.000000000000 0.981777730958
19981.000000000000 0.981804216815
19996.000000000000 0.981830702672
20059.000000000000 0.981857188529
20146.000000000000 0.982069075381
20416.000000000000 0.982095561238
20441.000000000000 0.982122047095
20469.000000000000 0.982175018808
20480.000000000000 0.982572306656
20591.000000000000 0.982598792513
20724.000000000000 0.982625278370
20780.000000000000 0.982651764227
20781.000000000000 0.982678250084
20820.000000000000 0.982731221797
20854.000000000000 0.982757707654
20976.000000000000 0.982784193511
21026.000000000000 0.982996080363
21102.000000000000 0.983102023789
21252.000000000000 0.983154995502
21300.000000000000 0.983181481359
21308.000000000000 0.983234453072
21456.000000000000 0.983260938929
21606.000000000000 0.983287424786
21629.000000000000 0.983393368212
21656.000000000000 0.983419854069
21691.000000000000 0.983446339926
21720.000000000000 0.983472825783
21820.000000000000 0.983499311640
21850.000000000000 0.983525797497
22075.000000000000 0.983552283354
22076.000000000000 0.983578769211
22150.000000000000 0.983605255068
22158.000000000000 0.983631740925
22200.000000000000 0.983658226782
22220.000000000000 0.983684712639
22470.000000000000 0.983711198496
22512.000000000000 0.983737684353
22528.000000000000 0.983764170210
22576.000000000000 0.983896599493
22711.000000000000 0.983976057063
22755.000000000000 0.984002542920
22974.000000000000 0.984029028777
22986.000000000000 0.984055514634
23015.000000000000 0.984082000491
23017.000000000000 0.984108486348
23020.000000000000 0.984134972205
23042.000000000000 0.984187943918
23052.000000000000 0.984214429775
23159.000000000000 0.984267401488
23184.000000000000 0.984293887345
23196.000000000000 0.984611717624
23321.000000000000 0.984638203481
23465.000000000000 0.984744146907
23552.000000000000 0.984823604477
23714.000000000000 0.984850090334
23733.000000000000 0.984903062047
23762.000000000000 0.984929547904
23918.000000000000 0.984956033761
23937.000000000000 0.984982519618
23951.000000000000 0.985009005475
24056.000000000000 0.985220892327
24059.000000000000 0.985247378184
24064.000000000000 0.985273864041
24262.000000000000 0.985300349898
24276.000000000000 0.985326835755
24437.000000000000 0.985353321612
24457.000000000000 0.985379807469
24513.000000000000 0.985697637748
24576.000000000000 0.986704100297
24682.000000000000 0.986810043723
24818.000000000000 0.986836529580
25015.000000000000 0.986863015437
25233.000000000000 0.986889501294
25396.000000000000 0.986942473007
25581.000000000000 0.987048416433
25600.000000000000 0.987074902290
25634.000000000000 0.987101388147
25648.000000000000 0.987313274999
25662.000000000000 0.987339760856
25696.000000000000 0.987366246713
26114.000000000000 0.987392732570
26119.000000000000 0.987472190140
26538.000000000000 0.987525161853
26660.000000000000 0.987551647710
26707.000000000000 0.987657591136
26710.000000000000 0.987684076993
26919.000000000000 0.987710562850
27019.000000000000 0.987737048707
27119.000000000000 0.987763534564
27219.000000000000 0.987790020421
27549.000000000000 0.987816506278
27648.000000000000 0.987842992135
27893.000000000000 0.987869477992
28160.000000000000 0.987895963849
28648.000000000000 0.987922449706
28672.000000000000 0.988081364845
28855.000000000000 0.988107850702
29184.000000000000 0.988213794128
29219.000000000000 0.988240279985
29646.000000000000 0.988346223411
29713.000000000000 0.988372709268
29730.000000000000 0.988399195125
29924.000000000000 0.988505138551
30160.000000000000 0.988558110264
30317.000000000000 0.988584596121
30548.000000000000 0.988611081978
30616.000000000000 0.988637567835
30626.000000000000 0.988664053692
30765.000000000000 0.988769997118
30987.000000000000 0.988875940544
31047.000000000000 0.988902426401
31048.000000000000 0.989008369827
31110.000000000000 0.989114313253
31232.000000000000 0.989140799110
31405.000000000000 0.989246742536
31441.000000000000 0.989273228393
31698.000000000000 0.989299714250
32017.000000000000 0.989326200107
32031.000000000000 0.989352685964
32439.000000000000 0.989379171821
32667.000000000000 0.989405657678
32744.000000000000 0.989432143535
32768.000000000000 0.989723487957
33456.000000000000 0.990041318236
33636.000000000000 0.990067804093
33692.000000000000 0.990094289950
33792.000000000000 0.990120775807
33805.000000000000 0.990147261664
34022.000000000000 0.990173747521
34048.000000000000 0.990200233378
34577.000000000000 0.990226719235
34582.000000000000 0.990253205092
34624.000000000000 0.990279690949
34691.000000000000 0.990306176806
34715.000000000000 0.990359148519
34844.000000000000 0.990465091945
34912.000000000000 0.990491577802
34983.000000000000 0.990518063659
35052.000000000000 0.990544549516
35312.000000000000 0.990571035373
35391.000000000000 0.990597521230
36352.000000000000 0.990650492943
36736.000000000000 0.990756436369
36864.000000000000 0.990994809078
36947.000000000000 0.991206695930
37081.000000000000 0.991312639356
37376.000000000000 0.991339125213
37790.000000000000 0.991392096926
37888.000000000000 0.991418582783
38400.000000000000 0.991445068640
39584.000000000000 0.991471554497
39585.000000000000 0.991498040354
39936.000000000000 0.991524526211
40448.000000000000 0.991551012068
40518.000000000000 0.991577497925
40813.000000000000 0.991603983782
40956.000000000000 0.991630469639
40960.000000000000 0.992133700913
41887.000000000000 0.992160186770
41994.000000000000 0.992372073622
42152.000000000000 0.992398559479
42496.000000000000 0.992425045336
42765.000000000000 0.992504502906
42788.000000000000 0.992716389758
42861.000000000000 0.992742875615
43485.000000000000 0.992769361472
44782.000000000000 0.992795847329
45056.000000000000 0.993007734181
45568.000000000000 0.993034220038
46030.000000000000 0.993060705895
47316.000000000000 0.993140163465
47616.000000000000 0.993166649322
48243.000000000000 0.993193135179
48975.000000000000 0.993219621036
49152.000000000000 0.993272592749
49425.000000000000 0.993299078606
49976.000000000000 0.993325564463
50034.000000000000 0.993352050320
50183.000000000000 0.993378536177
50442.000000000000 0.993405022034
50851.000000000000 0.993457993747
51200.000000000000 0.993510965460
51248.000000000000 0.993590423030
51712.000000000000 0.993616908887
52376.000000000000 0.993696366457
52451.000000000000 0.993722852314
52845.000000000000 0.994358512871
53248.000000000000 0.994384998728
53588.000000000000 0.994411484585
53829.000000000000 0.994437970442
54125.000000000000 0.994464456299
54242.000000000000 0.994490942156
54272.000000000000 0.994596885582
54709.000000000000 0.994623371439
55283.000000000000 0.994649857296
56832.000000000000 0.994676343153
57344.000000000000 0.994729314866
57648.000000000000 0.994782286579
57712.000000000000 0.994808772436
57782.000000000000 0.994835258293
58750.000000000000 0.994967687576
59904.000000000000 0.994994173433
60012.000000000000 0.995020659290
60416.000000000000 0.995047145147
62464.000000000000 0.995073631004
63009.000000000000 0.995100116861
63160.000000000000 0.995126602718
63251.000000000000 0.995153088575
63477.000000000000 0.995206060288
63535.000000000000 0.995232546145
63556.000000000000 0.995259032002
63786.000000000000 0.995285517859
63804.000000000000 0.995312003716
63924.000000000000 0.995338489573
63934.000000000000 0.995364975430
64007.000000000000 0.995417947143
64116.000000000000 0.995444433000
64122.000000000000 0.995470918857
64262.000000000000 0.995497404714
64307.000000000000 0.995523890571
64427.000000000000 0.995550376428
64639.000000000000 0.995576862285
64665.000000000000 0.995603348142
65004.000000000000 0.995629833999
65177.000000000000 0.995656319856
65263.000000000000 0.995682805713
65536.000000000000 0.996027121848
65681.000000000000 0.996053607705
66511.000000000000 0.996080093562
66774.000000000000 0.996397923841
66782.000000000000 0.996424409698
71042.000000000000 0.996450895555
71258.000000000000 0.996556838981
71358.000000000000 0.996583324838
71680.000000000000 0.996609810695
72175.000000000000 0.996636296552
73200.000000000000 0.996662782409
73493.000000000000 0.996689268266
73728.000000000000 0.996768725836
73786.000000000000 0.996795211693
74145.000000000000 0.996901155119
74264.000000000000 0.996927640976
75020.000000000000 0.997113041972
75288.000000000000 0.997139527829
76288.000000000000 0.997166013686
76852.000000000000 0.997192499543
76964.000000000000 0.997218985400
77078.000000000000 0.997271957113
77824.000000000000 0.997298442970
78336.000000000000 0.997324928827
78963.000000000000 0.997351414684
80664.000000000000 0.997377900541
81088.000000000000 0.997483843967
81198.000000000000 0.997510329824
81474.000000000000 0.997563301537
81920.000000000000 0.997616273250
82636.000000000000 0.997642759107
83365.000000000000 0.997695730820
84992.000000000000 0.997722216677
85702.000000000000 0.997748702534
85860.000000000000 0.997775188391
86016.000000000000 0.997801674248
86376.000000000000 0.997828160105
87474.000000000000 0.997854645962
87950.000000000000 0.997881131819
88204.000000000000 0.997907617676
88665.000000000000 0.997934103533
89551.000000000000 0.997960589390
89935.000000000000 0.997987075247
90112.000000000000 0.998013561104
90624.000000000000 0.998040046961
92285.000000000000 0.998066532818
93996.000000000000 0.998093018675
94208.000000000000 0.998145990388
94823.000000000000 0.998172476245
96381.000000000000 0.998198962102
96395.000000000000 0.998225447959
98304.000000000000 0.998463820668
99952.000000000000 0.998490306525
101888.000000000000 0.998516792382
102334.000000000000 0.998543278239
102400.000000000000 0.998596249952
103060.000000000000 0.998622735809
105092.000000000000 0.998649221666
109362.000000000000 0.998675707523
110823.000000000000 0.998702193380
111510.000000000000 0.998728679237
116044.000000000000 0.998755165094
119039.000000000000 0.998808136807
119320.000000000000 0.998834622664
122880.000000000000 0.998861108521
124625.000000000000 0.998887594378
125235.000000000000 0.998914080235
125285.000000000000 0.998940566092
125464.000000000000 0.998967051949
125976.000000000000 0.998993537806
126301.000000000000 0.999020023663
126976.000000000000 0.999046509520
127488.000000000000 0.999072995377
127512.000000000000 0.999099481234
131072.000000000000 0.999152452947
132877.000000000000 0.999178938804
135168.000000000000 0.999284882230
135483.000000000000 0.999311368087
139264.000000000000 0.999337853944
145456.000000000000 0.999417311514
146729.000000000000 0.999443797371
151552.000000000000 0.999470283228
152334.000000000000 0.999496769085
154075.000000000000 0.999523254942
154099.000000000000 0.999549740799
160049.000000000000 0.999576226656
170650.000000000000 0.999602712513
176128.000000000000 0.999629198370
178783.000000000000 0.999655684227
181380.000000000000 0.999682170084
196608.000000000000 0.999708655941
198704.000000000000 0.999735141798
198854.000000000000 0.999761627655
204676.000000000000 0.999788113512
206962.000000000000 0.999814599369
207402.000000000000 0.999841085226
225280.000000000000 0.999867571083
229376.000000000000 0.999894056940
270417.000000000000 0.999920542797
270948.000000000000 0.999947028654
275968.000000000000 0.999973514511
305287.000000000000 1.000000000368
