2.000000000000 0.000299266796
5.000000000000 0.000448900194
10.000000000000 0.011222504863
29.000000000000 0.011521771659
40.000000000000 0.011671405057
42.000000000000 0.011970671853
44.000000000000 0.012419572048
46.000000000000 0.012718838844
47.000000000000 0.013616639233
48.000000000000 0.023642076911
50.000000000000 0.024240610504
51.000000000000 0.024988777495
52.000000000000 0.025138410893
53.000000000000 0.025587311088
54.000000000000 0.025736944486
56.000000000000 0.026036211282
57.000000000000 0.026335478078
58.000000000000 0.026485111476
59.000000000000 0.026784378272
60.000000000000 0.027233278467
61.000000000000 0.027382911865
63.000000000000 0.027981445458
66.000000000000 0.028280712254
67.000000000000 0.028579979050
70.000000000000 0.030525213226
75.000000000000 0.030824480022
80.000000000000 0.036211282356
81.000000000000 0.036510549152
82.000000000000 0.037707616337
84.000000000000 0.038156516532
85.000000000000 0.038306149930
94.000000000000 0.038605416726
95.000000000000 0.039952117310
100.000000000000 0.040101750708
111.000000000000 0.040251384106
116.000000000000 0.040700284301
117.000000000000 0.040849917699
122.000000000000 0.041298817894
129.000000000000 0.042795151876
133.000000000000 0.043393685469
134.000000000000 0.044740386053
135.000000000000 0.045039652849
137.000000000000 0.045488553044
138.000000000000 0.045638186442
139.000000000000 0.045787819840
144.000000000000 0.045937453238
148.000000000000 0.046236720034
150.000000000000 0.046386353432
157.000000000000 0.046535986830
160.000000000000 0.047134520423
162.000000000000 0.047284153821
165.000000000000 0.047583420617
175.000000000000 0.047733054015
176.000000000000 0.047882687413
195.000000000000 0.048331587608
196.000000000000 0.048481221006
202.000000000000 0.048780487802
209.000000000000 0.048930121200
210.000000000000 0.049079754598
212.000000000000 0.049229387996
213.000000000000 0.051922789163
218.000000000000 0.052072422561
224.000000000000 0.052371689357
226.000000000000 0.054167290135
229.000000000000 0.054316923533
230.000000000000 0.054915457126
231.000000000000 0.055364357321
236.000000000000 0.055513990719
237.000000000000 0.055663624117
239.000000000000 0.055813257515
245.000000000000 0.056262157710
249.000000000000 0.057309591497
257.000000000000 0.057459224895
258.000000000000 0.057608858293
262.000000000000 0.057758491691
263.000000000000 0.057908125089
265.000000000000 0.058057758487
274.000000000000 0.058207391885
275.000000000000 0.058506658681
276.000000000000 0.058656292079
281.000000000000 0.058805925477
282.000000000000 0.131677390388
285.000000000000 0.131976657184
287.000000000000 0.132275923980
288.000000000000 0.132575190776
289.000000000000 0.132724824174
290.000000000000 0.132874457572
293.000000000000 0.133024090970
296.000000000000 0.133323357766
300.000000000000 0.133472991164
302.000000000000 0.134819691748
306.000000000000 0.134969325146
312.000000000000 0.135118958544
315.000000000000 0.135268591942
316.000000000000 0.135418225340
319.000000000000 0.135567858738
321.000000000000 0.135717492136
337.000000000000 0.135867125534
339.000000000000 0.136465659127
352.000000000000 0.136615292525
355.000000000000 0.136764925923
357.000000000000 0.137513092914
363.000000000000 0.138261259905
375.000000000000 0.138410893303
395.000000000000 0.138560526701
398.000000000000 0.159958102640
402.000000000000 0.178063743819
404.000000000000 0.178213377217
408.000000000000 0.178363010615
420.000000000000 0.178512644013
423.000000000000 0.178662277411
427.000000000000 0.178811910809
430.000000000000 0.178961544207
432.000000000000 0.180008977994
434.000000000000 0.180457878189
436.000000000000 0.180607511587
440.000000000000 0.180757144985
443.000000000000 0.181056411781
446.000000000000 0.192578183440
448.000000000000 0.192727816838
450.000000000000 0.192877450236
454.000000000000 0.195271584607
455.000000000000 0.195421218005
462.000000000000 0.195720484801
464.000000000000 0.196019751597
467.000000000000 0.196169384995
471.000000000000 0.196319018393
473.000000000000 0.196468651791
478.000000000000 0.196618285189
480.000000000000 0.196767918587
481.000000000000 0.197216818782
486.000000000000 0.197815352375
489.000000000000 0.198264252570
492.000000000000 0.198413885968
494.000000000000 0.198862786163
496.000000000000 0.199012419561
497.000000000000 0.199162052959
500.000000000000 0.199610953154
503.000000000000 0.200059853349
504.000000000000 0.251533742321
513.000000000000 0.251982642516
538.000000000000 0.252281909312
550.000000000000 0.252880442905
552.000000000000 0.253927876692
554.000000000000 0.254227143488
556.000000000000 0.254376776886
558.000000000000 0.255274577275
560.000000000000 0.256022744266
562.000000000000 0.256471644461
564.000000000000 0.262008080193
566.000000000000 0.265150381555
568.000000000000 0.267694149324
570.000000000000 0.271135717482
572.000000000000 0.273679485251
574.000000000000 0.281011521762
576.000000000000 0.283256022735
578.000000000000 0.284303456522
579.000000000000 0.284602723318
582.000000000000 0.284752356716
584.000000000000 0.285201256911
589.000000000000 0.285799790504
638.000000000000 0.286248690699
666.000000000000 0.286547957495
667.000000000000 0.286697590893
669.000000000000 0.286847224291
670.000000000000 0.287146491087
671.000000000000 0.287296124485
674.000000000000 0.287595391281
683.000000000000 0.287894658077
685.000000000000 0.288193924873
693.000000000000 0.288343558271
705.000000000000 0.288792458466
707.000000000000 0.288942091864
718.000000000000 0.289091725262
721.000000000000 0.289989525651
756.000000000000 0.290438425846
764.000000000000 0.290588059244
767.000000000000 0.290737692642
784.000000000000 0.291186592837
787.000000000000 0.291336226235
796.000000000000 0.291485859633
804.000000000000 0.291785126429
846.000000000000 0.292234026624
856.000000000000 0.292682926819
863.000000000000 0.292832560217
876.000000000000 0.292982193615
892.000000000000 0.293431093810
983.000000000000 0.294328894199
1008.000000000000 0.294927427792
1044.000000000000 0.295077061190
1087.000000000000 0.295226694588
1119.000000000000 0.295525961384
1123.000000000000 0.311536734989
1128.000000000000 0.311985635184
1136.000000000000 0.312284901980
1141.000000000000 0.312434535378
1159.000000000000 0.312883435573
1271.000000000000 0.313182702369
1272.000000000000 0.313930869360
1273.000000000000 0.314230136156
1306.000000000000 0.314379769554
1308.000000000000 0.314679036350
1316.000000000000 0.315576836739
1317.000000000000 0.318569504702
1320.000000000000 0.321562172665
1324.000000000000 0.321711806063
1330.000000000000 0.323507406841
1332.000000000000 0.323956307036
1333.000000000000 0.324704474027
1334.000000000000 0.324854107425
1342.000000000000 0.325003740823
1345.000000000000 0.325153374221
1348.000000000000 0.325303007619
1356.000000000000 0.325452641017
1359.000000000000 0.325901541212
1362.000000000000 0.326500074805
1365.000000000000 0.327098608398
1370.000000000000 0.335926978890
1390.000000000000 0.336076612288
1397.000000000000 0.336375879084
1398.000000000000 0.337423312871
1406.000000000000 0.338021846464
1410.000000000000 0.339368547048
1412.000000000000 0.339967080641
1421.000000000000 0.341164147826
1434.000000000000 0.341313781224
1437.000000000000 0.341613048020
1442.000000000000 0.342211581613
1444.000000000000 0.342361215011
1446.000000000000 0.351937752494
1454.000000000000 0.352087385892
1463.000000000000 0.352386652688
1471.000000000000 0.352536286086
1472.000000000000 0.352685919484
1478.000000000000 0.352835552882
1485.000000000000 0.352985186280
1487.000000000000 0.359569055800
1491.000000000000 0.371539727654
1492.000000000000 0.372287894645
1496.000000000000 0.373185695034
1499.000000000000 0.373335328432
1511.000000000000 0.373484961830
1514.000000000000 0.373634595228
1534.000000000000 0.373933862024
1535.000000000000 0.374083495422
1559.000000000000 0.374233128820
1573.000000000000 0.374532395616
1577.000000000000 0.374682029014
1587.000000000000 0.375130929209
1595.000000000000 0.375280562607
1647.000000000000 0.375430196005
1648.000000000000 0.375579829403
1652.000000000000 0.377375430181
1659.000000000000 0.377674696977
1665.000000000000 0.377824330375
1683.000000000000 0.377973963773
1695.000000000000 0.378123597171
1708.000000000000 0.378273230569
1711.000000000000 0.378422863967
1722.000000000000 0.378572497365
1738.000000000000 0.378722130763
1742.000000000000 0.378871764161
1773.000000000000 0.379021397559
1774.000000000000 0.379171030957
1780.000000000000 0.379769564550
1782.000000000000 0.379919197948
1791.000000000000 0.380068831346
1801.000000000000 0.380218464744
1813.000000000000 0.380368098142
1829.000000000000 0.380517731540
1844.000000000000 0.380667364938
1847.000000000000 0.380966631734
1852.000000000000 0.381116265132
1860.000000000000 0.381415531928
1861.000000000000 0.381565165326
1870.000000000000 0.381714798724
1875.000000000000 0.382014065520
1879.000000000000 0.382163698918
1886.000000000000 0.382462965714
1889.000000000000 0.383061499307
1890.000000000000 0.383211132705
1922.000000000000 0.383360766103
1923.000000000000 0.384408199890
1935.000000000000 0.384557833288
1938.000000000000 0.384707466686
1963.000000000000 0.384857100084
1974.000000000000 0.385156366880
1984.000000000000 0.385306000278
1989.000000000000 0.385455633676
1994.000000000000 0.385605267074
2001.000000000000 0.385754900472
2008.000000000000 0.385904533870
2019.000000000000 0.386054167268
2037.000000000000 0.386203800666
2038.000000000000 0.386802334259
2044.000000000000 0.387101601055
2045.000000000000 0.387400867851
2046.000000000000 0.387550501249
2048.000000000000 0.393835103972
2061.000000000000 0.393984737370
2068.000000000000 0.395181804555
2094.000000000000 0.395929971546
2107.000000000000 0.396079604944
2111.000000000000 0.396229238342
2121.000000000000 0.396378871740
2127.000000000000 0.396528505138
2138.000000000000 0.398922639509
2142.000000000000 0.399072272907
2155.000000000000 0.399221906305
2159.000000000000 0.399371539703
2186.000000000000 0.399521173101
2200.000000000000 0.399820439897
2215.000000000000 0.399970073295
2227.000000000000 0.400119706693
2239.000000000000 0.400568606888
2241.000000000000 0.400718240286
2246.000000000000 0.400867873684
2251.000000000000 0.401466407277
2258.000000000000 0.401616040675
2261.000000000000 0.401765674073
2265.000000000000 0.401915307471
2271.000000000000 0.402813107860
2277.000000000000 0.402962741258
2284.000000000000 0.403112374656
2320.000000000000 0.403262008054
2332.000000000000 0.403860541647
2341.000000000000 0.404608708638
2359.000000000000 0.404758342036
2386.000000000000 0.404907975434
2388.000000000000 0.405057608832
2413.000000000000 0.405207242230
2452.000000000000 0.405656142425
2453.000000000000 0.406105042620
2456.000000000000 0.406254676018
2462.000000000000 0.406404309416
2465.000000000000 0.406553942814
2528.000000000000 0.406703576212
2544.000000000000 0.406853209610
2558.000000000000 0.407002843008
2600.000000000000 0.407152476406
2636.000000000000 0.407302109804
2639.000000000000 0.407451743202
2657.000000000000 0.407601376600
2670.000000000000 0.407751009998
2672.000000000000 0.407900643396
2675.000000000000 0.408050276794
2688.000000000000 0.408199910192
2716.000000000000 0.408349543590
2719.000000000000 0.408648810386
2727.000000000000 0.408798443784
2737.000000000000 0.410594044562
2741.000000000000 0.411342211553
2748.000000000000 0.413137812331
2777.000000000000 0.416130480294
2783.000000000000 0.416280113692
2789.000000000000 0.416429747090
2797.000000000000 0.417028280683
2818.000000000000 0.417177914081
2846.000000000000 0.417327547479
2856.000000000000 0.417776447674
2866.000000000000 0.417926081072
2916.000000000000 0.418075714470
2947.000000000000 0.418225347868
2975.000000000000 0.418374981266
2980.000000000000 0.419572048451
2984.000000000000 0.419721681849
3009.000000000000 0.420020948645
3011.000000000000 0.420170582043
3022.000000000000 0.422564716414
3067.000000000000 0.422714349812
3072.000000000000 0.423612150201
3115.000000000000 0.423761783599
3189.000000000000 0.423911416997
3195.000000000000 0.429298219331
3208.000000000000 0.429447852729
3248.000000000000 0.430644919914
3256.000000000000 0.430794553312
3269.000000000000 0.433787221275
3298.000000000000 0.433936854673
3317.000000000000 0.434086488071
3318.000000000000 0.435433188655
3337.000000000000 0.435582822053
3442.000000000000 0.442765225165
3446.000000000000 0.444560825943
3450.000000000000 0.444710459341
3470.000000000000 0.448301660897
3480.000000000000 0.450097261675
3519.000000000000 0.452491396046
3538.000000000000 0.456681131195
3541.000000000000 0.456830764593
3546.000000000000 0.457429298186
3578.000000000000 0.457578931584
3584.000000000000 0.457728564982
3591.000000000000 0.457878198380
3599.000000000000 0.464462067900
3613.000000000000 0.467454735863
3652.000000000000 0.467604369261
3662.000000000000 0.467754002659
3713.000000000000 0.468951069844
3718.000000000000 0.469549603437
3723.000000000000 0.469699236835
3725.000000000000 0.476283106355
3729.000000000000 0.478527607328
3732.000000000000 0.478677240726
3757.000000000000 0.479425407717
3761.000000000000 0.481370641893
3767.000000000000 0.481520275291
3781.000000000000 0.481819542087
3788.000000000000 0.483615142865
3795.000000000000 0.483764776263
3817.000000000000 0.484363309856
3836.000000000000 0.486757444227
3878.000000000000 0.487355977820
3882.000000000000 0.487505611218
3885.000000000000 0.487655244616
3887.000000000000 0.494688014330
3888.000000000000 0.495286547923
3907.000000000000 0.495885081516
3930.000000000000 0.499476283072
3941.000000000000 0.501271883850
3976.000000000000 0.506658686184
3980.000000000000 0.506808319582
3983.000000000000 0.507406853175
3990.000000000000 0.507556486573
4018.000000000000 0.507855753369
4032.000000000000 0.508903187156
4046.000000000000 0.509052820554
4054.000000000000 0.509202453952
4063.000000000000 0.509352087350
4078.000000000000 0.509501720748
4096.000000000000 0.515038156480
4120.000000000000 0.518030824443
4125.000000000000 0.518928624832
4126.000000000000 0.519377525027
4129.000000000000 0.519527158425
4154.000000000000 0.519676791823
4183.000000000000 0.519826425221
4221.000000000000 0.521023492406
4244.000000000000 0.521173125804
4502.000000000000 0.521322759202
4514.000000000000 0.521472392600
4516.000000000000 0.521622025998
4517.000000000000 0.523417626776
4518.000000000000 0.524016160369
4528.000000000000 0.526410294740
4575.000000000000 0.527008828333
4597.000000000000 0.527457728528
4608.000000000000 0.527607361926
4615.000000000000 0.528205895519
4628.000000000000 0.531198563482
4637.000000000000 0.531647463677
4675.000000000000 0.532245997270
4690.000000000000 0.532844530863
4695.000000000000 0.532994164261
4725.000000000000 0.537034266012
4805.000000000000 0.537632799605
4809.000000000000 0.539428400383
4827.000000000000 0.540026933976
4838.000000000000 0.540625467569
4844.000000000000 0.543618135532
4851.000000000000 0.544216669125
4857.000000000000 0.544815202718
4865.000000000000 0.546610803496
4874.000000000000 0.547209337089
4878.000000000000 0.549004937867
4906.000000000000 0.549154571265
4925.000000000000 0.549753104858
4930.000000000000 0.550800538645
4940.000000000000 0.551548705636
4971.000000000000 0.553344306414
4974.000000000000 0.553942840007
4988.000000000000 0.555139907192
4999.000000000000 0.555738440785
5011.000000000000 0.556336974378
5013.000000000000 0.556935507971
5027.000000000000 0.558282208555
5045.000000000000 0.558431841953
5055.000000000000 0.558581475351
5058.000000000000 0.559180008944
5063.000000000000 0.563369744093
5069.000000000000 0.564417177880
5073.000000000000 0.564566811278
5076.000000000000 0.565763878463
5077.000000000000 0.568158012834
5085.000000000000 0.569355080019
5114.000000000000 0.569953613612
5117.000000000000 0.570402513807
5131.000000000000 0.571001047400
5158.000000000000 0.571599580993
5178.000000000000 0.572198114586
5183.000000000000 0.572946281577
5191.000000000000 0.576537483133
5197.000000000000 0.577734550318
5224.000000000000 0.578931617503
5231.000000000000 0.579530151096
5237.000000000000 0.579979051291
5241.000000000000 0.580427951486
5250.000000000000 0.581026485079
5258.000000000000 0.584019153042
5261.000000000000 0.590603022562
5312.000000000000 0.591201556155
5324.000000000000 0.593595690526
5349.000000000000 0.595989824897
5353.000000000000 0.597186892082
5355.000000000000 0.598383959267
5359.000000000000 0.598982492860
5377.000000000000 0.599880293249
5419.000000000000 0.601675894027
5430.000000000000 0.601975160823
5454.000000000000 0.602573694416
5468.000000000000 0.603770761601
5486.000000000000 0.603920394999
5502.000000000000 0.610504264519
5517.000000000000 0.612299865297
5522.000000000000 0.612449498695
5582.000000000000 0.612599132093
5584.000000000000 0.613197665686
5586.000000000000 0.613496932482
5590.000000000000 0.614095466075
5604.000000000000 0.614245099473
5626.000000000000 0.614843633066
5722.000000000000 0.617237767437
5736.000000000000 0.619033368215
5768.000000000000 0.620230435400
5789.000000000000 0.622175669576
5814.000000000000 0.623971270354
5818.000000000000 0.624569803947
5829.000000000000 0.624869070743
5854.000000000000 0.625467604336
5857.000000000000 0.625617237734
5860.000000000000 0.626215771327
5888.000000000000 0.633398174439
5943.000000000000 0.636390842402
6000.000000000000 0.642974711922
6004.000000000000 0.643124345320
6033.000000000000 0.643273978718
6079.000000000000 0.644471045903
6082.000000000000 0.649259314645
6109.000000000000 0.651653449016
6119.000000000000 0.656292084359
6135.000000000000 0.656441717757
6140.000000000000 0.656740984553
6144.000000000000 0.656890617951
6237.000000000000 0.657339518146
6244.000000000000 0.657788418341
6246.000000000000 0.660631452906
6249.000000000000 0.661229986499
6268.000000000000 0.665419721648
6277.000000000000 0.666616788833
6305.000000000000 0.669010923204
6339.000000000000 0.669609456797
6351.000000000000 0.675594792724
6352.000000000000 0.680981595058
6380.000000000000 0.681580128651
6384.000000000000 0.682178662244
6402.000000000000 0.682777195837
6428.000000000000 0.683824629624
6449.000000000000 0.683974263022
6515.000000000000 0.685769863800
6528.000000000000 0.686368397393
6556.000000000000 0.686966930986
6558.000000000000 0.688163998171
6568.000000000000 0.688762531764
6583.000000000000 0.689361065357
6612.000000000000 0.689959598950
6632.000000000000 0.690558132543
6652.000000000000 0.693550800506
6656.000000000000 0.693850067302
6657.000000000000 0.698039802451
6664.000000000000 0.698638336044
6686.000000000000 0.699236869637
6689.000000000000 0.699386503035
6690.000000000000 0.700583570220
6758.000000000000 0.701182103813
6793.000000000000 0.701780637406
6854.000000000000 0.702079904202
6876.000000000000 0.702678437795
6929.000000000000 0.704474038573
6958.000000000000 0.704623671971
7034.000000000000 0.711207541491
7050.000000000000 0.714200209454
7062.000000000000 0.714649109649
7083.000000000000 0.716444710427
7124.000000000000 0.723028579947
7168.000000000000 0.723477480142
7229.000000000000 0.723627113540
7234.000000000000 0.723776746938
7322.000000000000 0.724225647133
7354.000000000000 0.724375280531
7485.000000000000 0.724973814124
7514.000000000000 0.727966482087
7578.000000000000 0.734550351607
7602.000000000000 0.737543019570
7606.000000000000 0.737991919765
7614.000000000000 0.738141553163
7643.000000000000 0.738740086756
7653.000000000000 0.739787520543
7663.000000000000 0.746371390063
7680.000000000000 0.746521023461
7741.000000000000 0.748017357443
7854.000000000000 0.750411491814
7876.000000000000 0.750561125212
7917.000000000000 0.750710758610
7921.000000000000 0.751907825795
7976.000000000000 0.752506359388
8009.000000000000 0.754301960166
8056.000000000000 0.754451593564
8169.000000000000 0.755050127157
8192.000000000000 0.756396827741
8211.000000000000 0.756546461139
8310.000000000000 0.756696094537
8312.000000000000 0.757144994732
8364.000000000000 0.758940595510
8376.000000000000 0.759239862306
8416.000000000000 0.761185096482
8437.000000000000 0.762382163667
8568.000000000000 0.762531797065
8598.000000000000 0.762681430463
8657.000000000000 0.762831063861
8659.000000000000 0.762980697259
8679.000000000000 0.763429597454
8700.000000000000 0.763579230852
8704.000000000000 0.763728864250
8806.000000000000 0.763878497648
8812.000000000000 0.765075564833
8904.000000000000 0.765674098426
8905.000000000000 0.765823731824
9012.000000000000 0.765973365222
9021.000000000000 0.766122998620
9047.000000000000 0.766272632018
9059.000000000000 0.766422265416
9216.000000000000 0.766721532212
9246.000000000000 0.767320065805
9276.000000000000 0.767469699203
9354.000000000000 0.767619332601
9499.000000000000 0.769414933379
9648.000000000000 0.769564566777
9728.000000000000 0.769714200175
9734.000000000000 0.770312733768
9773.000000000000 0.770462367166
9822.000000000000 0.772257967944
9993.000000000000 0.776298069695
10038.000000000000 0.776896603288
10045.000000000000 0.778692204066
10189.000000000000 0.778841837464
10268.000000000000 0.778991470862
10274.000000000000 0.780188538047
10348.000000000000 0.780487804843
10407.000000000000 0.781086338436
10486.000000000000 0.781385605232
10507.000000000000 0.781535238630
10614.000000000000 0.781834505426
10681.000000000000 0.784228639797
10710.000000000000 0.784827173390
10729.000000000000 0.785425706983
10820.000000000000 0.787221307761
10852.000000000000 0.787370941159
10880.000000000000 0.788568008344
10935.000000000000 0.789615442131
10968.000000000000 0.789765075529
10972.000000000000 0.789914708927
11042.000000000000 0.790513242520
11135.000000000000 0.792308843298
11167.000000000000 0.792458476696
11187.000000000000 0.792608110094
11207.000000000000 0.794403710872
11269.000000000000 0.794553344270
11329.000000000000 0.794702977668
11382.000000000000 0.795301511261
11568.000000000000 0.795451144659
11661.000000000000 0.795600778057
11705.000000000000 0.795750411455
11710.000000000000 0.796199311650
11726.000000000000 0.799790513206
11746.000000000000 0.799940146604
11776.000000000000 0.800239413400
11792.000000000000 0.800389046798
11863.000000000000 0.800538680196
11901.000000000000 0.800688313594
11966.000000000000 0.800837946992
12031.000000000000 0.800987580390
12077.000000000000 0.801137213788
12123.000000000000 0.803531348159
12164.000000000000 0.806524016122
12257.000000000000 0.806673649520
12288.000000000000 0.807272183113
12335.000000000000 0.807421816511
12351.000000000000 0.807721083307
12436.000000000000 0.807870716705
12537.000000000000 0.808020350103
12586.000000000000 0.808169983501
12684.000000000000 0.808319616899
12728.000000000000 0.808469250297
12758.000000000000 0.808618883695
12891.000000000000 0.809217417288
12915.000000000000 0.809516684084
13002.000000000000 0.811910818455
13032.000000000000 0.812210085251
13067.000000000000 0.817596887585
13212.000000000000 0.818195421178
13265.000000000000 0.818345054576
13273.000000000000 0.819542121761
13274.000000000000 0.819691755159
13288.000000000000 0.819841388557
13298.000000000000 0.819991021955
13310.000000000000 0.820140655353
13312.000000000000 0.820589555548
13322.000000000000 0.820739188946
13351.000000000000 0.820888822344
13360.000000000000 0.821038455742
13368.000000000000 0.821188089140
13420.000000000000 0.821786622733
13462.000000000000 0.821936256131
13548.000000000000 0.823731856909
13556.000000000000 0.823881490307
13618.000000000000 0.824031123705
13631.000000000000 0.824180757103
13700.000000000000 0.824480023899
13733.000000000000 0.824629657297
13819.000000000000 0.824779290695
13993.000000000000 0.824928924093
14058.000000000000 0.825078557491
14077.000000000000 0.825228190889
14099.000000000000 0.827023791667
14131.000000000000 0.827173425065
14232.000000000000 0.827323058463
14301.000000000000 0.828520125648
14318.000000000000 0.828669759046
14419.000000000000 0.828819392444
14445.000000000000 0.828969025842
14455.000000000000 0.829118659240
14495.000000000000 0.829268292638
14689.000000000000 0.829417926036
14728.000000000000 0.830016459629
14796.000000000000 0.830166093027
14832.000000000000 0.830764626620
14848.000000000000 0.831512793611
14931.000000000000 0.831662427009
15015.000000000000 0.831812060407
15023.000000000000 0.831961693805
15045.000000000000 0.832260960601
15153.000000000000 0.837049229343
15167.000000000000 0.837198862741
15251.000000000000 0.837498129537
15286.000000000000 0.837797396333
15333.000000000000 0.838395929926
15414.000000000000 0.838545563324
15431.000000000000 0.838695196722
15445.000000000000 0.838844830120
15641.000000000000 0.838994463518
15841.000000000000 0.839144096916
15941.000000000000 0.839443363712
16085.000000000000 0.839592997110
16126.000000000000 0.839742630508
16130.000000000000 0.839892263906
16296.000000000000 0.841687864684
16366.000000000000 0.841837498082
16384.000000000000 0.842585665073
16511.000000000000 0.842735298471
16686.000000000000 0.843333832064
16896.000000000000 0.843932365657
16902.000000000000 0.844081999055
17392.000000000000 0.844231632453
17407.000000000000 0.844381265851
17408.000000000000 0.844680532647
17581.000000000000 0.844830166045
17767.000000000000 0.844979799443
17812.000000000000 0.846176866628
17920.000000000000 0.846326500026
17968.000000000000 0.846476133424
18027.000000000000 0.846625766822
18110.000000000000 0.847224300415
18181.000000000000 0.848421367600
18234.000000000000 0.851264402165
18432.000000000000 0.851862935758
18438.000000000000 0.852012569156
18674.000000000000 0.852162202554
18694.000000000000 0.852311835952
18744.000000000000 0.854107436730
18877.000000000000 0.854257070128
18880.000000000000 0.856052670906
18944.000000000000 0.856202304304
19118.000000000000 0.856501571100
19440.000000000000 0.856651204498
19456.000000000000 0.856800837896
19481.000000000000 0.856950471294
19613.000000000000 0.857249738090
19638.000000000000 0.857399371488
19734.000000000000 0.857549004886
19770.000000000000 0.857698638284
19816.000000000000 0.858297171877
19830.000000000000 0.858446805275
19926.000000000000 0.858596438673
19968.000000000000 0.858746072071
20016.000000000000 0.865928475183
20022.000000000000 0.866078108581
20063.000000000000 0.866227741979
20122.000000000000 0.866377375377
20146.000000000000 0.869370043340
20175.000000000000 0.869519676738
20222.000000000000 0.869669310136
20264.000000000000 0.869818943534
20322.000000000000 0.869968576932
20422.000000000000 0.870118210330
20544.000000000000 0.871315277515
20555.000000000000 0.871464910913
20696.000000000000 0.871614544311
20717.000000000000 0.872811611496
20743.000000000000 0.872961244894
20854.000000000000 0.873110878292
20922.000000000000 0.873260511690
20985.000000000000 0.873859045283
20992.000000000000 0.874008678681
21022.000000000000 0.874158312079
21026.000000000000 0.875953912857
21122.000000000000 0.876103546255
21222.000000000000 0.876253179653
21245.000000000000 0.876402813051
21308.000000000000 0.877300613440
21322.000000000000 0.877450246838
21329.000000000000 0.877599880236
21372.000000000000 0.877749513634
21422.000000000000 0.877899147032
21466.000000000000 0.878048780430
21471.000000000000 0.878198413828
21476.000000000000 0.878497680624
21522.000000000000 0.878647314022
21622.000000000000 0.878796947420
21708.000000000000 0.878946580818
21777.000000000000 0.879096214216
21785.000000000000 0.879245847614
21801.000000000000 0.879395481012
21832.000000000000 0.879545114410
22150.000000000000 0.879694747808
22253.000000000000 0.880891814993
22422.000000000000 0.881041448391
22462.000000000000 0.881191081789
22507.000000000000 0.881340715187
22522.000000000000 0.881490348585
22576.000000000000 0.881639981983
22622.000000000000 0.881789615381
22660.000000000000 0.882388148974
22722.000000000000 0.882537782372
23196.000000000000 0.884333383150
23216.000000000000 0.884931916743
23340.000000000000 0.885081550141
23622.000000000000 0.885231183539
23722.000000000000 0.885380816937
23781.000000000000 0.885530450335
23822.000000000000 0.885680083733
23922.000000000000 0.885829717131
24056.000000000000 0.886428250724
24069.000000000000 0.886577884122
24296.000000000000 0.886727517520
24422.000000000000 0.886877150918
24513.000000000000 0.892263953252
24522.000000000000 0.892413586650
24576.000000000000 0.894957354419
24622.000000000000 0.895106987817
24655.000000000000 0.895256621215
24722.000000000000 0.895406254613
24840.000000000000 0.895555888011
25088.000000000000 0.895705521409
25228.000000000000 0.895855154807
25581.000000000000 0.897052221992
26200.000000000000 0.897201855390
26691.000000000000 0.897351488788
27025.000000000000 0.897501122186
27136.000000000000 0.897650755584
27188.000000000000 0.898099655779
27319.000000000000 0.898249289177
27419.000000000000 0.898398922575
27443.000000000000 0.898548555973
27504.000000000000 0.899595989760
27519.000000000000 0.899745623158
27619.000000000000 0.899895256556
27719.000000000000 0.900044889954
27819.000000000000 0.900194523352
28160.000000000000 0.900344156750
28171.000000000000 0.900493790148
28177.000000000000 0.900643423546
28191.000000000000 0.900793056944
28419.000000000000 0.900942690342
28672.000000000000 0.907975460056
29022.000000000000 0.908125093454
29081.000000000000 0.908274726852
29184.000000000000 0.908573993648
29441.000000000000 0.909920694232
29646.000000000000 0.910519227825
29924.000000000000 0.911117761418
30071.000000000000 0.911716295011
30233.000000000000 0.911865928409
30262.000000000000 0.912015561807
30270.000000000000 0.912165195205
30442.000000000000 0.912314828603
30504.000000000000 0.912464462001
30643.000000000000 0.912614095399
30928.000000000000 0.912763728797
30987.000000000000 0.915606763362
31019.000000000000 0.915756396760
31048.000000000000 0.917551997538
31110.000000000000 0.918898698122
31165.000000000000 0.919048331520
31189.000000000000 0.919197964918
31405.000000000000 0.920993565696
32718.000000000000 0.921143199094
32768.000000000000 0.921592099289
32902.000000000000 0.922190632882
32914.000000000000 0.922789166475
33116.000000000000 0.926978901624
33138.000000000000 0.927278168420
33258.000000000000 0.927427801818
33280.000000000000 0.927577435216
33358.000000000000 0.927727068614
33405.000000000000 0.927876702012
33456.000000000000 0.930270836383
33792.000000000000 0.930420469781
34981.000000000000 0.931617536966
36228.000000000000 0.931767170364
36352.000000000000 0.931916803762
36736.000000000000 0.933113870947
36864.000000000000 0.933712404540
36947.000000000000 0.935956905513
37781.000000000000 0.936555439106
37871.000000000000 0.937752506291
38192.000000000000 0.937902139689
38224.000000000000 0.938650306680
38533.000000000000 0.938799940078
39110.000000000000 0.938949573476
39720.000000000000 0.941343707847
40165.000000000000 0.941493341245
40376.000000000000 0.942391141634
40531.000000000000 0.942540775032
40899.000000000000 0.942840041828
40960.000000000000 0.945383809597
40984.000000000000 0.945683076393
41136.000000000000 0.945832709791
41539.000000000000 0.945982343189
41571.000000000000 0.946131976587
41597.000000000000 0.946281609985
41994.000000000000 0.948975011152
42047.000000000000 0.949124644550
42496.000000000000 0.949423911346
42807.000000000000 0.949573544744
43110.000000000000 0.949723178142
43520.000000000000 0.949872811540
43554.000000000000 0.950022444938
43632.000000000000 0.954212180087
43852.000000000000 0.954361813485
44032.000000000000 0.954511446883
45056.000000000000 0.956157414263
45463.000000000000 0.956307047661
45568.000000000000 0.956456681059
46021.000000000000 0.957055214652
47370.000000000000 0.957204848050
47741.000000000000 0.957953015041
48300.000000000000 0.958102648439
49048.000000000000 0.958252281837
49152.000000000000 0.958701182032
49976.000000000000 0.959449349023
50194.000000000000 0.959748615819
50648.000000000000 0.961993116792
51200.000000000000 0.962142750190
52376.000000000000 0.963489450774
52404.000000000000 0.963639084172
52554.000000000000 0.963788717570
52845.000000000000 0.969175519904
52847.000000000000 0.969624420099
53101.000000000000 0.969923686895
53170.000000000000 0.970073320293
53248.000000000000 0.970222953691
53256.000000000000 0.970372587089
53620.000000000000 0.970522220487
54272.000000000000 0.970821487283
54499.000000000000 0.970971120681
54784.000000000000 0.971120754079
57344.000000000000 0.972018554468
57347.000000000000 0.972168187866
57650.000000000000 0.972317821264
57929.000000000000 0.972467454662
59431.000000000000 0.973215621653
60928.000000000000 0.973365255051
61440.000000000000 0.973514888449
62059.000000000000 0.973664521847
62211.000000000000 0.973814155245
63337.000000000000 0.974113422041
63540.000000000000 0.974412688837
64057.000000000000 0.974562322235
64097.000000000000 0.974711955633
64314.000000000000 0.974861589031
64315.000000000000 0.975011222429
64826.000000000000 0.975160855827
65106.000000000000 0.975310489225
65490.000000000000 0.975460122623
65513.000000000000 0.975609756021
65536.000000000000 0.977554990197
66248.000000000000 0.977704623595
66305.000000000000 0.978003890391
66556.000000000000 0.978153523789
66774.000000000000 0.979350590974
67072.000000000000 0.979649857770
67584.000000000000 0.979949124566
69713.000000000000 0.980098757964
71705.000000000000 0.980398024760
72192.000000000000 0.980547658158
73728.000000000000 0.980697291556
74217.000000000000 0.981295825149
74534.000000000000 0.981445458547
75288.000000000000 0.981595091945
76051.000000000000 0.981744725343
76312.000000000000 0.981894358741
76824.000000000000 0.982043992139
76891.000000000000 0.982193625537
77336.000000000000 0.982492892333
77848.000000000000 0.982642525731
78164.000000000000 0.982792159129
78935.000000000000 0.982941792527
79438.000000000000 0.983540326120
80035.000000000000 0.983689959518
80060.000000000000 0.984138859713
80207.000000000000 0.984288493111
80486.000000000000 0.984887026704
80661.000000000000 0.985036660102
80875.000000000000 0.985635193695
81920.000000000000 0.985934460491
82347.000000000000 0.986084093889
83295.000000000000 0.986233727287
83365.000000000000 0.986383360685
83760.000000000000 0.986532994083
83988.000000000000 0.986682627481
84494.000000000000 0.986832260879
85018.000000000000 0.986981894277
88084.000000000000 0.987131527675
88749.000000000000 0.987430794471
88904.000000000000 0.987580427869
89793.000000000000 0.987879694665
94208.000000000000 0.988029328063
94605.000000000000 0.988178961461
96256.000000000000 0.988328594859
96446.000000000000 0.988478228257
98304.000000000000 0.989525662044
99587.000000000000 0.989675295442
101376.000000000000 0.989824928840
101875.000000000000 0.989974562238
102400.000000000000 0.990124195636
103424.000000000000 0.990273829034
104174.000000000000 0.990423462432
108537.000000000000 0.990573095830
109434.000000000000 0.990722729228
111592.000000000000 0.990872362626
112394.000000000000 0.991021996024
112496.000000000000 0.991171629422
113152.000000000000 0.991321262820
114578.000000000000 0.991470896218
115153.000000000000 0.991620529616
115312.000000000000 0.991770163014
117784.000000000000 0.991919796412
118808.000000000000 0.992069429810
119320.000000000000 0.992219063208
119696.000000000000 0.992368696606
119838.000000000000 0.992518330004
121143.000000000000 0.992667963402
121368.000000000000 0.992817596800
122490.000000000000 0.992967230198
122621.000000000000 0.993116863596
122794.000000000000 0.993266496994
124224.000000000000 0.993416130392
126301.000000000000 0.993715397188
126488.000000000000 0.993865030586
127124.000000000000 0.994014663984
127452.000000000000 0.994164297382
130586.000000000000 0.994313930780
133744.000000000000 0.994463564178
135168.000000000000 0.994613197576
135191.000000000000 0.994762830974
141700.000000000000 0.994912464372
146729.000000000000 0.995062097770
147617.000000000000 0.995361364566
149037.000000000000 0.995510997964
152052.000000000000 0.995660631362
158185.000000000000 0.995810264760
168302.000000000000 0.995959898158
169984.000000000000 0.996109531556
170520.000000000000 0.996259164954
171170.000000000000 0.996408798352
178921.000000000000 0.996558431750
181257.000000000000 0.996708065148
182419.000000000000 0.996857698546
197476.000000000000 0.997007331944
198854.000000000000 0.997156965342
200978.000000000000 0.997306598740
201323.000000000000 0.997456232138
203407.000000000000 0.997605865536
206962.000000000000 0.997905132332
207254.000000000000 0.998054765730
212992.000000000000 0.998204399128
217450.000000000000 0.998354032526
224433.000000000000 0.998503665924
226111.000000000000 0.998653299322
238697.000000000000 0.998802932720
240128.000000000000 0.998952566118
248038.000000000000 0.999102199516
253114.000000000000 0.999251832914
272985.000000000000 0.999401466312
273954.000000000000 0.999551099710
280256.000000000000 0.999700733108
288909.000000000000 0.999850366506
294287.000000000000 0.999999999904
